9.763183593750000000e-01 -1.879882812500000000e-01 -8.032226562500000000e-02
9.763183593750000000e-01 -1.879882812500000000e-01 -8.032226562500000000e-02
9.797363281250000000e-01 -1.921386718750000000e-01 -8.154296875000000000e-02
9.797363281250000000e-01 -1.921386718750000000e-01 -8.154296875000000000e-02
1.028076171875000000e+00 -1.206054687500000000e-01 -7.421875000000000000e-02
9.763183593750000000e-01 -1.103515625000000000e-01 -9.057617187500000000e-02
1.024658203125000000e+00 -1.225585937500000000e-01 -3.466796875000000000e-02
1.029541015625000000e+00 -1.235351562500000000e-01 -3.198242187500000000e-02
9.731445312500000000e-01 -1.059570312500000000e-01 -9.252929687500000000e-02
1.019287109375000000e+00 -9.887695312500000000e-02 -5.102539062500000000e-02
9.760742187500000000e-01 -1.555175781250000000e-01 -4.882812500000000000e-02
9.699707031250000000e-01 -1.384277343750000000e-01 -5.517578125000000000e-02
1.000000000000000000e+00 -4.614257812500000000e-02 -8.276367187500000000e-02
9.938964843750000000e-01 -9.204101562500000000e-02 -8.911132812500000000e-02
9.743652343750000000e-01 -1.254882812500000000e-01 -7.983398437500000000e-02
1.018554687500000000e+00 -1.447753906250000000e-01 -7.202148437500000000e-02
1.015869140625000000e+00 -1.389160156250000000e-01 -4.907226562500000000e-02
9.704589843750000000e-01 -1.518554687500000000e-01 -4.638671875000000000e-02
9.731445312500000000e-01 -1.542968750000000000e-01 -5.615234375000000000e-02
9.694824218750000000e-01 -1.560058593750000000e-01 -5.322265625000000000e-02
1.026855468750000000e+00 -9.936523437500000000e-02 -6.054687500000000000e-02
1.028808593750000000e+00 -1.027832031250000000e-01 -5.493164062500000000e-02
1.020019531250000000e+00 -1.044921875000000000e-01 -1.433105468750000000e-01
9.694824218750000000e-01 -1.096191406250000000e-01 -1.359863281250000000e-01
1.023925781250000000e+00 -1.079101562500000000e-01 -1.042480468750000000e-01
9.912109375000000000e-01 -1.979980468750000000e-01 -1.425781250000000000e-01
1.021972656250000000e+00 -1.945800781250000000e-01 -1.430664062500000000e-01
9.777832031250000000e-01 -1.918945312500000000e-01 -9.521484375000000000e-02
9.763183593750000000e-01 -1.433105468750000000e-01 -1.201171875000000000e-01
9.758300781250000000e-01 -6.030273437500000000e-02 -1.337890625000000000e-01
9.973144531250000000e-01 -1.433105468750000000e-01 -5.566406250000000000e-02
9.746093750000000000e-01 -4.492187500000000000e-02 -1.357421875000000000e-01
1.007324218750000000e+00 -8.886718750000000000e-02 -1.335449218750000000e-01
9.284667968750000000e-01 -4.833984375000000000e-02 -1.262207031250000000e-01
9.372558593750000000e-01 -6.030273437500000000e-02 -1.318359375000000000e-01
1.025878906250000000e+00 -1.271972656250000000e-01 -6.152343750000000000e-02
9.780273437500000000e-01 -6.201171875000000000e-02 -4.125976562500000000e-02
9.770507812500000000e-01 -1.093750000000000000e-01 -5.957031250000000000e-02
9.873046875000000000e-01 -1.545410156250000000e-01 -4.394531250000000000e-02
9.765625000000000000e-01 -1.264648437500000000e-01 -9.252929687500000000e-02
1.078125000000000000e+00 -2.175292968750000000e-01 -1.008300781250000000e-01
1.053222656250000000e+00 -1.635742187500000000e-02 -2.338867187500000000e-01
1.027832031250000000e+00 -1.962890625000000000e-01 -2.163085937500000000e-01
8.864746093750000000e-01 -2.038574218750000000e-01 -1.765136718750000000e-01
8.837890625000000000e-01 -2.055664062500000000e-01 -1.867675781250000000e-01
1.074218750000000000e+00 -2.629394531250000000e-01 -2.563476562500000000e-01
1.044433593750000000e+00 -1.694335937500000000e-01 -2.641601562500000000e-01
9.111328125000000000e-01 -2.080078125000000000e-01 -1.596679687500000000e-01
8.703613281250000000e-01 -2.377929687500000000e-01 -2.062988281250000000e-01
9.638671875000000000e-01 -2.143554687500000000e-01 -2.060546875000000000e-01
1.012939453125000000e+00 -1.354980468750000000e-01 -2.424316406250000000e-01
9.140625000000000000e-01 -4.199218750000000000e-02 -2.270507812500000000e-01
1.000732421875000000e+00 -4.931640625000000000e-02 -2.707519531250000000e-01
1.031250000000000000e+00 -1.489257812500000000e-01 -1.728515625000000000e-01
1.005615234375000000e+00 -1.169433593750000000e-01 -6.176757812500000000e-02
9.692382812500000000e-01 -2.253417968750000000e-01 -1.899414062500000000e-01
1.005859375000000000e+00 -1.984863281250000000e-01 -1.035156250000000000e-01
1.055175781250000000e+00 -2.436523437500000000e-01 -3.044433593750000000e-01
8.059082031250000000e-01 -2.282714843750000000e-01 -1.586914062500000000e-01
1.015869140625000000e+00 -1.416015625000000000e-01 -1.833496093750000000e-01
9.665527343750000000e-01 -2.087402343750000000e-01 -2.258300781250000000e-01
1.011718750000000000e+00 -1.774902343750000000e-01 -3.186035156250000000e-01
9.641113281250000000e-01 -2.080078125000000000e-01 -1.613769531250000000e-01
1.020507812500000000e+00 -2.160644531250000000e-01 -1.677246093750000000e-01
9.321289062500000000e-01 -1.223144531250000000e-01 -1.062011718750000000e-01
1.027343750000000000e+00 -1.264648437500000000e-01 -1.003417968750000000e-01
9.731445312500000000e-01 -1.545410156250000000e-01 -1.528320312500000000e-01
9.375000000000000000e-01 -5.981445312500000000e-02 -5.249023437500000000e-02
1.028564453125000000e+00 -7.739257812500000000e-02 -5.688476562500000000e-02
9.335937500000000000e-01 -8.544921875000000000e-02 -4.565429687500000000e-02
9.726562500000000000e-01 -2.416992187500000000e-02 -3.588867187500000000e-02
1.033447265625000000e+00 -2.636718750000000000e-02 -4.248046875000000000e-02
1.076904296875000000e+00 1.284179687500000000e-01 -3.320312500000000000e-02
1.027343750000000000e+00 4.199218750000000000e-02 -9.130859375000000000e-02
1.280273437500000000e+00 1.445312500000000000e-01 -2.460937500000000000e-01
1.114746093750000000e+00 -8.203125000000000000e-02 -2.351074218750000000e-01
7.910156250000000000e-01 -3.044433593750000000e-01 -1.887207031250000000e-01
8.000488281250000000e-01 -2.255859375000000000e-01 -1.525878906250000000e-01
1.044433593750000000e+00 -2.021484375000000000e-01 -1.650390625000000000e-01
1.015380859375000000e+00 -1.125488281250000000e-01 -1.569824218750000000e-01
8.420410156250000000e-01 -2.089843750000000000e-01 -1.179199218750000000e-01
1.002441406250000000e+00 -1.767578125000000000e-01 -5.932617187500000000e-02
1.011230468750000000e+00 -2.053222656250000000e-01 -1.391601562500000000e-01
8.996582031250000000e-01 -2.006835937500000000e-01 -4.809570312500000000e-02
9.384765625000000000e-01 -2.045898437500000000e-01 1.513671875000000000e-02
1.020996093750000000e+00 -1.779785156250000000e-01 2.685546875000000000e-03
1.082031250000000000e+00 -2.797851562500000000e-01 1.513671875000000000e-02
1.028320312500000000e+00 -2.138671875000000000e-01 -3.344726562500000000e-02
1.151611328125000000e+00 -3.298339843750000000e-01 1.333007812500000000e-01
1.284423828125000000e+00 -2.780761718750000000e-01 -3.854980468750000000e-01
1.090332031250000000e+00 -4.675292968750000000e-01 -4.401855468750000000e-01
7.480468750000000000e-01 9.399414062500000000e-02 -2.236328125000000000e-01
1.012451171875000000e+00 -2.109375000000000000e-01 -2.683105468750000000e-01
8.806152343750000000e-01 -1.789550781250000000e-01 -1.816406250000000000e-01
1.072265625000000000e+00 -3.662109375000000000e-02 -1.960449218750000000e-01
8.723144531250000000e-01 6.713867187500000000e-02 -1.276855468750000000e-01
9.489746093750000000e-01 -7.397460937500000000e-02 -5.541992187500000000e-02
1.010986328125000000e+00 -1.379394531250000000e-01 -1.369628906250000000e-01
9.284667968750000000e-01 -4.394531250000000000e-02 -8.496093750000000000e-02
9.812011718750000000e-01 -1.533203125000000000e-01 2.587890625000000000e-02
1.079833984375000000e+00 -1.528320312500000000e-01 -5.273437500000000000e-02
1.028320312500000000e+00 -2.387695312500000000e-01 -6.860351562500000000e-02
9.201660156250000000e-01 -1.872558593750000000e-01 8.007812500000000000e-02
1.066894531250000000e+00 -4.956054687500000000e-02 -2.685546875000000000e-02
1.176269531250000000e+00 3.222656250000000000e-02 -1.926269531250000000e-01
1.263183593750000000e+00 8.764648437500000000e-02 -1.550292968750000000e-01
8.291015625000000000e-01 -1.232910156250000000e-01 -1.162109375000000000e-01
7.192382812500000000e-01 -1.682128906250000000e-01 -1.899414062500000000e-01
1.177978515625000000e+00 -9.204101562500000000e-02 -1.613769531250000000e-01
1.207519531250000000e+00 -1.252441406250000000e-01 -1.694335937500000000e-01
7.971191406250000000e-01 -6.005859375000000000e-02 -1.884765625000000000e-01
9.062500000000000000e-01 -1.552734375000000000e-01 -6.005859375000000000e-02
1.030761718750000000e+00 -2.145996093750000000e-01 -9.472656250000000000e-02
9.792480468750000000e-01 -1.118164062500000000e-01 -2.089843750000000000e-01
1.004638671875000000e+00 -2.004394531250000000e-01 -9.375000000000000000e-02
1.004394531250000000e+00 -1.840820312500000000e-01 -4.199218750000000000e-02
9.946289062500000000e-01 -2.597656250000000000e-01 -4.199218750000000000e-02
9.118652343750000000e-01 -1.706542968750000000e-01 -1.523437500000000000e-01
9.592285156250000000e-01 -2.453613281250000000e-01 -1.267089843750000000e-01
9.218750000000000000e-01 -2.219238281250000000e-01 -3.979492187500000000e-02
1.054931640625000000e+00 -1.701660156250000000e-01 -1.872558593750000000e-01
9.279785156250000000e-01 -2.766113281250000000e-01 -1.975097656250000000e-01
9.575195312500000000e-01 -1.508789062500000000e-01 -1.442871093750000000e-01
1.029296875000000000e+00 -1.293945312500000000e-01 -9.545898437500000000e-02
1.089355468750000000e+00 -5.712890625000000000e-02 -1.542968750000000000e-01
9.697265625000000000e-01 -8.618164062500000000e-02 -4.272460937500000000e-02
9.792480468750000000e-01 1.464843750000000000e-02 -1.425781250000000000e-01
9.804687500000000000e-01 9.765625000000000000e-04 -1.293945312500000000e-01
1.026367187500000000e+00 8.789062500000000000e-03 -1.298828125000000000e-01
1.023437500000000000e+00 -9.375000000000000000e-02 -1.396484375000000000e-01
9.738769531250000000e-01 -3.881835937500000000e-02 -6.005859375000000000e-02
1.027832031250000000e+00 -8.398437500000000000e-02 -5.371093750000000000e-02
1.063232421875000000e+00 -3.686523437500000000e-02 -5.078125000000000000e-02
1.063232421875000000e+00 -3.686523437500000000e-02 -5.078125000000000000e-02
1.023925781250000000e+00 -4.248046875000000000e-02 -3.906250000000000000e-02
9.741210937500000000e-01 -8.154296875000000000e-02 -4.541015625000000000e-02
9.916992187500000000e-01 -3.833007812500000000e-02 -4.809570312500000000e-02
1.022705078125000000e+00 -3.808593750000000000e-02 -8.666992187500000000e-02
9.809570312500000000e-01 -5.737304687500000000e-02 -4.321289062500000000e-02
9.711914062500000000e-01 -8.569335937500000000e-02 -3.735351562500000000e-02
9.970703125000000000e-01 -1.271972656250000000e-01 -8.789062500000000000e-02
1.024414062500000000e+00 -1.477050781250000000e-01 -9.326171875000000000e-02
9.936523437500000000e-01 -5.883789062500000000e-02 -9.155273437500000000e-02
9.729003906250000000e-01 -1.328125000000000000e-01 -9.057617187500000000e-02
9.816894531250000000e-01 -1.430664062500000000e-01 -3.393554687500000000e-02
9.724121093750000000e-01 -1.062011718750000000e-01 -7.983398437500000000e-02
9.763183593750000000e-01 -9.741210937500000000e-02 -8.911132812500000000e-02
9.836425781250000000e-01 -9.448242187500000000e-02 -7.885742187500000000e-02
9.780273437500000000e-01 -9.472656250000000000e-02 -7.128906250000000000e-02
9.782714843750000000e-01 -1.501464843750000000e-01 -7.446289062500000000e-02
9.790039062500000000e-01 -1.457519531250000000e-01 -7.177734375000000000e-02
9.787597656250000000e-01 -1.469726562500000000e-01 -7.836914062500000000e-02
9.748535156250000000e-01 -1.018066406250000000e-01 -7.421875000000000000e-02
9.738769531250000000e-01 -1.486816406250000000e-01 -7.861328125000000000e-02
9.809570312500000000e-01 -1.535644531250000000e-01 -7.324218750000000000e-02
9.716796875000000000e-01 -1.518554687500000000e-01 -6.811523437500000000e-02
9.782714843750000000e-01 -1.013183593750000000e-01 -6.347656250000000000e-02
9.692382812500000000e-01 -1.535644531250000000e-01 -6.738281250000000000e-02
9.853515625000000000e-01 -1.501464843750000000e-01 -6.835937500000000000e-02
9.760742187500000000e-01 -1.545410156250000000e-01 -6.347656250000000000e-02
9.753417968750000000e-01 -1.525878906250000000e-01 -7.006835937500000000e-02
9.787597656250000000e-01 -1.552734375000000000e-01 -7.421875000000000000e-02
9.755859375000000000e-01 -1.494140625000000000e-01 -7.788085937500000000e-02
9.804687500000000000e-01 -9.619140625000000000e-02 -7.348632812500000000e-02
9.743652343750000000e-01 -1.545410156250000000e-01 -7.202148437500000000e-02
9.729003906250000000e-01 -1.467285156250000000e-01 -7.983398437500000000e-02
9.794921875000000000e-01 -1.555175781250000000e-01 -7.421875000000000000e-02
9.763183593750000000e-01 -1.523437500000000000e-01 -7.470703125000000000e-02
9.772949218750000000e-01 -1.520996093750000000e-01 -7.324218750000000000e-02
9.804687500000000000e-01 -9.594726562500000000e-02 -7.983398437500000000e-02
9.760742187500000000e-01 -1.538085937500000000e-01 -7.226562500000000000e-02
9.780273437500000000e-01 -9.570312500000000000e-02 -7.885742187500000000e-02
9.765625000000000000e-01 -9.521484375000000000e-02 -7.812500000000000000e-02
9.758300781250000000e-01 -1.555175781250000000e-01 -7.397460937500000000e-02
9.831542968750000000e-01 -1.538085937500000000e-01 -7.275390625000000000e-02
9.831542968750000000e-01 -1.538085937500000000e-01 -7.275390625000000000e-02
9.768066406250000000e-01 -1.523437500000000000e-01 -7.421875000000000000e-02
9.763183593750000000e-01 -1.496582031250000000e-01 -7.568359375000000000e-02
9.799804687500000000e-01 -1.474609375000000000e-01 -8.178710937500000000e-02
9.829101562500000000e-01 -1.462402343750000000e-01 -6.665039062500000000e-02
9.733886718750000000e-01 -1.525878906250000000e-01 -6.835937500000000000e-02
9.838867187500000000e-01 -1.474609375000000000e-01 2.197265625000000000e-03
9.797363281250000000e-01 -1.472167968750000000e-01 -6.933593750000000000e-02
9.746093750000000000e-01 -1.518554687500000000e-01 -7.006835937500000000e-02
9.758300781250000000e-01 -9.667968750000000000e-02 -6.762695312500000000e-02
9.799804687500000000e-01 -1.525878906250000000e-01 -6.835937500000000000e-02
9.716796875000000000e-01 -1.506347656250000000e-01 -6.738281250000000000e-02
9.770507812500000000e-01 -1.538085937500000000e-01 -7.153320312500000000e-02
9.802246093750000000e-01 -9.692382812500000000e-02 -6.640625000000000000e-02
9.809570312500000000e-01 -1.518554687500000000e-01 5.615234375000000000e-03
9.736328125000000000e-01 -1.474609375000000000e-01 -6.909179687500000000e-02
9.790039062500000000e-01 -1.508789062500000000e-01 -7.055664062500000000e-02
9.807128906250000000e-01 -1.437988281250000000e-01 -6.298828125000000000e-02
9.807128906250000000e-01 -1.508789062500000000e-01 -6.323242187500000000e-02
9.799804687500000000e-01 -1.508789062500000000e-01 -6.323242187500000000e-02
9.782714843750000000e-01 -1.508789062500000000e-01 -6.616210937500000000e-02
9.829101562500000000e-01 -1.516113281250000000e-01 -6.420898437500000000e-02
9.741210937500000000e-01 -1.538085937500000000e-01 -6.640625000000000000e-02
9.804687500000000000e-01 -1.469726562500000000e-01 -6.835937500000000000e-02
9.829101562500000000e-01 -1.469726562500000000e-01 -6.469726562500000000e-02
