9.704589839999999690e-01 -1.015625000000000000e-01 -1.472167970000000103e-01
9.704589839999999690e-01 -1.015625000000000000e-01 -1.472167970000000103e-01
1.137695313000000041e+00 5.859375000000000000e-03 -1.032714839999999967e-01
9.345703130000000414e-01 7.812500000000000000e-03 -1.523437500000000000e-01
9.697265630000000414e-01 1.538085900000000020e-02 -1.130371089999999967e-01
1.030273438000000041e+00 1.928710900000000020e-02 -1.145019530000000035e-01
1.030273438000000041e+00 1.928710900000000020e-02 -1.145019530000000035e-01
1.030273438000000041e+00 1.928710900000000020e-02 -1.145019530000000035e-01
1.028564452999999990e+00 1.367187500000000000e-02 -1.154785160000000033e-01
1.028564452999999990e+00 1.367187500000000000e-02 -1.154785160000000033e-01
1.028564452999999990e+00 1.367187500000000000e-02 -1.154785160000000033e-01
9.729003910000000310e-01 2.197265600000000013e-02 -1.245117190000000068e-01
1.030273438000000041e+00 2.221679699999999993e-02 -1.191406250000000000e-01
9.704589839999999690e-01 1.904296899999999987e-02 -1.108398440000000068e-01
9.704589839999999690e-01 1.904296899999999987e-02 -1.108398440000000068e-01
1.030517577999999990e+00 1.928710900000000020e-02 -1.103515629999999997e-01
1.030517577999999990e+00 1.928710900000000020e-02 -1.103515629999999997e-01
1.030517577999999990e+00 1.928710900000000020e-02 -1.103515629999999997e-01
9.702148440000000207e-01 2.319335900000000020e-02 -1.108398440000000068e-01
9.702148440000000207e-01 2.319335900000000020e-02 -1.108398440000000068e-01
9.689941410000000310e-01 2.148437500000000000e-02 -1.052246089999999967e-01
9.689941410000000310e-01 2.148437500000000000e-02 -1.052246089999999967e-01
1.031250000000000000e+00 1.928710900000000020e-02 -1.052246089999999967e-01
1.031250000000000000e+00 1.928710900000000020e-02 -1.052246089999999967e-01
9.748535160000000310e-01 1.684570300000000007e-02 -1.101074219999999965e-01
9.726562500000000000e-01 2.026367199999999993e-02 -1.145019530000000035e-01
9.689941410000000310e-01 1.489257800000000007e-02 -1.123046879999999997e-01
1.029541016000000031e+00 1.000976599999999980e-02 -1.115722660000000033e-01
9.702148440000000207e-01 1.098632800000000007e-02 -1.098632809999999932e-01
1.029785155999999979e+00 5.126953000000000066e-03 -1.057128910000000033e-01
1.028808594000000021e+00 1.513671899999999987e-02 -9.912109400000000681e-02
9.726562500000000000e-01 1.342773400000000020e-02 -1.091308589999999967e-01
9.711914059999999793e-01 1.635742199999999993e-02 -1.054687500000000000e-01
9.826660160000000310e-01 1.635742199999999993e-02 -1.105957030000000035e-01
1.031250000000000000e+00 1.489257800000000007e-02 -1.025390629999999997e-01
1.026611327999999990e+00 2.343750000000000000e-02 -1.523437500000000000e-01
1.027832030999999979e+00 9.521484000000000197e-03 -1.049804690000000068e-01
9.707031250000000000e-01 1.611328100000000013e-02 -1.040039059999999932e-01
9.738769529999999897e-01 7.568359000000000197e-03 -1.020507809999999932e-01
9.711914059999999793e-01 4.150390999999999803e-03 -1.123046879999999997e-01
9.711914059999999793e-01 -6.396484400000000681e-02 -1.098632809999999932e-01
1.027343750000000000e+00 7.568359000000000197e-03 -1.020507809999999932e-01
9.702148440000000207e-01 8.789062999999999737e-03 -1.079101559999999932e-01
9.748535160000000310e-01 8.789062999999999737e-03 -1.110839839999999967e-01
9.702148440000000207e-01 1.342773400000000020e-02 -1.076660160000000033e-01
9.724121089999999690e-01 1.245117199999999993e-02 -1.101074219999999965e-01
9.697265630000000414e-01 1.782226599999999980e-02 -1.057128910000000033e-01
9.748535160000000310e-01 -2.832031299999999974e-02 -1.945800779999999897e-01
9.873046880000000414e-01 -1.953125000000000000e-02 -2.104492189999999929e-01
1.024902344000000021e+00 -2.075195300000000007e-02 -2.045898439999999929e-01
9.733886720000000103e-01 2.856445300000000007e-02 -2.148437500000000000e-01
9.340820309999999793e-01 -4.589843799999999974e-02 -1.665039060000000071e-01
8.830566410000000310e-01 -2.087402339999999967e-01 -1.845703130000000136e-01
1.089843750000000000e+00 -4.296875000000000000e-02 -8.984375000000000000e-02
9.804687500000000000e-01 8.105468799999999974e-02 2.343750000000000000e-02
9.611816410000000310e-01 -1.340332029999999897e-01 1.660156299999999974e-02
9.982910160000000310e-01 -2.607421879999999859e-01 -7.177734400000000681e-02
7.685546880000000414e-01 -1.318359380000000136e-01 -3.225097659999999755e-01
9.665527339999999690e-01 1.562500000000000000e-02 -3.173828100000000013e-02
9.665527339999999690e-01 1.562500000000000000e-02 -3.173828100000000013e-02
9.355468750000000000e-01 5.297851600000000327e-02 -1.850585939999999929e-01
8.925781250000000000e-01 -1.123046899999999987e-02 -2.058105470000000103e-01
9.846191410000000310e-01 3.784179700000000340e-02 -2.116699220000000103e-01
8.120117190000000207e-01 3.149414100000000327e-02 -2.526855470000000103e-01
7.485351559999999793e-01 3.002929699999999993e-02 -1.035156250000000000e-01
7.900390630000000414e-01 -9.033203000000000066e-03 -1.486816410000000033e-01
9.208984380000000414e-01 -8.789062999999999737e-03 -2.094726560000000071e-01
9.758300779999999897e-01 -1.025390600000000013e-02 -1.813964839999999967e-01
9.794921880000000414e-01 7.373046900000000681e-02 -1.682128910000000033e-01
9.692382809999999793e-01 4.638671999999999934e-03 -8.666992199999999646e-02
9.960937500000000000e-01 -1.123046899999999987e-02 -5.810546899999999987e-02
1.138671875000000000e+00 -7.446289100000000327e-02 -8.862304699999999646e-02
1.087158202999999990e+00 -1.196289099999999980e-02 7.320000000000000118e-04
1.130615233999999969e+00 2.587890600000000013e-02 1.220703000000000066e-03
1.044921875000000000e+00 -7.397460899999999673e-02 2.929688000000000171e-03
1.045410155999999979e+00 8.300781000000000132e-03 1.782226599999999980e-02
1.100585938000000041e+00 6.835937999999999737e-03 -1.953125000000000000e-02
1.125244141000000031e+00 1.049804699999999993e-02 -6.591796900000000681e-02
1.121337891000000031e+00 -7.348632800000000354e-02 -1.611328100000000013e-02
1.126220702999999990e+00 2.050781299999999974e-02 1.684570300000000007e-02
1.057373047000000010e+00 -7.128906299999999974e-02 -1.074218799999999974e-02
1.035400391000000031e+00 -7.495117199999999646e-02 6.933593799999999974e-02
1.136962891000000031e+00 -3.906250000000000000e-02 2.978515600000000013e-02
1.058837891000000031e+00 1.245117199999999993e-02 6.420898399999999673e-02
1.126953125000000000e+00 -6.909179699999999646e-02 2.929687500000000000e-02
1.059570313000000041e+00 2.734375000000000000e-02 8.154296900000000681e-02
1.073730469000000021e+00 2.685546899999999987e-02 3.710937500000000000e-02
1.064453125000000000e+00 8.544921999999999934e-03 9.252929699999999646e-02
1.065917969000000021e+00 1.635742199999999993e-02 8.569335899999999673e-02
1.069580077999999990e+00 1.049804699999999993e-02 8.984375000000000000e-02
9.755859380000000414e-01 -2.783203100000000013e-02 6.787109400000000681e-02
1.068115233999999969e+00 2.368164099999999980e-02 -7.812500000000000000e-03
9.885253910000000310e-01 2.661132800000000007e-02 8.862304699999999646e-02
9.821777339999999690e-01 6.835937999999999737e-03 3.344726600000000327e-02
9.765625000000000000e-01 1.733398400000000020e-02 4.980468799999999974e-02
1.072998047000000010e+00 1.391601599999999980e-02 8.056640599999999319e-02
1.092773438000000041e+00 1.928710900000000020e-02 7.836914100000000327e-02
1.041503905999999979e+00 2.783203100000000013e-02 -4.150390999999999803e-03
1.075927733999999969e+00 -1.928710900000000020e-02 4.394531299999999974e-02
1.024902344000000021e+00 -2.661132800000000007e-02 4.589843799999999974e-02
1.012207030999999979e+00 2.563476599999999980e-02 5.224609399999999987e-02
1.030517577999999990e+00 2.050781299999999974e-02 3.662109399999999987e-02
1.064453125000000000e+00 1.245117199999999993e-02 5.004882799999999660e-02
1.130371094000000021e+00 2.465820300000000007e-02 3.369140600000000013e-02
1.267089844000000021e+00 -7.470703099999999319e-02 8.374023399999999673e-02
1.226318358999999969e+00 2.441406000000000132e-03 3.710937500000000000e-02
1.167968750000000000e+00 -6.323242199999999646e-02 7.641601600000000327e-02
1.200683594000000021e+00 1.733398400000000020e-02 7.739257800000000354e-02
1.204833983999999969e+00 2.783203100000000013e-02 5.346679700000000340e-02
1.215087891000000031e+00 -1.025390600000000013e-02 -6.933593799999999974e-02
1.119384766000000031e+00 -2.075195300000000007e-02 2.685546999999999934e-03
1.097167969000000021e+00 -6.738281299999999974e-02 -8.227539100000000327e-02
1.033691405999999979e+00 -7.739257800000000354e-02 -1.181640629999999997e-01
1.033935547000000010e+00 -8.789062500000000000e-02 -1.357421880000000136e-01
1.068603516000000031e+00 -9.179687500000000000e-02 -1.298828130000000136e-01
1.068603516000000031e+00 -9.179687500000000000e-02 -1.298828130000000136e-01
7.888183589999999690e-01 -6.396484400000000681e-02 -4.931640600000000013e-02
7.663574220000000103e-01 7.446289100000000327e-02 -2.783203100000000013e-02
7.795410160000000310e-01 4.589843799999999974e-02 2.172851599999999980e-02
9.599609380000000414e-01 -1.074218799999999974e-02 -7.104492199999999646e-02
9.599609380000000414e-01 -1.074218799999999974e-02 -7.104492199999999646e-02
8.469238279999999897e-01 2.097167970000000103e-01 -5.102539100000000327e-02
8.469238279999999897e-01 2.097167970000000103e-01 -5.102539100000000327e-02
8.598632809999999793e-01 -1.367187500000000000e-02 -3.247070299999999660e-02
8.598632809999999793e-01 -1.367187500000000000e-02 -3.247070299999999660e-02
1.020019530999999979e+00 -1.928710900000000020e-02 -1.076660160000000033e-01
1.020019530999999979e+00 -1.928710900000000020e-02 -1.076660160000000033e-01
1.023437500000000000e+00 -4.638671999999999934e-03 -1.306152339999999967e-01
1.065673827999999990e+00 8.374023399999999673e-02 -3.564453100000000013e-02
1.008300780999999979e+00 3.002929699999999993e-02 -8.471679699999999646e-02
9.738769529999999897e-01 -1.245117199999999993e-02 -5.541992200000000340e-02
1.022705077999999990e+00 -8.666992199999999646e-02 -1.462402339999999967e-01
1.071533202999999990e+00 -5.688476600000000327e-02 -1.967773439999999929e-01
9.697265630000000414e-01 -3.027343799999999974e-02 -9.594726600000000327e-02
9.799804690000000207e-01 1.464844000000000085e-03 -1.496582029999999897e-01
1.019775391000000031e+00 -5.078125000000000000e-02 -1.401367189999999929e-01
9.826660160000000310e-01 -1.437988279999999897e-01 -1.560058589999999967e-01
9.846191410000000310e-01 -1.298828130000000136e-01 -1.093750000000000000e-01
1.022705077999999990e+00 -1.291503910000000033e-01 -1.047363280000000035e-01
1.022705077999999990e+00 -5.322265600000000013e-02 -1.049804690000000068e-01
9.741210940000000207e-01 -4.272460899999999673e-02 -1.223144530000000035e-01
9.704589839999999690e-01 -4.687500000000000000e-02 -1.103515629999999997e-01
9.721679690000000207e-01 -8.740234400000000681e-02 -1.096191410000000033e-01
9.697265630000000414e-01 -9.375000000000000000e-02 -1.164550780000000035e-01
1.030273438000000041e+00 -3.637695299999999660e-02 -1.049804690000000068e-01
9.741210940000000207e-01 -9.301757800000000354e-02 -1.052246089999999967e-01
9.724121089999999690e-01 -8.544921900000000681e-02 -1.137695309999999932e-01
9.726562500000000000e-01 -8.203125000000000000e-02 -1.081542969999999965e-01
9.707031250000000000e-01 -8.862304699999999646e-02 -1.020507809999999932e-01
9.726562500000000000e-01 -3.149414100000000327e-02 -9.570312500000000000e-02
9.736328130000000414e-01 -9.033203099999999319e-02 -1.542968750000000000e-01
9.775390630000000414e-01 -8.447265599999999319e-02 -9.545898399999999673e-02
9.697265630000000414e-01 -8.056640599999999319e-02 -1.447753910000000033e-01
9.714355470000000103e-01 -7.861328099999999319e-02 -9.814453099999999319e-02
9.711914059999999793e-01 -8.032226600000000327e-02 -1.550292970000000103e-01
9.775390630000000414e-01 -8.813476600000000327e-02 -9.497070300000000354e-02
9.750976559999999793e-01 -7.397460899999999673e-02 -1.545410160000000033e-01
9.768066410000000310e-01 -7.397460899999999673e-02 -1.557617189999999929e-01
9.724121089999999690e-01 -7.519531299999999974e-02 -1.508789060000000071e-01
9.768066410000000310e-01 -7.543945300000000354e-02 -1.435546880000000136e-01
9.724121089999999690e-01 -8.129882800000000354e-02 -1.354980470000000103e-01
9.794921880000000414e-01 -7.836914100000000327e-02 -1.455078130000000136e-01
9.716796880000000414e-01 -8.032226600000000327e-02 -1.479492189999999929e-01
9.729003910000000310e-01 -7.983398399999999673e-02 -1.503906250000000000e-01
9.746093750000000000e-01 -8.642578099999999319e-02 -1.494140630000000136e-01
9.711914059999999793e-01 -8.398437500000000000e-02 -1.481933589999999967e-01
9.726562500000000000e-01 -8.520507800000000354e-02 -1.523437500000000000e-01
9.716796880000000414e-01 -7.934570300000000354e-02 -1.518554689999999929e-01
9.790039059999999793e-01 -8.154296900000000681e-02 -1.440429689999999929e-01
9.738769529999999897e-01 -9.130859400000000681e-02 -1.481933589999999967e-01
9.755859380000000414e-01 -7.836914100000000327e-02 -9.375000000000000000e-02
1.029052733999999969e+00 -7.861328099999999319e-02 -1.047363280000000035e-01
9.711914059999999793e-01 -8.251953099999999319e-02 -1.469726560000000071e-01
9.770507809999999793e-01 -7.861328099999999319e-02 -1.489257810000000071e-01
9.726562500000000000e-01 -8.593750000000000000e-02 -1.508789060000000071e-01
1.029785155999999979e+00 -7.983398399999999673e-02 -9.375000000000000000e-02
9.726562500000000000e-01 -8.618164100000000327e-02 -1.032714839999999967e-01
9.746093750000000000e-01 -7.250976600000000327e-02 -9.375000000000000000e-02
9.716796880000000414e-01 -8.032226600000000327e-02 -1.513671880000000136e-01
9.714355470000000103e-01 -8.032226600000000327e-02 -1.525878910000000033e-01
9.765625000000000000e-01 -7.958984400000000681e-02 -1.520996089999999967e-01
9.738769529999999897e-01 -8.056640599999999319e-02 -9.545898399999999673e-02
9.753417970000000103e-01 -8.398437500000000000e-02 -1.550292970000000103e-01
9.726562500000000000e-01 -7.885742199999999646e-02 -1.518554689999999929e-01
9.736328130000000414e-01 -8.349609400000000681e-02 -9.375000000000000000e-02
9.772949220000000103e-01 -8.569335899999999673e-02 -1.542968750000000000e-01
9.768066410000000310e-01 -8.349609400000000681e-02 -1.437988279999999897e-01
9.719238279999999897e-01 -8.227539100000000327e-02 -1.555175779999999897e-01
9.736328130000000414e-01 -7.958984400000000681e-02 -1.528320310000000071e-01
9.736328130000000414e-01 -8.178710899999999673e-02 -1.545410160000000033e-01
9.743652339999999690e-01 -8.203125000000000000e-02 -1.010742190000000068e-01
9.731445309999999793e-01 -8.032226600000000327e-02 -1.540527339999999967e-01
9.746093750000000000e-01 -7.885742199999999646e-02 -9.887695300000000354e-02
9.753417970000000103e-01 -8.007812500000000000e-02 -9.497070300000000354e-02
9.704589839999999690e-01 -7.641601600000000327e-02 -9.521484400000000681e-02
9.750976559999999793e-01 -7.812500000000000000e-02 -9.521484400000000681e-02
9.746093750000000000e-01 -7.958984400000000681e-02 -1.528320310000000071e-01
9.736328130000000414e-01 -8.325195300000000354e-02 -9.423828099999999319e-02
9.736328130000000414e-01 -8.325195300000000354e-02 -9.423828099999999319e-02
9.760742190000000207e-01 -7.641601600000000327e-02 -9.521484400000000681e-02
