1.029785156250000000e+00 -1.862792968750000000e-01 6.933593750000000000e-02
1.029785156250000000e+00 -1.862792968750000000e-01 6.933593750000000000e-02
1.026855468750000000e+00 -2.509765625000000000e-01 6.762695312500000000e-02
1.026855468750000000e+00 -2.509765625000000000e-01 6.762695312500000000e-02
1.031250000000000000e+00 -2.509765625000000000e-01 -2.441406250000000000e-03
9.692382812500000000e-01 -2.519531250000000000e-01 6.958007812500000000e-02
1.028808593750000000e+00 -2.548828125000000000e-01 6.274414062500000000e-02
1.024658203125000000e+00 -2.517089843750000000e-01 -3.417968750000000000e-03
9.721679687500000000e-01 -2.517089843750000000e-01 -4.638671875000000000e-03
1.025878906250000000e+00 -2.512207031250000000e-01 6.665039062500000000e-02
9.707031250000000000e-01 -2.536621093750000000e-01 6.274414062500000000e-02
1.027832031250000000e+00 -1.857910156250000000e-01 -2.929687500000000000e-03
1.030029296875000000e+00 -2.541503906250000000e-01 6.567382812500000000e-02
9.697265625000000000e-01 -2.517089843750000000e-01 -2.197265625000000000e-03
1.028808593750000000e+00 -2.526855468750000000e-01 6.420898437500000000e-02
1.026367187500000000e+00 -2.551269531250000000e-01 6.469726562500000000e-02
9.692382812500000000e-01 -2.529296875000000000e-01 -2.197265625000000000e-03
1.028808593750000000e+00 -1.835937500000000000e-01 6.665039062500000000e-02
9.702148437500000000e-01 -1.853027343750000000e-01 -1.220703125000000000e-03
1.031005859375000000e+00 -1.870117187500000000e-01 -7.324218750000000000e-03
1.024414062500000000e+00 -2.504882812500000000e-01 6.518554687500000000e-02
1.030517578125000000e+00 -2.558593750000000000e-01 6.591796875000000000e-02
9.746093750000000000e-01 -1.772460937500000000e-01 -5.371093750000000000e-03
9.714355468750000000e-01 -1.796875000000000000e-01 -1.000976562500000000e-02
9.689941406250000000e-01 -1.721191406250000000e-01 -9.033203125000000000e-03
9.697265625000000000e-01 -1.809082031250000000e-01 -1.342773437500000000e-02
9.741210937500000000e-01 -1.816406250000000000e-01 -1.904296875000000000e-02
9.748535156250000000e-01 -1.772460937500000000e-01 -3.002929687500000000e-02
9.724121093750000000e-01 -2.509765625000000000e-01 -1.147460937500000000e-02
1.018554687500000000e+00 -1.848144531250000000e-01 7.006835937500000000e-02
9.733886718750000000e-01 -2.678222656250000000e-01 6.738281250000000000e-02
9.719238281250000000e-01 -1.689453125000000000e-01 7.617187500000000000e-02
9.692382812500000000e-01 -2.172851562500000000e-01 7.714843750000000000e-02
9.743652343750000000e-01 -2.121582031250000000e-01 -4.882812500000000000e-04
1.007568359375000000e+00 -2.622070312500000000e-01 9.033203125000000000e-02
9.970703125000000000e-01 -2.219238281250000000e-01 2.099609375000000000e-02
1.028564453125000000e+00 -2.077636718750000000e-01 -1.098632812500000000e-02
1.031250000000000000e+00 -1.625976562500000000e-01 -1.733398437500000000e-02
9.709472656250000000e-01 -2.099609375000000000e-01 -2.685546875000000000e-03
9.677734375000000000e-01 -1.872558593750000000e-01 8.276367187500000000e-02
1.071777343750000000e+00 -1.779785156250000000e-01 2.734375000000000000e-02
9.804687500000000000e-01 -2.067871093750000000e-01 8.764648437500000000e-02
9.892578125000000000e-01 -2.055664062500000000e-01 7.641601562500000000e-02
1.023925781250000000e+00 -1.691894531250000000e-01 7.446289062500000000e-02
9.221191406250000000e-01 -1.765136718750000000e-01 3.833007812500000000e-02
1.071777343750000000e+00 -2.551269531250000000e-01 -8.300781250000000000e-03
9.753417968750000000e-01 -9.521484375000000000e-02 8.007812500000000000e-02
9.816894531250000000e-01 -2.177734375000000000e-01 8.251953125000000000e-02
1.026611328125000000e+00 -2.131347656250000000e-01 8.837890625000000000e-02
9.262695312500000000e-01 -1.738281250000000000e-01 7.373046875000000000e-02
9.970703125000000000e-01 -2.167968750000000000e-01 1.306152343750000000e-01
9.797363281250000000e-01 -1.586914062500000000e-01 7.983398437500000000e-02
9.897460937500000000e-01 -2.043457031250000000e-01 7.519531250000000000e-02
1.029296875000000000e+00 -2.077636718750000000e-01 8.520507812500000000e-02
1.013183593750000000e+00 -1.777343750000000000e-01 7.055664062500000000e-02
1.026855468750000000e+00 -1.889648437500000000e-01 1.330566406250000000e-01
9.750976562500000000e-01 -1.650390625000000000e-01 9.228515625000000000e-02
9.790039062500000000e-01 -1.716308593750000000e-01 9.350585937500000000e-02
1.027587890625000000e+00 -1.992187500000000000e-01 8.715820312500000000e-02
9.699707031250000000e-01 -1.621093750000000000e-01 7.006835937500000000e-02
1.029052734375000000e+00 -1.140136718750000000e-01 3.295898437500000000e-02
9.848632812500000000e-01 -2.133789062500000000e-01 -1.269531250000000000e-02
9.824218750000000000e-01 -1.699218750000000000e-01 6.518554687500000000e-02
1.020263671875000000e+00 -1.594238281250000000e-01 3.173828125000000000e-02
9.768066406250000000e-01 -1.655273437500000000e-01 9.033203125000000000e-02
1.017333984375000000e+00 -2.094726562500000000e-01 3.784179687500000000e-02
9.882812500000000000e-01 -1.621093750000000000e-01 7.495117187500000000e-02
9.924316406250000000e-01 -1.596679687500000000e-01 6.689453125000000000e-02
1.027587890625000000e+00 -2.070312500000000000e-01 9.008789062500000000e-02
1.028076171875000000e+00 -2.160644531250000000e-01 6.567382812500000000e-02
1.017089843750000000e+00 -1.242675781250000000e-01 3.344726562500000000e-02
9.848632812500000000e-01 -1.630859375000000000e-01 7.421875000000000000e-02
9.870605468750000000e-01 -1.625976562500000000e-01 7.397460937500000000e-02
1.025390625000000000e+00 -2.043457031250000000e-01 4.296875000000000000e-02
1.011474609375000000e+00 -1.694335937500000000e-01 3.881835937500000000e-02
1.025878906250000000e+00 -1.945800781250000000e-01 7.177734375000000000e-02
9.729003906250000000e-01 -1.577148437500000000e-01 6.958007812500000000e-02
9.819335937500000000e-01 -1.796875000000000000e-01 3.491210937500000000e-02
1.021972656250000000e+00 -2.111816406250000000e-01 3.881835937500000000e-02
1.002197265625000000e+00 -2.082519531250000000e-01 3.613281250000000000e-02
9.816894531250000000e-01 -1.657714843750000000e-01 7.714843750000000000e-02
1.024414062500000000e+00 -1.687011718750000000e-01 -2.441406250000000000e-04
9.892578125000000000e-01 -1.618652343750000000e-01 7.763671875000000000e-02
1.030273437500000000e+00 -1.074218750000000000e-01 8.496093750000000000e-02
1.005615234375000000e+00 -1.652832031250000000e-01 3.198242187500000000e-02
1.062744140625000000e+00 -1.809082031250000000e-01 9.179687500000000000e-02
9.809570312500000000e-01 -1.682128906250000000e-01 9.228515625000000000e-02
9.782714843750000000e-01 -1.762695312500000000e-01 7.934570312500000000e-02
1.027099609375000000e+00 -1.887207031250000000e-01 9.326171875000000000e-02
1.013916015625000000e+00 -1.596679687500000000e-01 5.249023437500000000e-02
9.877929687500000000e-01 -1.726074218750000000e-01 7.470703125000000000e-02
1.030273437500000000e+00 -2.148437500000000000e-01 6.713867187500000000e-02
9.733886718750000000e-01 -1.826171875000000000e-01 3.149414062500000000e-02
1.020507812500000000e+00 -2.048339843750000000e-01 4.248046875000000000e-02
1.021484375000000000e+00 -2.084960937500000000e-01 4.077148437500000000e-02
1.071289062500000000e+00 -1.704101562500000000e-01 -4.882812500000000000e-04
1.025634765625000000e+00 -2.021484375000000000e-01 6.909179687500000000e-02
9.733886718750000000e-01 -1.804199218750000000e-01 4.443359375000000000e-02
9.733886718750000000e-01 -2.006835937500000000e-01 4.296875000000000000e-02
1.022705078125000000e+00 -2.021484375000000000e-01 5.688476562500000000e-02
1.071289062500000000e+00 -1.772460937500000000e-01 3.881835937500000000e-02
1.024169921875000000e+00 -2.089843750000000000e-01 7.202148437500000000e-02
1.027099609375000000e+00 -1.865234375000000000e-01 -1.708984375000000000e-03
9.777832031250000000e-01 -2.089843750000000000e-01 3.295898437500000000e-02
1.025390625000000000e+00 -2.128906250000000000e-01 3.393554687500000000e-02
1.029541015625000000e+00 -1.730957031250000000e-01 7.934570312500000000e-02
9.707031250000000000e-01 -2.019042968750000000e-01 -8.300781250000000000e-03
1.030761718750000000e+00 -1.696777343750000000e-01 -8.300781250000000000e-03
9.873046875000000000e-01 -1.721191406250000000e-01 4.809570312500000000e-02
1.022705078125000000e+00 -2.001953125000000000e-01 3.930664062500000000e-02
1.008544921875000000e+00 -1.823730468750000000e-01 8.276367187500000000e-02
9.877929687500000000e-01 -2.126464843750000000e-01 6.762695312500000000e-02
9.780273437500000000e-01 -1.999511718750000000e-01 8.154296875000000000e-02
9.824218750000000000e-01 -1.787109375000000000e-01 8.740234375000000000e-02
1.021484375000000000e+00 -2.019042968750000000e-01 3.417968750000000000e-02
1.016357421875000000e+00 -2.167968750000000000e-01 9.106445312500000000e-02
9.697265625000000000e-01 -1.948242187500000000e-01 7.299804687500000000e-02
9.765625000000000000e-01 -1.591796875000000000e-01 7.739257812500000000e-02
9.914550781250000000e-01 -2.143554687500000000e-01 6.982421875000000000e-02
1.031005859375000000e+00 -2.116699218750000000e-01 -1.269531250000000000e-02
1.021484375000000000e+00 -1.862792968750000000e-01 3.417968750000000000e-02
1.019775390625000000e+00 -2.016601562500000000e-01 3.662109375000000000e-02
9.916992187500000000e-01 -1.831054687500000000e-01 5.468750000000000000e-02
9.836425781250000000e-01 -1.564941406250000000e-01 8.593750000000000000e-02
1.023437500000000000e+00 -1.953125000000000000e-01 4.907226562500000000e-02
1.014892578125000000e+00 -1.604003906250000000e-01 7.153320312500000000e-02
9.780273437500000000e-01 -2.058105468750000000e-01 3.662109375000000000e-02
9.824218750000000000e-01 -1.586914062500000000e-01 -4.638671875000000000e-03
9.951171875000000000e-01 -1.582031250000000000e-01 8.398437500000000000e-02
1.020263671875000000e+00 -2.077636718750000000e-01 8.178710937500000000e-02
1.023437500000000000e+00 -1.628417968750000000e-01 7.812500000000000000e-02
9.841308593750000000e-01 -2.163085937500000000e-01 7.910156250000000000e-02
9.721679687500000000e-01 -1.713867187500000000e-01 8.935546875000000000e-02
9.704589843750000000e-01 -1.625976562500000000e-01 -9.033203125000000000e-03
1.014892578125000000e+00 -2.065429687500000000e-01 8.935546875000000000e-02
1.017578125000000000e+00 -1.757812500000000000e-01 6.567382812500000000e-02
9.826660156250000000e-01 -1.992187500000000000e-01 7.495117187500000000e-02
9.802246093750000000e-01 -1.840820312500000000e-01 6.347656250000000000e-02
9.694824218750000000e-01 -1.677246093750000000e-01 7.568359375000000000e-02
9.716796875000000000e-01 -2.050781250000000000e-01 6.787109375000000000e-02
1.025390625000000000e+00 -1.647949218750000000e-01 -1.782226562500000000e-02
9.738769531250000000e-01 -1.691894531250000000e-01 7.348632812500000000e-02
1.028564453125000000e+00 -1.691894531250000000e-01 7.202148437500000000e-02
1.030029296875000000e+00 -2.124023437500000000e-01 -9.765625000000000000e-03
9.743652343750000000e-01 -1.188964843750000000e-01 7.763671875000000000e-02
1.017578125000000000e+00 -1.826171875000000000e-01 7.885742187500000000e-02
9.765625000000000000e-01 -2.121582031250000000e-01 -1.098632812500000000e-02
9.707031250000000000e-01 -1.574707031250000000e-01 8.813476562500000000e-02
1.063964843750000000e+00 -1.752929687500000000e-01 -1.855468750000000000e-02
1.017822265625000000e+00 -1.174316406250000000e-01 7.421875000000000000e-02
1.023437500000000000e+00 -1.601562500000000000e-01 -4.394531250000000000e-03
1.066406250000000000e+00 -1.765136718750000000e-01 -2.954101562500000000e-02
1.021972656250000000e+00 -2.097167968750000000e-01 7.202148437500000000e-02
9.709472656250000000e-01 -2.124023437500000000e-01 2.246093750000000000e-02
9.726562500000000000e-01 -1.599121093750000000e-01 9.228515625000000000e-02
1.006347656250000000e+00 -2.031250000000000000e-01 9.033203125000000000e-02
1.082275390625000000e+00 -2.736816406250000000e-01 -1.074218750000000000e-02
9.716796875000000000e-01 -1.906738281250000000e-01 2.148437500000000000e-02
9.731445312500000000e-01 -1.726074218750000000e-01 6.713867187500000000e-02
9.721679687500000000e-01 -1.240234375000000000e-01 7.690429687500000000e-02
1.024414062500000000e+00 -1.696777343750000000e-01 7.812500000000000000e-02
9.807128906250000000e-01 -2.539062500000000000e-01 -3.417968750000000000e-03
1.029052734375000000e+00 -1.984863281250000000e-01 7.104492187500000000e-02
9.821777343750000000e-01 -2.089843750000000000e-01 2.026367187500000000e-02
1.018554687500000000e+00 -1.667480468750000000e-01 7.690429687500000000e-02
1.025878906250000000e+00 -2.033691406250000000e-01 7.421875000000000000e-02
1.020751953125000000e+00 -2.592773437500000000e-01 -1.269531250000000000e-02
9.724121093750000000e-01 -2.185058593750000000e-01 7.788085937500000000e-02
1.064697265625000000e+00 -2.133789062500000000e-01 7.299804687500000000e-02
1.029785156250000000e+00 -2.021484375000000000e-01 7.250976562500000000e-02
9.716796875000000000e-01 -1.770019531250000000e-01 8.813476562500000000e-02
1.023193359375000000e+00 -1.582031250000000000e-01 7.763671875000000000e-02
9.821777343750000000e-01 -1.994628906250000000e-01 -1.391601562500000000e-02
1.021972656250000000e+00 -1.586914062500000000e-01 -2.319335937500000000e-02
9.692382812500000000e-01 -1.887207031250000000e-01 -2.734375000000000000e-02
9.772949218750000000e-01 -2.001953125000000000e-01 -2.197265625000000000e-02
9.746093750000000000e-01 -2.155761718750000000e-01 -7.373046875000000000e-02
1.024414062500000000e+00 -1.850585937500000000e-01 4.882812500000000000e-03
9.746093750000000000e-01 -2.575683593750000000e-01 -6.689453125000000000e-02
1.026367187500000000e+00 -2.797851562500000000e-01 2.246093750000000000e-02
1.006103515625000000e+00 -2.563476562500000000e-01 2.319335937500000000e-02
9.772949218750000000e-01 -2.104492187500000000e-01 -7.250976562500000000e-02
9.743652343750000000e-01 -1.191406250000000000e-01 -2.416992187500000000e-02
9.807128906250000000e-01 -1.147460937500000000e-01 -2.416992187500000000e-02
1.023193359375000000e+00 -2.053222656250000000e-01 -4.882812500000000000e-03
1.027832031250000000e+00 -1.672363281250000000e-01 -2.441406250000000000e-02
9.890136718750000000e-01 -2.155761718750000000e-01 2.709960937500000000e-02
9.250488281250000000e-01 -1.894531250000000000e-01 -2.011718750000000000e-01
9.951171875000000000e-01 -1.997070312500000000e-01 -5.493164062500000000e-02
1.022949218750000000e+00 -2.109375000000000000e-01 3.125000000000000000e-02
9.375000000000000000e-01 -1.591796875000000000e-01 4.394531250000000000e-03
1.021240234375000000e+00 -1.872558593750000000e-01 -1.367187500000000000e-02
1.027587890625000000e+00 -1.979980468750000000e-01 -6.494140625000000000e-02
9.877929687500000000e-01 -2.119140625000000000e-01 1.074218750000000000e-02
9.748535156250000000e-01 -2.055664062500000000e-01 6.420898437500000000e-02
9.753417968750000000e-01 -1.638183593750000000e-01 -7.958984375000000000e-02
1.023193359375000000e+00 -1.594238281250000000e-01 2.246093750000000000e-02
1.016113281250000000e+00 -2.082519531250000000e-01 7.934570312500000000e-02
9.826660156250000000e-01 -1.650390625000000000e-01 -5.419921875000000000e-02
9.211425781250000000e-01 -2.145996093750000000e-01 1.220703125000000000e-02
