9.855957031250000000e-01 -3.125000000000000000e-02 8.959960937500000000e-02
9.882812500000000000e-01 -2.758789062500000000e-02 8.544921875000000000e-02
9.882812500000000000e-01 -2.758789062500000000e-02 8.544921875000000000e-02
9.882812500000000000e-01 -2.758789062500000000e-02 8.544921875000000000e-02
9.902343750000000000e-01 -3.002929687500000000e-02 8.056640625000000000e-02
9.838867187500000000e-01 -2.929687500000000000e-02 8.715820312500000000e-02
9.829101562500000000e-01 -3.002929687500000000e-02 8.081054687500000000e-02
9.865722656250000000e-01 3.100585937500000000e-02 8.007812500000000000e-02
9.846191406250000000e-01 -3.100585937500000000e-02 8.081054687500000000e-02
9.846191406250000000e-01 -2.343750000000000000e-02 7.714843750000000000e-02
9.877929687500000000e-01 -2.636718750000000000e-02 7.666015625000000000e-02
9.858398437500000000e-01 -2.734375000000000000e-02 7.031250000000000000e-02
9.843750000000000000e-01 -2.880859375000000000e-02 7.495117187500000000e-02
9.809570312500000000e-01 -2.954101562500000000e-02 6.884765625000000000e-02
9.895019531250000000e-01 -2.807617187500000000e-02 7.080078125000000000e-02
9.824218750000000000e-01 -2.416992187500000000e-02 6.542968750000000000e-02
9.902343750000000000e-01 -2.294921875000000000e-02 6.542968750000000000e-02
9.909667968750000000e-01 -2.661132812500000000e-02 -3.417968750000000000e-03
9.843750000000000000e-01 2.050781250000000000e-02 -5.615234375000000000e-03
9.802246093750000000e-01 6.835937500000000000e-03 -0.000000000000000000e+00
9.931640625000000000e-01 2.807617187500000000e-02 -5.126953125000000000e-03
9.848632812500000000e-01 -2.539062500000000000e-02 -2.734375000000000000e-02
1.030029296875000000e+00 8.032226562500000000e-02 2.221679687500000000e-02
9.833984375000000000e-01 1.372070312500000000e-01 6.347656250000000000e-03
9.812011718750000000e-01 1.975097656250000000e-01 -7.153320312500000000e-02
9.262695312500000000e-01 1.577148437500000000e-01 -2.587890625000000000e-02
9.350585937500000000e-01 9.033203125000000000e-02 5.078125000000000000e-02
1.045166015625000000e+00 2.124023437500000000e-02 3.320312500000000000e-02
1.070800781250000000e+00 -1.196289062500000000e-02 1.396484375000000000e-01
1.017333984375000000e+00 1.103515625000000000e-01 5.688476562500000000e-02
1.005615234375000000e+00 1.179199218750000000e-01 1.354980468750000000e-01
1.021240234375000000e+00 1.164550781250000000e-01 1.269531250000000000e-01
1.024169921875000000e+00 1.445312500000000000e-01 1.369628906250000000e-01
1.028808593750000000e+00 1.953125000000000000e-01 1.118164062500000000e-01
1.023681640625000000e+00 1.220703125000000000e-01 1.979980468750000000e-01
1.073486328125000000e+00 2.819824218750000000e-01 2.602539062500000000e-01
1.028076171875000000e+00 1.794433593750000000e-01 1.831054687500000000e-01
1.196533203125000000e+00 3.095703125000000000e-01 -2.424316406250000000e-01
1.318359375000000000e+00 7.348632812500000000e-02 -1.069335937500000000e-01
9.497070312500000000e-01 -1.096191406250000000e-01 -1.142578125000000000e-01
1.055664062500000000e+00 2.441406250000000000e-04 -3.759765625000000000e-02
9.606933593750000000e-01 -1.540527343750000000e-01 -8.227539062500000000e-02
9.523925781250000000e-01 -4.516601562500000000e-02 2.929687500000000000e-03
9.433593750000000000e-01 -1.352539062500000000e-01 1.123046875000000000e-02
9.545898437500000000e-01 2.001953125000000000e-02 -2.856445312500000000e-02
9.516601562500000000e-01 -7.836914062500000000e-02 7.910156250000000000e-02
8.730468750000000000e-01 -7.495117187500000000e-02 7.543945312500000000e-02
1.028076171875000000e+00 -3.662109375000000000e-03 -3.100585937500000000e-02
9.909667968750000000e-01 7.324218750000000000e-03 1.049804687500000000e-02
9.870605468750000000e-01 -4.223632812500000000e-02 -7.763671875000000000e-02
1.046875000000000000e+00 -3.190917968750000000e-01 -8.251953125000000000e-02
1.366455078125000000e+00 8.471679687500000000e-02 -4.997558593750000000e-01
1.010253906250000000e+00 5.673828125000000000e-01 -2.170410156250000000e-01
9.226074218750000000e-01 -4.394531250000000000e-03 -8.959960937500000000e-02
1.022949218750000000e+00 2.770996093750000000e-01 -2.587890625000000000e-01
8.649902343750000000e-01 2.470703125000000000e-01 -7.885742187500000000e-02
8.674316406250000000e-01 1.188964843750000000e-01 -1.269531250000000000e-01
8.986816406250000000e-01 3.308105468750000000e-01 -1.213378906250000000e-01
8.747558593750000000e-01 2.370605468750000000e-01 -1.062011718750000000e-01
9.235839843750000000e-01 2.531738281250000000e-01 -1.118164062500000000e-01
9.272460937500000000e-01 1.083984375000000000e-01 -1.054687500000000000e-01
8.725585937500000000e-01 9.814453125000000000e-02 -8.862304687500000000e-02
9.763183593750000000e-01 1.330566406250000000e-01 -7.812500000000000000e-02
1.085693359375000000e+00 1.345214843750000000e-01 3.173828125000000000e-03
1.018798828125000000e+00 1.508789062500000000e-01 -3.881835937500000000e-02
1.082519531250000000e+00 8.666992187500000000e-02 -1.394042968750000000e-01
1.069335937500000000e+00 2.053222656250000000e-01 -6.835937500000000000e-02
1.015625000000000000e+00 1.298828125000000000e-01 8.789062500000000000e-02
9.340820312500000000e-01 -2.294921875000000000e-02 7.495117187500000000e-02
1.153808593750000000e+00 -2.709960937500000000e-02 -2.377929687500000000e-01
8.911132812500000000e-01 -1.708984375000000000e-02 -9.765625000000000000e-02
8.286132812500000000e-01 -1.816406250000000000e-01 -7.055664062500000000e-02
1.120117187500000000e+00 -9.423828125000000000e-02 -3.173828125000000000e-02
1.274169921875000000e+00 1.757812500000000000e-02 6.323242187500000000e-02
8.652343750000000000e-01 1.237792968750000000e-01 6.835937500000000000e-02
9.418945312500000000e-01 -1.408691406250000000e-01 8.618164062500000000e-02
1.033447265625000000e+00 -8.178710937500000000e-02 5.078125000000000000e-02
9.250488281250000000e-01 -7.177734375000000000e-02 3.442382812500000000e-02
9.970703125000000000e-01 -9.350585937500000000e-02 1.181640625000000000e-01
9.875488281250000000e-01 -1.022949218750000000e-01 2.648925781250000000e-01
9.770507812500000000e-01 -1.669921875000000000e-01 1.047363281250000000e-01
1.084716796875000000e+00 -1.142578125000000000e-01 2.629394531250000000e-01
1.331298828125000000e+00 -4.531250000000000000e-01 1.000976562500000000e-02
1.390136718750000000e+00 -2.736816406250000000e-01 -3.154296875000000000e-01
7.685546875000000000e-01 2.656250000000000000e-01 -9.521484375000000000e-02
9.704589843750000000e-01 -1.950683593750000000e-01 1.269531250000000000e-02
1.208496093750000000e+00 7.373046875000000000e-02 -1.274414062500000000e-01
8.894042968750000000e-01 7.739257812500000000e-02 -1.953125000000000000e-03
8.039550781250000000e-01 -2.929687500000000000e-02 7.397460937500000000e-02
9.538574218750000000e-01 1.010742187500000000e-01 5.712890625000000000e-02
9.179687500000000000e-01 1.113281250000000000e-01 1.936035156250000000e-01
9.443359375000000000e-01 1.823730468750000000e-01 1.359863281250000000e-01
1.191162109375000000e+00 9.643554687500000000e-02 1.372070312500000000e-01
1.067382812500000000e+00 1.369628906250000000e-01 1.413574218750000000e-01
1.217773437500000000e+00 -3.100585937500000000e-02 -7.446289062500000000e-02
1.364501953125000000e+00 -8.984375000000000000e-02 -5.361328125000000000e-01
6.621093750000000000e-01 -9.375000000000000000e-02 -3.637695312500000000e-02
1.158691406250000000e+00 2.531738281250000000e-01 -6.420898437500000000e-02
9.003906250000000000e-01 9.472656250000000000e-02 -1.691894531250000000e-01
9.677734375000000000e-01 -2.978515625000000000e-02 -5.371093750000000000e-02
1.017578125000000000e+00 1.240234375000000000e-01 -1.555175781250000000e-01
1.023681640625000000e+00 7.763671875000000000e-02 -1.433105468750000000e-01
9.150390625000000000e-01 -2.077636718750000000e-01 -4.931640625000000000e-02
1.021728515625000000e+00 -4.321289062500000000e-02 6.323242187500000000e-02
1.035888671875000000e+00 -4.980468750000000000e-02 -8.862304687500000000e-02
1.114746093750000000e+00 2.819824218750000000e-01 1.152343750000000000e-01
1.056884765625000000e+00 2.092285156250000000e-01 -4.882812500000000000e-04
1.354492187500000000e+00 -2.568359375000000000e-01 -5.729980468750000000e-01
7.028808593750000000e-01 2.556152343750000000e-01 -5.883789062500000000e-02
1.268066406250000000e+00 2.856445312500000000e-02 -1.420898437500000000e-01
8.769531250000000000e-01 -2.197265625000000000e-02 1.123046875000000000e-02
8.090820312500000000e-01 1.320800781250000000e-01 1.252441406250000000e-01
8.674316406250000000e-01 -1.708984375000000000e-02 1.340332031250000000e-01
9.191894531250000000e-01 9.350585937500000000e-02 1.003417968750000000e-01
9.548339843750000000e-01 1.042480468750000000e-01 1.872558593750000000e-01
1.066406250000000000e+00 6.054687500000000000e-02 1.962890625000000000e-01
1.323730468750000000e+00 2.126464843750000000e-01 2.541503906250000000e-01
1.368164062500000000e+00 9.716796875000000000e-02 2.692871093750000000e-01
1.198242187500000000e+00 5.273437500000000000e-02 -3.664550781250000000e-01
9.274902343750000000e-01 -2.778320312500000000e-01 -2.429199218750000000e-01
8.637695312500000000e-01 -4.638671875000000000e-03 -5.346679687500000000e-02
9.670410156250000000e-01 1.018066406250000000e-01 -1.340332031250000000e-01
9.589843750000000000e-01 3.759765625000000000e-02 -1.259765625000000000e-01
9.216308593750000000e-01 1.464843750000000000e-03 7.055664062500000000e-02
9.716796875000000000e-01 -1.064453125000000000e-01 1.325683593750000000e-01
7.282714843750000000e-01 -5.126953125000000000e-02 1.899414062500000000e-01
9.536132812500000000e-01 1.904296875000000000e-02 2.170410156250000000e-01
9.892578125000000000e-01 -8.862304687500000000e-02 3.588867187500000000e-02
1.212402343750000000e+00 7.348632812500000000e-02 2.668457031250000000e-01
1.301757812500000000e+00 2.954101562500000000e-02 2.644042968750000000e-01
1.570312500000000000e+00 -1.989746093750000000e-01 -4.165039062500000000e-01
6.818847656250000000e-01 8.935546875000000000e-02 -1.210937500000000000e-01
9.787597656250000000e-01 -1.906738281250000000e-01 -2.709960937500000000e-02
1.049804687500000000e+00 -1.923828125000000000e-01 -8.691406250000000000e-02
7.414550781250000000e-01 2.416992187500000000e-02 -5.859375000000000000e-03
8.945312500000000000e-01 -7.568359375000000000e-02 8.081054687500000000e-02
8.591308593750000000e-01 9.155273437500000000e-02 1.391601562500000000e-01
8.020019531250000000e-01 4.516601562500000000e-02 1.242675781250000000e-01
9.516601562500000000e-01 -2.880859375000000000e-02 2.727050781250000000e-01
1.143554687500000000e+00 7.275390625000000000e-02 2.053222656250000000e-01
1.166503906250000000e+00 7.543945312500000000e-02 2.622070312500000000e-01
1.298339843750000000e+00 -2.285156250000000000e-01 6.103515625000000000e-02
1.286621093750000000e+00 -1.025390625000000000e-01 -7.692871093750000000e-01
9.416503906250000000e-01 -1.557617187500000000e-01 -2.468261718750000000e-01
1.033691406250000000e+00 7.543945312500000000e-02 -1.420898437500000000e-01
1.002685546875000000e+00 2.111816406250000000e-01 -8.569335937500000000e-02
7.395019531250000000e-01 -9.838867187500000000e-02 1.293945312500000000e-01
8.928222656250000000e-01 -1.340332031250000000e-01 8.691406250000000000e-02
1.004882812500000000e+00 -8.178710937500000000e-02 9.277343750000000000e-02
9.667968750000000000e-01 -8.471679687500000000e-02 1.335449218750000000e-01
9.316406250000000000e-01 -4.980468750000000000e-02 7.666015625000000000e-02
1.208984375000000000e+00 -8.496093750000000000e-02 9.179687500000000000e-02
1.229248046875000000e+00 -7.885742187500000000e-02 1.596679687500000000e-01
1.273925781250000000e+00 -1.538085937500000000e-01 -3.176269531250000000e-01
9.389648437500000000e-01 -3.117675781250000000e-01 -3.776855468750000000e-01
9.807128906250000000e-01 4.101562500000000000e-02 8.056640625000000000e-03
1.196533203125000000e+00 -2.014160156250000000e-01 -1.350097656250000000e-01
8.156738281250000000e-01 -3.784179687500000000e-02 -6.665039062500000000e-02
1.127441406250000000e+00 -1.718750000000000000e-01 -9.252929687500000000e-02
9.377441406250000000e-01 -3.735351562500000000e-02 -1.274414062500000000e-01
9.453125000000000000e-01 1.743164062500000000e-01 6.542968750000000000e-02
8.708496093750000000e-01 1.489257812500000000e-02 1.318359375000000000e-01
1.004882812500000000e+00 -3.613281250000000000e-02 1.606445312500000000e-01
1.075683593750000000e+00 -1.604003906250000000e-01 2.060546875000000000e-01
1.266113281250000000e+00 -2.526855468750000000e-01 2.629394531250000000e-01
1.516357421875000000e+00 -2.753906250000000000e-01 -1.862792968750000000e-01
1.018798828125000000e+00 1.579589843750000000e-01 -4.184570312500000000e-01
8.881835937500000000e-01 -4.638671875000000000e-03 -1.955566406250000000e-01
1.086914062500000000e+00 4.931640625000000000e-02 -8.593750000000000000e-02
9.306640625000000000e-01 -2.905273437500000000e-02 1.538085937500000000e-02
8.520507812500000000e-01 2.172851562500000000e-02 4.418945312500000000e-02
9.401855468750000000e-01 -6.835937500000000000e-02 9.667968750000000000e-02
8.681640625000000000e-01 -3.833007812500000000e-02 1.181640625000000000e-01
8.889160156250000000e-01 4.394531250000000000e-03 1.909179687500000000e-01
9.440917968750000000e-01 -1.430664062500000000e-01 4.003906250000000000e-02
1.202392578125000000e+00 -1.562500000000000000e-02 1.091308593750000000e-01
1.246337890625000000e+00 8.032226562500000000e-02 3.281250000000000000e-01
1.454589843750000000e+00 -4.479980468750000000e-01 -1.679687500000000000e-01
1.193359375000000000e+00 -1.076660156250000000e-01 -2.775878906250000000e-01
6.442871093750000000e-01 1.960449218750000000e-01 -1.025390625000000000e-01
1.216064453125000000e+00 -3.203125000000000000e-01 2.441406250000000000e-04
8.474121093750000000e-01 -1.000976562500000000e-01 -1.442871093750000000e-01
8.354492187500000000e-01 -4.052734375000000000e-02 -2.832031250000000000e-02
9.411621093750000000e-01 -1.391601562500000000e-02 3.906250000000000000e-02
8.525390625000000000e-01 8.691406250000000000e-02 5.810546875000000000e-02
9.003906250000000000e-01 8.056640625000000000e-02 1.201171875000000000e-01
1.030273437500000000e+00 -3.076171875000000000e-02 1.286621093750000000e-01
1.057128906250000000e+00 1.782226562500000000e-02 -1.098632812500000000e-02
1.283447265625000000e+00 -1.728515625000000000e-01 5.166015625000000000e-01
1.252929687500000000e+00 -2.634277343750000000e-01 -5.224609375000000000e-02
1.246826171875000000e+00 9.399414062500000000e-02 -4.289550781250000000e-01
7.668457031250000000e-01 -2.329101562500000000e-01 -2.888183593750000000e-01
1.067871093750000000e+00 3.986816406250000000e-01 -5.834960937500000000e-02
9.353027343750000000e-01 2.253417968750000000e-01 2.368164062500000000e-02
8.881835937500000000e-01 -3.427734375000000000e-01 -2.929687500000000000e-02
8.996582031250000000e-01 -2.163085937500000000e-01 1.340332031250000000e-01
8.442382812500000000e-01 -5.053710937500000000e-02 3.881835937500000000e-02
8.000488281250000000e-01 -1.447753906250000000e-01 1.425781250000000000e-01
9.284667968750000000e-01 2.416992187500000000e-02 1.354980468750000000e-01
1.215332031250000000e+00 -1.354980468750000000e-01 7.177734375000000000e-02
