9.838867187500000000e-01 -1.074218750000000000e-02 4.882812500000000000e-02
9.890136718750000000e-01 -1.391601562500000000e-02 4.858398437500000000e-02
9.890136718750000000e-01 -1.391601562500000000e-02 4.858398437500000000e-02
9.865722656250000000e-01 -1.245117187500000000e-02 5.029296875000000000e-02
9.836425781250000000e-01 -9.033203125000000000e-03 5.664062500000000000e-02
9.819335937500000000e-01 -1.318359375000000000e-02 5.249023437500000000e-02
9.877929687500000000e-01 -1.147460937500000000e-02 5.908203125000000000e-02
9.858398437500000000e-01 -1.586914062500000000e-02 5.664062500000000000e-02
9.875488281250000000e-01 -1.318359375000000000e-02 5.908203125000000000e-02
9.831542968750000000e-01 -1.416015625000000000e-02 5.737304687500000000e-02
9.826660156250000000e-01 -1.489257812500000000e-02 1.301269531250000000e-01
9.851074218750000000e-01 -1.342773437500000000e-02 6.152343750000000000e-02
9.865722656250000000e-01 -1.391601562500000000e-02 5.908203125000000000e-02
9.875488281250000000e-01 -1.342773437500000000e-02 1.271972656250000000e-01
9.892578125000000000e-01 -1.611328125000000000e-02 6.127929687500000000e-02
9.826660156250000000e-01 -1.049804687500000000e-02 1.264648437500000000e-01
9.841308593750000000e-01 -1.513671875000000000e-02 6.250000000000000000e-02
9.887695312500000000e-01 -1.562500000000000000e-02 5.859375000000000000e-02
9.868164062500000000e-01 -1.318359375000000000e-02 5.761718750000000000e-02
9.865722656250000000e-01 -9.765625000000000000e-03 1.269531250000000000e-01
9.853515625000000000e-01 -1.000976562500000000e-02 1.330566406250000000e-01
9.851074218750000000e-01 -1.684570312500000000e-02 6.079101562500000000e-02
9.848632812500000000e-01 -1.513671875000000000e-02 1.306152343750000000e-01
9.858398437500000000e-01 -1.611328125000000000e-02 1.293945312500000000e-01
9.863281250000000000e-01 -8.544921875000000000e-03 1.298828125000000000e-01
9.855957031250000000e-01 -7.080078125000000000e-03 1.291503906250000000e-01
9.824218750000000000e-01 -9.277343750000000000e-03 1.284179687500000000e-01
9.824218750000000000e-01 -1.635742187500000000e-02 1.279296875000000000e-01
9.838867187500000000e-01 -1.416015625000000000e-02 1.252441406250000000e-01
9.863281250000000000e-01 -1.611328125000000000e-02 6.176757812500000000e-02
9.885253906250000000e-01 -1.342773437500000000e-02 1.274414062500000000e-01
9.819335937500000000e-01 -1.660156250000000000e-02 5.688476562500000000e-02
9.877929687500000000e-01 -2.221679687500000000e-02 5.249023437500000000e-02
9.863281250000000000e-01 -1.953125000000000000e-02 6.030273437500000000e-02
9.829101562500000000e-01 -1.660156250000000000e-02 5.493164062500000000e-02
9.851074218750000000e-01 -1.440429687500000000e-02 5.834960937500000000e-02
9.846191406250000000e-01 -1.318359375000000000e-02 6.176757812500000000e-02
9.880371093750000000e-01 -1.831054687500000000e-02 5.175781250000000000e-02
9.829101562500000000e-01 -2.270507812500000000e-02 5.517578125000000000e-02
9.863281250000000000e-01 -1.733398437500000000e-02 5.224609375000000000e-02
9.853515625000000000e-01 -2.587890625000000000e-02 4.711914062500000000e-02
9.855957031250000000e-01 -7.348632812500000000e-02 4.370117187500000000e-02
9.868164062500000000e-01 -6.640625000000000000e-02 3.662109375000000000e-02
9.853515625000000000e-01 -8.837890625000000000e-02 9.204101562500000000e-02
9.941406250000000000e-01 -6.420898437500000000e-02 8.471679687500000000e-02
1.078125000000000000e+00 -6.811523437500000000e-02 6.640625000000000000e-02
9.924316406250000000e-01 -2.319335937500000000e-02 -7.080078125000000000e-03
9.814453125000000000e-01 8.691406250000000000e-02 8.984375000000000000e-02
9.865722656250000000e-01 5.517578125000000000e-02 9.008789062500000000e-02
9.804687500000000000e-01 5.078125000000000000e-02 5.419921875000000000e-02
9.711914062500000000e-01 5.395507812500000000e-02 4.296875000000000000e-02
1.005615234375000000e+00 8.886718750000000000e-02 9.643554687500000000e-02
1.027587890625000000e+00 5.200195312500000000e-02 9.887695312500000000e-02
9.816894531250000000e-01 9.838867187500000000e-02 1.279296875000000000e-01
9.694824218750000000e-01 1.135253906250000000e-01 3.295898437500000000e-02
9.863281250000000000e-01 1.494140625000000000e-01 -9.033203125000000000e-03
9.707031250000000000e-01 4.077148437500000000e-02 -1.782226562500000000e-02
1.042236328125000000e+00 -5.615234375000000000e-03 -3.027343750000000000e-02
9.794921875000000000e-01 -6.835937500000000000e-02 -4.077148437500000000e-02
9.555664062500000000e-01 1.733398437500000000e-02 -1.611328125000000000e-02
1.092529296875000000e+00 -4.125976562500000000e-02 -2.368164062500000000e-02
1.082763671875000000e+00 9.033203125000000000e-03 -9.765625000000000000e-03
9.741210937500000000e-01 -6.225585937500000000e-02 8.837890625000000000e-02
1.079101562500000000e+00 -5.053710937500000000e-02 1.806640625000000000e-02
9.326171875000000000e-01 -1.088867187500000000e-01 2.490234375000000000e-02
9.875488281250000000e-01 -1.870117187500000000e-01 1.513671875000000000e-02
1.069580078125000000e+00 -1.933593750000000000e-01 -8.349609375000000000e-02
9.768066406250000000e-01 -1.511230468750000000e-01 -6.884765625000000000e-02
9.753417968750000000e-01 -2.077636718750000000e-01 1.953125000000000000e-03
1.076904296875000000e+00 -1.665039062500000000e-01 -5.029296875000000000e-02
8.593750000000000000e-01 -1.826171875000000000e-01 -2.490234375000000000e-02
1.074951171875000000e+00 -1.271972656250000000e-01 -6.372070312500000000e-02
9.985351562500000000e-01 -3.100585937500000000e-02 -1.340332031250000000e-01
1.072265625000000000e+00 -2.880859375000000000e-02 -3.637695312500000000e-02
1.015869140625000000e+00 -1.367187500000000000e-02 -4.272460937500000000e-02
9.877929687500000000e-01 -7.226562500000000000e-02 -4.956054687500000000e-02
1.067382812500000000e+00 -7.397460937500000000e-02 -3.125000000000000000e-02
9.721679687500000000e-01 7.324218750000000000e-04 4.882812500000000000e-04
1.027587890625000000e+00 8.056640625000000000e-03 -7.153320312500000000e-02
1.049072265625000000e+00 3.564453125000000000e-02 -1.855468750000000000e-02
1.029785156250000000e+00 2.587890625000000000e-02 5.273437500000000000e-02
9.372558593750000000e-01 1.196289062500000000e-02 1.718750000000000000e-01
9.768066406250000000e-01 1.928710937500000000e-02 1.740722656250000000e-01
1.065429687500000000e+00 -2.514648437500000000e-02 1.711425781250000000e-01
1.027099609375000000e+00 1.416015625000000000e-02 1.142578125000000000e-01
9.794921875000000000e-01 -3.027343750000000000e-02 1.513671875000000000e-01
9.880371093750000000e-01 8.935546875000000000e-02 1.086425781250000000e-01
9.787597656250000000e-01 -2.929687500000000000e-03 1.904296875000000000e-01
1.025878906250000000e+00 -1.220703125000000000e-03 2.065429687500000000e-01
1.013183593750000000e+00 7.861328125000000000e-02 1.682128906250000000e-01
1.027343750000000000e+00 7.226562500000000000e-02 1.672363281250000000e-01
9.709472656250000000e-01 7.958984375000000000e-02 1.708984375000000000e-01
9.758300781250000000e-01 7.250976562500000000e-02 2.082519531250000000e-01
1.021972656250000000e+00 3.857421875000000000e-02 2.070312500000000000e-01
1.016845703125000000e+00 1.184082031250000000e-01 2.126464843750000000e-01
1.013427734375000000e+00 1.166992187500000000e-01 2.016601562500000000e-01
9.902343750000000000e-01 1.303710937500000000e-01 2.062988281250000000e-01
9.814453125000000000e-01 1.433105468750000000e-01 2.180175781250000000e-01
1.113037109375000000e+00 4.492187500000000000e-02 1.191406250000000000e-01
1.268798828125000000e+00 1.247558593750000000e-01 -2.490234375000000000e-02
1.073974609375000000e+00 7.568359375000000000e-03 2.416992187500000000e-02
9.594726562500000000e-01 -1.513671875000000000e-01 -3.125000000000000000e-02
1.014892578125000000e+00 -7.690429687500000000e-02 -6.958007812500000000e-02
1.002685546875000000e+00 -9.887695312500000000e-02 -1.733398437500000000e-02
9.797363281250000000e-01 8.740234375000000000e-02 -2.832031250000000000e-02
9.960937500000000000e-01 -8.178710937500000000e-02 -3.051757812500000000e-02
9.360351562500000000e-01 -1.401367187500000000e-01 3.662109375000000000e-02
9.208984375000000000e-01 -7.202148437500000000e-02 5.639648437500000000e-02
9.545898437500000000e-01 -6.494140625000000000e-02 1.306152343750000000e-01
9.277343750000000000e-01 -7.617187500000000000e-02 1.518554687500000000e-01
1.028076171875000000e+00 -1.440429687500000000e-02 1.179199218750000000e-01
1.007568359375000000e+00 -1.660156250000000000e-02 1.062011718750000000e-01
1.146972656250000000e+00 1.433105468750000000e-01 9.570312500000000000e-02
1.079345703125000000e+00 6.518554687500000000e-02 2.128906250000000000e-01
1.313720703125000000e+00 -6.591796875000000000e-02 -7.836914062500000000e-02
1.340332031250000000e+00 -1.499023437500000000e-01 -3.369140625000000000e-01
6.613769531250000000e-01 7.275390625000000000e-02 -1.882324218750000000e-01
1.155517578125000000e+00 5.053710937500000000e-02 -6.542968750000000000e-02
1.081054687500000000e+00 -1.301269531250000000e-01 -6.079101562500000000e-02
9.394531250000000000e-01 -9.765625000000000000e-03 -1.660156250000000000e-02
8.593750000000000000e-01 -8.056640625000000000e-03 6.982421875000000000e-02
9.621582031250000000e-01 -1.660156250000000000e-02 3.515625000000000000e-02
9.155273437500000000e-01 4.858398437500000000e-02 3.881835937500000000e-02
1.019287109375000000e+00 7.568359375000000000e-02 4.565429687500000000e-02
1.027099609375000000e+00 8.837890625000000000e-02 -2.832031250000000000e-02
1.091308593750000000e+00 -5.859375000000000000e-02 8.105468750000000000e-02
1.148437500000000000e+00 -1.525878906250000000e-01 1.926269531250000000e-01
9.907226562500000000e-01 -1.281738281250000000e-01 -1.953125000000000000e-03
1.243896484375000000e+00 2.568359375000000000e-01 -1.750488281250000000e-01
1.020751953125000000e+00 3.320312500000000000e-02 -1.613769531250000000e-01
7.919921875000000000e-01 1.413574218750000000e-01 -9.252929687500000000e-02
1.080078125000000000e+00 1.418457031250000000e-01 -4.638671875000000000e-02
1.143310546875000000e+00 2.392578125000000000e-02 -1.018066406250000000e-01
9.316406250000000000e-01 2.905273437500000000e-02 -1.467285156250000000e-01
9.406738281250000000e-01 1.831054687500000000e-02 -8.520507812500000000e-02
9.094238281250000000e-01 -8.862304687500000000e-02 -3.442382812500000000e-02
1.001953125000000000e+00 -8.154296875000000000e-02 -3.979492187500000000e-02
9.846191406250000000e-01 -7.177734375000000000e-02 -9.545898437500000000e-02
1.071533203125000000e+00 -9.765625000000000000e-03 -1.406250000000000000e-01
9.790039062500000000e-01 -4.687500000000000000e-02 -1.096191406250000000e-01
1.071044921875000000e+00 -6.347656250000000000e-02 -1.303710937500000000e-01
9.160156250000000000e-01 -9.277343750000000000e-02 -2.609863281250000000e-01
1.020263671875000000e+00 1.394042968750000000e-01 -1.838378906250000000e-01
9.296875000000000000e-01 -7.324218750000000000e-03 -2.136230468750000000e-01
9.880371093750000000e-01 8.715820312500000000e-02 1.220703125000000000e-02
9.980468750000000000e-01 1.088867187500000000e-01 -1.540527343750000000e-01
9.714355468750000000e-01 1.479492187500000000e-01 1.611328125000000000e-02
1.068359375000000000e+00 6.835937500000000000e-02 6.103515625000000000e-03
9.819335937500000000e-01 6.250000000000000000e-02 1.586914062500000000e-02
1.005126953125000000e+00 1.120605468750000000e-01 1.879882812500000000e-02
1.010742187500000000e+00 1.938476562500000000e-01 4.882812500000000000e-03
1.010009765625000000e+00 2.126464843750000000e-01 1.806640625000000000e-02
1.014404296875000000e+00 2.028808593750000000e-01 7.568359375000000000e-03
9.958496093750000000e-01 1.271972656250000000e-01 -3.808593750000000000e-02
1.084960937500000000e+00 -2.441406250000000000e-04 -4.614257812500000000e-02
1.018066406250000000e+00 -8.300781250000000000e-03 -1.337890625000000000e-01
9.294433593750000000e-01 1.196289062500000000e-02 -6.127929687500000000e-02
1.083740234375000000e+00 -8.691406250000000000e-02 -3.466796875000000000e-02
1.071289062500000000e+00 -6.665039062500000000e-02 -9.472656250000000000e-02
9.768066406250000000e-01 -1.411132812500000000e-01 -6.542968750000000000e-02
1.019775390625000000e+00 -1.525878906250000000e-01 5.859375000000000000e-03
1.022216796875000000e+00 -1.037597656250000000e-01 -8.056640625000000000e-02
1.017333984375000000e+00 -1.520996093750000000e-01 -9.008789062500000000e-02
1.076660156250000000e+00 1.147460937500000000e-02 -8.764648437500000000e-02
9.907226562500000000e-01 -8.666992187500000000e-02 -8.251953125000000000e-02
1.019531250000000000e+00 -1.271972656250000000e-01 1.000976562500000000e-02
1.027832031250000000e+00 -1.542968750000000000e-01 -6.616210937500000000e-02
1.025634765625000000e+00 -1.433105468750000000e-01 -6.933593750000000000e-02
9.887695312500000000e-01 -4.003906250000000000e-02 5.371093750000000000e-03
9.968261718750000000e-01 4.150390625000000000e-03 1.293945312500000000e-02
9.821777343750000000e-01 -7.299804687500000000e-02 1.342773437500000000e-02
9.948730468750000000e-01 1.269531250000000000e-02 1.171875000000000000e-02
9.768066406250000000e-01 -2.343750000000000000e-02 1.904296875000000000e-02
9.797363281250000000e-01 -2.050781250000000000e-02 2.490234375000000000e-02
9.870605468750000000e-01 -1.831054687500000000e-02 1.757812500000000000e-02
9.838867187500000000e-01 -1.245117187500000000e-02 -2.343750000000000000e-02
9.897460937500000000e-01 -2.246093750000000000e-02 3.076171875000000000e-02
9.814453125000000000e-01 -1.171875000000000000e-02 -2.929687500000000000e-02
9.880371093750000000e-01 -1.293945312500000000e-02 2.954101562500000000e-02
9.750976562500000000e-01 -1.586914062500000000e-02 -2.050781250000000000e-02
9.833984375000000000e-01 -2.758789062500000000e-02 -8.056640625000000000e-03
9.812011718750000000e-01 3.076171875000000000e-02 -1.586914062500000000e-02
9.848632812500000000e-01 -2.905273437500000000e-02 -1.489257812500000000e-02
9.816894531250000000e-01 -2.880859375000000000e-02 6.372070312500000000e-02
9.841308593750000000e-01 -3.051757812500000000e-02 -5.371093750000000000e-03
9.943847656250000000e-01 -1.708984375000000000e-02 6.323242187500000000e-02
9.829101562500000000e-01 -1.708984375000000000e-02 -1.293945312500000000e-02
9.863281250000000000e-01 -2.294921875000000000e-02 -8.544921875000000000e-03
9.880371093750000000e-01 -2.661132812500000000e-02 -1.074218750000000000e-02
9.860839843750000000e-01 1.562500000000000000e-02 6.591796875000000000e-02
9.916992187500000000e-01 1.489257812500000000e-02 -9.765625000000000000e-04
9.843750000000000000e-01 5.371093750000000000e-03 -1.220703125000000000e-03
9.816894531250000000e-01 1.342773437500000000e-02 7.373046875000000000e-02
9.868164062500000000e-01 2.026367187500000000e-02 6.518554687500000000e-02
9.809570312500000000e-01 1.684570312500000000e-02 -1.269531250000000000e-02
9.885253906250000000e-01 1.367187500000000000e-02 -4.394531250000000000e-03
9.780273437500000000e-01 -2.929687500000000000e-02 -7.324218750000000000e-04
9.880371093750000000e-01 1.684570312500000000e-02 6.909179687500000000e-02
9.899902343750000000e-01 1.562500000000000000e-02 6.420898437500000000e-02
9.831542968750000000e-01 2.001953125000000000e-02 6.274414062500000000e-02
