9.121093750000000000e-01 -2.580566406250000000e-01 3.527832031250000000e-01
9.121093750000000000e-01 -2.580566406250000000e-01 3.527832031250000000e-01
9.250488281250000000e-01 -2.172851562500000000e-01 4.377441406250000000e-01
9.250488281250000000e-01 -2.172851562500000000e-01 4.377441406250000000e-01
9.287109375000000000e-01 -2.021484375000000000e-01 3.723144531250000000e-01
9.611816406250000000e-01 -2.138671875000000000e-01 3.608398437500000000e-01
9.372558593750000000e-01 -1.660156250000000000e-01 3.740234375000000000e-01
9.719238281250000000e-01 -1.972656250000000000e-01 3.542480468750000000e-01
1.009277343750000000e+00 -1.987304687500000000e-01 3.725585937500000000e-01
9.616699218750000000e-01 -1.584472656250000000e-01 4.611816406250000000e-01
9.880371093750000000e-01 -1.906738281250000000e-01 3.947753906250000000e-01
9.545898437500000000e-01 -1.247558593750000000e-01 4.582519531250000000e-01
9.042968750000000000e-01 -1.997070312500000000e-01 4.257812500000000000e-01
9.306640625000000000e-01 -2.009277343750000000e-01 3.613281250000000000e-01
9.931640625000000000e-01 -1.601562500000000000e-01 3.974609375000000000e-01
9.206542968750000000e-01 -1.655273437500000000e-01 3.583984375000000000e-01
9.194335937500000000e-01 -1.687011718750000000e-01 3.627929687500000000e-01
1.027832031250000000e+00 -2.092285156250000000e-01 3.513183593750000000e-01
9.235839843750000000e-01 -1.201171875000000000e-01 4.406738281250000000e-01
9.172363281250000000e-01 -9.814453125000000000e-02 4.565429687500000000e-01
9.130859375000000000e-01 -1.513671875000000000e-01 4.421386718750000000e-01
9.270019531250000000e-01 -1.127929687500000000e-01 3.505859375000000000e-01
1.007080078125000000e+00 -2.004394531250000000e-01 3.852539062500000000e-01
9.724121093750000000e-01 -1.577148437500000000e-01 3.798828125000000000e-01
1.021728515625000000e+00 -1.513671875000000000e-01 3.557128906250000000e-01
9.155273437500000000e-01 -5.151367187500000000e-02 4.489746093750000000e-01
9.213867187500000000e-01 -1.403808593750000000e-01 3.718261718750000000e-01
1.000488281250000000e+00 -1.079101562500000000e-01 3.493652343750000000e-01
1.009521484375000000e+00 -1.083984375000000000e-01 3.913574218750000000e-01
9.711914062500000000e-01 -1.108398437500000000e-01 3.518066406250000000e-01
1.000732421875000000e+00 -1.010742187500000000e-01 3.530273437500000000e-01
9.101562500000000000e-01 -1.484375000000000000e-01 4.489746093750000000e-01
1.005126953125000000e+00 -5.444335937500000000e-02 3.747558593750000000e-01
9.323730468750000000e-01 -5.200195312500000000e-02 3.728027343750000000e-01
9.306640625000000000e-01 -1.523437500000000000e-01 4.147949218750000000e-01
9.553222656250000000e-01 -1.179199218750000000e-01 4.448242187500000000e-01
1.018554687500000000e+00 -1.403808593750000000e-01 3.708496093750000000e-01
1.021240234375000000e+00 -1.335449218750000000e-01 4.531250000000000000e-01
9.233398437500000000e-01 -9.838867187500000000e-02 4.389648437500000000e-01
9.194335937500000000e-01 -1.040039062500000000e-01 3.737792968750000000e-01
9.240722656250000000e-01 -1.169433593750000000e-01 4.543457031250000000e-01
9.660644531250000000e-01 -2.016601562500000000e-01 3.723144531250000000e-01
1.023193359375000000e+00 -1.037597656250000000e-01 4.392089843750000000e-01
1.063232421875000000e+00 -1.340332031250000000e-01 3.540039062500000000e-01
1.011230468750000000e+00 -5.493164062500000000e-02 3.723144531250000000e-01
9.721679687500000000e-01 -5.297851562500000000e-02 4.055175781250000000e-01
9.177246093750000000e-01 -5.444335937500000000e-02 3.725585937500000000e-01
9.091796875000000000e-01 -4.492187500000000000e-02 4.167480468750000000e-01
8.649902343750000000e-01 -3.442382812500000000e-02 4.184570312500000000e-01
9.096679687500000000e-01 -4.980468750000000000e-02 4.255371093750000000e-01
9.348144531250000000e-01 -1.293945312500000000e-01 5.122070312500000000e-01
8.684082031250000000e-01 -1.325683593750000000e-01 5.051269531250000000e-01
9.211425781250000000e-01 -6.127929687500000000e-02 4.235839843750000000e-01
1.004394531250000000e+00 -4.394531250000000000e-02 4.248046875000000000e-01
9.199218750000000000e-01 -4.492187500000000000e-02 4.262695312500000000e-01
9.277343750000000000e-01 -5.688476562500000000e-02 4.184570312500000000e-01
9.318847656250000000e-01 -1.318359375000000000e-01 4.079589843750000000e-01
9.147949218750000000e-01 -6.127929687500000000e-02 4.199218750000000000e-01
9.116210937500000000e-01 -5.883789062500000000e-02 4.157714843750000000e-01
9.631347656250000000e-01 -6.250000000000000000e-02 4.138183593750000000e-01
9.665527343750000000e-01 -1.271972656250000000e-01 4.152832031250000000e-01
9.140625000000000000e-01 -1.315917968750000000e-01 4.104003906250000000e-01
9.230957031250000000e-01 -1.416015625000000000e-01 4.589843750000000000e-01
1.003173828125000000e+00 -9.570312500000000000e-02 4.433593750000000000e-01
9.077148437500000000e-01 -1.511230468750000000e-01 4.414062500000000000e-01
9.636230468750000000e-01 -1.340332031250000000e-01 3.740234375000000000e-01
9.882812500000000000e-01 -5.371093750000000000e-02 3.669433593750000000e-01
1.028564453125000000e+00 -1.252441406250000000e-01 4.033203125000000000e-01
1.015625000000000000e+00 -1.267089843750000000e-01 4.042968750000000000e-01
9.362792968750000000e-01 -1.267089843750000000e-01 4.018554687500000000e-01
9.816894531250000000e-01 -1.262207031250000000e-01 4.018554687500000000e-01
1.011718750000000000e+00 -1.271972656250000000e-01 3.498535156250000000e-01
1.017089843750000000e+00 -1.257324218750000000e-01 3.913574218750000000e-01
1.000244140625000000e+00 -1.074218750000000000e-01 3.959960937500000000e-01
1.020751953125000000e+00 -1.882324218750000000e-01 3.791503906250000000e-01
1.022216796875000000e+00 -1.208496093750000000e-01 3.754882812500000000e-01
1.006103515625000000e+00 -1.096191406250000000e-01 3.103027343750000000e-01
1.012207031250000000e+00 -1.003417968750000000e-01 3.041992187500000000e-01
9.370117187500000000e-01 -1.494140625000000000e-01 2.846679687500000000e-01
1.003173828125000000e+00 -1.408691406250000000e-01 3.059082031250000000e-01
9.738769531250000000e-01 -1.367187500000000000e-01 3.908691406250000000e-01
1.027587890625000000e+00 -1.374511718750000000e-01 3.789062500000000000e-01
1.026367187500000000e+00 -5.834960937500000000e-02 2.875976562500000000e-01
1.019531250000000000e+00 -1.342773437500000000e-01 3.752441406250000000e-01
1.021240234375000000e+00 -1.520996093750000000e-01 3.916015625000000000e-01
1.018554687500000000e+00 -1.423339843750000000e-01 3.759765625000000000e-01
1.030761718750000000e+00 -1.384277343750000000e-01 3.789062500000000000e-01
1.001220703125000000e+00 -1.467285156250000000e-01 3.862304687500000000e-01
9.375000000000000000e-01 -9.692382812500000000e-02 4.050292968750000000e-01
1.009765625000000000e+00 -1.052246093750000000e-01 3.937988281250000000e-01
1.017089843750000000e+00 -1.108398437500000000e-01 3.937988281250000000e-01
9.370117187500000000e-01 -1.975097656250000000e-01 4.016113281250000000e-01
1.014648437500000000e+00 -1.950683593750000000e-01 3.989257812500000000e-01
9.343261718750000000e-01 -1.176757812500000000e-01 3.444824218750000000e-01
9.179687500000000000e-01 -1.223144531250000000e-01 3.747558593750000000e-01
9.177246093750000000e-01 -1.984863281250000000e-01 3.742675781250000000e-01
9.709472656250000000e-01 -1.237792968750000000e-01 3.442382812500000000e-01
1.000732421875000000e+00 -1.926269531250000000e-01 3.508300781250000000e-01
9.350585937500000000e-01 -2.165527343750000000e-01 3.642578125000000000e-01
1.007812500000000000e+00 -1.967773437500000000e-01 3.623046875000000000e-01
9.245605468750000000e-01 -1.948242187500000000e-01 4.567871093750000000e-01
9.196777343750000000e-01 -1.813964843750000000e-01 4.455566406250000000e-01
9.108886718750000000e-01 -2.260742187500000000e-01 4.052734375000000000e-01
9.086914062500000000e-01 -2.321777343750000000e-01 3.898925781250000000e-01
9.152832031250000000e-01 -2.687988281250000000e-01 4.003906250000000000e-01
9.584960937500000000e-01 -2.727050781250000000e-01 3.552246093750000000e-01
9.628906250000000000e-01 -2.727050781250000000e-01 4.047851562500000000e-01
9.328613281250000000e-01 -1.735839843750000000e-01 4.035644531250000000e-01
1.024658203125000000e+00 -1.997070312500000000e-01 3.503417968750000000e-01
9.313964843750000000e-01 -2.126464843750000000e-01 3.662109375000000000e-01
1.015869140625000000e+00 -1.728515625000000000e-01 3.645019531250000000e-01
1.026367187500000000e+00 -1.992187500000000000e-01 3.452148437500000000e-01
1.019531250000000000e+00 -1.940917968750000000e-01 3.576660156250000000e-01
1.013427734375000000e+00 -1.599121093750000000e-01 3.498535156250000000e-01
9.689941406250000000e-01 -1.784667968750000000e-01 3.710937500000000000e-01
9.199218750000000000e-01 -1.582031250000000000e-01 4.379882812500000000e-01
8.503417968750000000e-01 -1.179199218750000000e-01 4.575195312500000000e-01
9.445800781250000000e-01 -9.985351562500000000e-02 5.126953125000000000e-01
9.228515625000000000e-01 -1.918945312500000000e-01 4.211425781250000000e-01
9.116210937500000000e-01 -2.058105468750000000e-01 4.094238281250000000e-01
9.177246093750000000e-01 -2.060546875000000000e-01 4.499511718750000000e-01
9.313964843750000000e-01 -1.604003906250000000e-01 4.658203125000000000e-01
9.658203125000000000e-01 -1.860351562500000000e-01 4.680175781250000000e-01
9.621582031250000000e-01 -1.845703125000000000e-01 4.133300781250000000e-01
9.155273437500000000e-01 -1.743164062500000000e-01 4.685058593750000000e-01
9.189453125000000000e-01 -1.784667968750000000e-01 4.633789062500000000e-01
9.199218750000000000e-01 -2.568359375000000000e-01 3.713378906250000000e-01
9.121093750000000000e-01 -1.809082031250000000e-01 4.660644531250000000e-01
9.648437500000000000e-01 -1.779785156250000000e-01 4.162597656250000000e-01
9.084472656250000000e-01 -1.865234375000000000e-01 4.650878906250000000e-01
9.541015625000000000e-01 -1.762695312500000000e-01 4.133300781250000000e-01
9.543457031250000000e-01 -2.094726562500000000e-01 4.096679687500000000e-01
9.108886718750000000e-01 -2.016601562500000000e-01 4.648437500000000000e-01
9.252929687500000000e-01 -2.092285156250000000e-01 4.580078125000000000e-01
1.004882812500000000e+00 -1.640625000000000000e-01 3.723144531250000000e-01
1.005126953125000000e+00 -1.784667968750000000e-01 3.647460937500000000e-01
9.174804687500000000e-01 -1.811523437500000000e-01 4.382324218750000000e-01
9.113769531250000000e-01 -1.804199218750000000e-01 4.396972656250000000e-01
9.250488281250000000e-01 -1.577148437500000000e-01 4.382324218750000000e-01
1.004150390625000000e+00 -2.043457031250000000e-01 3.562011718750000000e-01
9.375000000000000000e-01 -2.153320312500000000e-01 3.732910156250000000e-01
9.270019531250000000e-01 -1.718750000000000000e-01 4.450683593750000000e-01
9.252929687500000000e-01 -1.779785156250000000e-01 4.538574218750000000e-01
1.003173828125000000e+00 -1.650390625000000000e-01 4.392089843750000000e-01
1.004394531250000000e+00 -1.650390625000000000e-01 4.497070312500000000e-01
9.111328125000000000e-01 -2.048339843750000000e-01 4.570312500000000000e-01
9.238281250000000000e-01 -1.057128906250000000e-01 4.091796875000000000e-01
9.130859375000000000e-01 -1.384277343750000000e-01 4.331054687500000000e-01
9.111328125000000000e-01 -1.003417968750000000e-01 4.084472656250000000e-01
8.649902343750000000e-01 -1.101074218750000000e-01 3.674316406250000000e-01
9.216308593750000000e-01 -2.619628906250000000e-01 6.398925781250000000e-01
8.623046875000000000e-01 -1.135253906250000000e-01 5.578613281250000000e-01
9.184570312500000000e-01 -1.386718750000000000e-01 4.575195312500000000e-01
9.113769531250000000e-01 -1.140136718750000000e-01 4.091796875000000000e-01
8.725585937500000000e-01 -7.006835937500000000e-02 4.108886718750000000e-01
9.670410156250000000e-01 -2.114257812500000000e-01 4.301757812500000000e-01
9.262695312500000000e-01 -2.558593750000000000e-01 3.833007812500000000e-01
9.609375000000000000e-01 -1.599121093750000000e-01 3.850097656250000000e-01
9.621582031250000000e-01 -2.089843750000000000e-01 4.443359375000000000e-01
9.606933593750000000e-01 -1.765136718750000000e-01 5.014648437500000000e-01
9.096679687500000000e-01 -1.589355468750000000e-01 5.263671875000000000e-01
1.019042968750000000e+00 -1.037597656250000000e-01 4.421386718750000000e-01
1.024169921875000000e+00 -2.087402343750000000e-01 4.443359375000000000e-01
9.665527343750000000e-01 -2.053222656250000000e-01 4.599609375000000000e-01
9.680175781250000000e-01 -1.918945312500000000e-01 4.528808593750000000e-01
9.396972656250000000e-01 -2.060546875000000000e-01 4.406738281250000000e-01
9.514160156250000000e-01 -2.094726562500000000e-01 4.147949218750000000e-01
1.081787109375000000e+00 -1.499023437500000000e-01 3.581542968750000000e-01
1.062988281250000000e+00 -1.391601562500000000e-01 4.062500000000000000e-01
9.592285156250000000e-01 -1.201171875000000000e-01 4.414062500000000000e-01
9.477539062500000000e-01 -2.131347656250000000e-01 4.768066406250000000e-01
1.026855468750000000e+00 -1.425781250000000000e-01 3.666992187500000000e-01
1.026855468750000000e+00 -1.425781250000000000e-01 3.666992187500000000e-01
1.028320312500000000e+00 -9.790039062500000000e-02 4.667968750000000000e-01
9.069824218750000000e-01 -1.193847656250000000e-01 3.632812500000000000e-01
9.316406250000000000e-01 -2.187500000000000000e-01 4.626464843750000000e-01
9.851074218750000000e-01 -1.289062500000000000e-01 3.708496093750000000e-01
9.289550781250000000e-01 -9.936523437500000000e-02 3.945312500000000000e-01
9.125976562500000000e-01 -1.279296875000000000e-01 4.384765625000000000e-01
9.987792968750000000e-01 -3.222656250000000000e-02 4.487304687500000000e-01
9.123535156250000000e-01 -5.541992187500000000e-02 2.954101562500000000e-01
1.114257812500000000e+00 -1.464843750000000000e-01 4.201660156250000000e-01
1.009033203125000000e+00 -1.401367187500000000e-01 4.191894531250000000e-01
9.523925781250000000e-01 -1.184082031250000000e-01 4.201660156250000000e-01
9.501953125000000000e-01 -1.169433593750000000e-01 5.246582031250000000e-01
8.542480468750000000e-01 -1.994628906250000000e-01 5.205078125000000000e-01
8.557128906250000000e-01 -2.077636718750000000e-01 5.307617187500000000e-01
8.666992187500000000e-01 -2.148437500000000000e-01 4.968261718750000000e-01
9.409179687500000000e-01 -1.923828125000000000e-01 4.797363281250000000e-01
8.747558593750000000e-01 -1.142578125000000000e-01 4.741210937500000000e-01
8.747558593750000000e-01 -1.142578125000000000e-01 4.741210937500000000e-01
9.514160156250000000e-01 -1.093750000000000000e-01 4.904785156250000000e-01
9.174804687500000000e-01 -1.247558593750000000e-01 5.285644531250000000e-01
9.111328125000000000e-01 -2.028808593750000000e-01 5.180664062500000000e-01
9.462890625000000000e-01 -1.945800781250000000e-01 5.302734375000000000e-01
9.458007812500000000e-01 -1.210937500000000000e-01 5.219726562500000000e-01
9.636230468750000000e-01 -1.218261718750000000e-01 5.007324218750000000e-01
9.492187500000000000e-01 -1.054687500000000000e-01 5.051269531250000000e-01
1.010498046875000000e+00 -1.540527343750000000e-01 5.187988281250000000e-01
9.184570312500000000e-01 -1.113281250000000000e-01 4.541015625000000000e-01
