8.747558593750000000e-01 -1.730957031250000000e-01 -3.830566406250000000e-01
8.747558593750000000e-01 -1.730957031250000000e-01 -3.830566406250000000e-01
8.747558593750000000e-01 -1.730957031250000000e-01 -3.830566406250000000e-01
8.737792968750000000e-01 -1.733398437500000000e-01 -3.818359375000000000e-01
8.737792968750000000e-01 -1.733398437500000000e-01 -3.818359375000000000e-01
8.737792968750000000e-01 -1.733398437500000000e-01 -3.818359375000000000e-01
8.737792968750000000e-01 -1.733398437500000000e-01 -3.818359375000000000e-01
9.389648437500000000e-01 -1.762695312500000000e-01 -3.806152343750000000e-01
9.389648437500000000e-01 -1.762695312500000000e-01 -3.806152343750000000e-01
8.666992187500000000e-01 -1.779785156250000000e-01 -3.833007812500000000e-01
8.684082031250000000e-01 -1.760253906250000000e-01 -3.833007812500000000e-01
9.389648437500000000e-01 -1.789550781250000000e-01 -3.767089843750000000e-01
8.723144531250000000e-01 -1.738281250000000000e-01 -3.811035156250000000e-01
8.684082031250000000e-01 -1.735839843750000000e-01 -3.886718750000000000e-01
8.706054687500000000e-01 -1.745605468750000000e-01 -3.828125000000000000e-01
8.664550781250000000e-01 -1.784667968750000000e-01 -3.886718750000000000e-01
8.676757812500000000e-01 -1.718750000000000000e-01 -3.869628906250000000e-01
8.627929687500000000e-01 -1.699218750000000000e-01 -3.925781250000000000e-01
8.701171875000000000e-01 -1.684570312500000000e-01 -3.999023437500000000e-01
8.693847656250000000e-01 -1.708984375000000000e-01 -3.896484375000000000e-01
8.674316406250000000e-01 -1.687011718750000000e-01 -3.955078125000000000e-01
8.615722656250000000e-01 -1.677246093750000000e-01 -3.984375000000000000e-01
8.588867187500000000e-01 -1.784667968750000000e-01 -3.972167968750000000e-01
8.728027343750000000e-01 -1.755371093750000000e-01 -3.916015625000000000e-01
8.735351562500000000e-01 -1.762695312500000000e-01 -3.852539062500000000e-01
8.635253906250000000e-01 -1.757812500000000000e-01 -3.923339843750000000e-01
8.664550781250000000e-01 -1.716308593750000000e-01 -3.845214843750000000e-01
9.382324218750000000e-01 -1.645507812500000000e-01 -3.789062500000000000e-01
8.703613281250000000e-01 -1.689453125000000000e-01 -3.806152343750000000e-01
8.745117187500000000e-01 -1.625976562500000000e-01 -3.806152343750000000e-01
9.445800781250000000e-01 -1.577148437500000000e-01 -3.754882812500000000e-01
9.438476562500000000e-01 -1.623535156250000000e-01 -3.107910156250000000e-01
9.416503906250000000e-01 -2.043457031250000000e-01 -3.820800781250000000e-01
9.440917968750000000e-01 -2.011718750000000000e-01 -3.813476562500000000e-01
9.394531250000000000e-01 -2.158203125000000000e-01 -3.083496093750000000e-01
9.418945312500000000e-01 -1.955566406250000000e-01 -3.767089843750000000e-01
9.406738281250000000e-01 -2.145996093750000000e-01 -3.076171875000000000e-01
9.401855468750000000e-01 -2.133789062500000000e-01 -3.088378906250000000e-01
9.523925781250000000e-01 -2.145996093750000000e-01 -3.007812500000000000e-01
9.580078125000000000e-01 -1.611328125000000000e-01 -3.017578125000000000e-01
9.501953125000000000e-01 -1.574707031250000000e-01 -3.041992187500000000e-01
9.482421875000000000e-01 -1.569824218750000000e-01 -3.764648437500000000e-01
9.680175781250000000e-01 -1.645507812500000000e-01 -2.944335937500000000e-01
9.089355468750000000e-01 -2.167968750000000000e-01 -2.839355468750000000e-01
9.558105468750000000e-01 -2.094726562500000000e-01 -3.381347656250000000e-01
8.720703125000000000e-01 -1.662597656250000000e-01 -2.854003906250000000e-01
8.540039062500000000e-01 -1.628417968750000000e-01 -2.937011718750000000e-01
9.509277343750000000e-01 -2.683105468750000000e-01 -3.779296875000000000e-01
9.460449218750000000e-01 -2.536621093750000000e-01 -3.815917968750000000e-01
9.106445312500000000e-01 -2.148437500000000000e-01 -3.437500000000000000e-01
9.414062500000000000e-01 -2.617187500000000000e-01 -3.098144531250000000e-01
8.974609375000000000e-01 -3.178710937500000000e-01 -3.417968750000000000e-01
8.486328125000000000e-01 -3.395996093750000000e-01 -3.122558593750000000e-01
8.969726562500000000e-01 -3.142089843750000000e-01 -3.962402343750000000e-01
8.654785156250000000e-01 -2.575683593750000000e-01 -3.820800781250000000e-01
8.598632812500000000e-01 -1.804199218750000000e-01 -3.916015625000000000e-01
8.593750000000000000e-01 -2.639160156250000000e-01 -3.020019531250000000e-01
8.012695312500000000e-01 -2.661132812500000000e-01 -4.565429687500000000e-01
8.789062500000000000e-01 -2.421875000000000000e-01 -3.107910156250000000e-01
1.006591796875000000e+00 -2.319335937500000000e-01 -2.343750000000000000e-01
8.571777343750000000e-01 -2.429199218750000000e-01 -2.290039062500000000e-01
9.440917968750000000e-01 -2.185058593750000000e-01 -1.577148437500000000e-01
1.048583984375000000e+00 -1.906738281250000000e-01 -3.312988281250000000e-01
1.041015625000000000e+00 -3.330078125000000000e-01 -2.861328125000000000e-01
9.589843750000000000e-01 -2.521972656250000000e-01 -3.208007812500000000e-01
8.837890625000000000e-01 -3.356933593750000000e-01 -3.754882812500000000e-01
8.059082031250000000e-01 -3.803710937500000000e-01 -3.034667968750000000e-01
8.623046875000000000e-01 -3.142089843750000000e-01 -3.247070312500000000e-01
9.484863281250000000e-01 -2.304687500000000000e-01 -2.902832031250000000e-01
8.693847656250000000e-01 -2.402343750000000000e-01 -3.510742187500000000e-01
7.990722656250000000e-01 -2.739257812500000000e-01 -3.708496093750000000e-01
8.327636718750000000e-01 -2.224121093750000000e-01 -4.392089843750000000e-01
7.463378906250000000e-01 -2.897949218750000000e-01 -3.547363281250000000e-01
8.193359375000000000e-01 -2.863769531250000000e-01 -3.669433593750000000e-01
8.383789062500000000e-01 -2.221679687500000000e-01 -4.631347656250000000e-01
9.003906250000000000e-01 -1.748046875000000000e-01 -4.819335937500000000e-01
1.663085937500000000e+00 -2.441406250000000000e-01 -3.171386718750000000e-01
1.032958984375000000e+00 -2.905273437500000000e-02 -5.029296875000000000e-02
7.314453125000000000e-01 3.173828125000000000e-03 -1.040039062500000000e-01
8.483886718750000000e-01 -2.553710937500000000e-01 -2.680664062500000000e-01
1.093750000000000000e+00 -2.851562500000000000e-01 -1.230468750000000000e-01
8.630371093750000000e-01 -1.911621093750000000e-01 -2.583007812500000000e-01
8.583984375000000000e-01 6.347656250000000000e-03 -3.208007812500000000e-01
9.018554687500000000e-01 -1.098632812500000000e-02 -2.834472656250000000e-01
8.559570312500000000e-01 -8.911132812500000000e-02 -3.000488281250000000e-01
9.257812500000000000e-01 -2.302246093750000000e-01 -2.905273437500000000e-01
8.591308593750000000e-01 -3.251953125000000000e-01 -3.378906250000000000e-01
7.988281250000000000e-01 -6.054687500000000000e-02 -3.959960937500000000e-01
8.986816406250000000e-01 -3.564453125000000000e-02 -3.598632812500000000e-01
8.510742187500000000e-01 -9.106445312500000000e-02 -3.728027343750000000e-01
8.378906250000000000e-01 -3.198242187500000000e-02 -4.667968750000000000e-01
9.055175781250000000e-01 -3.198242187500000000e-02 -4.340820312500000000e-01
1.477539062500000000e+00 -3.933105468750000000e-01 -1.418457031250000000e-01
1.183837890625000000e+00 -2.062988281250000000e-01 -3.769531250000000000e-01
7.944335937500000000e-01 -4.660644531250000000e-01 8.178710937500000000e-02
7.700195312500000000e-01 -5.146484375000000000e-01 -1.796875000000000000e-01
1.184814453125000000e+00 -1.767578125000000000e-01 -2.285156250000000000e-01
8.845214843750000000e-01 -6.176757812500000000e-02 -3.391113281250000000e-01
5.488281250000000000e-01 -2.253417968750000000e-01 -2.250976562500000000e-01
8.305664062500000000e-01 -4.462890625000000000e-01 -2.397460937500000000e-01
7.844238281250000000e-01 -2.392578125000000000e-01 -3.479003906250000000e-01
9.653320312500000000e-01 -2.070312500000000000e-01 -3.093261718750000000e-01
8.569335937500000000e-01 -1.154785156250000000e-01 -3.872070312500000000e-01
8.193359375000000000e-01 -1.628417968750000000e-01 -3.449707031250000000e-01
1.097167968750000000e+00 -3.557128906250000000e-01 -5.751953125000000000e-01
1.381835937500000000e+00 -6.298828125000000000e-01 -1.235351562500000000e-01
5.620117187500000000e-01 -3.125000000000000000e-01 -4.394531250000000000e-02
6.562500000000000000e-01 -3.161621093750000000e-01 -2.382812500000000000e-01
1.273925781250000000e+00 -5.012207031250000000e-01 -3.232421875000000000e-01
9.047851562500000000e-01 -3.176269531250000000e-01 -1.267089843750000000e-01
8.413085937500000000e-01 1.513671875000000000e-02 -2.236328125000000000e-01
1.007324218750000000e+00 -1.198730468750000000e-01 -3.193359375000000000e-01
9.499511718750000000e-01 -1.987304687500000000e-01 -3.139648437500000000e-01
9.255371093750000000e-01 -4.687500000000000000e-02 -2.895507812500000000e-01
9.257812500000000000e-01 -1.398925781250000000e-01 -3.200683593750000000e-01
8.652343750000000000e-01 -1.916503906250000000e-01 -3.847656250000000000e-01
9.689941406250000000e-01 -1.298828125000000000e-01 -2.819824218750000000e-01
9.548339843750000000e-01 -8.178710937500000000e-02 -2.836914062500000000e-01
9.038085937500000000e-01 -3.500976562500000000e-01 -2.998046875000000000e-01
1.195800781250000000e+00 -5.480957031250000000e-01 -2.768554687500000000e-01
9.626464843750000000e-01 -2.636718750000000000e-01 -1.889648437500000000e-01
7.324218750000000000e-01 -2.553710937500000000e-01 -2.705078125000000000e-01
9.167480468750000000e-01 -3.164062500000000000e-01 -2.885742187500000000e-01
1.003173828125000000e+00 -2.424316406250000000e-01 -3.261718750000000000e-01
7.258300781250000000e-01 -3.198242187500000000e-01 -3.918457031250000000e-01
8.078613281250000000e-01 -2.888183593750000000e-01 -3.020019531250000000e-01
1.007324218750000000e+00 -3.242187500000000000e-01 -3.137207031250000000e-01
1.024658203125000000e+00 -2.775878906250000000e-01 -2.822265625000000000e-01
8.491210937500000000e-01 -2.155761718750000000e-01 -3.188476562500000000e-01
8.906250000000000000e-01 -2.536621093750000000e-01 -3.100585937500000000e-01
9.406738281250000000e-01 -3.391113281250000000e-01 -3.894042968750000000e-01
9.443359375000000000e-01 -3.764648437500000000e-01 -3.088378906250000000e-01
7.963867187500000000e-01 -3.056640625000000000e-01 -3.000488281250000000e-01
8.029785156250000000e-01 -3.349609375000000000e-01 -4.028320312500000000e-01
8.867187500000000000e-01 -3.059082031250000000e-01 -3.630371093750000000e-01
8.398437500000000000e-01 -3.388671875000000000e-01 -3.664550781250000000e-01
8.752441406250000000e-01 -2.753906250000000000e-01 -4.020996093750000000e-01
8.591308593750000000e-01 -2.456054687500000000e-01 -3.886718750000000000e-01
8.874511718750000000e-01 -3.974609375000000000e-01 -3.874511718750000000e-01
8.051757812500000000e-01 -3.730468750000000000e-01 -4.011230468750000000e-01
9.655761718750000000e-01 -3.103027343750000000e-01 -3.068847656250000000e-01
1.029296875000000000e+00 -3.186035156250000000e-01 -2.478027343750000000e-01
9.277343750000000000e-01 -6.054687500000000000e-02 -1.643066406250000000e-01
1.075439453125000000e+00 3.149414062500000000e-02 -3.176269531250000000e-01
1.038330078125000000e+00 -3.808593750000000000e-02 -3.413085937500000000e-01
9.289550781250000000e-01 -4.760742187500000000e-02 -2.333984375000000000e-01
8.608398437500000000e-01 -3.222656250000000000e-02 -2.250976562500000000e-01
9.147949218750000000e-01 -3.588867187500000000e-02 -3.173828125000000000e-01
9.538574218750000000e-01 -1.992187500000000000e-01 -2.478027343750000000e-01
9.621582031250000000e-01 -1.765136718750000000e-01 -2.819824218750000000e-01
9.584960937500000000e-01 -6.152343750000000000e-02 -3.752441406250000000e-01
9.670410156250000000e-01 1.464843750000000000e-03 -3.801269531250000000e-01
8.732910156250000000e-01 -1.274414062500000000e-01 -2.834472656250000000e-01
9.602050781250000000e-01 -1.152343750000000000e-01 -2.917480468750000000e-01
9.121093750000000000e-01 -2.133789062500000000e-01 -3.039550781250000000e-01
8.469238281250000000e-01 -2.763671875000000000e-01 -2.998046875000000000e-01
9.001464843750000000e-01 -2.614746093750000000e-01 -3.122558593750000000e-01
9.379882812500000000e-01 -1.359863281250000000e-01 -3.952636718750000000e-01
9.582519531250000000e-01 -6.835937500000000000e-02 -3.100585937500000000e-01
8.515625000000000000e-01 -7.958984375000000000e-02 -3.437500000000000000e-01
9.121093750000000000e-01 -4.223632812500000000e-02 -3.964843750000000000e-01
1.020019531250000000e+00 -1.728515625000000000e-01 -3.779296875000000000e-01
1.077392578125000000e+00 -3.452148437500000000e-01 -1.687011718750000000e-01
7.856445312500000000e-01 -1.809082031250000000e-01 -2.282714843750000000e-01
9.416503906250000000e-01 -1.767578125000000000e-01 -2.961425781250000000e-01
9.365234375000000000e-01 -2.731933593750000000e-01 -3.286132812500000000e-01
9.130859375000000000e-01 -3.354492187500000000e-01 -3.342285156250000000e-01
8.845214843750000000e-01 -2.626953125000000000e-01 -3.854980468750000000e-01
8.637695312500000000e-01 -1.892089843750000000e-01 -4.465332031250000000e-01
8.703613281250000000e-01 -2.727050781250000000e-01 -3.466796875000000000e-01
8.498535156250000000e-01 -1.867675781250000000e-01 -4.565429687500000000e-01
8.537597656250000000e-01 -1.687011718750000000e-01 -3.591308593750000000e-01
8.090820312500000000e-01 -2.482910156250000000e-01 -4.460449218750000000e-01
7.492675781250000000e-01 -3.171386718750000000e-01 -4.392089843750000000e-01
8.566894531250000000e-01 -1.660156250000000000e-01 -4.379882812500000000e-01
8.566894531250000000e-01 -1.660156250000000000e-01 -4.379882812500000000e-01
9.572753906250000000e-01 -2.165527343750000000e-01 -3.876953125000000000e-01
8.825683593750000000e-01 -1.616210937500000000e-01 -4.006347656250000000e-01
8.649902343750000000e-01 -2.734375000000000000e-01 -4.018554687500000000e-01
9.545898437500000000e-01 -1.870117187500000000e-01 -3.554687500000000000e-01
9.545898437500000000e-01 -2.062988281250000000e-01 -3.864746093750000000e-01
9.504394531250000000e-01 -1.828613281250000000e-01 -3.869628906250000000e-01
8.977050781250000000e-01 -2.429199218750000000e-01 -3.466796875000000000e-01
8.945312500000000000e-01 -2.712402343750000000e-01 -3.498535156250000000e-01
9.433593750000000000e-01 -2.065429687500000000e-01 -3.886718750000000000e-01
9.409179687500000000e-01 -1.640625000000000000e-01 -3.769531250000000000e-01
8.649902343750000000e-01 -2.524414062500000000e-01 -3.889160156250000000e-01
8.588867187500000000e-01 -2.521972656250000000e-01 -3.901367187500000000e-01
8.693847656250000000e-01 -1.718750000000000000e-01 -3.906250000000000000e-01
8.718261718750000000e-01 -1.801757812500000000e-01 -2.983398437500000000e-01
9.409179687500000000e-01 -1.650390625000000000e-01 -3.769531250000000000e-01
8.669433593750000000e-01 -1.728515625000000000e-01 -3.837890625000000000e-01
9.545898437500000000e-01 -1.728515625000000000e-01 -3.764648437500000000e-01
9.565429687500000000e-01 -1.706542968750000000e-01 -3.061523437500000000e-01
9.421386718750000000e-01 -1.589355468750000000e-01 -3.808593750000000000e-01
8.642578125000000000e-01 -1.616210937500000000e-01 -3.959960937500000000e-01
8.613281250000000000e-01 -1.730957031250000000e-01 -3.999023437500000000e-01
8.662109375000000000e-01 -1.743164062500000000e-01 -3.955078125000000000e-01
8.747558593750000000e-01 -1.582031250000000000e-01 -3.864746093750000000e-01
8.642578125000000000e-01 -1.682128906250000000e-01 -3.952636718750000000e-01
