9.792480468750000000e-01 -1.940917968750000000e-01 1.372070312500000000e-01
9.792480468750000000e-01 -1.940917968750000000e-01 1.372070312500000000e-01
9.787597656250000000e-01 -1.950683593750000000e-01 1.386718750000000000e-01
9.768066406250000000e-01 -1.938476562500000000e-01 1.508789062500000000e-01
9.833984375000000000e-01 -1.938476562500000000e-01 1.450195312500000000e-01
9.836425781250000000e-01 -1.975097656250000000e-01 1.533203125000000000e-01
9.797363281250000000e-01 -1.982421875000000000e-01 1.406250000000000000e-01
9.790039062500000000e-01 -1.962890625000000000e-01 1.469726562500000000e-01
9.760742187500000000e-01 -1.970214843750000000e-01 1.547851562500000000e-01
1.029052734375000000e+00 -1.918945312500000000e-01 1.010742187500000000e-01
9.873046875000000000e-01 -1.938476562500000000e-01 1.520996093750000000e-01
9.721679687500000000e-01 -1.911621093750000000e-01 1.523437500000000000e-01
9.763183593750000000e-01 -1.967773437500000000e-01 1.381835937500000000e-01
9.809570312500000000e-01 -1.914062500000000000e-01 1.420898437500000000e-01
9.758300781250000000e-01 -1.938476562500000000e-01 1.374511718750000000e-01
9.802246093750000000e-01 -1.960449218750000000e-01 1.306152343750000000e-01
9.838867187500000000e-01 -1.225585937500000000e-01 5.468750000000000000e-02
9.819335937500000000e-01 -1.882324218750000000e-01 4.711914062500000000e-02
9.865722656250000000e-01 -1.914062500000000000e-01 3.515625000000000000e-02
1.063964843750000000e+00 -1.987304687500000000e-01 8.935546875000000000e-02
1.019287109375000000e+00 -1.948242187500000000e-01 4.199218750000000000e-02
9.804687500000000000e-01 -2.021484375000000000e-01 8.618164062500000000e-02
9.846191406250000000e-01 -1.711425781250000000e-01 8.959960937500000000e-02
1.029052734375000000e+00 -1.992187500000000000e-01 5.078125000000000000e-02
1.071777343750000000e+00 -1.921386718750000000e-01 5.102539062500000000e-02
1.022949218750000000e+00 -1.103515625000000000e-01 9.594726562500000000e-02
9.873046875000000000e-01 -1.560058593750000000e-01 1.169433593750000000e-01
9.926757812500000000e-01 -9.667968750000000000e-02 1.159667968750000000e-01
9.812011718750000000e-01 -1.059570312500000000e-01 1.083984375000000000e-01
9.733886718750000000e-01 -1.101074218750000000e-01 1.491699218750000000e-01
1.067382812500000000e+00 -2.021484375000000000e-01 1.452636718750000000e-01
1.027587890625000000e+00 -1.035156250000000000e-01 1.467285156250000000e-01
9.926757812500000000e-01 -2.006835937500000000e-01 6.030273437500000000e-02
1.041992187500000000e+00 -1.821289062500000000e-01 -1.660156250000000000e-02
1.066162109375000000e+00 -1.716308593750000000e-01 -2.124023437500000000e-02
1.087402343750000000e+00 -2.163085937500000000e-01 1.538085937500000000e-02
1.133789062500000000e+00 -1.811523437500000000e-01 -6.713867187500000000e-02
1.146728515625000000e+00 -1.816406250000000000e-01 -7.812500000000000000e-02
9.826660156250000000e-01 -2.019042968750000000e-01 -6.518554687500000000e-02
8.044433593750000000e-01 -2.075195312500000000e-01 -6.665039062500000000e-02
8.181152343750000000e-01 -1.665039062500000000e-01 1.855468750000000000e-02
9.604492187500000000e-01 -2.583007812500000000e-01 -6.884765625000000000e-02
1.050292968750000000e+00 -2.663574218750000000e-01 -9.252929687500000000e-02
1.017578125000000000e+00 -2.214355468750000000e-01 -7.788085937500000000e-02
9.013671875000000000e-01 -2.792968750000000000e-01 -6.445312500000000000e-02
9.501953125000000000e-01 -1.870117187500000000e-01 2.490234375000000000e-02
1.001708984375000000e+00 -1.862792968750000000e-01 1.293945312500000000e-02
9.328613281250000000e-01 -2.426757812500000000e-01 2.465820312500000000e-02
9.733886718750000000e-01 -2.338867187500000000e-01 -5.126953125000000000e-02
9.606933593750000000e-01 -1.613769531250000000e-01 -6.567382812500000000e-02
9.902343750000000000e-01 -1.765136718750000000e-01 -4.809570312500000000e-02
9.572753906250000000e-01 -1.772460937500000000e-01 -1.049804687500000000e-02
1.135253906250000000e+00 -2.451171875000000000e-01 -5.712890625000000000e-02
1.080810546875000000e+00 -1.606445312500000000e-01 8.349609375000000000e-02
1.137939453125000000e+00 -1.765136718750000000e-01 -8.691406250000000000e-02
9.335937500000000000e-01 -1.721191406250000000e-01 -5.126953125000000000e-03
1.080078125000000000e+00 -2.668457031250000000e-01 4.150390625000000000e-03
1.001464843750000000e+00 -1.140136718750000000e-01 6.469726562500000000e-02
1.078125000000000000e+00 -1.599121093750000000e-01 -2.807617187500000000e-02
9.750976562500000000e-01 -1.618652343750000000e-01 -3.662109375000000000e-03
1.028564453125000000e+00 -1.745605468750000000e-01 6.835937500000000000e-02
1.024414062500000000e+00 -2.087402343750000000e-01 6.787109375000000000e-02
9.936523437500000000e-01 -2.187500000000000000e-01 -1.708984375000000000e-03
9.799804687500000000e-01 -2.114257812500000000e-01 7.006835937500000000e-02
1.031250000000000000e+00 -1.586914062500000000e-01 8.593750000000000000e-02
1.017578125000000000e+00 -2.158203125000000000e-01 6.762695312500000000e-02
1.021728515625000000e+00 -1.596679687500000000e-01 5.249023437500000000e-02
9.809570312500000000e-01 -1.665039062500000000e-01 8.886718750000000000e-02
1.027587890625000000e+00 -2.185058593750000000e-01 1.440429687500000000e-01
1.019287109375000000e+00 -2.136230468750000000e-01 1.459960937500000000e-01
9.956054687500000000e-01 -1.682128906250000000e-01 1.284179687500000000e-01
1.084960937500000000e+00 -1.577148437500000000e-01 1.560058593750000000e-01
9.865722656250000000e-01 -2.028808593750000000e-01 1.489257812500000000e-01
1.063232421875000000e+00 -2.177734375000000000e-01 1.455078125000000000e-01
9.833984375000000000e-01 -1.633300781250000000e-01 1.389160156250000000e-01
1.024658203125000000e+00 -1.667480468750000000e-01 9.667968750000000000e-02
1.020996093750000000e+00 -1.760253906250000000e-01 9.790039062500000000e-02
9.704589843750000000e-01 -2.172851562500000000e-01 1.892089843750000000e-01
9.724121093750000000e-01 -1.577148437500000000e-01 1.040039062500000000e-01
1.017822265625000000e+00 -1.889648437500000000e-01 1.535644531250000000e-01
1.069335937500000000e+00 -1.003417968750000000e-01 1.086425781250000000e-01
1.077636718750000000e+00 -1.062011718750000000e-01 1.005859375000000000e-01
1.027099609375000000e+00 -1.240234375000000000e-01 1.088867187500000000e-01
9.726562500000000000e-01 -1.613769531250000000e-01 1.540527343750000000e-01
9.748535156250000000e-01 -1.733398437500000000e-01 9.838867187500000000e-02
1.029785156250000000e+00 -1.662597656250000000e-01 1.044921875000000000e-01
1.030029296875000000e+00 -2.150878906250000000e-01 1.040039062500000000e-01
9.768066406250000000e-01 -2.106933593750000000e-01 1.530761718750000000e-01
1.014648437500000000e+00 -1.120605468750000000e-01 1.518554687500000000e-01
1.012451171875000000e+00 -1.208496093750000000e-01 9.423828125000000000e-02
9.934082031250000000e-01 -2.141113281250000000e-01 2.006835937500000000e-01
9.934082031250000000e-01 -1.572265625000000000e-01 9.399414062500000000e-02
1.021972656250000000e+00 -2.099609375000000000e-01 5.932617187500000000e-02
1.047363281250000000e+00 -2.185058593750000000e-01 6.176757812500000000e-02
1.075195312500000000e+00 -2.175292968750000000e-01 3.686523437500000000e-02
9.650878906250000000e-01 -2.006835937500000000e-01 1.306152343750000000e-01
9.775390625000000000e-01 -1.901855468750000000e-01 9.326171875000000000e-02
9.790039062500000000e-01 -2.043457031250000000e-01 9.106445312500000000e-02
9.885253906250000000e-01 -2.111816406250000000e-01 8.398437500000000000e-02
9.916992187500000000e-01 -2.019042968750000000e-01 7.421875000000000000e-02
1.029541015625000000e+00 -1.960449218750000000e-01 9.057617187500000000e-02
9.768066406250000000e-01 -1.992187500000000000e-01 7.812500000000000000e-02
9.885253906250000000e-01 -2.136230468750000000e-01 6.542968750000000000e-02
1.030761718750000000e+00 -2.175292968750000000e-01 8.227539062500000000e-02
9.816894531250000000e-01 -2.116699218750000000e-01 7.836914062500000000e-02
9.721679687500000000e-01 -2.053222656250000000e-01 7.104492187500000000e-02
9.829101562500000000e-01 -2.075195312500000000e-01 7.592773437500000000e-02
9.736328125000000000e-01 -2.080078125000000000e-01 7.226562500000000000e-02
9.790039062500000000e-01 -2.070312500000000000e-01 6.591796875000000000e-02
9.787597656250000000e-01 -2.124023437500000000e-01 6.909179687500000000e-02
9.760742187500000000e-01 -2.158203125000000000e-01 6.884765625000000000e-02
9.809570312500000000e-01 -2.136230468750000000e-01 6.567382812500000000e-02
9.743652343750000000e-01 -2.075195312500000000e-01 6.396484375000000000e-02
9.711914062500000000e-01 -2.014160156250000000e-01 6.567382812500000000e-02
9.846191406250000000e-01 -2.006835937500000000e-01 -1.953125000000000000e-03
9.794921875000000000e-01 -1.992187500000000000e-01 -2.441406250000000000e-04
9.821777343750000000e-01 -2.026367187500000000e-01 6.640625000000000000e-02
9.699707031250000000e-01 -1.984863281250000000e-01 -8.056640625000000000e-03
9.787597656250000000e-01 -2.062988281250000000e-01 6.518554687500000000e-02
9.794921875000000000e-01 -2.062988281250000000e-01 -1.953125000000000000e-03
9.848632812500000000e-01 -2.072753906250000000e-01 -1.220703125000000000e-03
9.792480468750000000e-01 -2.014160156250000000e-01 6.494140625000000000e-02
9.736328125000000000e-01 -2.031250000000000000e-01 6.909179687500000000e-02
9.792480468750000000e-01 -2.050781250000000000e-01 7.226562500000000000e-02
9.924316406250000000e-01 -2.065429687500000000e-01 7.031250000000000000e-02
9.807128906250000000e-01 -2.006835937500000000e-01 8.764648437500000000e-02
9.777832031250000000e-01 -2.016601562500000000e-01 8.813476562500000000e-02
9.743652343750000000e-01 -2.041015625000000000e-01 8.959960937500000000e-02
9.821777343750000000e-01 -2.016601562500000000e-01 8.422851562500000000e-02
9.755859375000000000e-01 -1.972656250000000000e-01 8.544921875000000000e-02
9.882812500000000000e-01 -2.026367187500000000e-01 8.349609375000000000e-02
9.733886718750000000e-01 -2.004394531250000000e-01 8.837890625000000000e-02
9.829101562500000000e-01 -1.982421875000000000e-01 7.788085937500000000e-02
9.794921875000000000e-01 -2.004394531250000000e-01 8.715820312500000000e-02
9.736328125000000000e-01 -1.972656250000000000e-01 9.057617187500000000e-02
9.816894531250000000e-01 -2.016601562500000000e-01 8.715820312500000000e-02
9.748535156250000000e-01 -2.126464843750000000e-01 9.301757812500000000e-02
9.799804687500000000e-01 -2.128906250000000000e-01 3.222656250000000000e-02
9.841308593750000000e-01 -2.045898437500000000e-01 9.228515625000000000e-02
9.802246093750000000e-01 -2.021484375000000000e-01 3.515625000000000000e-02
9.760742187500000000e-01 -2.033691406250000000e-01 3.881835937500000000e-02
9.792480468750000000e-01 -2.011718750000000000e-01 4.125976562500000000e-02
9.760742187500000000e-01 -1.999511718750000000e-01 3.588867187500000000e-02
9.812011718750000000e-01 -2.045898437500000000e-01 4.956054687500000000e-02
9.797363281250000000e-01 -2.026367187500000000e-01 4.125976562500000000e-02
9.799804687500000000e-01 -2.009277343750000000e-01 4.370117187500000000e-02
9.807128906250000000e-01 -1.977539062500000000e-01 5.126953125000000000e-02
9.775390625000000000e-01 -1.938476562500000000e-01 4.809570312500000000e-02
9.853515625000000000e-01 -1.938476562500000000e-01 5.004882812500000000e-02
9.836425781250000000e-01 -2.055664062500000000e-01 5.517578125000000000e-02
9.831542968750000000e-01 -2.019042968750000000e-01 6.103515625000000000e-02
9.768066406250000000e-01 -1.997070312500000000e-01 1.291503906250000000e-01
9.824218750000000000e-01 -2.009277343750000000e-01 1.284179687500000000e-01
9.797363281250000000e-01 -2.041015625000000000e-01 5.908203125000000000e-02
9.777832031250000000e-01 -1.970214843750000000e-01 1.293945312500000000e-01
9.758300781250000000e-01 -2.004394531250000000e-01 1.286621093750000000e-01
9.748535156250000000e-01 -2.004394531250000000e-01 1.335449218750000000e-01
9.768066406250000000e-01 -1.962890625000000000e-01 1.311035156250000000e-01
9.782714843750000000e-01 -1.975097656250000000e-01 5.639648437500000000e-02
9.953613281250000000e-01 -2.026367187500000000e-01 3.564453125000000000e-02
9.799804687500000000e-01 -2.050781250000000000e-01 3.564453125000000000e-02
9.785156250000000000e-01 -2.019042968750000000e-01 9.155273437500000000e-02
9.790039062500000000e-01 -1.989746093750000000e-01 8.325195312500000000e-02
9.799804687500000000e-01 -1.970214843750000000e-01 8.105468750000000000e-02
9.775390625000000000e-01 -1.975097656250000000e-01 7.739257812500000000e-02
9.794921875000000000e-01 -1.958007812500000000e-01 7.006835937500000000e-02
9.836425781250000000e-01 -1.962890625000000000e-01 7.226562500000000000e-02
9.760742187500000000e-01 -1.970214843750000000e-01 6.933593750000000000e-02
9.792480468750000000e-01 -2.006835937500000000e-01 7.324218750000000000e-02
9.794921875000000000e-01 -2.016601562500000000e-01 6.591796875000000000e-02
9.809570312500000000e-01 -1.994628906250000000e-01 6.469726562500000000e-02
9.746093750000000000e-01 -1.982421875000000000e-01 6.420898437500000000e-02
9.792480468750000000e-01 -2.060546875000000000e-01 -4.882812500000000000e-03
9.753417968750000000e-01 -1.940917968750000000e-01 6.372070312500000000e-02
9.877929687500000000e-01 -2.019042968750000000e-01 -2.441406250000000000e-04
9.755859375000000000e-01 -1.997070312500000000e-01 -0.000000000000000000e+00
9.780273437500000000e-01 -1.999511718750000000e-01 -1.147460937500000000e-02
9.741210937500000000e-01 -2.001953125000000000e-01 6.738281250000000000e-02
9.765625000000000000e-01 -1.987304687500000000e-01 -3.906250000000000000e-03
9.736328125000000000e-01 -1.940917968750000000e-01 7.153320312500000000e-02
9.853515625000000000e-01 -1.940917968750000000e-01 6.372070312500000000e-02
9.843750000000000000e-01 -1.972656250000000000e-01 6.884765625000000000e-02
9.741210937500000000e-01 -1.984863281250000000e-01 7.641601562500000000e-02
9.760742187500000000e-01 -1.972656250000000000e-01 7.177734375000000000e-02
9.836425781250000000e-01 -2.026367187500000000e-01 7.080078125000000000e-02
9.829101562500000000e-01 -1.904296875000000000e-01 7.812500000000000000e-02
9.787597656250000000e-01 -1.972656250000000000e-01 6.884765625000000000e-02
9.807128906250000000e-01 -2.053222656250000000e-01 7.250976562500000000e-02
9.792480468750000000e-01 -1.909179687500000000e-01 8.642578125000000000e-02
9.809570312500000000e-01 -1.938476562500000000e-01 7.519531250000000000e-02
9.768066406250000000e-01 -1.945800781250000000e-01 3.540039062500000000e-02
9.755859375000000000e-01 -1.984863281250000000e-01 9.350585937500000000e-02
9.799804687500000000e-01 -2.097167968750000000e-01 8.081054687500000000e-02
9.765625000000000000e-01 -2.092285156250000000e-01 4.589843750000000000e-02
9.702148437500000000e-01 -1.967773437500000000e-01 4.516601562500000000e-02
1.026855468750000000e+00 -1.628417968750000000e-01 7.812500000000000000e-03
1.065185546875000000e+00 -2.067871093750000000e-01 2.702636718750000000e-01
1.072021484375000000e+00 -2.172851562500000000e-01 6.176757812500000000e-02
9.716796875000000000e-01 -2.033691406250000000e-01 5.737304687500000000e-02
9.802246093750000000e-01 -1.237792968750000000e-01 1.508789062500000000e-01
