1.014648437500000000e+00 -4.125976562500000000e-02 -2.082519531250000000e-01
1.020751953125000000e+00 -4.907226562500000000e-02 -2.053222656250000000e-01
1.013183593750000000e+00 -3.881835937500000000e-02 -2.099609375000000000e-01
1.014404296875000000e+00 -4.150390625000000000e-02 -2.031250000000000000e-01
1.015625000000000000e+00 -3.564453125000000000e-02 -2.060546875000000000e-01
1.018310546875000000e+00 -3.588867187500000000e-02 -2.023925781250000000e-01
1.017822265625000000e+00 -3.344726562500000000e-02 -2.004394531250000000e-01
1.013427734375000000e+00 -3.735351562500000000e-02 -2.043457031250000000e-01
1.017822265625000000e+00 -3.710937500000000000e-02 -2.099609375000000000e-01
1.017089843750000000e+00 -4.223632812500000000e-02 -2.172851562500000000e-01
1.006835937500000000e+00 -8.935546875000000000e-02 -1.582031250000000000e-01
9.721679687500000000e-01 -7.763671875000000000e-02 -2.138671875000000000e-01
1.010742187500000000e+00 -7.592773437500000000e-02 -2.023925781250000000e-01
1.017089843750000000e+00 -7.910156250000000000e-02 -2.023925781250000000e-01
1.019042968750000000e+00 -7.958984375000000000e-02 -2.180175781250000000e-01
9.311523437500000000e-01 0.000000000000000000e+00 -1.188964843750000000e-01
1.020507812500000000e+00 2.270507812500000000e-02 -1.315917968750000000e-01
1.073242187500000000e+00 -7.080078125000000000e-02 -1.533203125000000000e-01
1.028320312500000000e+00 -5.200195312500000000e-02 -2.036132812500000000e-01
9.311523437500000000e-01 -6.787109375000000000e-02 -2.177734375000000000e-01
1.011474609375000000e+00 -1.259765625000000000e-01 -2.521972656250000000e-01
8.728027343750000000e-01 -1.806640625000000000e-01 -2.145996093750000000e-01
1.010986328125000000e+00 -3.310546875000000000e-01 2.148437500000000000e-02
1.179443359375000000e+00 1.245117187500000000e-02 -1.142578125000000000e-01
9.606933593750000000e-01 -1.120605468750000000e-01 -1.013183593750000000e-01
7.973632812500000000e-01 -2.187500000000000000e-01 -4.223632812500000000e-02
1.015136718750000000e+00 -2.138671875000000000e-01 -1.928710937500000000e-01
8.686523437500000000e-01 -1.569824218750000000e-01 -9.790039062500000000e-02
9.731445312500000000e-01 -1.730957031250000000e-01 -9.570312500000000000e-02
1.258300781250000000e+00 -3.979492187500000000e-02 -5.637207031250000000e-01
8.098144531250000000e-01 -8.837890625000000000e-02 -3.347167968750000000e-01
8.828125000000000000e-01 -9.472656250000000000e-02 -2.739257812500000000e-01
1.056396484375000000e+00 -1.835937500000000000e-01 -4.416503906250000000e-01
8.796386718750000000e-01 2.758789062500000000e-02 -3.063964843750000000e-01
7.990722656250000000e-01 6.982421875000000000e-02 -2.583007812500000000e-01
1.029296875000000000e+00 -3.173828125000000000e-03 -2.795410156250000000e-01
1.075439453125000000e+00 3.759765625000000000e-02 -3.347167968750000000e-01
8.525390625000000000e-01 3.881835937500000000e-02 -3.103027343750000000e-01
8.791503906250000000e-01 8.715820312500000000e-02 -3.991699218750000000e-01
8.669433593750000000e-01 3.247070312500000000e-02 -4.550781250000000000e-01
9.580078125000000000e-01 3.466796875000000000e-02 -4.384765625000000000e-01
9.111328125000000000e-01 6.835937500000000000e-02 -3.544921875000000000e-01
8.635253906250000000e-01 4.077148437500000000e-02 -3.881835937500000000e-01
9.001464843750000000e-01 6.030273437500000000e-02 -3.830566406250000000e-01
8.588867187500000000e-01 3.393554687500000000e-02 -3.894042968750000000e-01
9.494628906250000000e-01 5.712890625000000000e-02 -3.542480468750000000e-01
8.586425781250000000e-01 1.191406250000000000e-01 -4.523925781250000000e-01
9.392089843750000000e-01 1.379394531250000000e-01 -4.062500000000000000e-01
8.073730468750000000e-01 -1.708984375000000000e-03 -3.544921875000000000e-01
8.532714843750000000e-01 9.350585937500000000e-02 -4.465332031250000000e-01
8.671875000000000000e-01 7.739257812500000000e-02 -4.348144531250000000e-01
8.627929687500000000e-01 -4.321289062500000000e-02 -4.555664062500000000e-01
9.450683593750000000e-01 -1.481933593750000000e-01 -3.801269531250000000e-01
9.108886718750000000e-01 1.855468750000000000e-02 -4.045410156250000000e-01
8.684082031250000000e-01 5.859375000000000000e-03 -3.723144531250000000e-01
9.663085937500000000e-01 -7.421875000000000000e-02 -3.911132812500000000e-01
9.414062500000000000e-01 -7.226562500000000000e-02 -3.833007812500000000e-01
9.458007812500000000e-01 -7.128906250000000000e-02 -3.107910156250000000e-01
9.299316406250000000e-01 -8.178710937500000000e-02 -3.037109375000000000e-01
9.619140625000000000e-01 1.489257812500000000e-02 -2.873535156250000000e-01
9.265136718750000000e-01 -8.227539062500000000e-02 -3.068847656250000000e-01
9.084472656250000000e-01 -6.396484375000000000e-02 -2.980957031250000000e-01
9.545898437500000000e-01 -6.323242187500000000e-02 -3.093261718750000000e-01
8.654785156250000000e-01 -6.909179687500000000e-02 -3.791503906250000000e-01
9.479980468750000000e-01 -8.862304687500000000e-02 -3.024902343750000000e-01
9.372558593750000000e-01 -5.493164062500000000e-02 -3.405761718750000000e-01
1.010253906250000000e+00 -1.176757812500000000e-01 -2.363281250000000000e-01
1.031250000000000000e+00 -2.524414062500000000e-01 -2.346191406250000000e-01
1.020019531250000000e+00 -2.124023437500000000e-01 -2.314453125000000000e-01
9.013671875000000000e-01 -1.301269531250000000e-01 -2.634277343750000000e-01
8.623046875000000000e-01 -1.147460937500000000e-01 -2.229003906250000000e-01
9.279785156250000000e-01 -1.965332031250000000e-01 -3.164062500000000000e-01
9.291992187500000000e-01 -1.354980468750000000e-01 -2.238769531250000000e-01
9.365234375000000000e-01 -1.005859375000000000e-01 -2.734375000000000000e-01
9.145507812500000000e-01 -1.606445312500000000e-01 -1.669921875000000000e-01
9.189453125000000000e-01 -1.093750000000000000e-01 -1.928710937500000000e-01
9.353027343750000000e-01 -1.433105468750000000e-01 -1.157226562500000000e-01
1.018554687500000000e+00 -2.016601562500000000e-01 -2.055664062500000000e-01
1.025634765625000000e+00 -2.819824218750000000e-01 -2.319335937500000000e-01
9.931640625000000000e-01 -2.963867187500000000e-01 -3.022460937500000000e-01
9.438476562500000000e-01 -1.728515625000000000e-01 -3.366699218750000000e-01
8.879394531250000000e-01 -1.289062500000000000e-01 -2.868652343750000000e-01
9.414062500000000000e-01 8.300781250000000000e-03 -3.405761718750000000e-01
1.128417968750000000e+00 -1.406250000000000000e-01 -2.919921875000000000e-01
9.235839843750000000e-01 -4.077148437500000000e-02 -2.416992187500000000e-01
9.528808593750000000e-01 -1.052246093750000000e-01 -3.352050781250000000e-01
9.013671875000000000e-01 2.368164062500000000e-02 -2.636718750000000000e-01
9.436035156250000000e-01 3.247070312500000000e-02 -2.055664062500000000e-01
1.002685546875000000e+00 -6.347656250000000000e-03 -2.026367187500000000e-01
9.294433593750000000e-01 -2.172851562500000000e-02 -1.337890625000000000e-01
9.846191406250000000e-01 5.957031250000000000e-02 -8.886718750000000000e-02
1.064697265625000000e+00 1.342773437500000000e-01 -1.335449218750000000e-01
9.616699218750000000e-01 5.883789062500000000e-02 -7.250976562500000000e-01
1.537597656250000000e+00 -1.311035156250000000e-01 -4.990234375000000000e-01
7.746582031250000000e-01 -2.246093750000000000e-01 -2.641601562500000000e-01
6.318359375000000000e-01 1.242675781250000000e-01 -2.163085937500000000e-01
1.028564453125000000e+00 -1.708984375000000000e-02 -3.098144531250000000e-01
9.309082031250000000e-01 -3.967285156250000000e-01 -3.894042968750000000e-01
8.303222656250000000e-01 -2.351074218750000000e-01 -2.207031250000000000e-01
9.267578125000000000e-01 4.638671875000000000e-03 -1.716308593750000000e-01
9.067382812500000000e-01 -7.641601562500000000e-02 -1.083984375000000000e-01
8.476562500000000000e-01 -2.490234375000000000e-02 -1.303710937500000000e-01
9.958496093750000000e-01 -1.472167968750000000e-01 -9.814453125000000000e-02
1.156250000000000000e+00 -1.550292968750000000e-01 -1.928710937500000000e-01
8.742675781250000000e-01 -3.344726562500000000e-02 -7.714843750000000000e-01
1.141601562500000000e+00 2.419433593750000000e-01 -4.829101562500000000e-01
5.141601562500000000e-01 6.518554687500000000e-02 -2.753906250000000000e-01
8.500976562500000000e-01 -9.033203125000000000e-02 -2.319335937500000000e-01
1.244873046875000000e+00 -6.689453125000000000e-02 -3.730468750000000000e-01
9.606933593750000000e-01 5.834960937500000000e-02 -2.626953125000000000e-01
8.542480468750000000e-01 1.337890625000000000e-01 -1.228027343750000000e-01
9.218750000000000000e-01 6.591796875000000000e-02 -1.650390625000000000e-01
9.199218750000000000e-01 1.147460937500000000e-02 -1.567382812500000000e-01
1.022949218750000000e+00 -2.114257812500000000e-01 -1.403808593750000000e-01
1.021484375000000000e+00 -1.257324218750000000e-01 -4.160156250000000000e-01
8.603515625000000000e-01 2.521972656250000000e-01 -1.259765625000000000e-01
1.012695312500000000e+00 2.402343750000000000e-01 -9.887695312500000000e-02
1.169921875000000000e+00 1.684570312500000000e-01 -3.967285156250000000e-01
9.150390625000000000e-01 -1.970214843750000000e-01 -3.088378906250000000e-01
8.989257812500000000e-01 -1.096191406250000000e-01 -2.775878906250000000e-01
7.988281250000000000e-01 1.376953125000000000e-01 -2.431640625000000000e-01
9.545898437500000000e-01 3.271484375000000000e-02 -3.024902343750000000e-01
1.006835937500000000e+00 -1.311035156250000000e-01 -3.764648437500000000e-01
9.294433593750000000e-01 -1.894531250000000000e-01 -2.934570312500000000e-01
1.011474609375000000e+00 -9.643554687500000000e-02 -2.919921875000000000e-01
9.543457031250000000e-01 -1.791992187500000000e-01 -2.482910156250000000e-01
9.184570312500000000e-01 -1.098632812500000000e-01 -2.224121093750000000e-01
9.672851562500000000e-01 1.147460937500000000e-02 -3.464355468750000000e-01
9.274902343750000000e-01 8.227539062500000000e-02 -2.868652343750000000e-01
9.570312500000000000e-01 2.246093750000000000e-02 -1.569824218750000000e-01
9.824218750000000000e-01 -1.611328125000000000e-02 -1.853027343750000000e-01
1.054931640625000000e+00 -1.879882812500000000e-02 -1.860351562500000000e-01
1.001708984375000000e+00 5.786132812500000000e-02 -1.940917968750000000e-01
9.211425781250000000e-01 2.807617187500000000e-02 -1.164550781250000000e-01
9.094238281250000000e-01 -2.124023437500000000e-02 -1.220703125000000000e-01
8.554687500000000000e-01 7.641601562500000000e-02 -2.585449218750000000e-01
1.113037109375000000e+00 8.178710937500000000e-02 -2.531738281250000000e-01
9.709472656250000000e-01 7.690429687500000000e-02 -2.041015625000000000e-01
9.418945312500000000e-01 -9.204101562500000000e-02 -5.688476562500000000e-02
1.011718750000000000e+00 -1.247558593750000000e-01 -4.733886718750000000e-01
9.240722656250000000e-01 -8.471679687500000000e-02 -2.465820312500000000e-01
8.952636718750000000e-01 -4.370117187500000000e-02 -2.790527343750000000e-01
9.414062500000000000e-01 -1.440429687500000000e-01 -3.283691406250000000e-01
1.000244140625000000e+00 -1.970214843750000000e-01 -2.172851562500000000e-01
1.127197265625000000e+00 -9.423828125000000000e-02 -2.194824218750000000e-01
1.128662109375000000e+00 -1.960449218750000000e-01 -2.609863281250000000e-01
8.564453125000000000e-01 -1.677246093750000000e-01 -2.128906250000000000e-01
8.723144531250000000e-01 -1.962890625000000000e-01 -1.726074218750000000e-01
9.147949218750000000e-01 -5.810546875000000000e-02 -1.860351562500000000e-01
8.676757812500000000e-01 -5.541992187500000000e-02 -1.706542968750000000e-01
9.201660156250000000e-01 -8.081054687500000000e-02 -2.036132812500000000e-01
1.140869140625000000e+00 2.270507812500000000e-02 -2.980957031250000000e-01
9.440917968750000000e-01 -3.906250000000000000e-02 -3.317871093750000000e-01
9.284667968750000000e-01 -9.570312500000000000e-02 -2.243652343750000000e-01
1.029541015625000000e+00 -1.364746093750000000e-01 -1.804199218750000000e-01
9.208984375000000000e-01 2.099609375000000000e-02 -1.762695312500000000e-01
9.687500000000000000e-01 1.147460937500000000e-02 -2.231445312500000000e-01
1.020263671875000000e+00 -7.055664062500000000e-02 -2.414550781250000000e-01
9.350585937500000000e-01 1.000976562500000000e-02 -2.270507812500000000e-01
1.009521484375000000e+00 6.103515625000000000e-03 -2.663574218750000000e-01
1.006835937500000000e+00 7.324218750000000000e-03 -2.617187500000000000e-01
1.014648437500000000e+00 1.074218750000000000e-02 -2.546386718750000000e-01
1.000488281250000000e+00 8.300781250000000000e-03 -1.835937500000000000e-01
1.004882812500000000e+00 9.765625000000000000e-04 -1.784667968750000000e-01
1.008056640625000000e+00 1.220703125000000000e-02 -1.850585937500000000e-01
1.003417968750000000e+00 -6.323242187500000000e-02 -1.838378906250000000e-01
1.003417968750000000e+00 -7.519531250000000000e-02 -1.860351562500000000e-01
1.005859375000000000e+00 -7.446289062500000000e-02 -1.835937500000000000e-01
9.375000000000000000e-01 -6.347656250000000000e-02 -1.872558593750000000e-01
1.002929687500000000e+00 0.000000000000000000e+00 -1.838378906250000000e-01
1.002929687500000000e+00 1.220703125000000000e-03 -1.865234375000000000e-01
1.006591796875000000e+00 -6.323242187500000000e-02 -2.504882812500000000e-01
1.007812500000000000e+00 2.441406250000000000e-03 -1.823730468750000000e-01
1.010986328125000000e+00 -6.420898437500000000e-02 -1.811523437500000000e-01
1.009521484375000000e+00 -7.421875000000000000e-02 -1.743164062500000000e-01
1.010986328125000000e+00 -7.153320312500000000e-02 -1.772460937500000000e-01
1.002441406250000000e+00 -7.592773437500000000e-02 -1.657714843750000000e-01
1.014648437500000000e+00 -7.739257812500000000e-02 -1.701660156250000000e-01
1.003173828125000000e+00 -7.543945312500000000e-02 -1.704101562500000000e-01
1.013183593750000000e+00 -7.397460937500000000e-02 -1.713867187500000000e-01
1.005126953125000000e+00 -6.713867187500000000e-02 -1.672363281250000000e-01
1.013183593750000000e+00 -6.884765625000000000e-02 -1.662597656250000000e-01
1.003417968750000000e+00 -7.128906250000000000e-02 -1.735839843750000000e-01
1.015625000000000000e+00 -6.469726562500000000e-02 -1.826171875000000000e-01
1.007812500000000000e+00 1.000976562500000000e-02 -1.804199218750000000e-01
1.015869140625000000e+00 -6.323242187500000000e-02 -1.770019531250000000e-01
1.010009765625000000e+00 -7.983398437500000000e-02 -1.782226562500000000e-01
1.010742187500000000e+00 -8.227539062500000000e-02 -1.726074218750000000e-01
1.014160156250000000e+00 -9.375000000000000000e-02 -1.777343750000000000e-01
1.014648437500000000e+00 -8.349609375000000000e-02 -1.718750000000000000e-01
1.011230468750000000e+00 -8.276367187500000000e-02 -1.682128906250000000e-01
1.013427734375000000e+00 -7.763671875000000000e-02 -1.704101562500000000e-01
1.016845703125000000e+00 -6.274414062500000000e-02 -1.745605468750000000e-01
1.008544921875000000e+00 -6.469726562500000000e-02 -1.677246093750000000e-01
1.011474609375000000e+00 -6.298828125000000000e-02 -1.687011718750000000e-01
1.012695312500000000e+00 -6.909179687500000000e-02 -1.652832031250000000e-01
1.005371093750000000e+00 -6.738281250000000000e-02 -1.660156250000000000e-01
1.008056640625000000e+00 -6.420898437500000000e-02 -1.660156250000000000e-01
1.002685546875000000e+00 -6.640625000000000000e-02 -1.704101562500000000e-01
1.008300781250000000e+00 -6.884765625000000000e-02 -1.718750000000000000e-01
