9.916992187500000000e-01 7.275390625000000000e-02 1.083984375000000000e-01
9.916992187500000000e-01 7.275390625000000000e-02 1.083984375000000000e-01
9.916992187500000000e-01 7.275390625000000000e-02 1.083984375000000000e-01
9.916992187500000000e-01 7.275390625000000000e-02 1.083984375000000000e-01
9.948730468750000000e-01 7.617187500000000000e-02 1.074218750000000000e-01
9.895019531250000000e-01 7.543945312500000000e-02 9.985351562500000000e-02
9.941406250000000000e-01 6.860351562500000000e-02 1.027832031250000000e-01
9.916992187500000000e-01 6.933593750000000000e-02 1.042480468750000000e-01
9.919433593750000000e-01 7.128906250000000000e-02 1.049804687500000000e-01
9.882812500000000000e-01 7.128906250000000000e-02 1.062011718750000000e-01
9.965820312500000000e-01 6.738281250000000000e-02 9.960937500000000000e-02
9.882812500000000000e-01 6.713867187500000000e-02 1.157226562500000000e-01
9.958496093750000000e-01 6.640625000000000000e-02 1.140136718750000000e-01
9.877929687500000000e-01 6.518554687500000000e-02 1.088867187500000000e-01
9.916992187500000000e-01 -3.173828125000000000e-03 9.887695312500000000e-02
9.892578125000000000e-01 6.494140625000000000e-02 1.247558593750000000e-01
9.982910156250000000e-01 -4.638671875000000000e-03 1.037597656250000000e-01
9.941406250000000000e-01 -2.221679687500000000e-02 1.040039062500000000e-01
9.821777343750000000e-01 6.372070312500000000e-02 1.137695312500000000e-01
9.760742187500000000e-01 -4.638671875000000000e-03 1.166992187500000000e-01
1.025878906250000000e+00 2.661132812500000000e-02 1.113281250000000000e-01
9.855957031250000000e-01 -4.150390625000000000e-03 1.008300781250000000e-01
1.065429687500000000e+00 6.884765625000000000e-02 1.508789062500000000e-01
1.072753906250000000e+00 -7.324218750000000000e-04 9.594726562500000000e-02
9.956054687500000000e-01 -1.977539062500000000e-02 1.345214843750000000e-01
9.916992187500000000e-01 -2.465820312500000000e-02 4.296875000000000000e-02
9.919433593750000000e-01 1.098632812500000000e-02 7.299804687500000000e-02
1.081054687500000000e+00 7.080078125000000000e-03 7.495117187500000000e-02
9.895019531250000000e-01 -6.518554687500000000e-02 6.372070312500000000e-02
1.023193359375000000e+00 2.050781250000000000e-02 -7.324218750000000000e-04
9.719238281250000000e-01 -6.396484375000000000e-02 -3.051757812500000000e-02
9.804687500000000000e-01 -7.519531250000000000e-02 -1.660156250000000000e-02
1.025390625000000000e+00 8.544921875000000000e-03 1.074218750000000000e-02
9.982910156250000000e-01 -8.398437500000000000e-02 -3.637695312500000000e-02
1.020263671875000000e+00 -9.179687500000000000e-02 -7.543945312500000000e-02
1.012207031250000000e+00 -6.689453125000000000e-02 -1.242675781250000000e-01
1.004394531250000000e+00 -1.455078125000000000e-01 -1.018066406250000000e-01
1.012207031250000000e+00 -1.328125000000000000e-01 -1.135253906250000000e-01
8.703613281250000000e-01 -4.467773437500000000e-02 -2.683105468750000000e-01
7.487792968750000000e-01 -5.517578125000000000e-02 -2.028808593750000000e-01
6.848144531250000000e-01 -6.030273437500000000e-02 -4.907226562500000000e-02
9.104003906250000000e-01 -2.097167968750000000e-01 -2.089843750000000000e-01
9.104003906250000000e-01 -2.097167968750000000e-01 -2.089843750000000000e-01
8.308105468750000000e-01 -1.118164062500000000e-01 -2.878417968750000000e-01
8.308105468750000000e-01 -1.118164062500000000e-01 -2.878417968750000000e-01
8.547363281250000000e-01 -2.407226562500000000e-01 -3.400878906250000000e-01
1.031982421875000000e+00 -4.223632812500000000e-01 -4.135742187500000000e-01
7.902832031250000000e-01 -4.045410156250000000e-01 -4.497070312500000000e-01
8.090820312500000000e-01 -4.182128906250000000e-01 -6.171875000000000000e-01
7.072753906250000000e-01 -2.819824218750000000e-01 -6.677246093750000000e-01
6.457519531250000000e-01 -3.286132812500000000e-01 -7.224121093750000000e-01
5.634765625000000000e-01 -3.815917968750000000e-01 -7.849121093750000000e-01
4.641113281250000000e-01 -3.781738281250000000e-01 -7.956542968750000000e-01
2.983398437500000000e-01 -4.052734375000000000e-01 -8.500976562500000000e-01
2.810058593750000000e-01 -3.574218750000000000e-01 -8.469238281250000000e-01
2.067871093750000000e-01 -3.691406250000000000e-01 -8.437500000000000000e-01
1.992187500000000000e-01 -3.676757812500000000e-01 -8.925781250000000000e-01
1.506347656250000000e-01 -4.460449218750000000e-01 -9.558105468750000000e-01
1.271972656250000000e-01 -4.587402343750000000e-01 -9.338378906250000000e-01
4.394531250000000000e-02 -4.152832031250000000e-01 -8.691406250000000000e-01
6.323242187500000000e-02 -4.289550781250000000e-01 -8.581542968750000000e-01
-2.001953125000000000e-02 -4.372558593750000000e-01 -9.445800781250000000e-01
-2.636718750000000000e-02 -5.244140625000000000e-01 -9.609375000000000000e-01
-2.563476562500000000e-02 -4.301757812500000000e-01 -9.584960937500000000e-01
2.441406250000000000e-02 -4.230957031250000000e-01 -8.530273437500000000e-01
2.026367187500000000e-02 -4.541015625000000000e-01 -8.994140625000000000e-01
6.835937500000000000e-03 -4.433593750000000000e-01 -8.769531250000000000e-01
8.789062500000000000e-03 -4.616699218750000000e-01 -7.956542968750000000e-01
3.173828125000000000e-03 -4.479980468750000000e-01 -8.105468750000000000e-01
-6.274414062500000000e-02 -4.514160156250000000e-01 -7.958984375000000000e-01
-6.396484375000000000e-02 -4.531250000000000000e-01 -8.073730468750000000e-01
-6.689453125000000000e-02 -4.543457031250000000e-01 -7.929687500000000000e-01
-7.788085937500000000e-02 -4.641113281250000000e-01 -8.105468750000000000e-01
-7.641601562500000000e-02 -4.067382812500000000e-01 -8.017578125000000000e-01
-8.691406250000000000e-02 -4.602050781250000000e-01 -8.098144531250000000e-01
-8.081054687500000000e-02 -4.086914062500000000e-01 -8.024902343750000000e-01
-7.202148437500000000e-02 -4.592285156250000000e-01 -7.954101562500000000e-01
-9.204101562500000000e-02 -4.636230468750000000e-01 -7.995605468750000000e-01
-9.082031250000000000e-02 -4.494628906250000000e-01 -8.049316406250000000e-01
-3.686523437500000000e-02 -4.580078125000000000e-01 -8.054199218750000000e-01
-3.881835937500000000e-02 -4.555664062500000000e-01 -8.107910156250000000e-01
-3.881835937500000000e-02 -4.555664062500000000e-01 -8.107910156250000000e-01
-3.808593750000000000e-02 -4.584960937500000000e-01 -8.017578125000000000e-01
-4.443359375000000000e-02 -4.199218750000000000e-01 -8.061523437500000000e-01
-4.077148437500000000e-02 -4.536132812500000000e-01 -8.034667968750000000e-01
-3.613281250000000000e-02 -4.672851562500000000e-01 -8.774414062500000000e-01
-4.394531250000000000e-02 -4.682617187500000000e-01 -8.908691406250000000e-01
-5.273437500000000000e-02 -4.670410156250000000e-01 -8.854980468750000000e-01
-4.931640625000000000e-02 -4.453125000000000000e-01 -8.002929687500000000e-01
-4.858398437500000000e-02 -4.650878906250000000e-01 -7.883300781250000000e-01
-4.467773437500000000e-02 -4.404296875000000000e-01 -8.405761718750000000e-01
-4.174804687500000000e-02 -4.111328125000000000e-01 -7.912597656250000000e-01
-4.370117187500000000e-02 -4.633789062500000000e-01 -7.985839843750000000e-01
-4.467773437500000000e-02 -4.238281250000000000e-01 -8.964843750000000000e-01
-4.052734375000000000e-02 -5.144042968750000000e-01 -9.084472656250000000e-01
-4.882812500000000000e-02 -5.832519531250000000e-01 -9.931640625000000000e-01
-1.374511718750000000e-01 -5.832519531250000000e-01 -1.080322265625000000e+00
-8.715820312500000000e-02 -4.997558593750000000e-01 -1.062988281250000000e+00
-2.441406250000000000e-02 -5.166015625000000000e-01 -1.010009765625000000e+00
6.079101562500000000e-02 -4.326171875000000000e-01 -1.011230468750000000e+00
2.878417968750000000e-01 -3.452148437500000000e-01 -9.455566406250000000e-01
5.708007812500000000e-01 -3.039550781250000000e-01 -7.277832031250000000e-01
6.091308593750000000e-01 -3.239746093750000000e-01 -7.353515625000000000e-01
6.926269531250000000e-01 -2.287597656250000000e-01 -4.167480468750000000e-01
7.712402343750000000e-01 -3.386230468750000000e-01 -3.459472656250000000e-01
8.354492187500000000e-01 -3.391113281250000000e-01 -3.459472656250000000e-01
8.618164062500000000e-01 -2.290039062500000000e-01 -2.458496093750000000e-01
8.618164062500000000e-01 -1.721191406250000000e-01 -2.365722656250000000e-01
8.054199218750000000e-01 -2.578125000000000000e-01 -2.639160156250000000e-01
8.867187500000000000e-01 -2.141113281250000000e-01 -2.641601562500000000e-01
9.487304687500000000e-01 -1.918945312500000000e-01 -1.870117187500000000e-01
8.723144531250000000e-01 -1.105957031250000000e-01 -1.979980468750000000e-01
8.522949218750000000e-01 -1.062011718750000000e-01 -1.936035156250000000e-01
8.991699218750000000e-01 -9.472656250000000000e-02 -2.014160156250000000e-01
8.645019531250000000e-01 -6.884765625000000000e-02 -9.667968750000000000e-02
9.128417968750000000e-01 -4.956054687500000000e-02 -1.298828125000000000e-01
9.196777343750000000e-01 -1.298828125000000000e-01 -6.127929687500000000e-02
9.191894531250000000e-01 -6.103515625000000000e-02 -7.666015625000000000e-02
1.008789062500000000e+00 -3.784179687500000000e-02 7.861328125000000000e-02
9.213867187500000000e-01 -8.203125000000000000e-02 8.325195312500000000e-02
9.213867187500000000e-01 -8.203125000000000000e-02 8.325195312500000000e-02
1.080810546875000000e+00 -1.474609375000000000e-01 7.617187500000000000e-02
1.156738281250000000e+00 -7.397460937500000000e-02 3.735351562500000000e-02
9.187011718750000000e-01 -2.368164062500000000e-02 1.989746093750000000e-01
9.223632812500000000e-01 -2.221679687500000000e-02 1.782226562500000000e-01
9.880371093750000000e-01 -4.101562500000000000e-02 1.152343750000000000e-01
1.073486328125000000e+00 -7.714843750000000000e-02 1.557617187500000000e-01
1.072265625000000000e+00 1.879882812500000000e-02 1.972656250000000000e-01
9.824218750000000000e-01 7.080078125000000000e-03 2.023925781250000000e-01
9.851074218750000000e-01 1.074218750000000000e-02 2.082519531250000000e-01
9.916992187500000000e-01 5.615234375000000000e-03 1.950683593750000000e-01
9.946289062500000000e-01 9.033203125000000000e-03 2.031250000000000000e-01
1.063232421875000000e+00 -6.494140625000000000e-02 2.070312500000000000e-01
9.846191406250000000e-01 4.150390625000000000e-03 1.186523437500000000e-01
9.990234375000000000e-01 1.025390625000000000e-02 1.623535156250000000e-01
9.938964843750000000e-01 1.123046875000000000e-02 2.072753906250000000e-01
9.970703125000000000e-01 6.835937500000000000e-03 1.960449218750000000e-01
9.943847656250000000e-01 4.150390625000000000e-03 1.914062500000000000e-01
9.875488281250000000e-01 1.049804687500000000e-02 1.938476562500000000e-01
9.965820312500000000e-01 -6.469726562500000000e-02 1.901855468750000000e-01
9.997558593750000000e-01 8.056640625000000000e-03 1.999511718750000000e-01
9.895019531250000000e-01 1.440429687500000000e-02 1.965332031250000000e-01
1.000000000000000000e+00 6.591796875000000000e-03 1.997070312500000000e-01
9.992675781250000000e-01 1.367187500000000000e-02 2.014160156250000000e-01
9.919433593750000000e-01 1.123046875000000000e-02 1.972656250000000000e-01
9.902343750000000000e-01 8.056640625000000000e-03 2.075195312500000000e-01
9.841308593750000000e-01 1.660156250000000000e-02 1.582031250000000000e-01
9.934082031250000000e-01 2.441406250000000000e-03 2.133789062500000000e-01
9.943847656250000000e-01 5.371093750000000000e-03 2.187500000000000000e-01
9.916992187500000000e-01 8.544921875000000000e-03 1.621093750000000000e-01
9.951171875000000000e-01 3.662109375000000000e-03 1.650390625000000000e-01
9.929199218750000000e-01 9.521484375000000000e-03 1.674804687500000000e-01
9.807128906250000000e-01 1.733398437500000000e-02 1.674804687500000000e-01
9.938964843750000000e-01 3.662109375000000000e-03 1.579589843750000000e-01
9.985351562500000000e-01 1.000976562500000000e-02 1.608886718750000000e-01
9.821777343750000000e-01 1.464843750000000000e-02 1.586914062500000000e-01
9.951171875000000000e-01 9.521484375000000000e-03 1.755371093750000000e-01
9.912109375000000000e-01 1.245117187500000000e-02 1.662597656250000000e-01
9.919433593750000000e-01 9.277343750000000000e-03 1.687011718750000000e-01
9.919433593750000000e-01 9.277343750000000000e-03 1.687011718750000000e-01
9.824218750000000000e-01 1.074218750000000000e-02 1.699218750000000000e-01
9.907226562500000000e-01 1.806640625000000000e-02 1.621093750000000000e-01
9.875488281250000000e-01 1.513671875000000000e-02 1.696777343750000000e-01
9.892578125000000000e-01 2.050781250000000000e-02 1.689453125000000000e-01
9.916992187500000000e-01 9.033203125000000000e-03 1.613769531250000000e-01
9.941406250000000000e-01 1.513671875000000000e-02 1.608886718750000000e-01
9.819335937500000000e-01 1.342773437500000000e-02 1.669921875000000000e-01
9.895019531250000000e-01 1.464843750000000000e-02 1.584472656250000000e-01
9.973144531250000000e-01 1.586914062500000000e-02 1.660156250000000000e-01
9.819335937500000000e-01 1.635742187500000000e-02 1.640625000000000000e-01
9.902343750000000000e-01 1.660156250000000000e-02 1.655273437500000000e-01
9.916992187500000000e-01 1.611328125000000000e-02 1.579589843750000000e-01
9.909667968750000000e-01 1.464843750000000000e-02 2.187500000000000000e-01
9.914550781250000000e-01 1.318359375000000000e-02 1.591796875000000000e-01
9.921875000000000000e-01 1.855468750000000000e-02 1.564941406250000000e-01
9.909667968750000000e-01 1.489257812500000000e-02 1.589355468750000000e-01
9.934082031250000000e-01 1.416015625000000000e-02 1.567382812500000000e-01
9.892578125000000000e-01 1.318359375000000000e-02 1.628417968750000000e-01
9.904785156250000000e-01 1.391601562500000000e-02 1.599121093750000000e-01
9.885253906250000000e-01 1.342773437500000000e-02 1.596679687500000000e-01
1.063964843750000000e+00 1.318359375000000000e-02 2.180175781250000000e-01
9.916992187500000000e-01 1.464843750000000000e-02 1.728515625000000000e-01
9.829101562500000000e-01 1.562500000000000000e-02 1.589355468750000000e-01
9.931640625000000000e-01 1.171875000000000000e-02 1.579589843750000000e-01
9.934082031250000000e-01 1.513671875000000000e-02 1.716308593750000000e-01
9.851074218750000000e-01 1.513671875000000000e-02 1.582031250000000000e-01
9.975585937500000000e-01 1.220703125000000000e-02 1.616210937500000000e-01
9.851074218750000000e-01 1.098632812500000000e-02 1.652832031250000000e-01
9.863281250000000000e-01 1.855468750000000000e-02 1.728515625000000000e-01
9.875488281250000000e-01 1.855468750000000000e-02 1.711425781250000000e-01
9.943847656250000000e-01 1.611328125000000000e-02 1.733398437500000000e-01
9.865722656250000000e-01 1.074218750000000000e-02 1.777343750000000000e-01
9.904785156250000000e-01 1.318359375000000000e-02 2.519531250000000000e-01
9.831542968750000000e-01 2.319335937500000000e-02 2.514648437500000000e-01
9.887695312500000000e-01 1.831054687500000000e-02 1.823730468750000000e-01
9.921875000000000000e-01 1.806640625000000000e-02 1.860351562500000000e-01
9.865722656250000000e-01 2.001953125000000000e-02 1.743164062500000000e-01
9.914550781250000000e-01 1.953125000000000000e-02 1.755371093750000000e-01
9.914550781250000000e-01 1.953125000000000000e-02 1.755371093750000000e-01
9.816894531250000000e-01 2.392578125000000000e-02 1.818847656250000000e-01
