9.860839843750000000e-01 1.025390625000000000e-02 1.123046875000000000e-02
9.860839843750000000e-01 1.025390625000000000e-02 1.123046875000000000e-02
9.860839843750000000e-01 1.025390625000000000e-02 1.123046875000000000e-02
9.855957031250000000e-01 8.300781250000000000e-03 1.049804687500000000e-02
9.855957031250000000e-01 8.300781250000000000e-03 1.049804687500000000e-02
9.887695312500000000e-01 1.123046875000000000e-02 1.171875000000000000e-02
9.902343750000000000e-01 1.025390625000000000e-02 4.882812500000000000e-03
9.851074218750000000e-01 1.245117187500000000e-02 2.587890625000000000e-02
9.899902343750000000e-01 1.489257812500000000e-02 1.440429687500000000e-02
9.929199218750000000e-01 8.056640625000000000e-03 8.056640625000000000e-03
9.929199218750000000e-01 8.056640625000000000e-03 8.056640625000000000e-03
9.841308593750000000e-01 -6.420898437500000000e-02 2.197265625000000000e-03
9.841308593750000000e-01 -6.420898437500000000e-02 2.197265625000000000e-03
9.814453125000000000e-01 6.591796875000000000e-03 2.441406250000000000e-04
9.855957031250000000e-01 1.171875000000000000e-02 1.953125000000000000e-02
9.826660156250000000e-01 2.026367187500000000e-02 1.367187500000000000e-02
9.912109375000000000e-01 1.025390625000000000e-02 1.000976562500000000e-02
9.860839843750000000e-01 1.977539062500000000e-02 1.318359375000000000e-02
9.943847656250000000e-01 1.708984375000000000e-02 8.300781250000000000e-03
9.721679687500000000e-01 2.709960937500000000e-02 2.099609375000000000e-02
9.946289062500000000e-01 2.783203125000000000e-02 -3.027343750000000000e-02
9.846191406250000000e-01 2.490234375000000000e-02 1.074218750000000000e-02
9.948730468750000000e-01 1.464843750000000000e-02 2.539062500000000000e-02
9.873046875000000000e-01 1.220703125000000000e-03 1.586914062500000000e-02
9.890136718750000000e-01 -6.884765625000000000e-02 1.782226562500000000e-02
9.941406250000000000e-01 -6.689453125000000000e-02 1.245117187500000000e-02
9.799804687500000000e-01 -6.591796875000000000e-02 1.074218750000000000e-02
9.853515625000000000e-01 1.098632812500000000e-02 1.660156250000000000e-02
9.921875000000000000e-01 1.342773437500000000e-02 7.812500000000000000e-03
9.860839843750000000e-01 8.056640625000000000e-03 -6.665039062500000000e-02
9.941406250000000000e-01 1.416015625000000000e-02 -6.542968750000000000e-02
9.875488281250000000e-01 1.391601562500000000e-02 2.124023437500000000e-02
9.831542968750000000e-01 1.367187500000000000e-02 4.882812500000000000e-04
9.892578125000000000e-01 6.835937500000000000e-03 -6.396484375000000000e-02
9.880371093750000000e-01 3.906250000000000000e-03 7.324218750000000000e-03
9.843750000000000000e-01 1.074218750000000000e-02 1.757812500000000000e-02
9.851074218750000000e-01 1.245117187500000000e-02 2.172851562500000000e-02
9.838867187500000000e-01 1.904296875000000000e-02 -3.002929687500000000e-02
9.938964843750000000e-01 1.440429687500000000e-02 -1.928710937500000000e-02
9.943847656250000000e-01 1.586914062500000000e-02 -1.904296875000000000e-02
9.941406250000000000e-01 1.879882812500000000e-02 -2.514648437500000000e-02
1.066650390625000000e+00 1.928710937500000000e-02 2.392578125000000000e-02
1.063476562500000000e+00 1.123046875000000000e-02 1.147460937500000000e-02
1.031494140625000000e+00 1.220703125000000000e-03 -9.106445312500000000e-02
1.063720703125000000e+00 4.882812500000000000e-04 -6.152343750000000000e-02
8.928222656250000000e-01 6.762695312500000000e-02 -1.540527343750000000e-01
8.259277343750000000e-01 -9.057617187500000000e-02 2.709960937500000000e-02
8.193359375000000000e-01 1.684570312500000000e-02 1.508789062500000000e-01
8.044433593750000000e-01 -7.543945312500000000e-02 1.352539062500000000e-01
8.044433593750000000e-01 -7.543945312500000000e-02 1.352539062500000000e-01
9.799804687500000000e-01 3.320312500000000000e-02 8.129882812500000000e-02
9.042968750000000000e-01 2.048339843750000000e-01 4.174804687500000000e-02
9.284667968750000000e-01 -6.835937500000000000e-02 6.152343750000000000e-02
9.543457031250000000e-01 6.323242187500000000e-02 1.672363281250000000e-01
9.199218750000000000e-01 -2.416992187500000000e-02 2.055664062500000000e-01
8.635253906250000000e-01 -2.172851562500000000e-02 2.673339843750000000e-01
1.113769531250000000e+00 9.423828125000000000e-02 2.624511718750000000e-01
1.022705078125000000e+00 1.342773437500000000e-01 2.099609375000000000e-01
8.640136718750000000e-01 1.599121093750000000e-01 2.290039062500000000e-01
1.118652343750000000e+00 2.048339843750000000e-01 2.805175781250000000e-01
1.051757812500000000e+00 2.534179687500000000e-01 3.820800781250000000e-01
1.136474609375000000e+00 9.155273437500000000e-02 3.823242187500000000e-01
1.082519531250000000e+00 8.740234375000000000e-02 2.287597656250000000e-01
1.204345703125000000e+00 -8.056640625000000000e-03 4.367675781250000000e-01
1.132080078125000000e+00 1.396484375000000000e-01 4.291992187500000000e-01
1.093017578125000000e+00 8.447265625000000000e-02 6.284179687500000000e-01
9.345703125000000000e-01 1.411132812500000000e-01 5.595703125000000000e-01
9.223632812500000000e-01 6.030273437500000000e-02 7.470703125000000000e-01
8.876953125000000000e-01 1.250000000000000000e-01 7.385253906250000000e-01
8.925781250000000000e-01 9.033203125000000000e-02 8.234863281250000000e-01
7.465820312500000000e-01 7.714843750000000000e-02 8.125000000000000000e-01
7.756347656250000000e-01 5.004882812500000000e-02 8.076171875000000000e-01
7.509765625000000000e-01 4.858398437500000000e-02 8.344726562500000000e-01
7.409667968750000000e-01 2.978515625000000000e-02 7.678222656250000000e-01
6.748046875000000000e-01 2.197265625000000000e-02 7.443847656250000000e-01
7.709960937500000000e-01 2.685546875000000000e-03 7.287597656250000000e-01
6.789550781250000000e-01 6.762695312500000000e-02 7.463378906250000000e-01
7.299804687500000000e-01 4.736328125000000000e-02 8.071289062500000000e-01
7.717285156250000000e-01 -8.300781250000000000e-03 7.951660156250000000e-01
7.390136718750000000e-01 5.615234375000000000e-02 8.686523437500000000e-01
9.416503906250000000e-01 1.506347656250000000e-01 8.474121093750000000e-01
1.025146484375000000e+00 1.381835937500000000e-01 9.604492187500000000e-01
9.826660156250000000e-01 7.446289062500000000e-02 8.923339843750000000e-01
8.986816406250000000e-01 4.321289062500000000e-02 7.241210937500000000e-01
7.841796875000000000e-01 7.739257812500000000e-02 7.553710937500000000e-01
8.251953125000000000e-01 6.347656250000000000e-02 6.994628906250000000e-01
8.579101562500000000e-01 8.813476562500000000e-02 6.091308593750000000e-01
9.143066406250000000e-01 4.565429687500000000e-02 6.069335937500000000e-01
1.057861328125000000e+00 6.469726562500000000e-02 6.301269531250000000e-01
1.057861328125000000e+00 6.469726562500000000e-02 6.301269531250000000e-01
1.087646484375000000e+00 7.592773437500000000e-02 5.134277343750000000e-01
1.087646484375000000e+00 7.592773437500000000e-02 5.134277343750000000e-01
9.890136718750000000e-01 6.591796875000000000e-02 4.675292968750000000e-01
9.729003906250000000e-01 7.226562500000000000e-02 3.891601562500000000e-01
9.370117187500000000e-01 -3.417968750000000000e-03 3.859863281250000000e-01
9.160156250000000000e-01 1.879882812500000000e-02 2.448730468750000000e-01
9.497070312500000000e-01 2.880859375000000000e-02 2.773437500000000000e-01
7.836914062500000000e-01 -9.326171875000000000e-02 2.229003906250000000e-01
7.985839843750000000e-01 -1.408691406250000000e-01 2.214355468750000000e-01
8.073730468750000000e-01 -8.959960937500000000e-02 2.426757812500000000e-01
7.341308593750000000e-01 -8.740234375000000000e-02 1.369628906250000000e-01
7.807617187500000000e-01 -7.910156250000000000e-02 1.225585937500000000e-01
9.597167968750000000e-01 -1.245117187500000000e-02 1.113281250000000000e-01
1.130859375000000000e+00 -1.342773437500000000e-02 3.125000000000000000e-02
9.367675781250000000e-01 -1.391601562500000000e-01 1.105957031250000000e-01
9.797363281250000000e-01 -4.541015625000000000e-02 6.567382812500000000e-02
1.067626953125000000e+00 6.347656250000000000e-03 1.501464843750000000e-01
9.267578125000000000e-01 8.544921875000000000e-03 4.663085937500000000e-02
1.041503906250000000e+00 -7.543945312500000000e-02 1.379394531250000000e-01
9.694824218750000000e-01 -8.325195312500000000e-02 5.273437500000000000e-02
1.073242187500000000e+00 -3.076171875000000000e-02 4.077148437500000000e-02
1.025390625000000000e+00 -2.954101562500000000e-02 7.617187500000000000e-02
9.951171875000000000e-01 2.587890625000000000e-02 -2.441406250000000000e-04
1.091552734375000000e+00 7.080078125000000000e-03 6.347656250000000000e-03
1.077148437500000000e+00 -2.832031250000000000e-02 9.765625000000000000e-04
9.997558593750000000e-01 1.293945312500000000e-02 2.514648437500000000e-02
9.785156250000000000e-01 1.245117187500000000e-02 -2.807617187500000000e-02
9.995117187500000000e-01 -8.105468750000000000e-02 3.027343750000000000e-02
9.797363281250000000e-01 -8.813476562500000000e-02 3.076171875000000000e-02
9.707031250000000000e-01 -6.420898437500000000e-02 6.567382812500000000e-02
9.982910156250000000e-01 1.416015625000000000e-02 -5.859375000000000000e-03
1.064697265625000000e+00 3.417968750000000000e-03 1.318359375000000000e-02
9.916992187500000000e-01 -7.739257812500000000e-02 -1.513671875000000000e-02
9.973144531250000000e-01 -9.350585937500000000e-02 -2.148437500000000000e-02
1.028564453125000000e+00 -7.641601562500000000e-02 -2.221679687500000000e-02
1.063720703125000000e+00 7.324218750000000000e-04 1.977539062500000000e-02
1.065917968750000000e+00 -7.446289062500000000e-02 4.394531250000000000e-03
1.062988281250000000e+00 -8.300781250000000000e-02 8.789062500000000000e-03
9.829101562500000000e-01 1.049804687500000000e-02 -3.051757812500000000e-02
9.887695312500000000e-01 7.812500000000000000e-03 2.490234375000000000e-02
9.887695312500000000e-01 7.812500000000000000e-03 2.490234375000000000e-02
9.970703125000000000e-01 1.440429687500000000e-02 1.391601562500000000e-02
9.855957031250000000e-01 1.416015625000000000e-02 2.197265625000000000e-02
9.929199218750000000e-01 1.098632812500000000e-02 2.514648437500000000e-02
9.829101562500000000e-01 1.074218750000000000e-02 2.490234375000000000e-02
9.948730468750000000e-01 1.123046875000000000e-02 1.879882812500000000e-02
9.907226562500000000e-01 7.324218750000000000e-03 2.563476562500000000e-02
1.064941406250000000e+00 1.245117187500000000e-02 1.464843750000000000e-02
1.064208984375000000e+00 1.513671875000000000e-02 -2.929687500000000000e-02
9.858398437500000000e-01 -6.909179687500000000e-02 2.026367187500000000e-02
9.978027343750000000e-01 -7.348632812500000000e-02 2.832031250000000000e-02
9.892578125000000000e-01 -6.811523437500000000e-02 -1.904296875000000000e-02
9.953613281250000000e-01 6.591796875000000000e-03 2.416992187500000000e-02
9.963378906250000000e-01 4.638671875000000000e-03 2.075195312500000000e-02
9.890136718750000000e-01 2.197265625000000000e-03 -2.612304687500000000e-02
9.907226562500000000e-01 1.074218750000000000e-02 2.807617187500000000e-02
9.951171875000000000e-01 9.277343750000000000e-03 -2.612304687500000000e-02
9.924316406250000000e-01 1.440429687500000000e-02 2.392578125000000000e-02
9.921875000000000000e-01 8.056640625000000000e-03 -2.758789062500000000e-02
9.934082031250000000e-01 1.245117187500000000e-02 -2.148437500000000000e-02
9.816894531250000000e-01 1.220703125000000000e-02 -1.831054687500000000e-02
9.897460937500000000e-01 1.025390625000000000e-02 -1.123046875000000000e-02
9.943847656250000000e-01 3.417968750000000000e-03 -2.270507812500000000e-02
9.848632812500000000e-01 7.080078125000000000e-03 3.027343750000000000e-02
9.931640625000000000e-01 7.080078125000000000e-03 -1.147460937500000000e-02
9.875488281250000000e-01 1.367187500000000000e-02 -1.953125000000000000e-03
9.907226562500000000e-01 1.049804687500000000e-02 -5.615234375000000000e-03
1.064697265625000000e+00 4.394531250000000000e-03 -2.880859375000000000e-02
1.057128906250000000e+00 1.147460937500000000e-02 -1.831054687500000000e-02
9.851074218750000000e-01 1.733398437500000000e-02 2.124023437500000000e-02
1.010986328125000000e+00 2.392578125000000000e-02 4.077148437500000000e-02
9.782714843750000000e-01 2.172851562500000000e-02 1.259765625000000000e-01
9.951171875000000000e-01 7.812500000000000000e-03 3.564453125000000000e-02
1.092285156250000000e+00 1.342773437500000000e-02 3.247070312500000000e-02
1.050048828125000000e+00 1.000976562500000000e-02 -5.053710937500000000e-02
9.726562500000000000e-01 7.568359375000000000e-03 6.127929687500000000e-02
9.877929687500000000e-01 1.708984375000000000e-02 4.516601562500000000e-02
9.877929687500000000e-01 1.708984375000000000e-02 4.516601562500000000e-02
1.029296875000000000e+00 3.662109375000000000e-03 5.468750000000000000e-02
1.029296875000000000e+00 3.662109375000000000e-03 5.468750000000000000e-02
1.029541015625000000e+00 1.513671875000000000e-02 1.142578125000000000e-01
1.023681640625000000e+00 1.562500000000000000e-02 9.594726562500000000e-02
1.032470703125000000e+00 1.977539062500000000e-02 1.972656250000000000e-01
9.743652343750000000e-01 2.392578125000000000e-02 3.833007812500000000e-02
9.794921875000000000e-01 2.807617187500000000e-02 1.420898437500000000e-01
1.065185546875000000e+00 2.734375000000000000e-02 5.566406250000000000e-02
1.081298828125000000e+00 1.000976562500000000e-02 3.198242187500000000e-02
1.039794921875000000e+00 2.783203125000000000e-02 5.590820312500000000e-02
1.023437500000000000e+00 2.001953125000000000e-02 3.637695312500000000e-02
9.711914062500000000e-01 1.660156250000000000e-02 1.328125000000000000e-01
9.812011718750000000e-01 1.562500000000000000e-02 1.359863281250000000e-01
1.072265625000000000e+00 -2.441406250000000000e-02 4.125976562500000000e-02
1.065429687500000000e+00 1.831054687500000000e-02 -5.126953125000000000e-03
9.765625000000000000e-01 -6.640625000000000000e-02 5.297851562500000000e-02
9.860839843750000000e-01 -7.568359375000000000e-02 5.761718750000000000e-02
9.899902343750000000e-01 -6.860351562500000000e-02 3.784179687500000000e-02
1.069580078125000000e+00 8.789062500000000000e-03 8.837890625000000000e-02
1.069580078125000000e+00 1.904296875000000000e-02 9.252929687500000000e-02
9.985351562500000000e-01 1.367187500000000000e-02 2.685546875000000000e-02
1.023193359375000000e+00 8.300781250000000000e-03 5.419921875000000000e-02
9.902343750000000000e-01 2.661132812500000000e-02 1.391601562500000000e-01
9.765625000000000000e-01 2.954101562500000000e-02 1.347656250000000000e-01
1.079589843750000000e+00 -2.416992187500000000e-02 -2.661132812500000000e-02
9.790039062500000000e-01 1.513671875000000000e-02 -3.076171875000000000e-02
1.020019531250000000e+00 -4.321289062500000000e-02 1.425781250000000000e-01
9.897460937500000000e-01 1.391601562500000000e-02 1.022949218750000000e-01
9.892578125000000000e-01 -2.661132812500000000e-02 9.448242187500000000e-02
1.060791015625000000e+00 -1.171875000000000000e-02 1.486816406250000000e-01
9.907226562500000000e-01 -1.708984375000000000e-02 4.101562500000000000e-02
1.011718750000000000e+00 -6.542968750000000000e-02 1.223144531250000000e-01
