1.022949218750000000e+00 -2.531738281250000000e-01 -2.563476562500000000e-02
1.022949218750000000e+00 -2.531738281250000000e-01 -2.563476562500000000e-02
1.028808593750000000e+00 -2.631835937500000000e-01 -2.856445312500000000e-02
1.028808593750000000e+00 -2.631835937500000000e-01 -2.856445312500000000e-02
1.026611328125000000e+00 -2.563476562500000000e-01 -2.783203125000000000e-02
1.023681640625000000e+00 -2.585449218750000000e-01 -3.076171875000000000e-02
1.030761718750000000e+00 -2.563476562500000000e-01 -2.685546875000000000e-02
1.028808593750000000e+00 -1.845703125000000000e-01 -2.270507812500000000e-02
1.027343750000000000e+00 -1.838378906250000000e-01 -2.734375000000000000e-02
1.026855468750000000e+00 -1.870117187500000000e-01 -2.734375000000000000e-02
9.697265625000000000e-01 -1.813964843750000000e-01 2.929687500000000000e-02
9.702148437500000000e-01 -1.860351562500000000e-01 3.076171875000000000e-02
1.029052734375000000e+00 -1.848144531250000000e-01 -3.027343750000000000e-02
1.023925781250000000e+00 -1.840820312500000000e-01 -2.685546875000000000e-02
1.029052734375000000e+00 -1.840820312500000000e-01 -2.856445312500000000e-02
1.027099609375000000e+00 -1.855468750000000000e-01 -2.685546875000000000e-02
1.028564453125000000e+00 -2.512207031250000000e-01 -2.319335937500000000e-02
1.028564453125000000e+00 -1.867675781250000000e-01 -2.416992187500000000e-02
1.024169921875000000e+00 -1.848144531250000000e-01 -2.514648437500000000e-02
1.029541015625000000e+00 -1.813964843750000000e-01 -2.832031250000000000e-02
1.025634765625000000e+00 -1.850585937500000000e-01 -2.075195312500000000e-02
1.027099609375000000e+00 -1.696777343750000000e-01 -1.391601562500000000e-02
9.736328125000000000e-01 -1.816406250000000000e-01 -1.123046875000000000e-02
1.021728515625000000e+00 -1.833496093750000000e-01 -1.269531250000000000e-02
9.719238281250000000e-01 -2.553710937500000000e-01 2.368164062500000000e-02
1.021484375000000000e+00 -2.666015625000000000e-01 1.220703125000000000e-02
1.004638671875000000e+00 -2.204589843750000000e-01 -6.396484375000000000e-02
9.248046875000000000e-01 -9.887695312500000000e-02 4.956054687500000000e-02
1.065673828125000000e+00 -2.009277343750000000e-01 6.982421875000000000e-02
1.041503906250000000e+00 -1.831054687500000000e-01 1.367187500000000000e-02
1.064208984375000000e+00 -2.158203125000000000e-01 -7.910156250000000000e-02
9.980468750000000000e-01 -2.124023437500000000e-01 -8.300781250000000000e-02
9.755859375000000000e-01 -1.540527343750000000e-01 -3.784179687500000000e-02
9.753417968750000000e-01 -9.008789062500000000e-02 -1.904296875000000000e-02
1.011230468750000000e+00 -1.542968750000000000e-01 1.191406250000000000e-01
1.010498046875000000e+00 -2.624511718750000000e-01 1.232910156250000000e-01
1.073730468750000000e+00 -4.760742187500000000e-02 1.008300781250000000e-01
1.073486328125000000e+00 -7.568359375000000000e-02 1.027832031250000000e-01
1.029296875000000000e+00 -3.833007812500000000e-02 1.149902343750000000e-01
1.026123046875000000e+00 1.831054687500000000e-02 2.019042968750000000e-01
9.809570312500000000e-01 -6.518554687500000000e-02 1.596679687500000000e-01
1.069091796875000000e+00 1.147460937500000000e-02 1.794433593750000000e-01
1.070312500000000000e+00 -2.514648437500000000e-02 2.563476562500000000e-01
1.222900390625000000e+00 -2.316894531250000000e-01 8.642578125000000000e-02
1.100097656250000000e+00 -3.259277343750000000e-01 9.716796875000000000e-02
9.948730468750000000e-01 -2.077636718750000000e-01 -4.687500000000000000e-02
8.283691406250000000e-01 -3.815917968750000000e-01 -8.056640625000000000e-03
9.418945312500000000e-01 -3.911132812500000000e-01 -2.465820312500000000e-02
9.890136718750000000e-01 -2.878417968750000000e-01 -1.171875000000000000e-02
9.624023437500000000e-01 -2.343750000000000000e-01 4.077148437500000000e-02
1.023925781250000000e+00 -3.771972656250000000e-01 1.101074218750000000e-01
9.897460937500000000e-01 -2.727050781250000000e-01 7.592773437500000000e-02
1.077392578125000000e+00 -5.786132812500000000e-02 -2.441406250000000000e-02
1.002929687500000000e+00 -3.337402343750000000e-01 2.685546875000000000e-03
1.016357421875000000e+00 -3.420410156250000000e-01 -4.370117187500000000e-02
9.140625000000000000e-01 -2.062988281250000000e-01 -6.982421875000000000e-02
9.802246093750000000e-01 -1.657714843750000000e-01 1.440429687500000000e-02
1.024169921875000000e+00 -1.816406250000000000e-01 -8.251953125000000000e-02
1.005615234375000000e+00 -1.618652343750000000e-01 -7.080078125000000000e-02
9.816894531250000000e-01 -2.553710937500000000e-01 -4.687500000000000000e-02
9.240722656250000000e-01 -2.221679687500000000e-01 -8.496093750000000000e-02
9.533691406250000000e-01 -3.007812500000000000e-01 -2.709960937500000000e-02
1.070556640625000000e+00 -2.778320312500000000e-01 4.711914062500000000e-02
1.033203125000000000e+00 -1.569824218750000000e-01 6.079101562500000000e-02
9.189453125000000000e-01 -2.954101562500000000e-01 -1.416015625000000000e-02
9.116210937500000000e-01 -4.052734375000000000e-01 3.417968750000000000e-02
9.289550781250000000e-01 -4.599609375000000000e-01 -2.343750000000000000e-02
9.318847656250000000e-01 -2.321777343750000000e-01 2.392578125000000000e-02
1.137939453125000000e+00 -1.350097656250000000e-01 9.033203125000000000e-03
9.768066406250000000e-01 -9.838867187500000000e-02 -4.125976562500000000e-02
9.609375000000000000e-01 -5.444335937500000000e-02 -1.123046875000000000e-02
9.882812500000000000e-01 -3.198242187500000000e-02 -8.544921875000000000e-02
9.362792968750000000e-01 -1.027832031250000000e-01 -1.611328125000000000e-02
1.089843750000000000e+00 -1.528320312500000000e-01 7.128906250000000000e-02
1.195800781250000000e+00 -1.350097656250000000e-01 4.443359375000000000e-02
1.149902343750000000e+00 -1.394042968750000000e-01 5.664062500000000000e-02
1.016845703125000000e+00 -4.687500000000000000e-02 9.423828125000000000e-02
9.350585937500000000e-01 -1.032714843750000000e-01 1.040039062500000000e-01
9.833984375000000000e-01 -1.000976562500000000e-01 5.151367187500000000e-02
9.926757812500000000e-01 -1.330566406250000000e-01 6.665039062500000000e-02
9.909667968750000000e-01 -5.908203125000000000e-02 -1.171875000000000000e-02
9.904785156250000000e-01 -9.716796875000000000e-02 -7.690429687500000000e-02
9.968261718750000000e-01 -1.669921875000000000e-01 -4.833984375000000000e-02
9.199218750000000000e-01 -2.023925781250000000e-01 1.660156250000000000e-02
1.064941406250000000e+00 -1.005859375000000000e-01 8.056640625000000000e-03
1.007812500000000000e+00 -1.135253906250000000e-01 -8.691406250000000000e-02
9.792480468750000000e-01 -9.521484375000000000e-02 -7.763671875000000000e-02
9.846191406250000000e-01 -1.914062500000000000e-01 8.056640625000000000e-03
1.026611328125000000e+00 -2.133789062500000000e-01 2.978515625000000000e-02
9.719238281250000000e-01 -1.699218750000000000e-01 1.123046875000000000e-02
1.028808593750000000e+00 -2.155761718750000000e-01 1.538085937500000000e-02
9.765625000000000000e-01 -2.131347656250000000e-01 -6.689453125000000000e-02
1.024902343750000000e+00 -2.187500000000000000e-01 9.033203125000000000e-03
9.790039062500000000e-01 -1.689453125000000000e-01 1.367187500000000000e-02
1.016845703125000000e+00 -1.967773437500000000e-01 1.635742187500000000e-02
1.028320312500000000e+00 -2.065429687500000000e-01 2.001953125000000000e-02
9.716796875000000000e-01 -2.109375000000000000e-01 -2.319335937500000000e-02
1.024902343750000000e+00 -2.075195312500000000e-01 -2.392578125000000000e-02
9.799804687500000000e-01 -2.016601562500000000e-01 1.660156250000000000e-02
9.824218750000000000e-01 -2.036132812500000000e-01 8.300781250000000000e-03
9.802246093750000000e-01 -1.225585937500000000e-01 1.660156250000000000e-02
9.699707031250000000e-01 -1.984863281250000000e-01 2.441406250000000000e-02
1.028564453125000000e+00 -2.128906250000000000e-01 2.001953125000000000e-02
9.726562500000000000e-01 -1.564941406250000000e-01 9.765625000000000000e-03
1.028320312500000000e+00 -1.596679687500000000e-01 1.123046875000000000e-02
1.026611328125000000e+00 -1.601562500000000000e-01 1.782226562500000000e-02
1.027587890625000000e+00 -2.175292968750000000e-01 1.757812500000000000e-02
1.030517578125000000e+00 -2.043457031250000000e-01 1.708984375000000000e-02
9.738769531250000000e-01 -2.072753906250000000e-01 1.123046875000000000e-02
9.699707031250000000e-01 -2.080078125000000000e-01 2.099609375000000000e-02
1.028076171875000000e+00 -2.131347656250000000e-01 2.514648437500000000e-02
9.743652343750000000e-01 -2.116699218750000000e-01 -2.978515625000000000e-02
9.780273437500000000e-01 -2.128906250000000000e-01 2.490234375000000000e-02
9.775390625000000000e-01 -2.102050781250000000e-01 2.587890625000000000e-02
9.816894531250000000e-01 -1.589355468750000000e-01 1.977539062500000000e-02
9.780273437500000000e-01 -2.089843750000000000e-01 2.709960937500000000e-02
9.770507812500000000e-01 -2.138671875000000000e-01 2.124023437500000000e-02
9.731445312500000000e-01 -1.577148437500000000e-01 2.612304687500000000e-02
9.716796875000000000e-01 -1.643066406250000000e-01 2.880859375000000000e-02
9.721679687500000000e-01 -2.187500000000000000e-01 2.246093750000000000e-02
1.031005859375000000e+00 -1.564941406250000000e-01 1.782226562500000000e-02
1.027099609375000000e+00 -2.138671875000000000e-01 2.514648437500000000e-02
1.027587890625000000e+00 -2.187500000000000000e-01 2.246093750000000000e-02
1.026611328125000000e+00 -1.574707031250000000e-01 2.368164062500000000e-02
9.743652343750000000e-01 -2.082519531250000000e-01 -2.783203125000000000e-02
1.023681640625000000e+00 -1.638183593750000000e-01 -3.100585937500000000e-02
9.716796875000000000e-01 -2.102050781250000000e-01 -2.319335937500000000e-02
9.804687500000000000e-01 -1.618652343750000000e-01 2.490234375000000000e-02
9.753417968750000000e-01 -1.635742187500000000e-01 2.392578125000000000e-02
1.031250000000000000e+00 -1.669921875000000000e-01 2.343750000000000000e-02
9.707031250000000000e-01 -1.699218750000000000e-01 2.539062500000000000e-02
9.775390625000000000e-01 -1.606445312500000000e-01 2.416992187500000000e-02
1.025878906250000000e+00 -1.599121093750000000e-01 -2.612304687500000000e-02
9.741210937500000000e-01 -1.616210937500000000e-01 2.539062500000000000e-02
1.025634765625000000e+00 -1.657714843750000000e-01 3.076171875000000000e-02
9.750976562500000000e-01 -1.655273437500000000e-01 3.100585937500000000e-02
9.753417968750000000e-01 -1.577148437500000000e-01 2.905273437500000000e-02
1.024414062500000000e+00 -1.774902343750000000e-01 2.978515625000000000e-02
9.750976562500000000e-01 -1.665039062500000000e-01 3.076171875000000000e-02
1.028320312500000000e+00 -1.730957031250000000e-01 2.758789062500000000e-02
9.697265625000000000e-01 -1.660156250000000000e-01 -2.929687500000000000e-02
1.028320312500000000e+00 -1.679687500000000000e-01 -1.733398437500000000e-02
9.689941406250000000e-01 -1.706542968750000000e-01 -2.758789062500000000e-02
9.704589843750000000e-01 -1.613769531250000000e-01 -2.392578125000000000e-02
9.760742187500000000e-01 -1.613769531250000000e-01 2.856445312500000000e-02
9.753417968750000000e-01 -1.633300781250000000e-01 -2.856445312500000000e-02
9.697265625000000000e-01 -1.679687500000000000e-01 -2.807617187500000000e-02
9.726562500000000000e-01 -1.689453125000000000e-01 -2.612304687500000000e-02
1.030029296875000000e+00 -1.726074218750000000e-01 -3.051757812500000000e-02
1.025390625000000000e+00 -1.760253906250000000e-01 2.832031250000000000e-02
9.726562500000000000e-01 -1.640625000000000000e-01 -1.855468750000000000e-02
1.031250000000000000e+00 -1.767578125000000000e-01 -2.124023437500000000e-02
9.724121093750000000e-01 -1.674804687500000000e-01 -2.124023437500000000e-02
9.721679687500000000e-01 -1.711425781250000000e-01 -2.856445312500000000e-02
1.030517578125000000e+00 -1.665039062500000000e-01 -2.221679687500000000e-02
1.030761718750000000e+00 -1.708984375000000000e-01 -2.221679687500000000e-02
9.711914062500000000e-01 -1.701660156250000000e-01 -1.733398437500000000e-02
9.694824218750000000e-01 -1.643066406250000000e-01 -1.684570312500000000e-02
9.731445312500000000e-01 -1.643066406250000000e-01 -2.416992187500000000e-02
1.026611328125000000e+00 -1.704101562500000000e-01 -2.832031250000000000e-02
9.733886718750000000e-01 -1.657714843750000000e-01 -2.001953125000000000e-02
1.029296875000000000e+00 -1.718750000000000000e-01 -1.538085937500000000e-02
9.697265625000000000e-01 -1.623535156250000000e-01 -1.953125000000000000e-02
9.746093750000000000e-01 -1.669921875000000000e-01 -2.954101562500000000e-02
1.029541015625000000e+00 -1.682128906250000000e-01 -3.002929687500000000e-02
9.719238281250000000e-01 -1.669921875000000000e-01 -2.465820312500000000e-02
9.692382812500000000e-01 -1.682128906250000000e-01 -2.563476562500000000e-02
9.709472656250000000e-01 -1.682128906250000000e-01 -2.539062500000000000e-02
9.736328125000000000e-01 -1.682128906250000000e-01 -2.514648437500000000e-02
9.704589843750000000e-01 -1.674804687500000000e-01 -3.002929687500000000e-02
9.716796875000000000e-01 -1.669921875000000000e-01 -2.954101562500000000e-02
9.694824218750000000e-01 -1.779785156250000000e-01 3.002929687500000000e-02
9.692382812500000000e-01 -1.704101562500000000e-01 -2.832031250000000000e-02
1.028808593750000000e+00 -1.655273437500000000e-01 3.027343750000000000e-02
9.711914062500000000e-01 -1.723632812500000000e-01 2.856445312500000000e-02
9.729003906250000000e-01 -1.567382812500000000e-01 -2.612304687500000000e-02
9.724121093750000000e-01 -1.633300781250000000e-01 -3.027343750000000000e-02
1.029296875000000000e+00 -1.618652343750000000e-01 -2.465820312500000000e-02
9.704589843750000000e-01 -1.596679687500000000e-01 -2.661132812500000000e-02
9.704589843750000000e-01 -1.689453125000000000e-01 -2.832031250000000000e-02
9.702148437500000000e-01 -1.635742187500000000e-01 -2.734375000000000000e-02
9.689941406250000000e-01 -1.701660156250000000e-01 -2.807617187500000000e-02
9.707031250000000000e-01 -1.655273437500000000e-01 -2.709960937500000000e-02
9.729003906250000000e-01 -1.635742187500000000e-01 2.929687500000000000e-02
9.719238281250000000e-01 -1.569824218750000000e-01 -2.709960937500000000e-02
9.746093750000000000e-01 -1.604003906250000000e-01 -2.539062500000000000e-02
9.689941406250000000e-01 -1.589355468750000000e-01 2.832031250000000000e-02
9.704589843750000000e-01 -1.606445312500000000e-01 -2.905273437500000000e-02
9.714355468750000000e-01 -1.650390625000000000e-01 -2.661132812500000000e-02
1.031250000000000000e+00 -1.645507812500000000e-01 -2.368164062500000000e-02
9.702148437500000000e-01 -1.655273437500000000e-01 -2.978515625000000000e-02
9.716796875000000000e-01 -1.667480468750000000e-01 -2.368164062500000000e-02
1.031250000000000000e+00 -1.662597656250000000e-01 3.125000000000000000e-02
9.716796875000000000e-01 -1.630859375000000000e-01 3.076171875000000000e-02
9.721679687500000000e-01 -1.604003906250000000e-01 -2.905273437500000000e-02
1.029785156250000000e+00 -1.665039062500000000e-01 -3.027343750000000000e-02
9.707031250000000000e-01 -1.650390625000000000e-01 -2.661132812500000000e-02
9.724121093750000000e-01 -1.665039062500000000e-01 -2.587890625000000000e-02
9.738769531250000000e-01 -1.665039062500000000e-01 -2.661132812500000000e-02
1.027587890625000000e+00 -1.684570312500000000e-01 2.392578125000000000e-02
