1.022216796875000000e+00 -1.582031250000000000e-01 -5.419921875000000000e-02
9.702148437500000000e-01 -1.677246093750000000e-01 -1.298828125000000000e-01
1.022949218750000000e+00 -2.143554687500000000e-01 -4.272460937500000000e-02
1.022949218750000000e+00 -1.582031250000000000e-01 -3.857421875000000000e-02
1.029052734375000000e+00 -1.650390625000000000e-01 -5.615234375000000000e-02
9.736328125000000000e-01 -1.745605468750000000e-01 -4.248046875000000000e-02
1.030029296875000000e+00 -1.630859375000000000e-01 -4.760742187500000000e-02
1.025390625000000000e+00 -1.630859375000000000e-01 -4.418945312500000000e-02
1.028076171875000000e+00 -1.674804687500000000e-01 -5.468750000000000000e-02
9.726562500000000000e-01 -1.694335937500000000e-01 -5.859375000000000000e-02
9.726562500000000000e-01 -1.694335937500000000e-01 -5.859375000000000000e-02
1.027587890625000000e+00 -1.674804687500000000e-01 -5.810546875000000000e-02
9.748535156250000000e-01 -1.689453125000000000e-01 -1.555175781250000000e-01
9.748535156250000000e-01 -1.689453125000000000e-01 -1.555175781250000000e-01
1.030517578125000000e+00 -1.606445312500000000e-01 -5.371093750000000000e-02
1.030517578125000000e+00 -1.606445312500000000e-01 -5.371093750000000000e-02
9.721679687500000000e-01 -1.633300781250000000e-01 -6.201171875000000000e-02
9.721679687500000000e-01 -1.633300781250000000e-01 -6.201171875000000000e-02
1.024169921875000000e+00 -2.080078125000000000e-01 -1.401367187500000000e-01
1.024169921875000000e+00 -2.080078125000000000e-01 -1.401367187500000000e-01
1.030517578125000000e+00 -2.609863281250000000e-01 -1.005859375000000000e-01
1.025146484375000000e+00 -1.911621093750000000e-01 -1.958007812500000000e-01
8.544921875000000000e-01 -1.687011718750000000e-01 -1.467285156250000000e-01
1.000732421875000000e+00 -9.423828125000000000e-02 -5.981445312500000000e-02
1.002685546875000000e+00 -1.997070312500000000e-01 -2.856445312500000000e-02
9.277343750000000000e-01 -7.080078125000000000e-02 -1.281738281250000000e-01
8.525390625000000000e-01 -1.135253906250000000e-01 -9.033203125000000000e-03
1.021972656250000000e+00 -2.111816406250000000e-01 -6.420898437500000000e-02
1.006347656250000000e+00 -8.398437500000000000e-02 -7.788085937500000000e-02
1.078369140625000000e+00 -2.441406250000000000e-04 -8.105468750000000000e-02
1.040039062500000000e+00 -8.105468750000000000e-02 -1.311035156250000000e-01
1.011230468750000000e+00 3.027343750000000000e-02 -5.908203125000000000e-02
1.008056640625000000e+00 -2.685546875000000000e-02 1.245117187500000000e-02
9.519042968750000000e-01 -3.564453125000000000e-02 6.860351562500000000e-02
9.519042968750000000e-01 -3.564453125000000000e-02 6.860351562500000000e-02
9.799804687500000000e-01 -5.126953125000000000e-02 1.232910156250000000e-01
9.011230468750000000e-01 1.306152343750000000e-01 3.168945312500000000e-01
9.011230468750000000e-01 1.306152343750000000e-01 3.168945312500000000e-01
1.063232421875000000e+00 1.425781250000000000e-01 5.090332031250000000e-01
1.063232421875000000e+00 1.425781250000000000e-01 5.090332031250000000e-01
1.220703125000000000e+00 -1.296386718750000000e-01 5.866699218750000000e-01
1.220703125000000000e+00 -1.296386718750000000e-01 5.866699218750000000e-01
1.237548828125000000e+00 -1.066894531250000000e-01 6.455078125000000000e-01
1.237548828125000000e+00 -1.066894531250000000e-01 6.455078125000000000e-01
1.050292968750000000e+00 -8.618164062500000000e-02 6.135253906250000000e-01
7.993164062500000000e-01 -4.785156250000000000e-02 5.522460937500000000e-01
8.068847656250000000e-01 6.347656250000000000e-02 5.573730468750000000e-01
9.482421875000000000e-01 1.523437500000000000e-01 5.622558593750000000e-01
9.018554687500000000e-01 1.535644531250000000e-01 6.035156250000000000e-01
7.775878906250000000e-01 2.302246093750000000e-01 7.072753906250000000e-01
5.571289062500000000e-01 4.287109375000000000e-01 7.456054687500000000e-01
4.858398437500000000e-01 4.138183593750000000e-01 7.844238281250000000e-01
4.311523437500000000e-01 4.624023437500000000e-01 9.020996093750000000e-01
3.640136718750000000e-01 4.270019531250000000e-01 9.040527343750000000e-01
3.864746093750000000e-01 4.443359375000000000e-01 8.750000000000000000e-01
3.754882812500000000e-01 2.890625000000000000e-01 9.099121093750000000e-01
2.348632812500000000e-01 1.640625000000000000e-01 1.023925781250000000e+00
1.579589843750000000e-01 -9.033203125000000000e-03 1.130859375000000000e+00
1.579589843750000000e-01 -9.033203125000000000e-03 1.130859375000000000e+00
1.694335937500000000e-01 7.788085937500000000e-02 1.101074218750000000e+00
1.464843750000000000e-01 -1.938476562500000000e-01 1.085449218750000000e+00
1.516113281250000000e-01 -7.055664062500000000e-02 1.194580078125000000e+00
1.516113281250000000e-01 -7.055664062500000000e-02 1.194580078125000000e+00
2.065429687500000000e-01 -4.882812500000000000e-04 1.029541015625000000e+00
1.862792968750000000e-01 5.786132812500000000e-02 1.132080078125000000e+00
2.517089843750000000e-01 8.227539062500000000e-02 1.048583984375000000e+00
2.517089843750000000e-01 8.227539062500000000e-02 1.048583984375000000e+00
2.119140625000000000e-01 5.566406250000000000e-02 9.763183593750000000e-01
2.119140625000000000e-01 5.566406250000000000e-02 9.763183593750000000e-01
2.106933593750000000e-01 1.335449218750000000e-01 1.067382812500000000e+00
1.474609375000000000e-01 -7.324218750000000000e-04 1.155761718750000000e+00
1.303710937500000000e-01 1.074218750000000000e-02 1.096435546875000000e+00
1.010742187500000000e-01 -1.562500000000000000e-02 1.149902343750000000e+00
1.201171875000000000e-01 9.130859375000000000e-02 1.146484375000000000e+00
2.133789062500000000e-01 3.002929687500000000e-02 1.081054687500000000e+00
2.016601562500000000e-01 7.592773437500000000e-02 1.039306640625000000e+00
2.075195312500000000e-01 -1.318359375000000000e-02 1.049560546875000000e+00
2.075195312500000000e-01 -1.318359375000000000e-02 1.049560546875000000e+00
1.962890625000000000e-01 -9.765625000000000000e-04 1.062500000000000000e+00
2.006835937500000000e-01 -1.049804687500000000e-02 1.053710937500000000e+00
2.006835937500000000e-01 -1.049804687500000000e-02 1.053710937500000000e+00
2.041015625000000000e-01 -1.342773437500000000e-02 1.051025390625000000e+00
2.041015625000000000e-01 -1.342773437500000000e-02 1.051025390625000000e+00
1.936035156250000000e-01 -2.441406250000000000e-04 1.056884765625000000e+00
1.936035156250000000e-01 -2.441406250000000000e-04 1.056884765625000000e+00
1.911621093750000000e-01 -1.220703125000000000e-03 1.125244140625000000e+00
1.950683593750000000e-01 -5.859375000000000000e-03 1.057128906250000000e+00
1.950683593750000000e-01 -5.859375000000000000e-03 1.057128906250000000e+00
1.933593750000000000e-01 -9.033203125000000000e-03 1.126953125000000000e+00
1.955566406250000000e-01 -1.000976562500000000e-02 1.055908203125000000e+00
1.955566406250000000e-01 -1.000976562500000000e-02 1.055908203125000000e+00
1.203613281250000000e-01 -8.300781250000000000e-03 1.056640625000000000e+00
1.203613281250000000e-01 -8.300781250000000000e-03 1.056640625000000000e+00
1.894531250000000000e-01 -1.196289062500000000e-02 1.057617187500000000e+00
1.232910156250000000e-01 -6.591796875000000000e-03 1.060546875000000000e+00
1.232910156250000000e-01 -6.591796875000000000e-03 1.060546875000000000e+00
1.899414062500000000e-01 -8.544921875000000000e-03 1.130615234375000000e+00
1.899414062500000000e-01 -8.544921875000000000e-03 1.130615234375000000e+00
1.904296875000000000e-01 -8.300781250000000000e-03 1.053222656250000000e+00
1.230468750000000000e-01 -3.906250000000000000e-03 1.060058593750000000e+00
1.230468750000000000e-01 -3.906250000000000000e-03 1.060058593750000000e+00
1.879882812500000000e-01 -1.000976562500000000e-02 1.061035156250000000e+00
1.201171875000000000e-01 -8.056640625000000000e-03 1.056396484375000000e+00
1.201171875000000000e-01 -8.056640625000000000e-03 1.056396484375000000e+00
1.213378906250000000e-01 -8.544921875000000000e-03 1.057128906250000000e+00
1.213378906250000000e-01 -8.544921875000000000e-03 1.057128906250000000e+00
1.896972656250000000e-01 -1.123046875000000000e-02 1.058837890625000000e+00
1.896972656250000000e-01 -1.123046875000000000e-02 1.058837890625000000e+00
1.198730468750000000e-01 -6.835937500000000000e-03 1.058593750000000000e+00
1.237792968750000000e-01 -1.391601562500000000e-02 1.061035156250000000e+00
1.237792968750000000e-01 -1.391601562500000000e-02 1.061035156250000000e+00
1.237792968750000000e-01 -1.196289062500000000e-02 1.062011718750000000e+00
1.237792968750000000e-01 -1.196289062500000000e-02 1.062011718750000000e+00
1.152343750000000000e-01 -8.544921875000000000e-03 1.060546875000000000e+00
1.152343750000000000e-01 -8.544921875000000000e-03 1.060546875000000000e+00
1.152343750000000000e-01 -8.544921875000000000e-03 1.060546875000000000e+00
1.215820312500000000e-01 -8.544921875000000000e-03 1.058837890625000000e+00
1.186523437500000000e-01 -7.080078125000000000e-03 1.054931640625000000e+00
1.193847656250000000e-01 -1.196289062500000000e-02 1.055908203125000000e+00
1.171875000000000000e-01 -8.544921875000000000e-03 1.099853515625000000e+00
2.004394531250000000e-01 -2.563476562500000000e-02 1.056396484375000000e+00
2.004394531250000000e-01 -2.563476562500000000e-02 1.056396484375000000e+00
1.950683593750000000e-01 -1.416015625000000000e-02 1.041503906250000000e+00
1.950683593750000000e-01 -1.416015625000000000e-02 1.041503906250000000e+00
1.950683593750000000e-01 -1.416015625000000000e-02 1.041503906250000000e+00
1.916503906250000000e-01 -1.245117187500000000e-02 1.049804687500000000e+00
1.916503906250000000e-01 -1.245117187500000000e-02 1.049804687500000000e+00
1.916503906250000000e-01 -1.977539062500000000e-02 1.057861328125000000e+00
1.916503906250000000e-01 -2.441406250000000000e-02 1.132080078125000000e+00
1.943359375000000000e-01 -2.905273437500000000e-02 1.126708984375000000e+00
1.235351562500000000e-01 -2.490234375000000000e-02 1.043457031250000000e+00
1.235351562500000000e-01 -2.490234375000000000e-02 1.043457031250000000e+00
1.237792968750000000e-01 -1.928710937500000000e-02 1.129882812500000000e+00
1.237792968750000000e-01 -1.928710937500000000e-02 1.129882812500000000e+00
1.237792968750000000e-01 -1.928710937500000000e-02 1.129882812500000000e+00
1.879882812500000000e-01 -2.612304687500000000e-02 1.057373046875000000e+00
1.879882812500000000e-01 -2.612304687500000000e-02 1.057373046875000000e+00
1.921386718750000000e-01 3.002929687500000000e-02 1.062011718750000000e+00
1.921386718750000000e-01 3.002929687500000000e-02 1.062011718750000000e+00
1.093750000000000000e-01 -1.049804687500000000e-02 1.045654296875000000e+00
1.093750000000000000e-01 -1.049804687500000000e-02 1.045654296875000000e+00
1.433105468750000000e-01 -3.906250000000000000e-03 1.125976562500000000e+00
1.506347656250000000e-01 -2.319335937500000000e-02 1.043701171875000000e+00
1.276855468750000000e-01 -2.905273437500000000e-02 1.133056640625000000e+00
5.371093750000000000e-02 2.539062500000000000e-02 1.054931640625000000e+00
1.396484375000000000e-01 -2.270507812500000000e-02 1.046386718750000000e+00
4.370117187500000000e-02 7.031250000000000000e-02 1.032226562500000000e+00
4.370117187500000000e-02 7.031250000000000000e-02 1.032226562500000000e+00
1.394042968750000000e-01 -2.441406250000000000e-04 1.042968750000000000e+00
1.894531250000000000e-01 -1.733398437500000000e-02 1.148681640625000000e+00
1.687011718750000000e-01 2.685546875000000000e-02 1.057861328125000000e+00
1.430664062500000000e-01 -7.324218750000000000e-02 1.042480468750000000e+00
1.491699218750000000e-01 -1.220703125000000000e-03 1.141113281250000000e+00
1.403808593750000000e-01 8.227539062500000000e-02 1.143798828125000000e+00
1.369628906250000000e-01 5.786132812500000000e-02 1.055908203125000000e+00
4.614257812500000000e-02 7.714843750000000000e-02 1.036376953125000000e+00
6.884765625000000000e-02 3.662109375000000000e-03 1.040771484375000000e+00
-1.464843750000000000e-03 -2.197265625000000000e-03 1.076171875000000000e+00
2.114257812500000000e-01 3.247070312500000000e-02 1.129150390625000000e+00
2.451171875000000000e-01 1.882324218750000000e-01 1.064453125000000000e+00
3.872070312500000000e-01 -1.123046875000000000e-02 1.025146484375000000e+00
4.396972656250000000e-01 3.564453125000000000e-02 1.141845703125000000e+00
4.460449218750000000e-01 -7.153320312500000000e-02 9.321289062500000000e-01
4.133300781250000000e-01 1.489257812500000000e-02 1.093505859375000000e+00
4.296875000000000000e-01 2.075195312500000000e-02 9.067382812500000000e-01
5.407714843750000000e-01 7.104492187500000000e-02 9.208984375000000000e-01
5.468750000000000000e-01 5.688476562500000000e-02 1.005615234375000000e+00
6.079101562500000000e-01 4.785156250000000000e-02 8.059082031250000000e-01
6.601562500000000000e-01 3.452148437500000000e-01 7.915039062500000000e-01
6.896972656250000000e-01 2.626953125000000000e-01 7.666015625000000000e-01
6.896972656250000000e-01 2.626953125000000000e-01 7.666015625000000000e-01
7.768554687500000000e-01 2.539062500000000000e-01 6.083984375000000000e-01
7.819824218750000000e-01 3.286132812500000000e-01 5.466308593750000000e-01
7.819824218750000000e-01 3.286132812500000000e-01 5.466308593750000000e-01
9.028320312500000000e-01 3.254394531250000000e-01 5.270996093750000000e-01
9.028320312500000000e-01 3.254394531250000000e-01 5.270996093750000000e-01
8.945312500000000000e-01 3.232421875000000000e-01 5.366210937500000000e-01
8.808593750000000000e-01 1.757812500000000000e-01 5.793457031250000000e-01
8.791503906250000000e-01 2.177734375000000000e-01 6.406250000000000000e-01
8.032226562500000000e-01 1.066894531250000000e-01 6.445312500000000000e-01
7.939453125000000000e-01 1.035156250000000000e-01 6.352539062500000000e-01
7.939453125000000000e-01 1.035156250000000000e-01 6.352539062500000000e-01
9.428710937500000000e-01 3.393554687500000000e-02 6.345214843750000000e-01
9.428710937500000000e-01 3.393554687500000000e-02 6.345214843750000000e-01
8.491210937500000000e-01 6.933593750000000000e-02 6.545410156250000000e-01
8.740234375000000000e-01 -1.149902343750000000e-01 5.397949218750000000e-01
9.531250000000000000e-01 -1.486816406250000000e-01 5.876464843750000000e-01
9.531250000000000000e-01 -1.486816406250000000e-01 5.876464843750000000e-01
8.520507812500000000e-01 -1.013183593750000000e-01 5.490722656250000000e-01
9.409179687500000000e-01 -1.286621093750000000e-01 5.615234375000000000e-01
9.409179687500000000e-01 -1.286621093750000000e-01 5.615234375000000000e-01
9.016113281250000000e-01 -1.440429687500000000e-01 5.871582031250000000e-01
9.565429687500000000e-01 -5.810546875000000000e-02 5.900878906250000000e-01
9.565429687500000000e-01 -5.810546875000000000e-02 5.900878906250000000e-01
8.657226562500000000e-01 -8.496093750000000000e-02 5.395507812500000000e-01
9.011230468750000000e-01 -6.738281250000000000e-02 5.373535156250000000e-01
9.011230468750000000e-01 -6.738281250000000000e-02 5.373535156250000000e-01
9.096679687500000000e-01 -6.518554687500000000e-02 5.380859375000000000e-01
9.177246093750000000e-01 -7.641601562500000000e-02 4.787597656250000000e-01
9.177246093750000000e-01 -7.641601562500000000e-02 4.787597656250000000e-01
