9.802246093750000000e-01 -1.557617187500000000e-01 6.542968750000000000e-02
9.858398437500000000e-01 -1.552734375000000000e-01 6.665039062500000000e-02
9.858398437500000000e-01 -1.552734375000000000e-01 6.665039062500000000e-02
9.833984375000000000e-01 -9.619140625000000000e-02 6.323242187500000000e-02
9.814453125000000000e-01 -9.472656250000000000e-02 7.177734375000000000e-02
9.826660156250000000e-01 -1.491699218750000000e-01 6.860351562500000000e-02
9.858398437500000000e-01 -1.513671875000000000e-01 6.811523437500000000e-02
9.824218750000000000e-01 -1.557617187500000000e-01 6.713867187500000000e-02
9.829101562500000000e-01 -9.716796875000000000e-02 6.445312500000000000e-02
9.824218750000000000e-01 -1.550292968750000000e-01 6.616210937500000000e-02
9.816894531250000000e-01 -1.533203125000000000e-01 7.348632812500000000e-02
9.831542968750000000e-01 -1.518554687500000000e-01 6.787109375000000000e-02
9.838867187500000000e-01 -1.555175781250000000e-01 6.811523437500000000e-02
9.833984375000000000e-01 -9.594726562500000000e-02 6.835937500000000000e-02
9.865722656250000000e-01 -1.540527343750000000e-01 7.153320312500000000e-02
9.936523437500000000e-01 -1.535644531250000000e-01 7.275390625000000000e-02
9.785156250000000000e-01 -9.594726562500000000e-02 8.398437500000000000e-02
9.833984375000000000e-01 -1.511230468750000000e-01 8.935546875000000000e-02
9.890136718750000000e-01 -1.533203125000000000e-01 8.105468750000000000e-02
9.807128906250000000e-01 -1.555175781250000000e-01 7.373046875000000000e-02
9.797363281250000000e-01 -9.741210937500000000e-02 7.226562500000000000e-02
9.799804687500000000e-01 -9.863281250000000000e-02 8.544921875000000000e-02
9.858398437500000000e-01 -9.667968750000000000e-02 7.910156250000000000e-02
9.882812500000000000e-01 -9.667968750000000000e-02 8.081054687500000000e-02
9.855957031250000000e-01 -1.489257812500000000e-01 8.837890625000000000e-02
9.873046875000000000e-01 -1.555175781250000000e-01 8.081054687500000000e-02
9.841308593750000000e-01 -1.538085937500000000e-01 8.105468750000000000e-02
9.863281250000000000e-01 -9.423828125000000000e-02 7.910156250000000000e-02
9.780273437500000000e-01 -9.570312500000000000e-02 7.275390625000000000e-02
9.831542968750000000e-01 -9.667968750000000000e-02 7.202148437500000000e-02
9.860839843750000000e-01 -1.555175781250000000e-01 8.007812500000000000e-02
9.785156250000000000e-01 -1.560058593750000000e-01 8.007812500000000000e-02
9.829101562500000000e-01 -1.557617187500000000e-01 8.642578125000000000e-02
9.833984375000000000e-01 -1.018066406250000000e-01 9.082031250000000000e-02
9.885253906250000000e-01 -9.887695312500000000e-02 8.496093750000000000e-02
9.868164062500000000e-01 -9.716796875000000000e-02 8.276367187500000000e-02
9.794921875000000000e-01 -9.570312500000000000e-02 7.739257812500000000e-02
9.797363281250000000e-01 -9.448242187500000000e-02 8.032226562500000000e-02
9.909667968750000000e-01 -9.423828125000000000e-02 7.885742187500000000e-02
9.814453125000000000e-01 -1.523437500000000000e-01 8.569335937500000000e-02
9.816894531250000000e-01 -9.643554687500000000e-02 9.277343750000000000e-02
9.895019531250000000e-01 -9.667968750000000000e-02 3.710937500000000000e-02
9.865722656250000000e-01 -1.005859375000000000e-01 3.540039062500000000e-02
9.836425781250000000e-01 -1.562500000000000000e-01 9.106445312500000000e-02
9.863281250000000000e-01 -1.557617187500000000e-01 9.252929687500000000e-02
9.868164062500000000e-01 -1.542968750000000000e-01 8.593750000000000000e-02
9.860839843750000000e-01 -1.547851562500000000e-01 8.569335937500000000e-02
9.816894531250000000e-01 -1.542968750000000000e-01 8.911132812500000000e-02
9.829101562500000000e-01 -9.399414062500000000e-02 3.295898437500000000e-02
9.826660156250000000e-01 -1.562500000000000000e-01 3.515625000000000000e-02
9.892578125000000000e-01 -1.003417968750000000e-01 4.003906250000000000e-02
9.755859375000000000e-01 -1.049804687500000000e-01 9.301757812500000000e-02
9.943847656250000000e-01 -1.086425781250000000e-01 8.081054687500000000e-02
9.895019531250000000e-01 -1.520996093750000000e-01 9.228515625000000000e-02
9.851074218750000000e-01 -1.560058593750000000e-01 3.320312500000000000e-02
9.794921875000000000e-01 -1.059570312500000000e-01 8.935546875000000000e-02
9.843750000000000000e-01 -9.643554687500000000e-02 9.204101562500000000e-02
9.829101562500000000e-01 -9.399414062500000000e-02 3.833007812500000000e-02
9.843750000000000000e-01 -9.887695312500000000e-02 9.277343750000000000e-02
9.838867187500000000e-01 -9.790039062500000000e-02 3.222656250000000000e-02
9.836425781250000000e-01 -1.047363281250000000e-01 3.515625000000000000e-02
9.863281250000000000e-01 -9.570312500000000000e-02 3.271484375000000000e-02
9.821777343750000000e-01 -1.530761718750000000e-01 3.564453125000000000e-02
9.826660156250000000e-01 -1.035156250000000000e-01 3.295898437500000000e-02
9.819335937500000000e-01 -9.765625000000000000e-02 9.375000000000000000e-02
9.821777343750000000e-01 -9.594726562500000000e-02 3.442382812500000000e-02
9.765625000000000000e-01 -1.538085937500000000e-01 3.271484375000000000e-02
9.833984375000000000e-01 -9.765625000000000000e-02 8.935546875000000000e-02
9.755859375000000000e-01 -9.448242187500000000e-02 3.393554687500000000e-02
9.838867187500000000e-01 -1.013183593750000000e-01 3.417968750000000000e-02
9.882812500000000000e-01 -9.912109375000000000e-02 3.906250000000000000e-02
9.926757812500000000e-01 -9.716796875000000000e-02 8.325195312500000000e-02
9.802246093750000000e-01 -1.550292968750000000e-01 5.078125000000000000e-02
9.814453125000000000e-01 -1.540527343750000000e-01 4.418945312500000000e-02
9.895019531250000000e-01 -9.472656250000000000e-02 4.345703125000000000e-02
9.826660156250000000e-01 -9.570312500000000000e-02 4.638671875000000000e-02
9.855957031250000000e-01 -9.667968750000000000e-02 3.686523437500000000e-02
9.829101562500000000e-01 -1.550292968750000000e-01 4.101562500000000000e-02
9.865722656250000000e-01 -9.521484375000000000e-02 3.881835937500000000e-02
9.814453125000000000e-01 -9.570312500000000000e-02 4.174804687500000000e-02
9.885253906250000000e-01 -1.003417968750000000e-01 3.588867187500000000e-02
9.865722656250000000e-01 -9.619140625000000000e-02 4.150390625000000000e-02
9.772949218750000000e-01 -1.547851562500000000e-01 3.686523437500000000e-02
9.873046875000000000e-01 -9.741210937500000000e-02 3.515625000000000000e-02
9.843750000000000000e-01 -1.562500000000000000e-01 3.393554687500000000e-02
9.804687500000000000e-01 -1.533203125000000000e-01 3.540039062500000000e-02
9.799804687500000000e-01 -1.547851562500000000e-01 4.467773437500000000e-02
9.829101562500000000e-01 -1.542968750000000000e-01 3.417968750000000000e-02
9.851074218750000000e-01 -9.448242187500000000e-02 9.375000000000000000e-02
9.833984375000000000e-01 -9.594726562500000000e-02 4.077148437500000000e-02
9.873046875000000000e-01 -9.472656250000000000e-02 3.198242187500000000e-02
9.797363281250000000e-01 -9.497070312500000000e-02 3.540039062500000000e-02
9.841308593750000000e-01 -9.521484375000000000e-02 3.613281250000000000e-02
9.794921875000000000e-01 -1.547851562500000000e-01 3.369140625000000000e-02
9.873046875000000000e-01 -9.716796875000000000e-02 9.252929687500000000e-02
9.824218750000000000e-01 -1.547851562500000000e-01 3.393554687500000000e-02
9.824218750000000000e-01 -9.521484375000000000e-02 9.375000000000000000e-02
9.873046875000000000e-01 -9.448242187500000000e-02 9.033203125000000000e-02
9.829101562500000000e-01 -9.423828125000000000e-02 9.326171875000000000e-02
9.858398437500000000e-01 -9.912109375000000000e-02 8.862304687500000000e-02
9.841308593750000000e-01 -9.448242187500000000e-02 9.179687500000000000e-02
9.846191406250000000e-01 -1.560058593750000000e-01 8.618164062500000000e-02
9.858398437500000000e-01 -1.557617187500000000e-01 9.326171875000000000e-02
9.865722656250000000e-01 -1.525878906250000000e-01 8.764648437500000000e-02
9.877929687500000000e-01 -9.472656250000000000e-02 9.301757812500000000e-02
9.758300781250000000e-01 -1.530761718750000000e-01 9.326171875000000000e-02
9.831542968750000000e-01 -1.560058593750000000e-01 8.813476562500000000e-02
9.799804687500000000e-01 -1.516113281250000000e-01 9.301757812500000000e-02
9.897460937500000000e-01 -1.555175781250000000e-01 8.984375000000000000e-02
9.831542968750000000e-01 -9.521484375000000000e-02 8.471679687500000000e-02
9.829101562500000000e-01 -9.399414062500000000e-02 8.178710937500000000e-02
9.799804687500000000e-01 -1.542968750000000000e-01 8.325195312500000000e-02
9.836425781250000000e-01 -9.472656250000000000e-02 7.958984375000000000e-02
9.814453125000000000e-01 -9.448242187500000000e-02 7.299804687500000000e-02
9.848632812500000000e-01 -9.765625000000000000e-02 8.374023437500000000e-02
9.812011718750000000e-01 -1.528320312500000000e-01 8.032226562500000000e-02
9.794921875000000000e-01 -1.540527343750000000e-01 8.105468750000000000e-02
9.838867187500000000e-01 -9.643554687500000000e-02 8.764648437500000000e-02
9.824218750000000000e-01 -1.555175781250000000e-01 7.910156250000000000e-02
9.860839843750000000e-01 -1.518554687500000000e-01 8.447265625000000000e-02
9.812011718750000000e-01 -1.562500000000000000e-01 8.374023437500000000e-02
9.826660156250000000e-01 -1.523437500000000000e-01 7.885742187500000000e-02
9.853515625000000000e-01 -9.521484375000000000e-02 7.861328125000000000e-02
9.772949218750000000e-01 -1.552734375000000000e-01 8.837890625000000000e-02
9.826660156250000000e-01 -1.550292968750000000e-01 7.861328125000000000e-02
9.797363281250000000e-01 -1.557617187500000000e-01 8.886718750000000000e-02
9.860839843750000000e-01 -1.535644531250000000e-01 8.374023437500000000e-02
9.829101562500000000e-01 -1.550292968750000000e-01 8.618164062500000000e-02
9.816894531250000000e-01 -1.530761718750000000e-01 8.593750000000000000e-02
9.863281250000000000e-01 -9.497070312500000000e-02 8.520507812500000000e-02
9.838867187500000000e-01 -1.540527343750000000e-01 8.642578125000000000e-02
9.853515625000000000e-01 -1.547851562500000000e-01 8.154296875000000000e-02
9.812011718750000000e-01 -9.423828125000000000e-02 8.203125000000000000e-02
9.843750000000000000e-01 -1.550292968750000000e-01 9.326171875000000000e-02
9.799804687500000000e-01 -1.516113281250000000e-01 8.935546875000000000e-02
9.802246093750000000e-01 -9.423828125000000000e-02 8.764648437500000000e-02
9.843750000000000000e-01 -1.501464843750000000e-01 8.349609375000000000e-02
9.851074218750000000e-01 -1.518554687500000000e-01 8.520507812500000000e-02
9.785156250000000000e-01 -1.516113281250000000e-01 9.082031250000000000e-02
9.855957031250000000e-01 -9.399414062500000000e-02 8.813476562500000000e-02
9.890136718750000000e-01 -1.542968750000000000e-01 9.375000000000000000e-02
9.814453125000000000e-01 -9.472656250000000000e-02 3.295898437500000000e-02
9.799804687500000000e-01 -1.491699218750000000e-01 9.301757812500000000e-02
9.865722656250000000e-01 -9.594726562500000000e-02 3.686523437500000000e-02
9.799804687500000000e-01 -1.523437500000000000e-01 9.301757812500000000e-02
9.860839843750000000e-01 -9.765625000000000000e-02 9.082031250000000000e-02
9.794921875000000000e-01 -1.501464843750000000e-01 9.252929687500000000e-02
9.838867187500000000e-01 -1.523437500000000000e-01 9.301757812500000000e-02
9.890136718750000000e-01 -1.511230468750000000e-01 8.691406250000000000e-02
9.841308593750000000e-01 -1.542968750000000000e-01 9.228515625000000000e-02
9.802246093750000000e-01 -1.555175781250000000e-01 4.370117187500000000e-02
9.858398437500000000e-01 -1.499023437500000000e-01 8.984375000000000000e-02
9.868164062500000000e-01 -9.472656250000000000e-02 9.350585937500000000e-02
9.802246093750000000e-01 -1.518554687500000000e-01 4.003906250000000000e-02
9.829101562500000000e-01 -1.545410156250000000e-01 3.759765625000000000e-02
9.899902343750000000e-01 -1.525878906250000000e-01 3.808593750000000000e-02
9.814453125000000000e-01 -1.540527343750000000e-01 3.540039062500000000e-02
9.814453125000000000e-01 -1.545410156250000000e-01 4.174804687500000000e-02
9.919433593750000000e-01 -1.555175781250000000e-01 4.614257812500000000e-02
9.797363281250000000e-01 -1.540527343750000000e-01 3.222656250000000000e-02
9.831542968750000000e-01 -1.535644531250000000e-01 3.808593750000000000e-02
9.892578125000000000e-01 -9.521484375000000000e-02 3.393554687500000000e-02
9.812011718750000000e-01 -1.005859375000000000e-01 3.466796875000000000e-02
9.799804687500000000e-01 -9.765625000000000000e-02 4.394531250000000000e-02
9.833984375000000000e-01 -1.516113281250000000e-01 3.906250000000000000e-02
9.836425781250000000e-01 -1.528320312500000000e-01 4.272460937500000000e-02
9.836425781250000000e-01 -1.528320312500000000e-01 4.467773437500000000e-02
9.838867187500000000e-01 -1.530761718750000000e-01 9.252929687500000000e-02
9.863281250000000000e-01 -9.521484375000000000e-02 3.735351562500000000e-02
9.804687500000000000e-01 -9.765625000000000000e-02 8.789062500000000000e-02
9.821777343750000000e-01 -1.523437500000000000e-01 9.375000000000000000e-02
9.853515625000000000e-01 -1.000976562500000000e-01 9.252929687500000000e-02
9.846191406250000000e-01 -1.528320312500000000e-01 9.301757812500000000e-02
9.836425781250000000e-01 -1.547851562500000000e-01 4.589843750000000000e-02
9.819335937500000000e-01 -1.540527343750000000e-01 4.272460937500000000e-02
9.853515625000000000e-01 -1.562500000000000000e-01 3.295898437500000000e-02
9.829101562500000000e-01 -1.533203125000000000e-01 9.277343750000000000e-02
9.863281250000000000e-01 -9.521484375000000000e-02 9.301757812500000000e-02
9.780273437500000000e-01 -1.496582031250000000e-01 3.442382812500000000e-02
9.880371093750000000e-01 -9.497070312500000000e-02 3.149414062500000000e-02
9.858398437500000000e-01 -9.472656250000000000e-02 3.442382812500000000e-02
9.819335937500000000e-01 -1.550292968750000000e-01 9.106445312500000000e-02
9.814453125000000000e-01 -1.520996093750000000e-01 3.247070312500000000e-02
9.848632812500000000e-01 -1.518554687500000000e-01 3.686523437500000000e-02
9.846191406250000000e-01 -1.508789062500000000e-01 4.858398437500000000e-02
9.794921875000000000e-01 -1.555175781250000000e-01 5.761718750000000000e-02
9.785156250000000000e-01 -1.538085937500000000e-01 3.662109375000000000e-02
9.880371093750000000e-01 -1.547851562500000000e-01 4.028320312500000000e-02
9.804687500000000000e-01 -9.423828125000000000e-02 4.272460937500000000e-02
9.782714843750000000e-01 -9.692382812500000000e-02 4.101562500000000000e-02
9.821777343750000000e-01 -1.562500000000000000e-01 4.541015625000000000e-02
9.812011718750000000e-01 -1.538085937500000000e-01 4.272460937500000000e-02
9.870605468750000000e-01 -1.523437500000000000e-01 3.735351562500000000e-02
9.841308593750000000e-01 -1.547851562500000000e-01 3.833007812500000000e-02
9.853515625000000000e-01 -1.528320312500000000e-01 3.759765625000000000e-02
9.782714843750000000e-01 -9.667968750000000000e-02 3.540039062500000000e-02
9.824218750000000000e-01 -9.399414062500000000e-02 4.077148437500000000e-02
9.865722656250000000e-01 -1.523437500000000000e-01 4.248046875000000000e-02
9.841308593750000000e-01 -9.448242187500000000e-02 3.735351562500000000e-02
9.848632812500000000e-01 -1.555175781250000000e-01 3.588867187500000000e-02
