9.748535156250000000e-01 -2.145996093750000000e-01 5.957031250000000000e-02
9.814453125000000000e-01 -2.084960937500000000e-01 4.809570312500000000e-02
9.814453125000000000e-01 -2.084960937500000000e-01 4.809570312500000000e-02
9.814453125000000000e-01 -2.084960937500000000e-01 4.809570312500000000e-02
9.763183593750000000e-01 -2.092285156250000000e-01 4.565429687500000000e-02
9.794921875000000000e-01 -2.119140625000000000e-01 5.395507812500000000e-02
9.755859375000000000e-01 -2.104492187500000000e-01 4.516601562500000000e-02
9.841308593750000000e-01 -2.155761718750000000e-01 4.296875000000000000e-02
9.790039062500000000e-01 -2.097167968750000000e-01 4.394531250000000000e-02
9.785156250000000000e-01 -2.160644531250000000e-01 5.151367187500000000e-02
9.726562500000000000e-01 -2.087402343750000000e-01 4.345703125000000000e-02
9.824218750000000000e-01 -2.138671875000000000e-01 4.223632812500000000e-02
9.782714843750000000e-01 -2.080078125000000000e-01 3.833007812500000000e-02
9.765625000000000000e-01 -2.102050781250000000e-01 4.809570312500000000e-02
9.763183593750000000e-01 -2.036132812500000000e-01 4.443359375000000000e-02
9.780273437500000000e-01 -2.084960937500000000e-01 4.882812500000000000e-02
9.792480468750000000e-01 -2.089843750000000000e-01 5.712890625000000000e-02
9.765625000000000000e-01 -2.170410156250000000e-01 5.004882812500000000e-02
1.017822265625000000e+00 -1.582031250000000000e-01 5.273437500000000000e-02
9.787597656250000000e-01 -2.075195312500000000e-01 5.590820312500000000e-02
1.068603515625000000e+00 -2.006835937500000000e-01 8.227539062500000000e-02
1.065917968750000000e+00 -2.082519531250000000e-01 4.516601562500000000e-02
1.020263671875000000e+00 -1.945800781250000000e-01 1.469726562500000000e-01
9.819335937500000000e-01 -2.009277343750000000e-01 9.545898437500000000e-02
1.066406250000000000e+00 -2.087402343750000000e-01 1.481933593750000000e-01
9.768066406250000000e-01 -1.918945312500000000e-01 1.877441406250000000e-01
9.733886718750000000e-01 -1.921386718750000000e-01 1.157226562500000000e-01
1.030761718750000000e+00 -1.967773437500000000e-01 2.094726562500000000e-01
1.027343750000000000e+00 -1.918945312500000000e-01 2.167968750000000000e-01
1.063720703125000000e+00 -1.894531250000000000e-01 1.525878906250000000e-01
1.072509765625000000e+00 -1.582031250000000000e-01 1.303710937500000000e-01
1.081298828125000000e+00 -1.657714843750000000e-01 3.491210937500000000e-02
1.090820312500000000e+00 -1.733398437500000000e-01 2.294921875000000000e-02
1.030273437500000000e+00 -1.855468750000000000e-01 -1.049804687500000000e-02
9.907226562500000000e-01 -1.621093750000000000e-01 -8.300781250000000000e-03
9.709472656250000000e-01 -1.726074218750000000e-01 -2.026367187500000000e-02
9.785156250000000000e-01 -2.583007812500000000e-01 2.832031250000000000e-02
1.003662109375000000e+00 -1.833496093750000000e-01 -3.906250000000000000e-03
9.355468750000000000e-01 -2.656250000000000000e-01 -1.269531250000000000e-02
9.309082031250000000e-01 -1.865234375000000000e-01 7.910156250000000000e-02
1.000488281250000000e+00 -2.734375000000000000e-01 -2.221679687500000000e-02
1.000244140625000000e+00 -2.788085937500000000e-01 -7.812500000000000000e-03
9.252929687500000000e-01 -2.707519531250000000e-01 -1.440429687500000000e-02
1.003417968750000000e+00 -2.670898437500000000e-01 6.958007812500000000e-02
9.311523437500000000e-01 -2.590332031250000000e-01 -1.464843750000000000e-02
9.956054687500000000e-01 -2.744140625000000000e-01 7.324218750000000000e-02
9.731445312500000000e-01 -2.761230468750000000e-01 -2.612304687500000000e-02
1.020507812500000000e+00 -2.326660156250000000e-01 -7.568359375000000000e-03
1.007568359375000000e+00 -2.634277343750000000e-01 -2.929687500000000000e-03
9.150390625000000000e-01 -2.602539062500000000e-01 7.983398437500000000e-02
9.279785156250000000e-01 -2.668457031250000000e-01 -1.757812500000000000e-02
1.006835937500000000e+00 -2.722167968750000000e-01 -0.000000000000000000e+00
9.807128906250000000e-01 -1.691894531250000000e-01 6.616210937500000000e-02
1.023193359375000000e+00 -2.592773437500000000e-01 9.301757812500000000e-02
1.034667968750000000e+00 -2.812500000000000000e-01 6.689453125000000000e-02
9.880371093750000000e-01 -1.826171875000000000e-01 3.344726562500000000e-02
1.070068359375000000e+00 -1.691894531250000000e-01 5.297851562500000000e-02
1.031005859375000000e+00 -2.158203125000000000e-01 1.433105468750000000e-01
9.941406250000000000e-01 -1.687011718750000000e-01 1.384277343750000000e-01
1.075195312500000000e+00 -1.887207031250000000e-01 5.786132812500000000e-02
1.026367187500000000e+00 -2.170410156250000000e-01 9.643554687500000000e-02
1.027832031250000000e+00 -2.016601562500000000e-01 1.037597656250000000e-01
9.943847656250000000e-01 -1.940917968750000000e-01 1.457519531250000000e-01
9.799804687500000000e-01 -1.579589843750000000e-01 1.062011718750000000e-01
9.885253906250000000e-01 -2.055664062500000000e-01 1.499023437500000000e-01
9.951171875000000000e-01 -1.665039062500000000e-01 1.254882812500000000e-01
9.748535156250000000e-01 -1.940917968750000000e-01 1.958007812500000000e-01
9.274902343750000000e-01 -1.166992187500000000e-01 2.006835937500000000e-01
9.733886718750000000e-01 -2.019042968750000000e-01 9.106445312500000000e-02
1.032226562500000000e+00 -2.697753906250000000e-01 -3.173828125000000000e-03
1.030273437500000000e+00 -1.723632812500000000e-01 9.008789062500000000e-02
1.006591796875000000e+00 -1.250000000000000000e-01 1.262207031250000000e-01
1.048828125000000000e+00 -2.075195312500000000e-01 4.077148437500000000e-02
9.882812500000000000e-01 -2.165527343750000000e-01 1.340332031250000000e-01
9.645996093750000000e-01 -1.608886718750000000e-01 1.225585937500000000e-01
9.794921875000000000e-01 -1.564941406250000000e-01 1.293945312500000000e-01
9.914550781250000000e-01 -2.004394531250000000e-01 1.335449218750000000e-01
9.829101562500000000e-01 -1.687011718750000000e-01 4.199218750000000000e-02
9.931640625000000000e-01 -1.701660156250000000e-01 3.735351562500000000e-02
9.858398437500000000e-01 -2.114257812500000000e-01 5.810546875000000000e-02
1.017333984375000000e+00 -2.006835937500000000e-01 1.335449218750000000e-01
1.029296875000000000e+00 -1.591796875000000000e-01 1.257324218750000000e-01
9.870605468750000000e-01 -1.586914062500000000e-01 5.029296875000000000e-02
9.934082031250000000e-01 -2.131347656250000000e-01 5.541992187500000000e-02
9.699707031250000000e-01 -2.080078125000000000e-01 1.296386718750000000e-01
9.733886718750000000e-01 -2.094726562500000000e-01 1.374511718750000000e-01
9.753417968750000000e-01 -2.041015625000000000e-01 1.286621093750000000e-01
9.763183593750000000e-01 -2.180175781250000000e-01 1.342773437500000000e-01
9.799804687500000000e-01 -1.574707031250000000e-01 1.301269531250000000e-01
9.758300781250000000e-01 -2.131347656250000000e-01 1.262207031250000000e-01
9.746093750000000000e-01 -2.131347656250000000e-01 1.442871093750000000e-01
9.760742187500000000e-01 -2.148437500000000000e-01 1.354980468750000000e-01
9.772949218750000000e-01 -2.077636718750000000e-01 1.403808593750000000e-01
9.846191406250000000e-01 -2.104492187500000000e-01 1.279296875000000000e-01
9.772949218750000000e-01 -2.143554687500000000e-01 1.359863281250000000e-01
9.709472656250000000e-01 -2.148437500000000000e-01 1.430664062500000000e-01
9.858398437500000000e-01 -1.574707031250000000e-01 1.442871093750000000e-01
9.726562500000000000e-01 -2.070312500000000000e-01 1.374511718750000000e-01
9.804687500000000000e-01 -2.058105468750000000e-01 1.413574218750000000e-01
9.814453125000000000e-01 -2.109375000000000000e-01 1.420898437500000000e-01
9.716796875000000000e-01 -2.092285156250000000e-01 1.452636718750000000e-01
9.816894531250000000e-01 -2.104492187500000000e-01 1.450195312500000000e-01
9.704589843750000000e-01 -2.080078125000000000e-01 1.447753906250000000e-01
9.733886718750000000e-01 -2.128906250000000000e-01 1.406250000000000000e-01
9.824218750000000000e-01 -2.167968750000000000e-01 1.342773437500000000e-01
9.711914062500000000e-01 -2.111816406250000000e-01 1.396484375000000000e-01
9.785156250000000000e-01 -2.097167968750000000e-01 1.389160156250000000e-01
9.821777343750000000e-01 -2.172851562500000000e-01 1.403808593750000000e-01
9.760742187500000000e-01 -2.060546875000000000e-01 1.264648437500000000e-01
9.816894531250000000e-01 -2.141113281250000000e-01 1.293945312500000000e-01
9.792480468750000000e-01 -2.187500000000000000e-01 6.054687500000000000e-02
9.824218750000000000e-01 -2.126464843750000000e-01 1.252441406250000000e-01
9.909667968750000000e-01 -2.126464843750000000e-01 5.981445312500000000e-02
9.848632812500000000e-01 -2.099609375000000000e-01 5.957031250000000000e-02
9.765625000000000000e-01 -2.172851562500000000e-01 1.293945312500000000e-01
9.743652343750000000e-01 -2.180175781250000000e-01 1.284179687500000000e-01
9.802246093750000000e-01 -1.606445312500000000e-01 4.882812500000000000e-02
1.022460937500000000e+00 -1.655273437500000000e-01 1.271972656250000000e-01
1.026855468750000000e+00 -1.701660156250000000e-01 1.323242187500000000e-01
9.772949218750000000e-01 -2.102050781250000000e-01 1.257324218750000000e-01
9.892578125000000000e-01 -2.158203125000000000e-01 5.126953125000000000e-02
9.824218750000000000e-01 -1.582031250000000000e-01 6.127929687500000000e-02
9.758300781250000000e-01 -2.133789062500000000e-01 5.444335937500000000e-02
9.760742187500000000e-01 -2.167968750000000000e-01 5.639648437500000000e-02
9.765625000000000000e-01 -2.172851562500000000e-01 5.908203125000000000e-02
9.826660156250000000e-01 -2.153320312500000000e-01 4.736328125000000000e-02
1.030761718750000000e+00 -2.124023437500000000e-01 6.250000000000000000e-02
9.748535156250000000e-01 -2.185058593750000000e-01 1.391601562500000000e-01
1.030761718750000000e+00 -1.630859375000000000e-01 5.712890625000000000e-02
9.797363281250000000e-01 -1.623535156250000000e-01 5.493164062500000000e-02
9.707031250000000000e-01 -2.163085937500000000e-01 1.269531250000000000e-01
9.765625000000000000e-01 -2.165527343750000000e-01 6.030273437500000000e-02
9.726562500000000000e-01 -2.148437500000000000e-01 1.298828125000000000e-01
9.804687500000000000e-01 -1.582031250000000000e-01 5.883789062500000000e-02
9.758300781250000000e-01 -1.616210937500000000e-01 5.371093750000000000e-02
9.794921875000000000e-01 -1.589355468750000000e-01 1.267089843750000000e-01
9.741210937500000000e-01 -2.160644531250000000e-01 6.176757812500000000e-02
9.787597656250000000e-01 -1.584472656250000000e-01 6.225585937500000000e-02
9.814453125000000000e-01 -2.185058593750000000e-01 1.289062500000000000e-01
1.000000000000000000e+00 -2.172851562500000000e-01 1.362304687500000000e-01
1.017089843750000000e+00 -2.150878906250000000e-01 1.430664062500000000e-01
9.743652343750000000e-01 -1.613769531250000000e-01 1.362304687500000000e-01
9.843750000000000000e-01 -2.170410156250000000e-01 1.379394531250000000e-01
9.775390625000000000e-01 -1.569824218750000000e-01 1.403808593750000000e-01
9.741210937500000000e-01 -2.136230468750000000e-01 1.452636718750000000e-01
9.768066406250000000e-01 -2.150878906250000000e-01 1.491699218750000000e-01
9.804687500000000000e-01 -1.567382812500000000e-01 1.369628906250000000e-01
9.956054687500000000e-01 -1.616210937500000000e-01 1.513671875000000000e-01
9.812011718750000000e-01 -1.601562500000000000e-01 9.790039062500000000e-02
1.022949218750000000e+00 -1.577148437500000000e-01 1.193847656250000000e-01
1.027099609375000000e+00 -2.031250000000000000e-01 1.076660156250000000e-01
9.948730468750000000e-01 -2.170410156250000000e-01 1.179199218750000000e-01
1.023193359375000000e+00 -2.092285156250000000e-01 1.230468750000000000e-01
1.030761718750000000e+00 -2.141113281250000000e-01 1.928710937500000000e-01
9.792480468750000000e-01 -2.087402343750000000e-01 1.999511718750000000e-01
1.025878906250000000e+00 -2.143554687500000000e-01 1.965332031250000000e-01
9.724121093750000000e-01 -2.177734375000000000e-01 1.977539062500000000e-01
1.029296875000000000e+00 -2.121582031250000000e-01 2.011718750000000000e-01
1.030761718750000000e+00 -2.099609375000000000e-01 2.023925781250000000e-01
1.025634765625000000e+00 -2.104492187500000000e-01 2.036132812500000000e-01
9.763183593750000000e-01 -2.109375000000000000e-01 1.926269531250000000e-01
9.782714843750000000e-01 -1.589355468750000000e-01 1.887207031250000000e-01
1.026611328125000000e+00 -2.102050781250000000e-01 1.240234375000000000e-01
1.030517578125000000e+00 -2.038574218750000000e-01 1.022949218750000000e-01
1.064697265625000000e+00 -1.635742187500000000e-01 1.110839843750000000e-01
1.029052734375000000e+00 -1.623535156250000000e-01 1.242675781250000000e-01
9.726562500000000000e-01 -2.153320312500000000e-01 9.545898437500000000e-02
9.797363281250000000e-01 -2.043457031250000000e-01 1.508789062500000000e-01
9.992675781250000000e-01 -2.167968750000000000e-01 9.936523437500000000e-02
9.704589843750000000e-01 -2.099609375000000000e-01 9.423828125000000000e-02
9.726562500000000000e-01 -2.092285156250000000e-01 1.550292968750000000e-01
9.812011718750000000e-01 -1.586914062500000000e-01 9.545898437500000000e-02
1.084228515625000000e+00 -1.611328125000000000e-01 1.513671875000000000e-01
1.022705078125000000e+00 -2.172851562500000000e-01 1.186523437500000000e-01
9.252929687500000000e-01 -2.119140625000000000e-01 1.210937500000000000e-01
9.814453125000000000e-01 -2.087402343750000000e-01 1.193847656250000000e-01
9.792480468750000000e-01 -2.084960937500000000e-01 1.154785156250000000e-01
1.027099609375000000e+00 -2.114257812500000000e-01 1.916503906250000000e-01
9.829101562500000000e-01 -2.175292968750000000e-01 1.901855468750000000e-01
9.865722656250000000e-01 -1.596679687500000000e-01 1.914062500000000000e-01
1.031005859375000000e+00 -2.180175781250000000e-01 1.982421875000000000e-01
1.022460937500000000e+00 -2.106933593750000000e-01 1.877441406250000000e-01
9.916992187500000000e-01 -2.182617187500000000e-01 1.923828125000000000e-01
9.707031250000000000e-01 -2.041015625000000000e-01 1.965332031250000000e-01
1.031005859375000000e+00 -2.058105468750000000e-01 1.958007812500000000e-01
9.802246093750000000e-01 -2.136230468750000000e-01 1.975097656250000000e-01
9.731445312500000000e-01 -2.067871093750000000e-01 1.242675781250000000e-01
9.812011718750000000e-01 -2.109375000000000000e-01 1.943359375000000000e-01
9.768066406250000000e-01 -2.087402343750000000e-01 1.899414062500000000e-01
9.694824218750000000e-01 -2.089843750000000000e-01 1.240234375000000000e-01
9.709472656250000000e-01 -1.569824218750000000e-01 2.053222656250000000e-01
9.689941406250000000e-01 -2.036132812500000000e-01 1.975097656250000000e-01
9.826660156250000000e-01 -2.036132812500000000e-01 1.176757812500000000e-01
1.028564453125000000e+00 -2.065429687500000000e-01 1.921386718750000000e-01
9.716796875000000000e-01 -2.094726562500000000e-01 1.997070312500000000e-01
1.067871093750000000e+00 -2.180175781250000000e-01 1.166992187500000000e-01
1.010253906250000000e+00 -2.102050781250000000e-01 1.940917968750000000e-01
9.794921875000000000e-01 -2.080078125000000000e-01 1.972656250000000000e-01
9.807128906250000000e-01 -2.075195312500000000e-01 1.975097656250000000e-01
1.025146484375000000e+00 -2.104492187500000000e-01 2.011718750000000000e-01
