9.797363281250000000e-01 -1.508789062500000000e-01 1.333007812500000000e-01
9.797363281250000000e-01 -1.508789062500000000e-01 1.333007812500000000e-01
9.807128906250000000e-01 -1.562500000000000000e-01 1.301269531250000000e-01
9.807128906250000000e-01 -1.562500000000000000e-01 1.301269531250000000e-01
9.797363281250000000e-01 -9.790039062500000000e-02 1.311035156250000000e-01
9.860839843750000000e-01 -9.423828125000000000e-02 1.259765625000000000e-01
9.814453125000000000e-01 -1.552734375000000000e-01 1.301269531250000000e-01
9.836425781250000000e-01 -1.562500000000000000e-01 1.308593750000000000e-01
9.812011718750000000e-01 -1.555175781250000000e-01 1.364746093750000000e-01
9.831542968750000000e-01 -9.619140625000000000e-02 1.323242187500000000e-01
9.829101562500000000e-01 -1.530761718750000000e-01 1.337890625000000000e-01
9.799804687500000000e-01 -1.562500000000000000e-01 1.320800781250000000e-01
9.846191406250000000e-01 -1.560058593750000000e-01 1.271972656250000000e-01
9.843750000000000000e-01 -9.448242187500000000e-02 1.284179687500000000e-01
9.812011718750000000e-01 -9.497070312500000000e-02 6.201171875000000000e-02
9.780273437500000000e-01 -9.399414062500000000e-02 6.030273437500000000e-02
9.821777343750000000e-01 -9.741210937500000000e-02 1.264648437500000000e-01
9.777832031250000000e-01 -9.643554687500000000e-02 5.786132812500000000e-02
9.880371093750000000e-01 -9.667968750000000000e-02 5.761718750000000000e-02
9.836425781250000000e-01 -9.716796875000000000e-02 5.981445312500000000e-02
9.819335937500000000e-01 -1.530761718750000000e-01 6.005859375000000000e-02
9.848632812500000000e-01 -9.423828125000000000e-02 5.664062500000000000e-02
9.848632812500000000e-01 -1.494140625000000000e-01 5.322265625000000000e-02
9.851074218750000000e-01 -1.520996093750000000e-01 5.615234375000000000e-02
9.851074218750000000e-01 -1.489257812500000000e-01 5.322265625000000000e-02
9.892578125000000000e-01 -1.440429687500000000e-01 4.809570312500000000e-02
9.890136718750000000e-01 -1.384277343750000000e-01 4.418945312500000000e-02
9.948730468750000000e-01 -5.517578125000000000e-02 4.565429687500000000e-02
9.838867187500000000e-01 -5.444335937500000000e-02 5.053710937500000000e-02
9.748535156250000000e-01 -5.834960937500000000e-02 1.276855468750000000e-01
9.733886718750000000e-01 -1.428222656250000000e-01 5.078125000000000000e-02
9.826660156250000000e-01 -1.384277343750000000e-01 4.907226562500000000e-02
9.870605468750000000e-01 -1.503906250000000000e-01 5.151367187500000000e-02
9.912109375000000000e-01 -9.838867187500000000e-02 5.346679687500000000e-02
9.877929687500000000e-01 -9.863281250000000000e-02 5.908203125000000000e-02
9.904785156250000000e-01 -1.037597656250000000e-01 6.176757812500000000e-02
9.946289062500000000e-01 -1.105957031250000000e-01 5.932617187500000000e-02
9.963378906250000000e-01 -1.101074218750000000e-01 9.350585937500000000e-02
9.812011718750000000e-01 -2.004394531250000000e-01 5.126953125000000000e-02
1.025146484375000000e+00 -1.193847656250000000e-01 1.276855468750000000e-01
9.975585937500000000e-01 -1.889648437500000000e-01 1.357421875000000000e-01
1.029296875000000000e+00 -1.071777343750000000e-01 1.489257812500000000e-01
9.882812500000000000e-01 -1.096191406250000000e-01 1.464843750000000000e-01
9.724121093750000000e-01 -1.003417968750000000e-01 9.423828125000000000e-02
9.851074218750000000e-01 -1.032714843750000000e-01 9.643554687500000000e-02
9.821777343750000000e-01 -1.552734375000000000e-01 1.472167968750000000e-01
9.907226562500000000e-01 -9.765625000000000000e-02 1.511230468750000000e-01
9.833984375000000000e-01 -1.503906250000000000e-01 9.838867187500000000e-02
9.882812500000000000e-01 -1.425781250000000000e-01 9.619140625000000000e-02
1.071289062500000000e+00 -1.296386718750000000e-01 1.416015625000000000e-01
1.033447265625000000e+00 -1.450195312500000000e-01 5.859375000000000000e-02
9.924316406250000000e-01 -1.359863281250000000e-01 1.428222656250000000e-01
1.015380859375000000e+00 -4.882812500000000000e-02 1.044921875000000000e-01
9.370117187500000000e-01 -1.459960937500000000e-01 2.094726562500000000e-01
1.012451171875000000e+00 -1.481933593750000000e-01 2.072753906250000000e-01
1.031250000000000000e+00 -1.022949218750000000e-01 2.133789062500000000e-01
9.978027343750000000e-01 -1.098632812500000000e-01 9.741210937500000000e-02
9.965820312500000000e-01 -1.535644531250000000e-01 1.074218750000000000e-01
9.907226562500000000e-01 -1.457519531250000000e-01 1.000976562500000000e-01
9.755859375000000000e-01 -1.423339843750000000e-01 1.115722656250000000e-01
9.816894531250000000e-01 -6.127929687500000000e-02 1.188964843750000000e-01
9.987792968750000000e-01 -1.462402343750000000e-01 1.311035156250000000e-01
9.960937500000000000e-01 -1.433105468750000000e-01 1.555175781250000000e-01
1.065185546875000000e+00 -1.542968750000000000e-01 1.472167968750000000e-01
1.066162109375000000e+00 -1.025390625000000000e-01 1.501464843750000000e-01
9.848632812500000000e-01 -1.184082031250000000e-01 1.262207031250000000e-01
1.024169921875000000e+00 -1.430664062500000000e-01 4.809570312500000000e-02
1.010498046875000000e+00 -1.389160156250000000e-01 1.545410156250000000e-01
9.316406250000000000e-01 -2.126464843750000000e-01 1.066894531250000000e-01
1.025146484375000000e+00 -1.047363281250000000e-01 1.032714843750000000e-01
9.956054687500000000e-01 -1.513671875000000000e-01 1.254882812500000000e-01
1.068359375000000000e+00 -1.062011718750000000e-01 1.259765625000000000e-01
1.062744140625000000e+00 -9.521484375000000000e-02 1.477050781250000000e-01
1.063232421875000000e+00 -1.403808593750000000e-01 1.550292968750000000e-01
1.073974609375000000e+00 -1.379394531250000000e-01 1.425781250000000000e-01
1.080078125000000000e+00 -9.472656250000000000e-02 1.289062500000000000e-01
1.020751953125000000e+00 -1.535644531250000000e-01 1.496582031250000000e-01
9.738769531250000000e-01 -1.477050781250000000e-01 1.894531250000000000e-01
1.000244140625000000e+00 -1.350097656250000000e-01 1.979980468750000000e-01
1.009277343750000000e+00 -1.437988281250000000e-01 1.606445312500000000e-01
9.697265625000000000e-01 -1.333007812500000000e-01 1.113281250000000000e-01
1.019531250000000000e+00 -1.430664062500000000e-01 1.911621093750000000e-01
9.831542968750000000e-01 -1.291503906250000000e-01 1.899414062500000000e-01
9.873046875000000000e-01 -1.435546875000000000e-01 1.499023437500000000e-01
9.970703125000000000e-01 -5.444335937500000000e-02 1.047363281250000000e-01
1.064941406250000000e+00 -1.037597656250000000e-01 1.440429687500000000e-01
1.065917968750000000e+00 -1.511230468750000000e-01 1.418457031250000000e-01
1.082275390625000000e+00 -1.325683593750000000e-01 1.550292968750000000e-01
9.838867187500000000e-01 -1.271972656250000000e-01 1.164550781250000000e-01
1.084472656250000000e+00 -1.450195312500000000e-01 1.496582031250000000e-01
1.069335937500000000e+00 -2.062988281250000000e-01 9.423828125000000000e-02
9.755859375000000000e-01 -1.308593750000000000e-01 1.921386718750000000e-01
9.206542968750000000e-01 -1.557617187500000000e-01 1.162109375000000000e-01
1.021972656250000000e+00 -1.032714843750000000e-01 1.394042968750000000e-01
1.018310546875000000e+00 -1.472167968750000000e-01 1.464843750000000000e-01
1.031005859375000000e+00 -1.059570312500000000e-01 9.765625000000000000e-02
9.948730468750000000e-01 -1.140136718750000000e-01 9.545898437500000000e-02
9.936523437500000000e-01 -1.459960937500000000e-01 1.081542968750000000e-01
1.089355468750000000e+00 -1.086425781250000000e-01 1.413574218750000000e-01
1.078125000000000000e+00 -1.520996093750000000e-01 1.477050781250000000e-01
9.946289062500000000e-01 -9.399414062500000000e-02 1.950683593750000000e-01
9.895019531250000000e-01 -1.137695312500000000e-01 9.570312500000000000e-02
1.016845703125000000e+00 -9.545898437500000000e-02 1.142578125000000000e-01
1.018066406250000000e+00 -6.127929687500000000e-02 1.247558593750000000e-01
9.372558593750000000e-01 -1.486816406250000000e-01 1.645507812500000000e-01
1.023925781250000000e+00 -9.716796875000000000e-02 1.008300781250000000e-01
1.013427734375000000e+00 -1.374511718750000000e-01 2.133789062500000000e-01
1.073242187500000000e+00 -1.042480468750000000e-01 1.472167968750000000e-01
9.948730468750000000e-01 -4.809570312500000000e-02 1.186523437500000000e-01
1.089111328125000000e+00 -1.386718750000000000e-01 1.052246093750000000e-01
9.960937500000000000e-01 -1.000976562500000000e-01 1.379394531250000000e-01
1.078369140625000000e+00 -9.399414062500000000e-02 1.113281250000000000e-01
9.802246093750000000e-01 -1.376953125000000000e-01 1.938476562500000000e-01
9.931640625000000000e-01 -1.450195312500000000e-01 1.127929687500000000e-01
9.743652343750000000e-01 -9.765625000000000000e-02 1.237792968750000000e-01
1.014404296875000000e+00 -6.225585937500000000e-02 2.177734375000000000e-01
9.355468750000000000e-01 -1.037597656250000000e-01 2.126464843750000000e-01
1.009521484375000000e+00 -1.450195312500000000e-01 1.601562500000000000e-01
1.025390625000000000e+00 -1.354980468750000000e-01 2.016601562500000000e-01
1.065673828125000000e+00 -1.413574218750000000e-01 1.967773437500000000e-01
1.070800781250000000e+00 -1.120605468750000000e-01 1.215820312500000000e-01
9.963378906250000000e-01 -1.079101562500000000e-01 1.887207031250000000e-01
1.073486328125000000e+00 -1.442871093750000000e-01 2.033691406250000000e-01
1.010498046875000000e+00 -1.142578125000000000e-01 2.055664062500000000e-01
1.076660156250000000e+00 -1.088867187500000000e-01 1.193847656250000000e-01
9.836425781250000000e-01 -1.518554687500000000e-01 1.928710937500000000e-01
1.021484375000000000e+00 -6.176757812500000000e-02 1.049804687500000000e-01
9.309082031250000000e-01 -1.940917968750000000e-01 2.011718750000000000e-01
1.008300781250000000e+00 -9.497070312500000000e-02 2.031250000000000000e-01
9.790039062500000000e-01 -1.293945312500000000e-01 1.103515625000000000e-01
1.092041015625000000e+00 -1.230468750000000000e-01 2.004394531250000000e-01
1.089355468750000000e+00 -9.545898437500000000e-02 1.945800781250000000e-01
9.689941406250000000e-01 -1.142578125000000000e-01 1.147460937500000000e-01
1.068847656250000000e+00 -1.008300781250000000e-01 9.887695312500000000e-02
1.067382812500000000e+00 -5.224609375000000000e-02 1.062011718750000000e-01
1.069824218750000000e+00 -1.518554687500000000e-01 1.474609375000000000e-01
9.714355468750000000e-01 -1.931152343750000000e-01 1.147460937500000000e-01
1.010986328125000000e+00 -5.883789062500000000e-02 1.999511718750000000e-01
1.008300781250000000e+00 -1.494140625000000000e-01 1.933593750000000000e-01
1.016601562500000000e+00 -6.225585937500000000e-02 1.655273437500000000e-01
1.014404296875000000e+00 -1.115722656250000000e-01 1.193847656250000000e-01
9.916992187500000000e-01 -5.249023437500000000e-02 1.962890625000000000e-01
9.846191406250000000e-01 -1.516113281250000000e-01 1.916503906250000000e-01
9.956054687500000000e-01 -1.477050781250000000e-01 1.906738281250000000e-01
1.063720703125000000e+00 -1.455078125000000000e-01 1.203613281250000000e-01
1.078613281250000000e+00 -1.901855468750000000e-01 1.069335937500000000e-01
1.078857421875000000e+00 -9.130859375000000000e-02 1.074218750000000000e-01
9.704589843750000000e-01 -9.887695312500000000e-02 9.643554687500000000e-02
9.938964843750000000e-01 -1.752929687500000000e-01 1.069335937500000000e-01
9.089355468750000000e-01 -1.381835937500000000e-01 1.635742187500000000e-01
1.020263671875000000e+00 -1.298828125000000000e-01 2.546386718750000000e-01
9.736328125000000000e-01 -1.357421875000000000e-01 1.665039062500000000e-01
9.814453125000000000e-01 -1.362304687500000000e-01 1.203613281250000000e-01
1.093505859375000000e+00 -1.342773437500000000e-01 1.904296875000000000e-01
9.936523437500000000e-01 -2.138671875000000000e-01 1.013183593750000000e-01
1.089111328125000000e+00 -1.547851562500000000e-01 1.196289062500000000e-01
1.023681640625000000e+00 -1.496582031250000000e-01 2.004394531250000000e-01
9.831542968750000000e-01 -9.497070312500000000e-02 1.948242187500000000e-01
9.909667968750000000e-01 -1.442871093750000000e-01 1.240234375000000000e-01
1.012451171875000000e+00 -1.533203125000000000e-01 2.180175781250000000e-01
9.775390625000000000e-01 -1.013183593750000000e-01 2.016601562500000000e-01
9.316406250000000000e-01 -1.318359375000000000e-01 1.618652343750000000e-01
1.020751953125000000e+00 -1.359863281250000000e-01 1.196289062500000000e-01
1.024902343750000000e+00 -5.737304687500000000e-02 9.936523437500000000e-02
9.899902343750000000e-01 -1.127929687500000000e-01 9.790039062500000000e-02
1.070312500000000000e+00 -1.015625000000000000e-01 1.135253906250000000e-01
1.064941406250000000e+00 -1.230468750000000000e-01 9.765625000000000000e-02
1.079833984375000000e+00 -9.545898437500000000e-02 1.103515625000000000e-01
9.926757812500000000e-01 -1.074218750000000000e-01 1.132812500000000000e-01
9.914550781250000000e-01 -1.115722656250000000e-01 1.938476562500000000e-01
9.841308593750000000e-01 -1.315917968750000000e-01 1.147460937500000000e-01
9.875488281250000000e-01 -1.284179687500000000e-01 1.137695312500000000e-01
1.026367187500000000e+00 -1.528320312500000000e-01 1.557617187500000000e-01
1.010009765625000000e+00 -1.049804687500000000e-01 1.943359375000000000e-01
1.025146484375000000e+00 -1.484375000000000000e-01 1.105957031250000000e-01
1.014160156250000000e+00 -1.555175781250000000e-01 1.923828125000000000e-01
9.995117187500000000e-01 -5.297851562500000000e-02 1.115722656250000000e-01
9.970703125000000000e-01 -1.286621093750000000e-01 1.520996093750000000e-01
1.086669921875000000e+00 -9.716796875000000000e-02 5.615234375000000000e-02
9.726562500000000000e-01 -2.131347656250000000e-01 9.472656250000000000e-02
9.692382812500000000e-01 -1.206054687500000000e-01 1.096191406250000000e-01
9.709472656250000000e-01 -1.442871093750000000e-01 1.118164062500000000e-01
9.763183593750000000e-01 -5.517578125000000000e-02 1.889648437500000000e-01
9.816894531250000000e-01 -1.274414062500000000e-01 1.557617187500000000e-01
9.956054687500000000e-01 -1.062011718750000000e-01 1.337890625000000000e-01
9.768066406250000000e-01 -1.501464843750000000e-01 9.594726562500000000e-02
9.765625000000000000e-01 -1.499023437500000000e-01 1.005859375000000000e-01
1.008300781250000000e+00 -1.164550781250000000e-01 1.464843750000000000e-01
9.824218750000000000e-01 -1.088867187500000000e-01 1.516113281250000000e-01
9.985351562500000000e-01 -1.486816406250000000e-01 4.003906250000000000e-02
9.941406250000000000e-01 -1.315917968750000000e-01 4.370117187500000000e-02
9.943847656250000000e-01 -5.981445312500000000e-02 4.321289062500000000e-02
9.960937500000000000e-01 -1.342773437500000000e-01 8.984375000000000000e-02
9.875488281250000000e-01 -1.381835937500000000e-01 9.130859375000000000e-02
9.829101562500000000e-01 -1.538085937500000000e-01 9.155273437500000000e-02
9.885253906250000000e-01 -1.013183593750000000e-01 9.277343750000000000e-02
9.938964843750000000e-01 -1.042480468750000000e-01 3.881835937500000000e-02
9.758300781250000000e-01 -9.741210937500000000e-02 5.249023437500000000e-02
9.880371093750000000e-01 -9.667968750000000000e-02 5.590820312500000000e-02
9.843750000000000000e-01 -1.457519531250000000e-01 5.883789062500000000e-02
