9.792480468750000000e-01 -3.881835937500000000e-02 -7.202148437500000000e-02
9.792480468750000000e-01 -3.881835937500000000e-02 -7.202148437500000000e-02
9.904785156250000000e-01 -1.320800781250000000e-01 -8.959960937500000000e-02
9.904785156250000000e-01 -1.320800781250000000e-01 -8.959960937500000000e-02
9.833984375000000000e-01 -1.496582031250000000e-01 -7.080078125000000000e-02
9.807128906250000000e-01 -1.491699218750000000e-01 -8.251953125000000000e-02
9.794921875000000000e-01 -1.433105468750000000e-01 -8.666992187500000000e-02
9.821777343750000000e-01 -1.291503906250000000e-01 -8.886718750000000000e-02
9.821777343750000000e-01 -1.291503906250000000e-01 -8.886718750000000000e-02
9.843750000000000000e-01 -1.286621093750000000e-01 -3.540039062500000000e-02
9.765625000000000000e-01 -5.834960937500000000e-02 -3.417968750000000000e-02
9.868164062500000000e-01 -1.257324218750000000e-01 -9.252929687500000000e-02
9.721679687500000000e-01 -1.308593750000000000e-01 -8.666992187500000000e-02
9.833984375000000000e-01 -6.201171875000000000e-02 -9.033203125000000000e-02
9.931640625000000000e-01 -1.274414062500000000e-01 -3.320312500000000000e-02
9.819335937500000000e-01 -1.325683593750000000e-01 -3.344726562500000000e-02
9.838867187500000000e-01 -1.418457031250000000e-01 -3.759765625000000000e-02
1.031005859375000000e+00 -1.352539062500000000e-01 -4.003906250000000000e-02
9.846191406250000000e-01 -1.398925781250000000e-01 -4.125976562500000000e-02
1.027832031250000000e+00 -6.152343750000000000e-02 -3.247070312500000000e-02
9.807128906250000000e-01 -6.079101562500000000e-02 -3.173828125000000000e-02
9.794921875000000000e-01 -5.859375000000000000e-02 -3.613281250000000000e-02
9.853515625000000000e-01 -1.289062500000000000e-01 -3.955078125000000000e-02
9.753417968750000000e-01 -1.328125000000000000e-01 -8.105468750000000000e-02
9.812011718750000000e-01 -1.330566406250000000e-01 -3.247070312500000000e-02
9.758300781250000000e-01 -1.301269531250000000e-01 -3.784179687500000000e-02
9.851074218750000000e-01 -1.357421875000000000e-01 -3.222656250000000000e-02
9.816894531250000000e-01 -1.352539062500000000e-01 -3.344726562500000000e-02
9.777832031250000000e-01 -1.296386718750000000e-01 -9.301757812500000000e-02
9.768066406250000000e-01 -1.333007812500000000e-01 -3.930664062500000000e-02
9.851074218750000000e-01 -1.279296875000000000e-01 -3.515625000000000000e-02
9.724121093750000000e-01 -1.337890625000000000e-01 -3.930664062500000000e-02
9.838867187500000000e-01 -1.367187500000000000e-01 -3.979492187500000000e-02
9.772949218750000000e-01 -1.340332031250000000e-01 -3.808593750000000000e-02
9.819335937500000000e-01 -1.325683593750000000e-01 -3.808593750000000000e-02
9.777832031250000000e-01 -1.313476562500000000e-01 -4.467773437500000000e-02
9.826660156250000000e-01 -1.437988281250000000e-01 -4.125976562500000000e-02
9.709472656250000000e-01 -1.413574218750000000e-01 -3.588867187500000000e-02
9.843750000000000000e-01 -1.274414062500000000e-01 -3.637695312500000000e-02
9.748535156250000000e-01 -1.259765625000000000e-01 -4.418945312500000000e-02
9.797363281250000000e-01 -1.267089843750000000e-01 -9.326171875000000000e-02
9.812011718750000000e-01 -1.296386718750000000e-01 -3.417968750000000000e-02
9.780273437500000000e-01 -1.394042968750000000e-01 -4.150390625000000000e-02
9.787597656250000000e-01 -1.335449218750000000e-01 -3.320312500000000000e-02
9.797363281250000000e-01 -1.325683593750000000e-01 -4.345703125000000000e-02
9.780273437500000000e-01 -1.303710937500000000e-01 -3.735351562500000000e-02
9.829101562500000000e-01 -1.315917968750000000e-01 -3.662109375000000000e-02
9.821777343750000000e-01 -1.291503906250000000e-01 -9.277343750000000000e-02
9.821777343750000000e-01 -1.291503906250000000e-01 -9.277343750000000000e-02
9.772949218750000000e-01 -1.306152343750000000e-01 -3.588867187500000000e-02
9.772949218750000000e-01 -1.306152343750000000e-01 -3.588867187500000000e-02
9.829101562500000000e-01 -1.335449218750000000e-01 -8.984375000000000000e-02
9.807128906250000000e-01 -1.428222656250000000e-01 -3.955078125000000000e-02
9.741210937500000000e-01 -1.315917968750000000e-01 -3.662109375000000000e-02
9.824218750000000000e-01 -1.320800781250000000e-01 -3.198242187500000000e-02
9.782714843750000000e-01 -1.347656250000000000e-01 -4.223632812500000000e-02
9.785156250000000000e-01 -1.350097656250000000e-01 -3.295898437500000000e-02
9.790039062500000000e-01 -1.345214843750000000e-01 -3.735351562500000000e-02
9.794921875000000000e-01 -1.335449218750000000e-01 -3.125000000000000000e-02
9.824218750000000000e-01 -1.340332031250000000e-01 -9.228515625000000000e-02
9.794921875000000000e-01 -1.259765625000000000e-01 -3.710937500000000000e-02
9.890136718750000000e-01 -1.320800781250000000e-01 -9.082031250000000000e-02
9.765625000000000000e-01 -1.289062500000000000e-01 -3.344726562500000000e-02
9.787597656250000000e-01 -1.340332031250000000e-01 -4.565429687500000000e-02
9.887695312500000000e-01 -1.320800781250000000e-01 -5.859375000000000000e-02
9.821777343750000000e-01 -1.357421875000000000e-01 -1.496582031250000000e-01
1.020996093750000000e+00 -1.398925781250000000e-01 -1.154785156250000000e-01
1.010742187500000000e+00 -1.257324218750000000e-01 -1.149902343750000000e-01
9.067382812500000000e-01 -4.711914062500000000e-02 -1.059570312500000000e-01
1.027343750000000000e+00 -6.030273437500000000e-02 -1.354980468750000000e-01
9.645996093750000000e-01 -1.501464843750000000e-01 -9.692382812500000000e-02
1.011718750000000000e+00 -1.396484375000000000e-01 -1.369628906250000000e-01
9.133300781250000000e-01 -1.459960937500000000e-01 -5.102539062500000000e-02
9.963378906250000000e-01 -1.520996093750000000e-01 -7.910156250000000000e-02
9.755859375000000000e-01 -1.037597656250000000e-01 -4.467773437500000000e-02
1.073974609375000000e+00 -1.184082031250000000e-01 -8.593750000000000000e-02
1.004394531250000000e+00 -4.541015625000000000e-02 -1.418457031250000000e-01
9.624023437500000000e-01 -1.730957031250000000e-01 -4.541015625000000000e-02
1.008300781250000000e+00 -1.877441406250000000e-01 -1.425781250000000000e-01
9.707031250000000000e-01 -1.201171875000000000e-01 -1.369628906250000000e-01
1.022216796875000000e+00 -1.201171875000000000e-01 -9.155273437500000000e-02
9.750976562500000000e-01 -1.525878906250000000e-01 -1.245117187500000000e-01
1.005615234375000000e+00 -1.938476562500000000e-01 -8.886718750000000000e-02
9.074707031250000000e-01 -1.657714843750000000e-01 -1.386718750000000000e-01
9.987792968750000000e-01 -1.010742187500000000e-01 -6.372070312500000000e-02
9.895019531250000000e-01 -1.425781250000000000e-01 -3.076171875000000000e-02
9.228515625000000000e-01 -1.684570312500000000e-01 1.264648437500000000e-01
9.228515625000000000e-01 -1.684570312500000000e-01 1.264648437500000000e-01
9.885253906250000000e-01 -2.009277343750000000e-01 9.692382812500000000e-02
9.885253906250000000e-01 -2.009277343750000000e-01 9.692382812500000000e-02
9.868164062500000000e-01 -1.879882812500000000e-01 1.906738281250000000e-01
1.072021484375000000e+00 -1.577148437500000000e-01 2.131347656250000000e-01
9.724121093750000000e-01 -1.760253906250000000e-01 1.604003906250000000e-01
9.902343750000000000e-01 -2.092285156250000000e-01 1.743164062500000000e-01
1.066894531250000000e+00 -1.936035156250000000e-01 2.548828125000000000e-01
9.821777343750000000e-01 -1.245117187500000000e-01 2.705078125000000000e-01
1.024658203125000000e+00 -2.072753906250000000e-01 3.134765625000000000e-01
9.868164062500000000e-01 -4.760742187500000000e-02 3.278808593750000000e-01
1.000000000000000000e+00 -1.965332031250000000e-01 3.012695312500000000e-01
1.022460937500000000e+00 -1.147460937500000000e-01 3.405761718750000000e-01
9.880371093750000000e-01 -1.330566406250000000e-01 3.833007812500000000e-01
9.277343750000000000e-01 -1.545410156250000000e-01 3.791503906250000000e-01
9.301757812500000000e-01 -6.152343750000000000e-02 4.577636718750000000e-01
1.028320312500000000e+00 -2.011718750000000000e-01 4.599609375000000000e-01
9.985351562500000000e-01 -1.423339843750000000e-01 4.606933593750000000e-01
9.802246093750000000e-01 -1.367187500000000000e-01 4.428710937500000000e-01
1.030029296875000000e+00 -1.235351562500000000e-01 3.933105468750000000e-01
1.012207031250000000e+00 -5.517578125000000000e-02 3.933105468750000000e-01
1.002197265625000000e+00 -4.101562500000000000e-02 3.632812500000000000e-01
9.675292968750000000e-01 -1.235351562500000000e-01 3.984375000000000000e-01
9.155273437500000000e-01 -1.186523437500000000e-01 4.492187500000000000e-01
9.672851562500000000e-01 -1.774902343750000000e-01 3.525390625000000000e-01
9.519042968750000000e-01 -1.176757812500000000e-01 4.516601562500000000e-01
9.182128906250000000e-01 -1.923828125000000000e-01 4.084472656250000000e-01
9.567871093750000000e-01 -1.743164062500000000e-01 3.659667968750000000e-01
9.489746093750000000e-01 -1.936035156250000000e-01 5.183105468750000000e-01
8.691406250000000000e-01 -1.118164062500000000e-01 5.463867187500000000e-01
7.980957031250000000e-01 -1.022949218750000000e-01 5.368652343750000000e-01
8.964843750000000000e-01 -1.933593750000000000e-01 6.625976562500000000e-01
7.824707031250000000e-01 -1.955566406250000000e-01 7.907714843750000000e-01
7.729492187500000000e-01 -1.025390625000000000e-01 7.922363281250000000e-01
7.019042968750000000e-01 -1.958007812500000000e-01 8.444824218750000000e-01
6.276855468750000000e-01 -1.345214843750000000e-01 9.223632812500000000e-01
5.695800781250000000e-01 -1.098632812500000000e-01 9.133300781250000000e-01
5.058593750000000000e-01 -1.267089843750000000e-01 1.013183593750000000e+00
3.598632812500000000e-01 8.544921875000000000e-03 1.023925781250000000e+00
3.598632812500000000e-01 8.544921875000000000e-03 1.023925781250000000e+00
3.117675781250000000e-01 8.544921875000000000e-03 1.115234375000000000e+00
3.117675781250000000e-01 8.544921875000000000e-03 1.115234375000000000e+00
2.290039062500000000e-01 -6.835937500000000000e-02 1.050781250000000000e+00
3.188476562500000000e-01 -7.641601562500000000e-02 1.040039062500000000e+00
2.351074218750000000e-01 -3.100585937500000000e-02 1.129638671875000000e+00
3.164062500000000000e-01 -3.857421875000000000e-02 1.136718750000000000e+00
2.233886718750000000e-01 1.708984375000000000e-03 1.057128906250000000e+00
2.653808593750000000e-01 1.953125000000000000e-02 9.931640625000000000e-01
2.805175781250000000e-01 -6.982421875000000000e-02 1.039306640625000000e+00
1.779785156250000000e-01 2.636718750000000000e-02 1.155761718750000000e+00
1.826171875000000000e-01 1.782226562500000000e-02 1.053222656250000000e+00
1.767578125000000000e-01 2.661132812500000000e-02 1.067138671875000000e+00
2.690429687500000000e-01 2.392578125000000000e-02 1.134277343750000000e+00
1.667480468750000000e-01 2.172851562500000000e-02 1.042724609375000000e+00
2.104492187500000000e-01 -2.465820312500000000e-02 1.125976562500000000e+00
2.023925781250000000e-01 1.171875000000000000e-02 1.050781250000000000e+00
1.633300781250000000e-01 6.347656250000000000e-02 1.055908203125000000e+00
1.994628906250000000e-01 -3.027343750000000000e-02 1.093505859375000000e+00
1.975097656250000000e-01 -1.367187500000000000e-02 1.053955078125000000e+00
1.669921875000000000e-01 -1.440429687500000000e-02 1.094238281250000000e+00
1.174316406250000000e-01 8.496093750000000000e-02 1.052734375000000000e+00
1.921386718750000000e-01 2.685546875000000000e-02 1.137695312500000000e+00
1.218261718750000000e-01 2.954101562500000000e-02 1.035156250000000000e+00
1.958007812500000000e-01 3.051757812500000000e-02 1.141113281250000000e+00
1.911621093750000000e-01 -2.832031250000000000e-02 1.049804687500000000e+00
2.006835937500000000e-01 1.464843750000000000e-02 1.125976562500000000e+00
1.208496093750000000e-01 7.324218750000000000e-03 1.136962890625000000e+00
1.047363281250000000e-01 -1.489257812500000000e-02 1.057617187500000000e+00
1.481933593750000000e-01 -2.954101562500000000e-02 1.050048828125000000e+00
1.384277343750000000e-01 -1.147460937500000000e-02 1.128906250000000000e+00
1.323242187500000000e-01 -1.513671875000000000e-02 1.041503906250000000e+00
1.433105468750000000e-01 8.105468750000000000e-02 1.130859375000000000e+00
1.318359375000000000e-01 3.027343750000000000e-02 1.104736328125000000e+00
1.262207031250000000e-01 -2.929687500000000000e-03 1.044189453125000000e+00
1.401367187500000000e-01 -1.782226562500000000e-02 1.097900390625000000e+00
1.276855468750000000e-01 -2.172851562500000000e-02 1.104003906250000000e+00
1.381835937500000000e-01 -1.660156250000000000e-02 1.136962890625000000e+00
5.004882812500000000e-02 -1.635742187500000000e-02 1.130371093750000000e+00
5.004882812500000000e-02 -1.635742187500000000e-02 1.130371093750000000e+00
3.564453125000000000e-02 8.813476562500000000e-02 1.092529296875000000e+00
5.908203125000000000e-02 -1.586914062500000000e-02 1.129150390625000000e+00
4.980468750000000000e-02 7.617187500000000000e-02 1.051025390625000000e+00
1.301269531250000000e-01 -2.465820312500000000e-02 1.127685546875000000e+00
6.054687500000000000e-02 -7.568359375000000000e-03 1.135009765625000000e+00
4.467773437500000000e-02 -6.591796875000000000e-03 1.043457031250000000e+00
4.614257812500000000e-02 -2.783203125000000000e-02 1.058593750000000000e+00
4.614257812500000000e-02 6.860351562500000000e-02 1.053222656250000000e+00
5.810546875000000000e-02 -9.033203125000000000e-03 1.055664062500000000e+00
5.810546875000000000e-02 -9.033203125000000000e-03 1.055664062500000000e+00
1.347656250000000000e-01 -1.440429687500000000e-02 1.137451171875000000e+00
3.466796875000000000e-02 -1.660156250000000000e-02 1.132324218750000000e+00
8.789062500000000000e-02 -1.953125000000000000e-03 1.128417968750000000e+00
1.313476562500000000e-01 -2.075195312500000000e-02 1.094482421875000000e+00
1.298828125000000000e-01 -1.464843750000000000e-02 1.095458984375000000e+00
1.354980468750000000e-01 -2.172851562500000000e-02 1.114746093750000000e+00
1.357421875000000000e-01 8.789062500000000000e-03 1.148681640625000000e+00
1.413574218750000000e-01 2.856445312500000000e-02 1.041992187500000000e+00
9.448242187500000000e-02 2.392578125000000000e-02 1.089111328125000000e+00
1.323242187500000000e-01 1.464843750000000000e-02 9.902343750000000000e-01
1.328125000000000000e-01 -1.928710937500000000e-02 1.076904296875000000e+00
1.481933593750000000e-01 -7.397460937500000000e-02 1.055419921875000000e+00
5.078125000000000000e-02 1.635742187500000000e-02 1.054443359375000000e+00
4.296875000000000000e-02 2.099609375000000000e-02 1.143310546875000000e+00
5.834960937500000000e-02 2.319335937500000000e-02 1.130126953125000000e+00
1.259765625000000000e-01 2.734375000000000000e-02 1.141601562500000000e+00
1.374511718750000000e-01 -6.445312500000000000e-02 1.139648437500000000e+00
1.318359375000000000e-01 -3.027343750000000000e-02 1.061035156250000000e+00
1.408691406250000000e-01 5.371093750000000000e-03 1.136230468750000000e+00
5.297851562500000000e-02 2.099609375000000000e-02 1.136474609375000000e+00
5.834960937500000000e-02 1.635742187500000000e-02 1.149902343750000000e+00
1.335449218750000000e-01 2.734375000000000000e-02 1.144775390625000000e+00
6.005859375000000000e-02 2.441406250000000000e-03 1.149902343750000000e+00
1.386718750000000000e-01 9.521484375000000000e-03 1.152587890625000000e+00
