9.741210937500000000e-01 -3.930664062500000000e-02 -1.279296875000000000e-01
9.741210937500000000e-01 -3.930664062500000000e-02 -1.279296875000000000e-01
9.741210937500000000e-01 -3.930664062500000000e-02 -1.279296875000000000e-01
9.729003906250000000e-01 -4.028320312500000000e-02 -4.931640625000000000e-02
9.729003906250000000e-01 -4.028320312500000000e-02 -4.931640625000000000e-02
9.729003906250000000e-01 -4.028320312500000000e-02 -4.931640625000000000e-02
9.729003906250000000e-01 -4.028320312500000000e-02 -4.931640625000000000e-02
9.729003906250000000e-01 -4.028320312500000000e-02 -4.931640625000000000e-02
9.724121093750000000e-01 -3.491210937500000000e-02 -5.151367187500000000e-02
9.704589843750000000e-01 -3.710937500000000000e-02 -5.932617187500000000e-02
9.738769531250000000e-01 -4.296875000000000000e-02 -1.333007812500000000e-01
9.738769531250000000e-01 -3.955078125000000000e-02 -5.468750000000000000e-02
9.733886718750000000e-01 -3.295898437500000000e-02 -4.565429687500000000e-02
9.729003906250000000e-01 -3.637695312500000000e-02 -6.103515625000000000e-02
9.748535156250000000e-01 -3.881835937500000000e-02 -1.262207031250000000e-01
9.765625000000000000e-01 -4.003906250000000000e-02 -5.590820312500000000e-02
9.738769531250000000e-01 -3.857421875000000000e-02 -4.956054687500000000e-02
9.750976562500000000e-01 -4.394531250000000000e-02 -5.322265625000000000e-02
9.711914062500000000e-01 -3.930664062500000000e-02 -5.444335937500000000e-02
9.729003906250000000e-01 -3.540039062500000000e-02 -5.078125000000000000e-02
9.760742187500000000e-01 -3.637695312500000000e-02 -5.639648437500000000e-02
9.702148437500000000e-01 -4.052734375000000000e-02 -1.267089843750000000e-01
9.714355468750000000e-01 -3.759765625000000000e-02 -1.267089843750000000e-01
1.030029296875000000e+00 -4.418945312500000000e-02 -1.259765625000000000e-01
9.750976562500000000e-01 -4.272460937500000000e-02 -1.289062500000000000e-01
1.028564453125000000e+00 -4.711914062500000000e-02 -1.511230468750000000e-01
1.021240234375000000e+00 -1.391601562500000000e-01 -1.472167968750000000e-01
9.753417968750000000e-01 -1.281738281250000000e-01 -1.025390625000000000e-01
9.738769531250000000e-01 -4.882812500000000000e-02 -1.555175781250000000e-01
1.028076171875000000e+00 -5.200195312500000000e-02 -1.545410156250000000e-01
1.030761718750000000e+00 -1.296386718750000000e-01 -1.293945312500000000e-01
9.733886718750000000e-01 -1.311035156250000000e-01 -5.297851562500000000e-02
9.768066406250000000e-01 -5.932617187500000000e-02 -5.346679687500000000e-02
9.790039062500000000e-01 -3.149414062500000000e-02 -5.200195312500000000e-02
9.892578125000000000e-01 -6.298828125000000000e-02 -5.175781250000000000e-02
9.873046875000000000e-01 -8.374023437500000000e-02 -1.379394531250000000e-01
1.077636718750000000e+00 -3.979492187500000000e-02 -1.916503906250000000e-01
1.006591796875000000e+00 -4.980468750000000000e-02 -1.347656250000000000e-01
1.015625000000000000e+00 -5.981445312500000000e-02 -1.254882812500000000e-01
1.021972656250000000e+00 -9.765625000000000000e-02 -9.643554687500000000e-02
9.912109375000000000e-01 -9.228515625000000000e-02 -1.293945312500000000e-01
9.904785156250000000e-01 1.489257812500000000e-02 -1.311035156250000000e-01
9.106445312500000000e-01 -1.523437500000000000e-01 -1.445312500000000000e-01
1.000488281250000000e+00 -1.994628906250000000e-01 -1.052246093750000000e-01
9.802246093750000000e-01 -1.445312500000000000e-01 -1.098632812500000000e-01
1.005615234375000000e+00 -1.418457031250000000e-01 -3.515625000000000000e-02
1.020507812500000000e+00 -5.615234375000000000e-02 -1.525878906250000000e-01
9.980468750000000000e-01 -8.837890625000000000e-02 -1.345214843750000000e-01
9.970703125000000000e-01 1.733398437500000000e-02 -1.479492187500000000e-01
8.503417968750000000e-01 -1.760253906250000000e-01 -1.235351562500000000e-01
1.080078125000000000e+00 -1.357421875000000000e-01 -1.069335937500000000e-01
1.016113281250000000e+00 -8.056640625000000000e-02 -8.813476562500000000e-02
1.007568359375000000e+00 -9.936523437500000000e-02 -1.042480468750000000e-01
1.070556640625000000e+00 -4.687500000000000000e-02 -1.381835937500000000e-01
9.785156250000000000e-01 4.882812500000000000e-04 -1.357421875000000000e-01
1.004638671875000000e+00 -8.105468750000000000e-02 -1.435546875000000000e-01
9.970703125000000000e-01 -3.222656250000000000e-02 -2.026367187500000000e-01
1.029785156250000000e+00 -9.057617187500000000e-02 -4.101562500000000000e-02
9.699707031250000000e-01 -5.493164062500000000e-02 -1.083984375000000000e-01
1.009033203125000000e+00 -1.474609375000000000e-01 -1.386718750000000000e-01
9.936523437500000000e-01 -7.983398437500000000e-02 -1.384277343750000000e-01
9.196777343750000000e-01 -5.175781250000000000e-02 -1.525878906250000000e-01
9.670410156250000000e-01 -2.155761718750000000e-01 -1.120605468750000000e-01
1.065673828125000000e+00 -5.981445312500000000e-02 -1.223144531250000000e-01
9.333496093750000000e-01 -4.736328125000000000e-02 -5.444335937500000000e-02
9.702148437500000000e-01 -4.663085937500000000e-02 -1.230468750000000000e-01
9.902343750000000000e-01 -7.983398437500000000e-02 -1.369628906250000000e-01
1.026611328125000000e+00 -6.835937500000000000e-02 -1.098632812500000000e-01
1.022216796875000000e+00 -1.479492187500000000e-01 -1.967773437500000000e-01
9.882812500000000000e-01 -5.639648437500000000e-02 -2.167968750000000000e-01
1.004394531250000000e+00 -4.785156250000000000e-02 -9.277343750000000000e-02
9.707031250000000000e-01 -1.335449218750000000e-01 -2.102050781250000000e-01
9.768066406250000000e-01 -8.569335937500000000e-02 -9.912109375000000000e-02
9.733886718750000000e-01 7.812500000000000000e-03 -1.049804687500000000e-01
1.021484375000000000e+00 -4.199218750000000000e-02 -1.225585937500000000e-01
9.975585937500000000e-01 -1.398925781250000000e-01 -1.677246093750000000e-01
1.002929687500000000e+00 -5.322265625000000000e-02 -1.259765625000000000e-01
1.028076171875000000e+00 -1.467285156250000000e-01 -1.911621093750000000e-01
1.021484375000000000e+00 -5.810546875000000000e-02 -1.179199218750000000e-01
9.750976562500000000e-01 -6.518554687500000000e-02 -1.081542968750000000e-01
9.277343750000000000e-01 -8.666992187500000000e-02 -1.093750000000000000e-01
1.022949218750000000e+00 -1.105957031250000000e-01 -1.174316406250000000e-01
9.692382812500000000e-01 -1.274414062500000000e-01 -1.384277343750000000e-01
1.012207031250000000e+00 -1.252441406250000000e-01 -1.906738281250000000e-01
1.027343750000000000e+00 -5.249023437500000000e-02 -2.097167968750000000e-01
1.012695312500000000e+00 -8.618164062500000000e-02 -1.110839843750000000e-01
1.011230468750000000e+00 -8.374023437500000000e-02 -1.230468750000000000e-01
1.142333984375000000e+00 -8.911132812500000000e-02 -9.399414062500000000e-02
1.040283203125000000e+00 -7.568359375000000000e-02 -1.784667968750000000e-01
9.296875000000000000e-01 -1.118164062500000000e-01 -4.858398437500000000e-02
1.062988281250000000e+00 -1.306152343750000000e-01 -2.060546875000000000e-01
1.017089843750000000e+00 -3.979492187500000000e-02 -1.220703125000000000e-01
1.011474609375000000e+00 -5.053710937500000000e-02 -1.123046875000000000e-01
1.022705078125000000e+00 -5.200195312500000000e-02 -1.125488281250000000e-01
1.028320312500000000e+00 -1.447753906250000000e-01 -1.162109375000000000e-01
9.697265625000000000e-01 -1.384277343750000000e-01 -1.098632812500000000e-01
1.021728515625000000e+00 -1.328125000000000000e-01 -1.047363281250000000e-01
1.024414062500000000e+00 -3.710937500000000000e-02 -1.477050781250000000e-01
9.714355468750000000e-01 -7.421875000000000000e-02 -1.489257812500000000e-01
1.022949218750000000e+00 -8.618164062500000000e-02 -1.164550781250000000e-01
1.011474609375000000e+00 -1.303710937500000000e-01 -1.887207031250000000e-01
1.023193359375000000e+00 -1.003417968750000000e-01 -2.075195312500000000e-01
1.013671875000000000e+00 -9.399414062500000000e-02 -1.625976562500000000e-01
1.014892578125000000e+00 -1.306152343750000000e-01 -1.706542968750000000e-01
1.011718750000000000e+00 -4.565429687500000000e-02 -2.097167968750000000e-01
1.027587890625000000e+00 -7.666015625000000000e-02 -1.149902343750000000e-01
9.753417968750000000e-01 -3.247070312500000000e-02 -1.042480468750000000e-01
9.313964843750000000e-01 -3.247070312500000000e-02 -1.101074218750000000e-01
9.860839843750000000e-01 -3.417968750000000000e-02 -1.298828125000000000e-01
1.027832031250000000e+00 -1.008300781250000000e-01 -1.987304687500000000e-01
1.005859375000000000e+00 -1.257324218750000000e-01 -1.169433593750000000e-01
1.013427734375000000e+00 -5.590820312500000000e-02 -1.123046875000000000e-01
1.022216796875000000e+00 -1.347656250000000000e-01 -9.838867187500000000e-02
1.030761718750000000e+00 -8.911132812500000000e-02 -1.550292968750000000e-01
9.790039062500000000e-01 -7.690429687500000000e-02 -1.071777343750000000e-01
1.017333984375000000e+00 -1.364746093750000000e-01 -1.015625000000000000e-01
1.021972656250000000e+00 -1.372070312500000000e-01 -9.863281250000000000e-02
9.729003906250000000e-01 -1.291503906250000000e-01 -1.145019531250000000e-01
1.022460937500000000e+00 -5.737304687500000000e-02 -1.152343750000000000e-01
1.024902343750000000e+00 -6.103515625000000000e-02 -1.054687500000000000e-01
1.020751953125000000e+00 -4.052734375000000000e-02 -9.667968750000000000e-02
1.015625000000000000e+00 -4.589843750000000000e-02 -9.765625000000000000e-02
1.028076171875000000e+00 -1.401367187500000000e-01 -1.118164062500000000e-01
1.013916015625000000e+00 -1.528320312500000000e-01 -1.892089843750000000e-01
1.016601562500000000e+00 -5.004882812500000000e-02 -1.159667968750000000e-01
1.024169921875000000e+00 -4.052734375000000000e-02 -1.096191406250000000e-01
1.026611328125000000e+00 -3.515625000000000000e-02 -1.174316406250000000e-01
9.692382812500000000e-01 -3.857421875000000000e-02 -1.926269531250000000e-01
1.024414062500000000e+00 -4.174804687500000000e-02 -1.247558593750000000e-01
1.022216796875000000e+00 -4.174804687500000000e-02 -1.186523437500000000e-01
1.018798828125000000e+00 -3.588867187500000000e-02 -1.201171875000000000e-01
1.023681640625000000e+00 -9.204101562500000000e-02 -1.108398437500000000e-01
1.026367187500000000e+00 -3.320312500000000000e-02 -1.145019531250000000e-01
1.025878906250000000e+00 -4.296875000000000000e-02 -1.157226562500000000e-01
1.019531250000000000e+00 -4.907226562500000000e-02 -1.040039062500000000e-01
1.026855468750000000e+00 -4.858398437500000000e-02 -1.013183593750000000e-01
1.031250000000000000e+00 -4.833984375000000000e-02 -1.118164062500000000e-01
1.020263671875000000e+00 -5.419921875000000000e-02 -1.081542968750000000e-01
1.026611328125000000e+00 -5.004882812500000000e-02 -1.025390625000000000e-01
1.029541015625000000e+00 -6.079101562500000000e-02 -1.059570312500000000e-01
1.023925781250000000e+00 -4.370117187500000000e-02 -1.159667968750000000e-01
1.021728515625000000e+00 -3.710937500000000000e-02 -1.066894531250000000e-01
1.025390625000000000e+00 -3.881835937500000000e-02 -1.220703125000000000e-01
1.020996093750000000e+00 -3.857421875000000000e-02 -1.889648437500000000e-01
1.020019531250000000e+00 -3.662109375000000000e-02 -1.149902343750000000e-01
1.027343750000000000e+00 -4.296875000000000000e-02 -1.057128906250000000e-01
1.025146484375000000e+00 -5.712890625000000000e-02 -1.110839843750000000e-01
1.025390625000000000e+00 -1.301269531250000000e-01 -9.838867187500000000e-02
9.729003906250000000e-01 -4.809570312500000000e-02 -9.643554687500000000e-02
9.716796875000000000e-01 -4.663085937500000000e-02 -9.912109375000000000e-02
1.020751953125000000e+00 -3.710937500000000000e-02 -9.960937500000000000e-02
1.027832031250000000e+00 -4.052734375000000000e-02 -9.521484375000000000e-02
1.026123046875000000e+00 -3.710937500000000000e-02 -9.863281250000000000e-02
1.023681640625000000e+00 -4.833984375000000000e-02 -1.025390625000000000e-01
1.024902343750000000e+00 -4.736328125000000000e-02 -9.594726562500000000e-02
1.027587890625000000e+00 -4.956054687500000000e-02 -1.547851562500000000e-01
1.022216796875000000e+00 -4.223632812500000000e-02 -9.692382812500000000e-02
9.702148437500000000e-01 -3.857421875000000000e-02 -9.716796875000000000e-02
1.029541015625000000e+00 -3.662109375000000000e-02 -1.555175781250000000e-01
1.022705078125000000e+00 -3.881835937500000000e-02 -9.667968750000000000e-02
1.029541015625000000e+00 -4.833984375000000000e-02 -1.052246093750000000e-01
1.024414062500000000e+00 -5.786132812500000000e-02 -1.071777343750000000e-01
1.022460937500000000e+00 -4.907226562500000000e-02 -1.027832031250000000e-01
1.024658203125000000e+00 -4.345703125000000000e-02 -9.667968750000000000e-02
1.024658203125000000e+00 -5.004882812500000000e-02 -1.013183593750000000e-01
1.025634765625000000e+00 -4.418945312500000000e-02 -1.552734375000000000e-01
1.024902343750000000e+00 -4.418945312500000000e-02 -9.936523437500000000e-02
1.029052734375000000e+00 -4.589843750000000000e-02 -1.010742187500000000e-01
1.027832031250000000e+00 -4.199218750000000000e-02 -9.936523437500000000e-02
1.027587890625000000e+00 -4.125976562500000000e-02 -9.521484375000000000e-02
1.022216796875000000e+00 -4.077148437500000000e-02 -1.035156250000000000e-01
1.026123046875000000e+00 -4.028320312500000000e-02 -9.912109375000000000e-02
1.027587890625000000e+00 -4.125976562500000000e-02 -1.037597656250000000e-01
1.022949218750000000e+00 -4.125976562500000000e-02 -1.037597656250000000e-01
1.029052734375000000e+00 -4.760742187500000000e-02 -1.064453125000000000e-01
1.023925781250000000e+00 -3.979492187500000000e-02 -1.030273437500000000e-01
1.028564453125000000e+00 -4.272460937500000000e-02 -1.015625000000000000e-01
1.030761718750000000e+00 -3.784179687500000000e-02 -1.132812500000000000e-01
1.027832031250000000e+00 -4.223632812500000000e-02 -1.015625000000000000e-01
1.023925781250000000e+00 -3.979492187500000000e-02 -9.521484375000000000e-02
1.027587890625000000e+00 -3.686523437500000000e-02 -1.062011718750000000e-01
1.025634765625000000e+00 -4.248046875000000000e-02 -1.037597656250000000e-01
1.026367187500000000e+00 -4.418945312500000000e-02 -1.040039062500000000e-01
1.022949218750000000e+00 -4.296875000000000000e-02 -9.423828125000000000e-02
1.031005859375000000e+00 -4.272460937500000000e-02 -9.863281250000000000e-02
1.024169921875000000e+00 -3.955078125000000000e-02 -1.035156250000000000e-01
9.689941406250000000e-01 -4.418945312500000000e-02 -1.086425781250000000e-01
1.025634765625000000e+00 -5.102539062500000000e-02 -1.064453125000000000e-01
1.021728515625000000e+00 -4.663085937500000000e-02 -1.022949218750000000e-01
1.024414062500000000e+00 -4.614257812500000000e-02 -1.054687500000000000e-01
1.029296875000000000e+00 -4.614257812500000000e-02 -1.086425781250000000e-01
9.750976562500000000e-01 -4.980468750000000000e-02 -1.108398437500000000e-01
1.018310546875000000e+00 -4.956054687500000000e-02 -9.521484375000000000e-02
1.026367187500000000e+00 -4.492187500000000000e-02 -1.530761718750000000e-01
1.029052734375000000e+00 -4.711914062500000000e-02 -9.570312500000000000e-02
1.020019531250000000e+00 -4.858398437500000000e-02 -9.399414062500000000e-02
1.027832031250000000e+00 -4.760742187500000000e-02 -9.716796875000000000e-02
1.027099609375000000e+00 -5.395507812500000000e-02 -1.018066406250000000e-01
1.022705078125000000e+00 -5.029296875000000000e-02 -1.054687500000000000e-01
1.026855468750000000e+00 -4.150390625000000000e-02 -9.472656250000000000e-02
