1.017822265625000000e+00 -5.151367187500000000e-02 -2.021484375000000000e-01
1.019531250000000000e+00 -5.883789062500000000e-02 -2.041015625000000000e-01
1.019531250000000000e+00 -5.883789062500000000e-02 -2.041015625000000000e-01
1.019531250000000000e+00 -5.883789062500000000e-02 -2.041015625000000000e-01
1.019531250000000000e+00 -5.883789062500000000e-02 -2.041015625000000000e-01
1.019531250000000000e+00 -5.883789062500000000e-02 -2.041015625000000000e-01
1.019531250000000000e+00 -5.883789062500000000e-02 -2.041015625000000000e-01
1.015380859375000000e+00 -5.859375000000000000e-02 -2.048339843750000000e-01
1.016601562500000000e+00 -6.103515625000000000e-02 -1.977539062500000000e-01
1.018066406250000000e+00 -6.127929687500000000e-02 -2.001953125000000000e-01
1.018554687500000000e+00 -5.297851562500000000e-02 -1.945800781250000000e-01
1.013916015625000000e+00 -5.859375000000000000e-02 -1.970214843750000000e-01
1.013671875000000000e+00 -6.030273437500000000e-02 -2.009277343750000000e-01
1.018554687500000000e+00 -5.566406250000000000e-02 -2.016601562500000000e-01
1.019287109375000000e+00 -5.712890625000000000e-02 -2.023925781250000000e-01
1.012451171875000000e+00 -6.005859375000000000e-02 -2.009277343750000000e-01
1.018554687500000000e+00 -5.249023437500000000e-02 -2.036132812500000000e-01
1.011474609375000000e+00 -5.932617187500000000e-02 -2.004394531250000000e-01
1.014892578125000000e+00 -5.493164062500000000e-02 -2.050781250000000000e-01
1.016601562500000000e+00 -5.493164062500000000e-02 -2.009277343750000000e-01
1.015380859375000000e+00 -5.981445312500000000e-02 -2.021484375000000000e-01
1.020996093750000000e+00 -5.346679687500000000e-02 -2.019042968750000000e-01
1.017333984375000000e+00 -5.468750000000000000e-02 -2.104492187500000000e-01
1.017089843750000000e+00 -5.615234375000000000e-02 -2.036132812500000000e-01
1.017578125000000000e+00 -5.444335937500000000e-02 -2.075195312500000000e-01
1.016113281250000000e+00 -5.419921875000000000e-02 -2.077636718750000000e-01
1.017089843750000000e+00 -5.224609375000000000e-02 -2.119140625000000000e-01
1.017089843750000000e+00 -4.663085937500000000e-02 -1.672363281250000000e-01
1.021240234375000000e+00 -4.101562500000000000e-02 -1.633300781250000000e-01
1.011474609375000000e+00 -4.077148437500000000e-02 -1.765136718750000000e-01
1.010498046875000000e+00 -4.077148437500000000e-02 -1.826171875000000000e-01
1.008789062500000000e+00 -4.980468750000000000e-02 -1.779785156250000000e-01
9.328613281250000000e-01 -5.541992187500000000e-02 -2.585449218750000000e-01
9.238281250000000000e-01 -1.257324218750000000e-01 -3.151855468750000000e-01
8.723144531250000000e-01 -1.171875000000000000e-01 -3.432617187500000000e-01
9.094238281250000000e-01 -2.087402343750000000e-01 -2.451171875000000000e-01
1.025634765625000000e+00 -1.586914062500000000e-01 -2.343750000000000000e-01
1.008544921875000000e+00 -1.635742187500000000e-01 -2.607421875000000000e-01
1.009765625000000000e+00 -1.901855468750000000e-01 -1.994628906250000000e-01
1.005126953125000000e+00 -1.022949218750000000e-01 -1.738281250000000000e-01
9.282226562500000000e-01 -1.250000000000000000e-01 -1.640625000000000000e-01
9.465332031250000000e-01 -1.611328125000000000e-01 -2.673339843750000000e-01
8.542480468750000000e-01 -1.220703125000000000e-01 -2.253417968750000000e-01
8.632812500000000000e-01 -2.089843750000000000e-01 -2.770996093750000000e-01
8.713378906250000000e-01 -1.215820312500000000e-01 -3.432617187500000000e-01
1.004882812500000000e+00 -8.056640625000000000e-03 -2.443847656250000000e-01
8.198242187500000000e-01 -9.326171875000000000e-02 -3.854980468750000000e-01
1.009033203125000000e+00 -3.359375000000000000e-01 -3.425292968750000000e-01
8.906250000000000000e-01 -1.994628906250000000e-01 -2.888183593750000000e-01
8.439941406250000000e-01 4.882812500000000000e-02 -3.391113281250000000e-01
7.363281250000000000e-01 -5.737304687500000000e-02 -2.189941406250000000e-01
8.820800781250000000e-01 -3.906250000000000000e-02 -4.633789062500000000e-01
6.999511718750000000e-01 -2.490234375000000000e-02 -2.739257812500000000e-01
7.631835937500000000e-01 -8.959960937500000000e-02 -4.519042968750000000e-01
7.785644531250000000e-01 -1.560058593750000000e-01 -3.774414062500000000e-01
5.932617187500000000e-01 -9.570312500000000000e-02 -3.918457031250000000e-01
6.945800781250000000e-01 2.246093750000000000e-02 -4.379882812500000000e-01
6.848144531250000000e-01 -2.026367187500000000e-02 -4.274902343750000000e-01
8.300781250000000000e-01 -7.421875000000000000e-02 -3.884277343750000000e-01
1.281738281250000000e+00 -1.018066406250000000e-01 -3.210449218750000000e-01
1.451904296875000000e+00 -6.567382812500000000e-02 -5.112304687500000000e-01
1.632812500000000000e+00 1.782226562500000000e-02 -3.874511718750000000e-01
1.590820312500000000e+00 -1.164550781250000000e-01 -4.392089843750000000e-01
1.121337890625000000e+00 -2.832031250000000000e-01 -7.885742187500000000e-02
9.816894531250000000e-01 -4.484863281250000000e-01 8.764648437500000000e-02
8.845214843750000000e-01 -3.000488281250000000e-01 3.686523437500000000e-02
8.833007812500000000e-01 -2.326660156250000000e-01 4.711914062500000000e-02
7.263183593750000000e-01 -3.291015625000000000e-01 1.562500000000000000e-01
9.716796875000000000e-01 -3.447265625000000000e-01 1.721191406250000000e-01
9.597167968750000000e-01 -3.437500000000000000e-01 2.375488281250000000e-01
9.970703125000000000e-01 -5.244140625000000000e-01 2.641601562500000000e-01
8.835449218750000000e-01 -5.747070312500000000e-01 2.846679687500000000e-01
9.597167968750000000e-01 -4.582519531250000000e-01 3.986816406250000000e-01
8.928222656250000000e-01 -5.500488281250000000e-01 1.784667968750000000e-01
6.594238281250000000e-01 -6.452636718750000000e-01 2.519531250000000000e-01
8.566894531250000000e-01 -7.924804687500000000e-01 3.242187500000000000e-01
7.377929687500000000e-01 -7.805175781250000000e-01 3.088378906250000000e-01
7.229003906250000000e-01 -8.032226562500000000e-01 3.454589843750000000e-01
6.616210937500000000e-01 -8.100585937500000000e-01 4.418945312500000000e-01
5.815429687500000000e-01 -8.208007812500000000e-01 5.007324218750000000e-01
4.633789062500000000e-01 -8.276367187500000000e-01 4.641113281250000000e-01
5.019531250000000000e-01 -7.233886718750000000e-01 4.997558593750000000e-01
4.604492187500000000e-01 -7.094726562500000000e-01 6.340332031250000000e-01
4.987792968750000000e-01 -3.906250000000000000e-01 8.356933593750000000e-01
4.580078125000000000e-01 -1.972656250000000000e-01 1.094238281250000000e+00
5.087890625000000000e-01 -1.201171875000000000e-01 1.077392578125000000e+00
4.174804687500000000e-01 2.175292968750000000e-01 1.022460937500000000e+00
4.194335937500000000e-01 1.999511718750000000e-01 1.036376953125000000e+00
4.951171875000000000e-01 1.252441406250000000e-01 8.801269531250000000e-01
6.599121093750000000e-01 2.416992187500000000e-02 8.671875000000000000e-01
8.037109375000000000e-01 8.935546875000000000e-02 8.378906250000000000e-01
9.379882812500000000e-01 2.563476562500000000e-02 7.966308593750000000e-01
8.720703125000000000e-01 -1.269531250000000000e-02 7.094726562500000000e-01
8.950195312500000000e-01 -1.682128906250000000e-01 7.548828125000000000e-01
7.170410156250000000e-01 -5.102539062500000000e-02 7.172851562500000000e-01
7.636718750000000000e-01 -5.566406250000000000e-02 7.136230468750000000e-01
5.571289062500000000e-01 6.396484375000000000e-02 8.393554687500000000e-01
6.735839843750000000e-01 1.367187500000000000e-01 1.025390625000000000e+00
4.785156250000000000e-01 1.250000000000000000e-01 1.032958984375000000e+00
2.309570312500000000e-01 -2.441406250000000000e-03 1.032714843750000000e+00
2.131347656250000000e-01 -5.981445312500000000e-02 9.946289062500000000e-01
3.095703125000000000e-01 -2.197265625000000000e-02 1.136230468750000000e+00
4.575195312500000000e-01 -2.441406250000000000e-02 1.075927734375000000e+00
3.793945312500000000e-01 2.026367187500000000e-02 9.079589843750000000e-01
2.578125000000000000e-01 2.001953125000000000e-02 8.461914062500000000e-01
2.099609375000000000e-01 4.687500000000000000e-02 1.127685546875000000e+00
4.599609375000000000e-01 1.220703125000000000e-03 1.065673828125000000e+00
4.299316406250000000e-01 -7.739257812500000000e-02 1.070800781250000000e+00
4.509277343750000000e-01 -7.934570312500000000e-02 9.929199218750000000e-01
3.676757812500000000e-01 1.245117187500000000e-02 1.023925781250000000e+00
4.631347656250000000e-01 -7.714843750000000000e-02 9.746093750000000000e-01
4.174804687500000000e-01 4.882812500000000000e-03 9.775390625000000000e-01
4.182128906250000000e-01 1.806640625000000000e-02 1.017333984375000000e+00
3.547363281250000000e-01 2.343750000000000000e-02 1.021484375000000000e+00
3.635253906250000000e-01 -1.147460937500000000e-02 9.802246093750000000e-01
4.658203125000000000e-01 -2.905273437500000000e-02 9.926757812500000000e-01
4.262695312500000000e-01 -2.392578125000000000e-02 9.941406250000000000e-01
4.333496093750000000e-01 1.000976562500000000e-02 1.015380859375000000e+00
4.279785156250000000e-01 2.343750000000000000e-02 1.013183593750000000e+00
4.294433593750000000e-01 -8.081054687500000000e-02 1.014160156250000000e+00
4.360351562500000000e-01 -7.788085937500000000e-02 9.179687500000000000e-01
4.343261718750000000e-01 -8.129882812500000000e-02 1.021728515625000000e+00
5.070800781250000000e-01 -6.958007812500000000e-02 9.797363281250000000e-01
5.212402343750000000e-01 -3.247070312500000000e-02 9.257812500000000000e-01
5.095214843750000000e-01 -7.641601562500000000e-02 9.240722656250000000e-01
5.026855468750000000e-01 -7.739257812500000000e-02 9.067382812500000000e-01
5.004882812500000000e-01 -8.422851562500000000e-02 9.584960937500000000e-01
5.236816406250000000e-01 -8.569335937500000000e-02 9.812011718750000000e-01
4.250488281250000000e-01 -7.202148437500000000e-02 9.274902343750000000e-01
4.633789062500000000e-01 7.568359375000000000e-03 1.067871093750000000e+00
4.096679687500000000e-01 -2.758789062500000000e-02 9.812011718750000000e-01
4.575195312500000000e-01 -1.684570312500000000e-02 9.821777343750000000e-01
4.482421875000000000e-01 -1.123046875000000000e-02 9.758300781250000000e-01
4.421386718750000000e-01 -1.953125000000000000e-02 9.699707031250000000e-01
4.433593750000000000e-01 2.783203125000000000e-02 1.027832031250000000e+00
3.745117187500000000e-01 1.440429687500000000e-02 9.794921875000000000e-01
3.745117187500000000e-01 1.635742187500000000e-02 9.870605468750000000e-01
4.421386718750000000e-01 1.586914062500000000e-02 9.921875000000000000e-01
4.399414062500000000e-01 2.148437500000000000e-02 1.026367187500000000e+00
4.394531250000000000e-01 2.734375000000000000e-02 9.738769531250000000e-01
4.433593750000000000e-01 2.978515625000000000e-02 9.794921875000000000e-01
4.384765625000000000e-01 -2.978515625000000000e-02 9.755859375000000000e-01
4.448242187500000000e-01 2.465820312500000000e-02 9.711914062500000000e-01
3.713378906250000000e-01 2.587890625000000000e-02 9.797363281250000000e-01
4.414062500000000000e-01 2.172851562500000000e-02 9.833984375000000000e-01
3.742675781250000000e-01 2.563476562500000000e-02 9.729003906250000000e-01
3.750000000000000000e-01 2.075195312500000000e-02 9.870605468750000000e-01
3.747558593750000000e-01 2.490234375000000000e-02 9.804687500000000000e-01
4.531250000000000000e-01 2.246093750000000000e-02 1.065185546875000000e+00
3.747558593750000000e-01 2.465820312500000000e-02 9.812011718750000000e-01
4.116210937500000000e-01 2.246093750000000000e-02 9.992675781250000000e-01
4.467773437500000000e-01 6.347656250000000000e-03 1.125000000000000000e+00
3.081054687500000000e-01 1.489257812500000000e-02 5.554199218750000000e-01
3.723144531250000000e-01 1.025390625000000000e-02 1.144042968750000000e+00
3.898925781250000000e-01 2.563476562500000000e-02 8.957519531250000000e-01
3.039550781250000000e-01 9.765625000000000000e-03 1.129638671875000000e+00
3.483886718750000000e-01 1.855468750000000000e-02 1.002929687500000000e+00
3.352050781250000000e-01 -5.371093750000000000e-03 1.034667968750000000e+00
4.477539062500000000e-01 2.319335937500000000e-02 1.023925781250000000e+00
3.508300781250000000e-01 -6.396484375000000000e-02 1.059814453125000000e+00
4.245605468750000000e-01 4.150390625000000000e-03 9.770507812500000000e-01
5.085449218750000000e-01 -9.252929687500000000e-02 1.083251953125000000e+00
4.836425781250000000e-01 -3.198242187500000000e-02 9.526367187500000000e-01
5.764160156250000000e-01 -3.637695312500000000e-02 9.377441406250000000e-01
6.403808593750000000e-01 -1.328125000000000000e-01 8.571777343750000000e-01
5.964355468750000000e-01 -1.506347656250000000e-01 9.587402343750000000e-01
7.646484375000000000e-01 -4.858398437500000000e-02 7.924804687500000000e-01
6.630859375000000000e-01 -1.950683593750000000e-01 8.322753906250000000e-01
8.486328125000000000e-01 -1.486816406250000000e-01 7.805175781250000000e-01
8.056640625000000000e-01 -8.642578125000000000e-02 7.167968750000000000e-01
8.234863281250000000e-01 -2.270507812500000000e-02 6.025390625000000000e-01
8.122558593750000000e-01 -5.615234375000000000e-02 6.262207031250000000e-01
8.483886718750000000e-01 -4.858398437500000000e-02 6.025390625000000000e-01
8.691406250000000000e-01 -5.810546875000000000e-02 6.074218750000000000e-01
8.703613281250000000e-01 -1.162109375000000000e-01 4.780273437500000000e-01
8.544921875000000000e-01 -1.667480468750000000e-01 4.997558593750000000e-01
8.996582031250000000e-01 -2.023925781250000000e-01 5.632324218750000000e-01
9.272460937500000000e-01 -1.423339843750000000e-01 4.277343750000000000e-01
1.001708984375000000e+00 -9.912109375000000000e-02 4.318847656250000000e-01
9.829101562500000000e-01 -1.062011718750000000e-01 5.205078125000000000e-01
9.362792968750000000e-01 -5.078125000000000000e-02 4.802246093750000000e-01
9.177246093750000000e-01 -1.599121093750000000e-01 4.467773437500000000e-01
8.708496093750000000e-01 -1.574707031250000000e-01 5.129394531250000000e-01
8.681640625000000000e-01 -1.093750000000000000e-01 3.601074218750000000e-01
8.615722656250000000e-01 -2.517089843750000000e-01 4.467773437500000000e-01
8.828125000000000000e-01 -2.590332031250000000e-01 3.059082031250000000e-01
9.055175781250000000e-01 -2.236328125000000000e-01 2.912597656250000000e-01
9.458007812500000000e-01 -3.435058593750000000e-01 3.334960937500000000e-01
9.870605468750000000e-01 -3.022460937500000000e-01 2.121582031250000000e-01
1.025146484375000000e+00 -2.895507812500000000e-01 1.113281250000000000e-01
9.714355468750000000e-01 -4.538574218750000000e-01 3.906250000000000000e-02
9.284667968750000000e-01 -4.042968750000000000e-01 -2.026367187500000000e-02
9.348144531250000000e-01 -4.594726562500000000e-01 -6.689453125000000000e-02
8.581542968750000000e-01 -3.518066406250000000e-01 -1.115722656250000000e-01
8.588867187500000000e-01 -3.842773437500000000e-01 -7.666015625000000000e-02
1.029541015625000000e+00 -3.874511718750000000e-01 -2.541503906250000000e-01
9.589843750000000000e-01 -2.805175781250000000e-01 -1.606445312500000000e-01
9.614257812500000000e-01 -1.752929687500000000e-01 -1.816406250000000000e-01
8.642578125000000000e-01 -2.680664062500000000e-01 -2.441406250000000000e-01
8.913574218750000000e-01 -1.899414062500000000e-01 -4.670410156250000000e-01
