1.005126953125000000e+00 -3.540039062500000000e-02 -1.855468750000000000e-01
1.005126953125000000e+00 -3.540039062500000000e-02 -1.855468750000000000e-01
1.005126953125000000e+00 -3.540039062500000000e-02 -1.855468750000000000e-01
1.006835937500000000e+00 -3.833007812500000000e-02 -2.526855468750000000e-01
9.355468750000000000e-01 -3.735351562500000000e-02 -1.860351562500000000e-01
1.005126953125000000e+00 -3.613281250000000000e-02 -1.857910156250000000e-01
1.005126953125000000e+00 -3.564453125000000000e-02 -2.500000000000000000e-01
1.005615234375000000e+00 -3.710937500000000000e-02 -1.838378906250000000e-01
1.001464843750000000e+00 -3.613281250000000000e-02 -2.517089843750000000e-01
1.001220703125000000e+00 -3.979492187500000000e-02 -2.534179687500000000e-01
1.005859375000000000e+00 -4.003906250000000000e-02 -2.539062500000000000e-01
1.007324218750000000e+00 -3.686523437500000000e-02 -2.500000000000000000e-01
1.001464843750000000e+00 -3.637695312500000000e-02 -2.531738281250000000e-01
1.004150390625000000e+00 -3.857421875000000000e-02 -1.857910156250000000e-01
9.345703125000000000e-01 -4.443359375000000000e-02 -1.860351562500000000e-01
1.003417968750000000e+00 -3.491210937500000000e-02 -2.548828125000000000e-01
1.005615234375000000e+00 -3.759765625000000000e-02 -1.811523437500000000e-01
1.002197265625000000e+00 -4.003906250000000000e-02 -2.519531250000000000e-01
1.006835937500000000e+00 -4.052734375000000000e-02 -2.546386718750000000e-01
1.006835937500000000e+00 -4.052734375000000000e-02 -2.546386718750000000e-01
1.003173828125000000e+00 -3.784179687500000000e-02 -2.551269531250000000e-01
1.012695312500000000e+00 -3.442382812500000000e-02 -2.539062500000000000e-01
1.001708984375000000e+00 -9.179687500000000000e-02 -2.619628906250000000e-01
9.338378906250000000e-01 -4.150390625000000000e-02 -2.792968750000000000e-01
9.553222656250000000e-01 -8.154296875000000000e-02 -2.385253906250000000e-01
8.361816406250000000e-01 -2.465820312500000000e-02 -3.056640625000000000e-01
7.194824218750000000e-01 -6.469726562500000000e-02 -2.646484375000000000e-01
7.370605468750000000e-01 -4.150390625000000000e-02 -1.694335937500000000e-01
7.343750000000000000e-01 -2.954101562500000000e-02 -1.989746093750000000e-01
6.159667968750000000e-01 -2.109375000000000000e-01 -2.214355468750000000e-01
1.625976562500000000e+00 -2.734375000000000000e-02 -2.773437500000000000e-01
2.106201171875000000e+00 -1.340332031250000000e-01 -7.683105468750000000e-01
2.281494140625000000e+00 -2.504882812500000000e-01 -1.278564453125000000e+00
1.152832031250000000e+00 -2.609863281250000000e-01 -5.959472656250000000e-01
-3.981933593750000000e-01 2.622070312500000000e-01 3.159179687500000000e-01
-5.053710937500000000e-02 6.860351562500000000e-02 -3.637695312500000000e-02
7.763671875000000000e-02 -1.474609375000000000e-01 7.983398437500000000e-02
7.153320312500000000e-02 8.154296875000000000e-02 1.542968750000000000e-01
3.149414062500000000e-01 6.860351562500000000e-02 -3.588867187500000000e-02
1.882324218750000000e+00 -9.521484375000000000e-02 -4.204101562500000000e-01
2.367431640625000000e+00 -1.171875000000000000e-02 -8.549804687500000000e-01
3.170166015625000000e+00 -3.786621093750000000e-01 -1.573242187500000000e+00
9.890136718750000000e-01 -1.289062500000000000e-01 -5.146484375000000000e-01
-3.769531250000000000e-01 1.435546875000000000e-01 2.587890625000000000e-02
-5.810546875000000000e-02 7.666015625000000000e-02 -8.789062500000000000e-03
1.215820312500000000e-01 1.513671875000000000e-02 -1.611328125000000000e-02
-9.594726562500000000e-02 -7.666015625000000000e-02 -6.591796875000000000e-03
3.613281250000000000e-01 2.636718750000000000e-02 -2.270507812500000000e-02
1.255126953125000000e+00 -1.125488281250000000e-01 -9.082031250000000000e-01
2.734619140625000000e+00 -6.152343750000000000e-02 -8.156738281250000000e-01
3.427734375000000000e+00 -3.259277343750000000e-01 -1.741210937500000000e+00
5.576171875000000000e-01 -1.616210937500000000e-01 -4.912109375000000000e-01
-3.183593750000000000e-01 -8.300781250000000000e-02 3.105468750000000000e-01
-3.735351562500000000e-02 2.097167968750000000e-01 -3.051757812500000000e-02
-1.367187500000000000e-02 -2.758789062500000000e-02 -3.369140625000000000e-02
8.520507812500000000e-02 -7.202148437500000000e-02 1.020507812500000000e-01
7.941894531250000000e-01 5.615234375000000000e-03 -1.513671875000000000e-02
2.274658203125000000e+00 -1.486816406250000000e-01 -5.200195312500000000e-01
2.817626953125000000e+00 -2.878417968750000000e-01 -1.388916015625000000e+00
3.415283203125000000e+00 -3.010253906250000000e-01 -2.527587890625000000e+00
1.628417968750000000e-01 -6.250000000000000000e-02 -5.346679687500000000e-02
-7.761230468750000000e-01 1.367187500000000000e-02 4.833984375000000000e-02
3.381347656250000000e-01 -2.929687500000000000e-02 -1.960449218750000000e-01
-8.471679687500000000e-02 4.272460937500000000e-02 2.187500000000000000e-01
2.563476562500000000e-02 5.004882812500000000e-02 -6.542968750000000000e-02
4.687500000000000000e-01 -1.184082031250000000e-01 -2.788085937500000000e-01
2.356689453125000000e+00 -1.250000000000000000e-01 -7.597656250000000000e-01
2.895019531250000000e+00 -1.879882812500000000e-01 -1.338378906250000000e+00
3.042480468750000000e+00 -7.177734375000000000e-02 -1.140625000000000000e+00
4.541015625000000000e-02 -6.665039062500000000e-02 1.889648437500000000e-01
-6.826171875000000000e-01 -5.761718750000000000e-02 1.528320312500000000e-01
3.041992187500000000e-01 1.457519531250000000e-01 -7.934570312500000000e-02
-9.716796875000000000e-02 -3.808593750000000000e-02 2.172851562500000000e-02
2.028808593750000000e-01 1.953125000000000000e-02 7.666015625000000000e-02
9.606933593750000000e-01 4.028320312500000000e-02 -6.103515625000000000e-02
2.571289062500000000e+00 -4.291992187500000000e-01 -1.948242187500000000e-01
2.370361328125000000e+00 -7.397460937500000000e-02 -1.221191406250000000e+00
3.579101562500000000e+00 -1.643066406250000000e-01 -2.292968750000000000e+00
2.949218750000000000e-01 -3.413085937500000000e-01 -9.790039062500000000e-02
-7.973632812500000000e-01 3.344726562500000000e-02 3.178710937500000000e-01
3.103027343750000000e-01 7.031250000000000000e-02 -1.523437500000000000e-01
-5.566406250000000000e-02 -3.222656250000000000e-02 3.979492187500000000e-02
1.135253906250000000e-01 -8.740234375000000000e-02 4.199218750000000000e-02
5.153808593750000000e-01 -8.959960937500000000e-02 -1.767578125000000000e-01
2.576416015625000000e+00 -1.508789062500000000e-01 -5.268554687500000000e-01
2.865234375000000000e+00 2.075195312500000000e-02 -1.309814453125000000e+00
3.580078125000000000e+00 -6.811523437500000000e-01 -2.573486328125000000e+00
4.670410156250000000e-01 -1.318359375000000000e-02 -1.567382812500000000e-01
-9.133300781250000000e-01 1.445312500000000000e-01 2.402343750000000000e-01
3.593750000000000000e-01 -8.569335937500000000e-02 -4.492187500000000000e-02
-1.411132812500000000e-01 8.496093750000000000e-02 1.716308593750000000e-01
6.689453125000000000e-02 -9.716796875000000000e-02 -6.323242187500000000e-02
4.221191406250000000e-01 -8.227539062500000000e-02 -2.502441406250000000e-01
2.481689453125000000e+00 -1.293945312500000000e-01 -4.501953125000000000e-01
2.959716796875000000e+00 -2.954101562500000000e-02 -1.510986328125000000e+00
2.948242187500000000e+00 -4.726562500000000000e-01 -2.326660156250000000e+00
4.509277343750000000e-01 9.179687500000000000e-02 -2.080078125000000000e-01
-1.024414062500000000e+00 -1.977539062500000000e-02 4.042968750000000000e-01
4.230957031250000000e-01 7.739257812500000000e-02 -1.972656250000000000e-01
-1.560058593750000000e-01 -3.857421875000000000e-02 1.252441406250000000e-01
2.900390625000000000e-01 -2.807617187500000000e-02 3.027343750000000000e-02
7.602539062500000000e-01 -7.470703125000000000e-02 -5.131835937500000000e-01
3.202880859375000000e+00 -2.558593750000000000e-01 -6.081542968750000000e-01
2.581787109375000000e+00 2.343750000000000000e-02 -1.320312500000000000e+00
2.257812500000000000e+00 2.285156250000000000e-01 -1.888183593750000000e+00
-1.188964843750000000e-01 -2.802734375000000000e-01 -6.103515625000000000e-03
-6.850585937500000000e-01 1.318359375000000000e-01 2.045898437500000000e-01
4.792480468750000000e-01 -7.495117187500000000e-02 6.713867187500000000e-02
-9.790039062500000000e-02 1.806640625000000000e-02 2.058105468750000000e-01
5.207519531250000000e-01 7.128906250000000000e-02 2.294921875000000000e-02
1.540283203125000000e+00 -2.873535156250000000e-01 -7.268066406250000000e-01
3.025634765625000000e+00 1.965332031250000000e-01 -1.096191406250000000e+00
1.291503906250000000e+00 -3.874511718750000000e-01 -1.745605468750000000e-01
1.515625000000000000e+00 -1.391601562500000000e-02 1.721191406250000000e-01
-9.887695312500000000e-01 -5.053710937500000000e-02 4.677734375000000000e-01
6.762695312500000000e-02 1.264648437500000000e-01 -7.226562500000000000e-02
1.069335937500000000e-01 -1.315917968750000000e-01 6.884765625000000000e-02
3.117675781250000000e-01 1.220703125000000000e-02 -1.977539062500000000e-02
7.817382812500000000e-01 7.275390625000000000e-02 -3.725585937500000000e-01
2.813720703125000000e+00 -1.689453125000000000e-01 -9.682617187500000000e-01
2.615966796875000000e+00 -2.893066406250000000e-01 -1.283447265625000000e+00
2.361572265625000000e+00 1.169433593750000000e-01 -1.086181640625000000e+00
-4.897460937500000000e-01 -3.559570312500000000e-01 8.789062500000000000e-02
-6.726074218750000000e-01 2.968750000000000000e-01 -3.100585937500000000e-02
5.734863281250000000e-01 -1.396484375000000000e-01 4.199218750000000000e-02
-1.166992187500000000e-01 2.416992187500000000e-02 8.032226562500000000e-02
5.947265625000000000e-01 7.568359375000000000e-02 -1.459960937500000000e-01
2.370849609375000000e+00 -3.178710937500000000e-01 -6.296386718750000000e-01
3.765869140625000000e+00 -3.220214843750000000e-01 -2.207275390625000000e+00
1.321289062500000000e+00 -8.879394531250000000e-01 -2.978515625000000000e-01
1.440429687500000000e-01 8.398437500000000000e-02 3.459472656250000000e-01
-9.570312500000000000e-01 7.275390625000000000e-02 5.761718750000000000e-02
4.951171875000000000e-01 -4.785156250000000000e-02 8.105468750000000000e-02
1.550292968750000000e-01 -5.004882812500000000e-02 -1.169433593750000000e-01
1.069335937500000000e-01 -2.026367187500000000e-02 -1.220703125000000000e-03
1.738281250000000000e+00 -1.379394531250000000e-01 -6.904296875000000000e-01
3.100097656250000000e+00 7.617187500000000000e-02 -7.922363281250000000e-01
1.803710937500000000e+00 -4.233398437500000000e-01 -2.939453125000000000e-01
1.581298828125000000e+00 -1.608886718750000000e-01 -5.834960937500000000e-01
-8.620605468750000000e-01 -1.408691406250000000e-01 4.645996093750000000e-01
-2.351074218750000000e-01 1.647949218750000000e-01 -1.923828125000000000e-01
2.731933593750000000e-01 -3.588867187500000000e-02 3.222656250000000000e-02
-1.506347656250000000e-01 -5.737304687500000000e-02 -2.807617187500000000e-02
6.984863281250000000e-01 -8.569335937500000000e-02 -2.595214843750000000e-01
2.591552734375000000e+00 4.980468750000000000e-02 -4.270019531250000000e-01
2.956054687500000000e+00 -3.395996093750000000e-01 -1.134033203125000000e+00
2.447753906250000000e+00 -3.251953125000000000e-01 -1.575195312500000000e+00
3.383789062500000000e-01 -2.145996093750000000e-01 2.685546875000000000e-02
-8.029785156250000000e-01 -2.685546875000000000e-02 2.900390625000000000e-01
3.681640625000000000e-01 3.515625000000000000e-02 1.782226562500000000e-02
-8.447265625000000000e-02 -1.381835937500000000e-01 9.179687500000000000e-02
4.157714843750000000e-01 -4.345703125000000000e-02 2.343750000000000000e-02
1.422607421875000000e+00 -5.102539062500000000e-02 -9.096679687500000000e-01
2.120117187500000000e+00 7.299804687500000000e-02 -5.981445312500000000e-01
1.260009765625000000e+00 -4.497070312500000000e-01 -7.145996093750000000e-01
1.540527343750000000e+00 -2.592773437500000000e-01 -5.703125000000000000e-01
-6.616210937500000000e-02 7.324218750000000000e-03 -6.005859375000000000e-02
6.926269531250000000e-01 -4.101562500000000000e-02 -1.506347656250000000e-01
8.366699218750000000e-01 -1.013183593750000000e-01 -2.141113281250000000e-01
1.364990234375000000e+00 -9.375000000000000000e-02 -4.858398437500000000e-01
7.270507812500000000e-01 -2.075195312500000000e-02 -3.422851562500000000e-01
9.028320312500000000e-01 -6.079101562500000000e-02 -1.669921875000000000e-01
1.067382812500000000e+00 -3.491210937500000000e-02 -2.653808593750000000e-01
1.022949218750000000e+00 -1.364746093750000000e-01 -3.242187500000000000e-01
9.614257812500000000e-01 -1.530761718750000000e-01 -2.253417968750000000e-01
9.108886718750000000e-01 -1.491699218750000000e-01 -2.297363281250000000e-01
1.012939453125000000e+00 -5.908203125000000000e-02 -3.139648437500000000e-01
1.003173828125000000e+00 -5.395507812500000000e-02 -2.453613281250000000e-01
9.113769531250000000e-01 -4.223632812500000000e-02 -2.368164062500000000e-01
9.316406250000000000e-01 -3.247070312500000000e-02 -2.402343750000000000e-01
9.150390625000000000e-01 -4.101562500000000000e-02 -2.434082031250000000e-01
9.150390625000000000e-01 -5.639648437500000000e-02 -2.497558593750000000e-01
9.311523437500000000e-01 -6.127929687500000000e-02 -2.207031250000000000e-01
9.301757812500000000e-01 -4.077148437500000000e-02 -2.763671875000000000e-01
9.160156250000000000e-01 -5.004882812500000000e-02 -2.250976562500000000e-01
9.301757812500000000e-01 -6.127929687500000000e-02 -2.255859375000000000e-01
9.289550781250000000e-01 -5.737304687500000000e-02 -2.382812500000000000e-01
9.187011718750000000e-01 -5.004882812500000000e-02 -2.297363281250000000e-01
9.270019531250000000e-01 -4.394531250000000000e-02 -2.260742187500000000e-01
9.304199218750000000e-01 -4.833984375000000000e-02 -2.365722656250000000e-01
9.296875000000000000e-01 -5.004882812500000000e-02 -2.299804687500000000e-01
9.257812500000000000e-01 -6.225585937500000000e-02 -2.253417968750000000e-01
9.328613281250000000e-01 -5.541992187500000000e-02 -2.209472656250000000e-01
9.279785156250000000e-01 -5.297851562500000000e-02 -2.297363281250000000e-01
9.367675781250000000e-01 -5.859375000000000000e-02 -2.680664062500000000e-01
9.321289062500000000e-01 -5.541992187500000000e-02 -2.749023437500000000e-01
9.316406250000000000e-01 -5.566406250000000000e-02 -2.731933593750000000e-01
9.287109375000000000e-01 -5.175781250000000000e-02 -2.778320312500000000e-01
1.005859375000000000e+00 -5.590820312500000000e-02 -2.788085937500000000e-01
9.338378906250000000e-01 -4.882812500000000000e-02 -2.202148437500000000e-01
9.323730468750000000e-01 -3.906250000000000000e-02 -2.717285156250000000e-01
9.321289062500000000e-01 -3.930664062500000000e-02 -2.673339843750000000e-01
9.274902343750000000e-01 -3.930664062500000000e-02 -2.729492187500000000e-01
9.335937500000000000e-01 -4.443359375000000000e-02 -2.763671875000000000e-01
9.316406250000000000e-01 -4.956054687500000000e-02 -2.690429687500000000e-01
9.274902343750000000e-01 -5.395507812500000000e-02 -2.651367187500000000e-01
1.009033203125000000e+00 -1.323242187500000000e-01 -2.578125000000000000e-01
9.365234375000000000e-01 -1.420898437500000000e-01 -2.622070312500000000e-01
1.001953125000000000e+00 -1.315917968750000000e-01 -2.534179687500000000e-01
9.323730468750000000e-01 -1.254882812500000000e-01 -2.600097656250000000e-01
