9.814453125000000000e-01 -2.416992187500000000e-02 -1.376953125000000000e-01
9.814453125000000000e-01 -2.416992187500000000e-02 -1.376953125000000000e-01
9.812011718750000000e-01 -2.148437500000000000e-02 -9.423828125000000000e-02
9.729003906250000000e-01 -2.148437500000000000e-02 -1.447753906250000000e-01
9.729003906250000000e-01 -2.148437500000000000e-02 -1.447753906250000000e-01
9.719238281250000000e-01 7.128906250000000000e-02 -1.330566406250000000e-01
9.719238281250000000e-01 7.128906250000000000e-02 -1.330566406250000000e-01
9.716796875000000000e-01 8.300781250000000000e-02 -1.069335937500000000e-01
1.064208984375000000e+00 4.541015625000000000e-02 -1.120605468750000000e-01
1.067138671875000000e+00 1.550292968750000000e-01 -1.296386718750000000e-01
1.009033203125000000e+00 9.790039062500000000e-02 -4.199218750000000000e-02
9.721679687500000000e-01 1.010742187500000000e-01 -6.884765625000000000e-02
9.953613281250000000e-01 1.145019531250000000e-01 -3.881835937500000000e-02
1.011718750000000000e+00 2.109375000000000000e-01 -7.885742187500000000e-02
1.005371093750000000e+00 2.153320312500000000e-01 -3.222656250000000000e-02
1.020019531250000000e+00 1.577148437500000000e-01 -9.082031250000000000e-02
9.738769531250000000e-01 1.694335937500000000e-01 -8.422851562500000000e-02
1.016113281250000000e+00 1.711425781250000000e-01 -6.689453125000000000e-02
1.012939453125000000e+00 1.242675781250000000e-01 7.080078125000000000e-03
1.018066406250000000e+00 1.943359375000000000e-01 -1.928710937500000000e-02
1.027099609375000000e+00 9.741210937500000000e-02 2.709960937500000000e-02
9.763183593750000000e-01 1.220703125000000000e-01 -1.586914062500000000e-02
1.027587890625000000e+00 1.818847656250000000e-01 -1.350097656250000000e-01
1.126953125000000000e+00 7.592773437500000000e-02 -1.569824218750000000e-01
1.022949218750000000e+00 1.115722656250000000e-01 -1.394042968750000000e-01
9.697265625000000000e-01 4.150390625000000000e-03 -1.074218750000000000e-01
9.921875000000000000e-01 1.513671875000000000e-02 -1.525878906250000000e-01
1.009521484375000000e+00 6.835937500000000000e-02 -1.096191406250000000e-01
1.026611328125000000e+00 6.494140625000000000e-02 -1.018066406250000000e-01
1.020263671875000000e+00 3.100585937500000000e-02 -9.423828125000000000e-02
9.753417968750000000e-01 -5.053710937500000000e-02 -1.005859375000000000e-01
9.877929687500000000e-01 -4.223632812500000000e-02 -1.196289062500000000e-01
9.785156250000000000e-01 -8.276367187500000000e-02 -1.418457031250000000e-01
1.012939453125000000e+00 -8.618164062500000000e-02 -1.025390625000000000e-01
9.255371093750000000e-01 4.882812500000000000e-04 -1.367187500000000000e-01
9.228515625000000000e-01 1.928710937500000000e-02 -7.958984375000000000e-02
1.014404296875000000e+00 -8.007812500000000000e-02 6.591796875000000000e-03
1.070556640625000000e+00 -3.344726562500000000e-02 -9.521484375000000000e-03
9.960937500000000000e-01 -1.335449218750000000e-01 -4.882812500000000000e-03
9.946289062500000000e-01 -6.005859375000000000e-02 5.371093750000000000e-03
1.112304687500000000e+00 -2.583007812500000000e-01 -1.137695312500000000e-01
1.137451171875000000e+00 2.392578125000000000e-02 -1.589355468750000000e-01
9.711914062500000000e-01 5.517578125000000000e-02 -2.624511718750000000e-01
1.057128906250000000e+00 8.251953125000000000e-02 -1.440429687500000000e-01
1.031005859375000000e+00 1.118164062500000000e-01 -4.394531250000000000e-02
1.031005859375000000e+00 1.088867187500000000e-01 -2.490234375000000000e-02
9.262695312500000000e-01 9.643554687500000000e-02 -1.464843750000000000e-02
9.094238281250000000e-01 1.044921875000000000e-01 9.252929687500000000e-02
9.094238281250000000e-01 1.044921875000000000e-01 9.252929687500000000e-02
9.130859375000000000e-01 1.975097656250000000e-01 6.958007812500000000e-02
9.130859375000000000e-01 1.975097656250000000e-01 6.958007812500000000e-02
1.025634765625000000e+00 1.713867187500000000e-01 4.296875000000000000e-02
9.887695312500000000e-01 1.103515625000000000e-01 -1.464843750000000000e-03
1.138427734375000000e+00 1.286621093750000000e-01 6.958007812500000000e-02
1.260009765625000000e+00 3.967285156250000000e-01 -4.882812500000000000e-03
9.868164062500000000e-01 1.579589843750000000e-01 -4.687500000000000000e-02
9.868164062500000000e-01 1.579589843750000000e-01 -4.687500000000000000e-02
9.086914062500000000e-01 -6.738281250000000000e-02 -6.103515625000000000e-03
9.086914062500000000e-01 -6.738281250000000000e-02 -6.103515625000000000e-03
9.086914062500000000e-01 -6.738281250000000000e-02 -6.103515625000000000e-03
8.710937500000000000e-01 -1.562500000000000000e-02 -9.033203125000000000e-03
9.553222656250000000e-01 2.905273437500000000e-02 3.857421875000000000e-02
9.553222656250000000e-01 2.905273437500000000e-02 3.857421875000000000e-02
1.092773437500000000e+00 4.687500000000000000e-02 5.004882812500000000e-02
1.092773437500000000e+00 4.687500000000000000e-02 5.004882812500000000e-02
1.099365234375000000e+00 8.911132812500000000e-02 5.566406250000000000e-02
1.154296875000000000e+00 -8.740234375000000000e-02 5.468750000000000000e-02
1.154296875000000000e+00 -8.740234375000000000e-02 5.468750000000000000e-02
1.229980468750000000e+00 -1.408691406250000000e-01 -2.709960937500000000e-02
1.328125000000000000e+00 -2.685546875000000000e-03 -3.857421875000000000e-01
7.236328125000000000e-01 2.539062500000000000e-01 -2.629394531250000000e-01
8.496093750000000000e-01 4.956054687500000000e-02 -1.484375000000000000e-01
8.496093750000000000e-01 4.956054687500000000e-02 -1.484375000000000000e-01
8.442382812500000000e-01 4.223632812500000000e-02 -4.077148437500000000e-02
7.983398437500000000e-01 2.895507812500000000e-01 2.807617187500000000e-02
8.676757812500000000e-01 2.233886718750000000e-01 -6.958007812500000000e-02
8.750000000000000000e-01 1.750488281250000000e-01 -8.471679687500000000e-02
8.750000000000000000e-01 1.750488281250000000e-01 -8.471679687500000000e-02
1.097900390625000000e+00 1.000976562500000000e-01 -4.882812500000000000e-03
1.126708984375000000e+00 5.932617187500000000e-02 1.469726562500000000e-01
1.125488281250000000e+00 3.771972656250000000e-01 4.272460937500000000e-02
1.300537109375000000e+00 4.199218750000000000e-01 -2.802734375000000000e-01
7.910156250000000000e-01 2.448730468750000000e-01 -3.117675781250000000e-01
7.326660156250000000e-01 -3.930664062500000000e-02 -2.519531250000000000e-01
1.121337890625000000e+00 3.432617187500000000e-01 -9.814453125000000000e-02
8.046875000000000000e-01 1.333007812500000000e-01 -1.618652343750000000e-01
1.017333984375000000e+00 7.690429687500000000e-02 -1.291503906250000000e-01
8.601074218750000000e-01 -1.660156250000000000e-02 1.733398437500000000e-02
9.536132812500000000e-01 -7.031250000000000000e-02 -2.978515625000000000e-02
9.428710937500000000e-01 -1.516113281250000000e-01 -6.347656250000000000e-03
1.187011718750000000e+00 4.785156250000000000e-02 7.299804687500000000e-02
1.187011718750000000e+00 4.785156250000000000e-02 7.299804687500000000e-02
1.187011718750000000e+00 1.552734375000000000e-01 1.489257812500000000e-01
1.265625000000000000e+00 5.590820312500000000e-02 -3.125000000000000000e-02
1.233642578125000000e+00 -3.225097656250000000e-01 -5.751953125000000000e-01
7.238769531250000000e-01 8.911132812500000000e-02 -2.617187500000000000e-01
9.721679687500000000e-01 2.531738281250000000e-01 -1.164550781250000000e-01
9.353027343750000000e-01 -1.030273437500000000e-01 -5.004882812500000000e-02
7.397460937500000000e-01 9.936523437500000000e-02 2.197265625000000000e-03
9.541015625000000000e-01 2.717285156250000000e-01 -9.765625000000000000e-03
8.774414062500000000e-01 6.030273437500000000e-02 7.812500000000000000e-02
7.480468750000000000e-01 1.835937500000000000e-01 -1.000976562500000000e-02
1.006103515625000000e+00 1.140136718750000000e-01 -6.372070312500000000e-02
1.193603515625000000e+00 1.215820312500000000e-01 2.270507812500000000e-02
1.216796875000000000e+00 1.850585937500000000e-01 7.299804687500000000e-02
1.161132812500000000e+00 2.578125000000000000e-01 4.077148437500000000e-02
1.301025390625000000e+00 4.833984375000000000e-01 -3.745117187500000000e-01
7.636718750000000000e-01 1.025390625000000000e-02 -3.364257812500000000e-01
9.550781250000000000e-01 8.544921875000000000e-03 -1.350097656250000000e-01
1.021972656250000000e+00 2.219238281250000000e-01 -2.490234375000000000e-02
9.414062500000000000e-01 1.379394531250000000e-01 -1.469726562500000000e-01
8.784179687500000000e-01 2.758789062500000000e-02 2.929687500000000000e-03
9.074707031250000000e-01 2.465820312500000000e-02 5.126953125000000000e-02
8.505859375000000000e-01 -7.983398437500000000e-02 1.416015625000000000e-01
8.505859375000000000e-01 -7.983398437500000000e-02 1.416015625000000000e-01
1.152099609375000000e+00 4.833984375000000000e-02 9.423828125000000000e-02
1.240722656250000000e+00 1.125488281250000000e-01 6.884765625000000000e-02
1.157714843750000000e+00 -2.441406250000000000e-03 1.228027343750000000e-01
1.399902343750000000e+00 -7.934570312500000000e-02 -1.132812500000000000e-01
9.975585937500000000e-01 -9.472656250000000000e-02 -2.409667968750000000e-01
9.345703125000000000e-01 2.756347656250000000e-01 -1.206054687500000000e-01
1.034179687500000000e+00 1.166992187500000000e-01 -4.150390625000000000e-02
8.293457031250000000e-01 -2.016601562500000000e-01 -3.198242187500000000e-02
8.422851562500000000e-01 1.608886718750000000e-01 9.765625000000000000e-04
8.391113281250000000e-01 2.128906250000000000e-01 3.808593750000000000e-02
8.391113281250000000e-01 2.128906250000000000e-01 3.808593750000000000e-02
8.620605468750000000e-01 1.657714843750000000e-01 2.734375000000000000e-02
1.052734375000000000e+00 1.923828125000000000e-01 5.639648437500000000e-02
1.042480468750000000e+00 2.070312500000000000e-01 3.955078125000000000e-02
1.205078125000000000e+00 2.900390625000000000e-01 2.170410156250000000e-01
1.060302734375000000e+00 1.582031250000000000e-01 7.885742187500000000e-02
1.438476562500000000e+00 5.170898437500000000e-01 -4.663085937500000000e-01
8.105468750000000000e-01 -2.553710937500000000e-01 -2.775878906250000000e-01
1.008056640625000000e+00 3.630371093750000000e-01 -7.128906250000000000e-02
8.896484375000000000e-01 8.203125000000000000e-02 -8.203125000000000000e-02
8.479003906250000000e-01 -6.176757812500000000e-02 6.396484375000000000e-02
8.669433593750000000e-01 -7.592773437500000000e-02 4.614257812500000000e-02
8.669433593750000000e-01 -7.592773437500000000e-02 4.614257812500000000e-02
7.973632812500000000e-01 -1.313476562500000000e-01 9.301757812500000000e-02
9.338378906250000000e-01 -1.977539062500000000e-02 -1.538085937500000000e-02
1.321533203125000000e+00 1.787109375000000000e-01 7.128906250000000000e-02
1.202392578125000000e+00 5.468750000000000000e-02 1.318359375000000000e-01
1.416748046875000000e+00 -5.200195312500000000e-02 -2.709960937500000000e-02
1.101318359375000000e+00 -4.436035156250000000e-01 -3.676757812500000000e-01
7.607421875000000000e-01 1.430664062500000000e-01 -2.761230468750000000e-01
7.441406250000000000e-01 -6.386718750000000000e-01 8.325195312500000000e-02
7.951660156250000000e-01 1.364746093750000000e-01 -9.765625000000000000e-02
9.101562500000000000e-01 2.109375000000000000e-01 1.684570312500000000e-02
8.500976562500000000e-01 1.560058593750000000e-01 -6.982421875000000000e-02
8.500976562500000000e-01 1.560058593750000000e-01 -6.982421875000000000e-02
8.447265625000000000e-01 2.465820312500000000e-01 -7.958984375000000000e-02
1.012695312500000000e+00 1.853027343750000000e-01 1.245117187500000000e-02
1.047607421875000000e+00 2.714843750000000000e-01 6.420898437500000000e-02
1.107177734375000000e+00 2.026367187500000000e-01 -7.763671875000000000e-02
1.212646484375000000e+00 1.542968750000000000e-01 1.667480468750000000e-01
1.411621093750000000e+00 3.251953125000000000e-01 -3.034667968750000000e-01
6.791992187500000000e-01 1.635742187500000000e-02 -2.917480468750000000e-01
9.406738281250000000e-01 -4.150390625000000000e-02 -1.552734375000000000e-01
1.051025390625000000e+00 4.248046875000000000e-01 2.514648437500000000e-02
8.464355468750000000e-01 -6.250000000000000000e-02 -8.764648437500000000e-02
8.623046875000000000e-01 -1.437988281250000000e-01 -4.882812500000000000e-03
9.650878906250000000e-01 6.982421875000000000e-02 5.371093750000000000e-02
8.388671875000000000e-01 -4.003906250000000000e-02 -1.196289062500000000e-02
9.455566406250000000e-01 -5.712890625000000000e-02 7.080078125000000000e-02
1.222900390625000000e+00 -3.417968750000000000e-03 3.442382812500000000e-02
1.273193359375000000e+00 -7.275390625000000000e-02 4.394531250000000000e-02
1.273193359375000000e+00 -7.275390625000000000e-02 4.394531250000000000e-02
8.608398437500000000e-01 -7.055664062500000000e-02 -2.600097656250000000e-01
8.608398437500000000e-01 -7.055664062500000000e-02 -2.600097656250000000e-01
9.819335937500000000e-01 3.823242187500000000e-01 -3.125000000000000000e-02
8.730468750000000000e-01 -1.416015625000000000e-01 -1.225585937500000000e-01
8.588867187500000000e-01 -1.660156250000000000e-02 -7.763671875000000000e-02
8.105468750000000000e-01 2.333984375000000000e-01 1.904296875000000000e-02
9.458007812500000000e-01 1.440429687500000000e-01 -1.367187500000000000e-02
8.010253906250000000e-01 3.134765625000000000e-01 9.130859375000000000e-02
9.667968750000000000e-01 2.055664062500000000e-01 -1.928710937500000000e-02
1.057373046875000000e+00 1.301269531250000000e-01 4.956054687500000000e-02
1.252685546875000000e+00 2.639160156250000000e-01 7.983398437500000000e-02
1.102294921875000000e+00 1.867675781250000000e-01 1.918945312500000000e-01
1.455810546875000000e+00 4.636230468750000000e-01 -3.847656250000000000e-01
7.595214843750000000e-01 7.812500000000000000e-03 -2.824707031250000000e-01
1.001708984375000000e+00 3.662109375000000000e-03 -9.814453125000000000e-02
9.177246093750000000e-01 3.798828125000000000e-01 2.441406250000000000e-03
9.379882812500000000e-01 8.398437500000000000e-02 -1.540527343750000000e-01
7.968750000000000000e-01 -3.979492187500000000e-02 -6.591796875000000000e-02
9.321289062500000000e-01 -6.958007812500000000e-02 3.198242187500000000e-02
8.854980468750000000e-01 -8.398437500000000000e-02 -3.417968750000000000e-03
8.562011718750000000e-01 -6.372070312500000000e-02 4.809570312500000000e-02
1.130126953125000000e+00 6.909179687500000000e-02 7.031250000000000000e-02
1.163330078125000000e+00 2.702636718750000000e-01 5.175781250000000000e-02
1.170166015625000000e+00 -1.293945312500000000e-02 1.096191406250000000e-01
1.696533203125000000e+00 -3.205566406250000000e-01 -4.499511718750000000e-01
6.171875000000000000e-01 -1.154785156250000000e-01 -2.292480468750000000e-01
1.135253906250000000e+00 3.925781250000000000e-01 -1.276855468750000000e-01
8.896484375000000000e-01 4.907226562500000000e-02 -4.882812500000000000e-02
8.896484375000000000e-01 4.907226562500000000e-02 -4.882812500000000000e-02
8.518066406250000000e-01 2.526855468750000000e-01 -4.077148437500000000e-02
8.974609375000000000e-01 -1.196289062500000000e-02 -6.298828125000000000e-02
8.112792968750000000e-01 2.719726562500000000e-01 -7.177734375000000000e-02
1.018310546875000000e+00 2.128906250000000000e-01 -6.909179687500000000e-02
