9.838867187500000000e-01 3.076171875000000000e-02 6.420898437500000000e-02
9.838867187500000000e-01 3.076171875000000000e-02 6.420898437500000000e-02
9.863281250000000000e-01 2.905273437500000000e-02 7.299804687500000000e-02
9.863281250000000000e-01 2.905273437500000000e-02 7.299804687500000000e-02
9.902343750000000000e-01 2.807617187500000000e-02 6.958007812500000000e-02
9.875488281250000000e-01 2.758789062500000000e-02 7.397460937500000000e-02
9.851074218750000000e-01 2.587890625000000000e-02 6.982421875000000000e-02
9.902343750000000000e-01 2.465820312500000000e-02 6.469726562500000000e-02
9.936523437500000000e-01 -3.125000000000000000e-02 6.909179687500000000e-02
9.873046875000000000e-01 2.246093750000000000e-02 6.811523437500000000e-02
9.912109375000000000e-01 2.319335937500000000e-02 6.323242187500000000e-02
9.912109375000000000e-01 2.319335937500000000e-02 6.323242187500000000e-02
9.843750000000000000e-01 2.294921875000000000e-02 -5.371093750000000000e-03
9.892578125000000000e-01 2.294921875000000000e-02 6.835937500000000000e-02
9.929199218750000000e-01 2.783203125000000000e-02 -2.685546875000000000e-03
9.887695312500000000e-01 -2.539062500000000000e-02 6.958007812500000000e-02
1.063720703125000000e+00 2.636718750000000000e-02 6.347656250000000000e-02
1.071044921875000000e+00 1.318359375000000000e-02 -7.324218750000000000e-03
9.858398437500000000e-01 1.782226562500000000e-02 6.884765625000000000e-02
9.914550781250000000e-01 1.879882812500000000e-02 7.202148437500000000e-02
1.027099609375000000e+00 2.172851562500000000e-02 8.642578125000000000e-02
1.025146484375000000e+00 -2.685546875000000000e-02 7.690429687500000000e-02
1.025390625000000000e+00 -2.929687500000000000e-02 3.662109375000000000e-02
9.763183593750000000e-01 -2.124023437500000000e-02 7.763671875000000000e-02
9.914550781250000000e-01 2.416992187500000000e-02 -3.662109375000000000e-03
9.914550781250000000e-01 -2.734375000000000000e-02 -2.441406250000000000e-04
9.790039062500000000e-01 2.563476562500000000e-02 -2.929687500000000000e-03
9.882812500000000000e-01 3.002929687500000000e-02 -7.080078125000000000e-03
9.936523437500000000e-01 1.831054687500000000e-02 -1.831054687500000000e-02
1.074707031250000000e+00 1.635742187500000000e-02 -2.514648437500000000e-02
9.909667968750000000e-01 6.835937500000000000e-03 3.027343750000000000e-02
9.978027343750000000e-01 1.416015625000000000e-02 2.490234375000000000e-02
9.758300781250000000e-01 -6.494140625000000000e-02 1.977539062500000000e-02
1.065917968750000000e+00 -3.662109375000000000e-02 2.856445312500000000e-02
1.073242187500000000e+00 8.056640625000000000e-03 2.685546875000000000e-03
9.914550781250000000e-01 -7.495117187500000000e-02 1.684570312500000000e-02
9.799804687500000000e-01 -8.862304687500000000e-02 2.075195312500000000e-02
9.775390625000000000e-01 -7.006835937500000000e-02 1.269531250000000000e-02
9.943847656250000000e-01 -7.031250000000000000e-02 1.489257812500000000e-02
1.068359375000000000e+00 -8.374023437500000000e-02 2.148437500000000000e-02
9.919433593750000000e-01 -6.567382812500000000e-02 4.150390625000000000e-03
1.664306640625000000e+00 -5.827636718750000000e-01 3.222656250000000000e-02
1.174560546875000000e+00 -1.831054687500000000e-02 6.096191406250000000e-01
1.089843750000000000e+00 8.691406250000000000e-02 1.953125000000000000e-02
9.968261718750000000e-01 7.080078125000000000e-03 1.831054687500000000e-02
9.665527343750000000e-01 -6.396484375000000000e-02 2.661132812500000000e-02
1.012695312500000000e+00 -4.150390625000000000e-02 6.323242187500000000e-02
1.028320312500000000e+00 -5.273437500000000000e-02 -2.685546875000000000e-02
1.021972656250000000e+00 -8.618164062500000000e-02 -5.029296875000000000e-02
1.024902343750000000e+00 -1.374511718750000000e-01 -1.298828125000000000e-01
1.084228515625000000e+00 -1.401367187500000000e-01 -1.525878906250000000e-01
1.073730468750000000e+00 -1.137695312500000000e-01 -1.447753906250000000e-01
9.982910156250000000e-01 -1.501464843750000000e-01 -1.113281250000000000e-01
1.010742187500000000e+00 -1.428222656250000000e-01 -2.001953125000000000e-01
9.777832031250000000e-01 -1.533203125000000000e-01 -1.574707031250000000e-01
1.028076171875000000e+00 -5.981445312500000000e-02 -1.889648437500000000e-01
9.694824218750000000e-01 -1.262207031250000000e-01 -2.502441406250000000e-01
1.012939453125000000e+00 -1.367187500000000000e-01 -2.053222656250000000e-01
9.328613281250000000e-01 -1.267089843750000000e-01 -1.779785156250000000e-01
9.272460937500000000e-01 -1.281738281250000000e-01 -1.577148437500000000e-01
1.024169921875000000e+00 -6.225585937500000000e-02 -1.787109375000000000e-01
1.011962890625000000e+00 -1.337890625000000000e-01 -2.617187500000000000e-01
1.010009765625000000e+00 -5.859375000000000000e-02 -2.041015625000000000e-01
9.887695312500000000e-01 -1.450195312500000000e-01 -2.290039062500000000e-01
1.009033203125000000e+00 -1.403808593750000000e-01 -1.894531250000000000e-01
1.004882812500000000e+00 -6.201171875000000000e-02 -2.116699218750000000e-01
1.009033203125000000e+00 -5.371093750000000000e-02 -1.755371093750000000e-01
1.027832031250000000e+00 -9.497070312500000000e-02 -1.877441406250000000e-01
9.204101562500000000e-01 -8.129882812500000000e-02 -1.572265625000000000e-01
1.006591796875000000e+00 -5.737304687500000000e-02 -2.111816406250000000e-01
9.287109375000000000e-01 -1.306152343750000000e-01 -1.540527343750000000e-01
9.921875000000000000e-01 -1.059570312500000000e-01 -1.970214843750000000e-01
9.372558593750000000e-01 -6.152343750000000000e-02 -1.230468750000000000e-01
1.018066406250000000e+00 -1.289062500000000000e-01 -1.003417968750000000e-01
9.790039062500000000e-01 -5.932617187500000000e-02 -2.001953125000000000e-01
9.321289062500000000e-01 -5.786132812500000000e-02 -1.542968750000000000e-01
9.958496093750000000e-01 -1.335449218750000000e-01 -1.076660156250000000e-01
9.729003906250000000e-01 -1.252441406250000000e-01 -1.462402343750000000e-01
1.023193359375000000e+00 -1.025390625000000000e-01 -1.081542968750000000e-01
1.006103515625000000e+00 -7.958984375000000000e-02 -4.736328125000000000e-02
9.797363281250000000e-01 -5.444335937500000000e-02 1.269531250000000000e-02
7.785644531250000000e-01 -2.512207031250000000e-01 -1.904296875000000000e-01
4.389648437500000000e-01 1.000976562500000000e-02 1.831054687500000000e-01
1.009765625000000000e+00 -6.494140625000000000e-02 1.271972656250000000e-01
1.060302734375000000e+00 -1.718750000000000000e-01 2.978515625000000000e-02
1.089111328125000000e+00 -2.509765625000000000e-01 -1.220703125000000000e-03
1.064453125000000000e+00 -1.174316406250000000e-01 -7.983398437500000000e-02
1.026367187500000000e+00 -1.230468750000000000e-01 9.033203125000000000e-03
9.731445312500000000e-01 -1.171875000000000000e-01 -4.394531250000000000e-02
9.765625000000000000e-01 -1.486816406250000000e-01 1.953125000000000000e-03
9.924316406250000000e-01 -1.386718750000000000e-01 3.906250000000000000e-03
9.780273437500000000e-01 -1.311035156250000000e-01 -6.616210937500000000e-02
1.024902343750000000e+00 -1.252441406250000000e-01 1.904296875000000000e-02
1.078613281250000000e+00 -1.345214843750000000e-01 -6.469726562500000000e-02
9.780273437500000000e-01 -1.298828125000000000e-01 2.685546875000000000e-02
9.760742187500000000e-01 -1.286621093750000000e-01 2.880859375000000000e-02
9.777832031250000000e-01 -5.517578125000000000e-02 -2.270507812500000000e-02
9.919433593750000000e-01 -4.101562500000000000e-02 -1.220703125000000000e-02
9.941406250000000000e-01 -5.322265625000000000e-02 -1.611328125000000000e-02
1.063232421875000000e+00 -5.004882812500000000e-02 1.391601562500000000e-02
9.929199218750000000e-01 -8.251953125000000000e-02 3.320312500000000000e-02
1.068359375000000000e+00 1.293945312500000000e-02 8.862304687500000000e-02
1.001464843750000000e+00 -5.688476562500000000e-02 -1.708984375000000000e-02
9.882812500000000000e-01 -7.543945312500000000e-02 -1.708984375000000000e-03
9.863281250000000000e-01 5.615234375000000000e-03 9.106445312500000000e-02
9.870605468750000000e-01 2.246093750000000000e-02 3.173828125000000000e-02
9.741210937500000000e-01 -2.783203125000000000e-02 5.224609375000000000e-02
9.738769531250000000e-01 1.367187500000000000e-02 8.789062500000000000e-02
9.772949218750000000e-01 6.347656250000000000e-03 3.173828125000000000e-02
9.970703125000000000e-01 7.324218750000000000e-03 5.151367187500000000e-02
1.000000000000000000e+00 1.513671875000000000e-02 3.710937500000000000e-02
9.929199218750000000e-01 1.586914062500000000e-02 9.277343750000000000e-02
9.794921875000000000e-01 1.440429687500000000e-02 4.370117187500000000e-02
9.868164062500000000e-01 7.324218750000000000e-03 3.979492187500000000e-02
9.958496093750000000e-01 1.098632812500000000e-02 4.223632812500000000e-02
9.824218750000000000e-01 2.929687500000000000e-03 8.715820312500000000e-02
9.858398437500000000e-01 2.685546875000000000e-03 4.272460937500000000e-02
9.973144531250000000e-01 4.638671875000000000e-03 9.350585937500000000e-02
9.877929687500000000e-01 7.568359375000000000e-03 3.393554687500000000e-02
9.921875000000000000e-01 7.324218750000000000e-03 9.130859375000000000e-02
9.956054687500000000e-01 3.662109375000000000e-03 3.784179687500000000e-02
9.877929687500000000e-01 4.150390625000000000e-03 3.247070312500000000e-02
9.887695312500000000e-01 7.080078125000000000e-03 3.735351562500000000e-02
9.975585937500000000e-01 6.591796875000000000e-03 3.906250000000000000e-02
9.975585937500000000e-01 6.591796875000000000e-03 3.906250000000000000e-02
9.890136718750000000e-01 2.685546875000000000e-03 4.589843750000000000e-02
9.838867187500000000e-01 7.324218750000000000e-03 3.808593750000000000e-02
9.929199218750000000e-01 7.080078125000000000e-03 4.833984375000000000e-02
9.885253906250000000e-01 9.033203125000000000e-03 4.833984375000000000e-02
9.909667968750000000e-01 4.638671875000000000e-03 5.029296875000000000e-02
9.853515625000000000e-01 2.929687500000000000e-03 4.638671875000000000e-02
9.931640625000000000e-01 6.835937500000000000e-03 4.418945312500000000e-02
9.953613281250000000e-01 2.929687500000000000e-03 5.249023437500000000e-02
9.919433593750000000e-01 9.765625000000000000e-04 4.907226562500000000e-02
9.899902343750000000e-01 -6.616210937500000000e-02 4.296875000000000000e-02
9.912109375000000000e-01 -6.420898437500000000e-02 4.516601562500000000e-02
9.899902343750000000e-01 1.464843750000000000e-03 4.003906250000000000e-02
9.899902343750000000e-01 1.464843750000000000e-03 4.003906250000000000e-02
9.851074218750000000e-01 2.197265625000000000e-03 4.003906250000000000e-02
9.895019531250000000e-01 4.150390625000000000e-03 5.737304687500000000e-02
9.912109375000000000e-01 3.662109375000000000e-03 4.809570312500000000e-02
9.846191406250000000e-01 1.220703125000000000e-03 4.443359375000000000e-02
9.958496093750000000e-01 1.098632812500000000e-02 4.052734375000000000e-02
9.958496093750000000e-01 1.098632812500000000e-02 4.052734375000000000e-02
9.951171875000000000e-01 5.126953125000000000e-03 4.931640625000000000e-02
9.846191406250000000e-01 5.859375000000000000e-03 5.273437500000000000e-02
9.921875000000000000e-01 1.147460937500000000e-02 3.735351562500000000e-02
9.863281250000000000e-01 9.765625000000000000e-04 5.053710937500000000e-02
9.897460937500000000e-01 8.544921875000000000e-03 4.565429687500000000e-02
9.912109375000000000e-01 0.000000000000000000e+00 3.833007812500000000e-02
9.916992187500000000e-01 1.953125000000000000e-03 4.101562500000000000e-02
9.899902343750000000e-01 -6.347656250000000000e-02 3.271484375000000000e-02
9.936523437500000000e-01 5.126953125000000000e-03 4.467773437500000000e-02
9.873046875000000000e-01 3.173828125000000000e-03 3.759765625000000000e-02
9.943847656250000000e-01 8.789062500000000000e-03 3.955078125000000000e-02
9.985351562500000000e-01 -7.202148437500000000e-02 4.516601562500000000e-02
9.848632812500000000e-01 -6.420898437500000000e-02 9.277343750000000000e-02
9.938964843750000000e-01 4.882812500000000000e-04 1.279296875000000000e-01
1.066650390625000000e+00 -6.591796875000000000e-02 6.030273437500000000e-02
1.095458984375000000e+00 5.126953125000000000e-03 1.391601562500000000e-01
9.252929687500000000e-01 1.928710937500000000e-02 -1.391601562500000000e-02
9.580078125000000000e-01 -7.275390625000000000e-02 9.521484375000000000e-02
1.002441406250000000e+00 3.906250000000000000e-03 1.301269531250000000e-01
1.034179687500000000e+00 1.123046875000000000e-02 9.887695312500000000e-02
9.858398437500000000e-01 1.147460937500000000e-02 5.297851562500000000e-02
1.026611328125000000e+00 4.882812500000000000e-03 1.394042968750000000e-01
9.985351562500000000e-01 7.812500000000000000e-03 1.447753906250000000e-01
9.882812500000000000e-01 1.416015625000000000e-02 1.313476562500000000e-01
9.899902343750000000e-01 1.171875000000000000e-02 1.320800781250000000e-01
1.064208984375000000e+00 2.539062500000000000e-02 1.389160156250000000e-01
9.982910156250000000e-01 2.954101562500000000e-02 6.250000000000000000e-02
9.853515625000000000e-01 1.171875000000000000e-02 1.318359375000000000e-01
9.887695312500000000e-01 1.123046875000000000e-02 1.303710937500000000e-01
9.941406250000000000e-01 2.416992187500000000e-02 1.320800781250000000e-01
1.068603515625000000e+00 2.392578125000000000e-02 1.274414062500000000e-01
1.068603515625000000e+00 2.392578125000000000e-02 1.274414062500000000e-01
9.909667968750000000e-01 6.347656250000000000e-03 5.200195312500000000e-02
9.836425781250000000e-01 7.568359375000000000e-03 1.328125000000000000e-01
1.000000000000000000e+00 8.544921875000000000e-03 1.359863281250000000e-01
9.931640625000000000e-01 9.521484375000000000e-03 5.297851562500000000e-02
9.882812500000000000e-01 1.342773437500000000e-02 4.809570312500000000e-02
9.848632812500000000e-01 4.150390625000000000e-03 5.273437500000000000e-02
9.855957031250000000e-01 1.000976562500000000e-02 3.833007812500000000e-02
9.873046875000000000e-01 1.464843750000000000e-03 5.615234375000000000e-02
9.868164062500000000e-01 1.708984375000000000e-03 4.882812500000000000e-02
9.821777343750000000e-01 9.765625000000000000e-03 5.273437500000000000e-02
9.916992187500000000e-01 6.591796875000000000e-03 4.956054687500000000e-02
9.956054687500000000e-01 6.591796875000000000e-03 4.541015625000000000e-02
9.938964843750000000e-01 1.098632812500000000e-02 5.639648437500000000e-02
9.843750000000000000e-01 9.277343750000000000e-03 5.126953125000000000e-02
1.062988281250000000e+00 1.293945312500000000e-02 5.126953125000000000e-02
9.970703125000000000e-01 1.416015625000000000e-02 4.980468750000000000e-02
9.858398437500000000e-01 1.000976562500000000e-02 5.224609375000000000e-02
9.836425781250000000e-01 1.293945312500000000e-02 5.322265625000000000e-02
9.904785156250000000e-01 9.765625000000000000e-03 6.176757812500000000e-02
9.870605468750000000e-01 9.277343750000000000e-03 5.297851562500000000e-02
9.860839843750000000e-01 6.835937500000000000e-03 5.346679687500000000e-02
9.851074218750000000e-01 4.882812500000000000e-04 6.005859375000000000e-02
9.846191406250000000e-01 7.080078125000000000e-03 1.271972656250000000e-01
9.924316406250000000e-01 2.441406250000000000e-03 5.493164062500000000e-02
