9.899902343750000000e-01 -1.892089843750000000e-01 2.075195312500000000e-02
9.899902343750000000e-01 -1.892089843750000000e-01 2.075195312500000000e-02
9.899902343750000000e-01 -1.892089843750000000e-01 2.075195312500000000e-02
1.016357421875000000e+00 -1.889648437500000000e-01 1.562500000000000000e-02
1.033203125000000000e+00 -4.809570312500000000e-02 -2.197265625000000000e-03
9.753417968750000000e-01 -1.108398437500000000e-01 2.172851562500000000e-02
9.753417968750000000e-01 -2.031250000000000000e-01 -2.221679687500000000e-02
1.066162109375000000e+00 -1.635742187500000000e-01 -1.733398437500000000e-02
1.066162109375000000e+00 -1.635742187500000000e-01 -1.733398437500000000e-02
1.066162109375000000e+00 -1.635742187500000000e-01 -1.733398437500000000e-02
1.015136718750000000e+00 -9.448242187500000000e-02 -2.294921875000000000e-02
9.851074218750000000e-01 -1.633300781250000000e-01 -1.635742187500000000e-02
9.909667968750000000e-01 -2.065429687500000000e-01 3.100585937500000000e-02
9.909667968750000000e-01 -2.065429687500000000e-01 3.100585937500000000e-02
9.802246093750000000e-01 -5.371093750000000000e-02 2.490234375000000000e-02
1.074951171875000000e+00 -2.229003906250000000e-01 7.568359375000000000e-02
9.553222656250000000e-01 -9.570312500000000000e-02 -7.006835937500000000e-02
9.553222656250000000e-01 -9.570312500000000000e-02 -7.006835937500000000e-02
8.488769531250000000e-01 -5.859375000000000000e-02 -5.175781250000000000e-02
8.176269531250000000e-01 5.590820312500000000e-02 2.929687500000000000e-03
7.856445312500000000e-01 -8.325195312500000000e-02 -1.196289062500000000e-02
9.365234375000000000e-01 6.591796875000000000e-03 7.910156250000000000e-02
9.365234375000000000e-01 6.591796875000000000e-03 7.910156250000000000e-02
1.041992187500000000e+00 -2.392578125000000000e-02 -1.806640625000000000e-02
1.041992187500000000e+00 -2.392578125000000000e-02 -1.806640625000000000e-02
1.117431640625000000e+00 2.368164062500000000e-02 1.303710937500000000e-01
1.118164062500000000e+00 4.003906250000000000e-02 1.535644531250000000e-01
1.208740234375000000e+00 6.713867187500000000e-02 1.315917968750000000e-01
1.103759765625000000e+00 3.076171875000000000e-02 3.322753906250000000e-01
1.321044921875000000e+00 1.420898437500000000e-01 4.907226562500000000e-01
1.225585937500000000e+00 1.164550781250000000e-01 6.445312500000000000e-01
7.250976562500000000e-01 9.863281250000000000e-02 4.931640625000000000e-01
9.516601562500000000e-01 9.057617187500000000e-02 4.785156250000000000e-01
9.082031250000000000e-01 1.406250000000000000e-01 5.786132812500000000e-01
9.836425781250000000e-01 6.689453125000000000e-02 5.864257812500000000e-01
9.836425781250000000e-01 6.689453125000000000e-02 5.864257812500000000e-01
8.864746093750000000e-01 1.025390625000000000e-02 5.737304687500000000e-01
9.628906250000000000e-01 -2.294921875000000000e-02 4.711914062500000000e-01
1.012939453125000000e+00 -2.294921875000000000e-02 5.646972656250000000e-01
1.012939453125000000e+00 -2.294921875000000000e-02 5.646972656250000000e-01
1.018066406250000000e+00 -2.026367187500000000e-02 5.278320312500000000e-01
8.630371093750000000e-01 -1.904296875000000000e-02 5.112304687500000000e-01
9.680175781250000000e-01 7.568359375000000000e-02 5.744628906250000000e-01
9.680175781250000000e-01 -1.489257812500000000e-02 5.766601562500000000e-01
9.638671875000000000e-01 -1.831054687500000000e-02 5.273437500000000000e-01
9.638671875000000000e-01 -1.831054687500000000e-02 5.273437500000000000e-01
9.494628906250000000e-01 -1.611328125000000000e-02 5.307617187500000000e-01
9.526367187500000000e-01 -1.318359375000000000e-02 5.493164062500000000e-01
9.526367187500000000e-01 -1.318359375000000000e-02 5.493164062500000000e-01
9.116210937500000000e-01 -2.954101562500000000e-02 4.772949218750000000e-01
9.584960937500000000e-01 -1.293945312500000000e-02 5.129394531250000000e-01
9.584960937500000000e-01 -1.293945312500000000e-02 5.129394531250000000e-01
9.611816406250000000e-01 -1.757812500000000000e-02 5.644531250000000000e-01
9.519042968750000000e-01 6.933593750000000000e-02 5.869140625000000000e-01
9.519042968750000000e-01 6.933593750000000000e-02 5.869140625000000000e-01
9.318847656250000000e-01 -1.049804687500000000e-02 5.266113281250000000e-01
9.409179687500000000e-01 -1.855468750000000000e-02 4.267578125000000000e-01
9.409179687500000000e-01 -1.855468750000000000e-02 4.267578125000000000e-01
9.074707031250000000e-01 7.861328125000000000e-02 5.893554687500000000e-01
9.553222656250000000e-01 -1.196289062500000000e-02 4.221191406250000000e-01
9.553222656250000000e-01 -1.196289062500000000e-02 4.221191406250000000e-01
9.553222656250000000e-01 -1.196289062500000000e-02 4.221191406250000000e-01
9.653320312500000000e-01 -6.347656250000000000e-03 5.639648437500000000e-01
9.277343750000000000e-01 -2.758789062500000000e-02 5.261230468750000000e-01
9.277343750000000000e-01 -2.758789062500000000e-02 5.261230468750000000e-01
9.121093750000000000e-01 -1.928710937500000000e-02 5.092773437500000000e-01
9.663085937500000000e-01 -4.638671875000000000e-03 5.302734375000000000e-01
9.663085937500000000e-01 -4.638671875000000000e-03 5.302734375000000000e-01
9.077148437500000000e-01 -3.173828125000000000e-03 5.676269531250000000e-01
1.000732421875000000e+00 -2.929687500000000000e-02 5.024414062500000000e-01
1.000732421875000000e+00 -2.929687500000000000e-02 5.024414062500000000e-01
9.685058593750000000e-01 -2.099609375000000000e-02 4.277343750000000000e-01
9.685058593750000000e-01 -2.099609375000000000e-02 4.277343750000000000e-01
9.577636718750000000e-01 6.347656250000000000e-02 4.743652343750000000e-01
9.067382812500000000e-01 -9.033203125000000000e-03 5.639648437500000000e-01
9.067382812500000000e-01 -9.033203125000000000e-03 5.639648437500000000e-01
9.223632812500000000e-01 -3.100585937500000000e-02 5.090332031250000000e-01
9.079589843750000000e-01 -2.465820312500000000e-02 4.304199218750000000e-01
9.687500000000000000e-01 -2.636718750000000000e-02 5.312500000000000000e-01
9.687500000000000000e-01 -2.636718750000000000e-02 5.312500000000000000e-01
9.609375000000000000e-01 6.298828125000000000e-02 5.710449218750000000e-01
9.145507812500000000e-01 -1.025390625000000000e-02 5.258789062500000000e-01
9.208984375000000000e-01 -2.490234375000000000e-02 5.061035156250000000e-01
9.616699218750000000e-01 -1.074218750000000000e-02 4.333496093750000000e-01
9.616699218750000000e-01 -1.074218750000000000e-02 4.333496093750000000e-01
9.616699218750000000e-01 -1.074218750000000000e-02 4.333496093750000000e-01
9.089355468750000000e-01 6.811523437500000000e-02 4.938964843750000000e-01
9.643554687500000000e-01 -6.591796875000000000e-03 4.355468750000000000e-01
9.633789062500000000e-01 -1.245117187500000000e-02 4.868164062500000000e-01
9.633789062500000000e-01 -1.245117187500000000e-02 4.868164062500000000e-01
9.633789062500000000e-01 -1.245117187500000000e-02 4.868164062500000000e-01
9.223632812500000000e-01 -1.513671875000000000e-02 5.275878906250000000e-01
9.291992187500000000e-01 -2.368164062500000000e-02 5.014648437500000000e-01
9.291992187500000000e-01 -2.368164062500000000e-02 5.014648437500000000e-01
9.091796875000000000e-01 -2.490234375000000000e-02 4.306640625000000000e-01
9.519042968750000000e-01 6.640625000000000000e-02 5.244140625000000000e-01
9.101562500000000000e-01 -1.391601562500000000e-02 4.814453125000000000e-01
9.553222656250000000e-01 -1.367187500000000000e-02 5.158691406250000000e-01
1.025634765625000000e+00 7.055664062500000000e-02 4.592285156250000000e-01
9.206542968750000000e-01 -2.807617187500000000e-02 4.299316406250000000e-01
9.526367187500000000e-01 -1.342773437500000000e-02 5.024414062500000000e-01
1.022949218750000000e+00 9.033203125000000000e-03 4.194335937500000000e-01
1.001708984375000000e+00 2.392578125000000000e-02 4.040527343750000000e-01
1.022705078125000000e+00 -2.734375000000000000e-02 2.868652343750000000e-01
1.016845703125000000e+00 -2.685546875000000000e-03 3.449707031250000000e-01
1.147705078125000000e+00 -1.806640625000000000e-02 2.849121093750000000e-01
1.267089843750000000e+00 -1.635742187500000000e-02 3.227539062500000000e-01
1.267089843750000000e+00 -1.635742187500000000e-02 3.227539062500000000e-01
1.163085937500000000e+00 -5.249023437500000000e-02 2.626953125000000000e-01
1.210693359375000000e+00 1.953125000000000000e-03 1.096191406250000000e-01
9.973144531250000000e-01 2.783203125000000000e-02 1.235351562500000000e-01
1.191162109375000000e+00 -7.641601562500000000e-02 8.984375000000000000e-02
9.970703125000000000e-01 -8.813476562500000000e-02 2.661132812500000000e-02
1.096923828125000000e+00 -1.928710937500000000e-01 -1.452636718750000000e-01
8.312988281250000000e-01 -1.369628906250000000e-01 -5.834960937500000000e-02
7.973632812500000000e-01 -1.262207031250000000e-01 -2.041015625000000000e-01
9.719238281250000000e-01 -6.469726562500000000e-02 3.491210937500000000e-02
9.719238281250000000e-01 -6.469726562500000000e-02 3.491210937500000000e-02
1.083496093750000000e+00 -2.062988281250000000e-01 -2.065429687500000000e-01
9.204101562500000000e-01 -1.445312500000000000e-01 -1.440429687500000000e-01
1.025390625000000000e+00 -1.555175781250000000e-01 -8.105468750000000000e-02
1.058349609375000000e+00 -1.940917968750000000e-01 -1.750488281250000000e-01
1.066406250000000000e+00 -1.174316406250000000e-01 -4.736328125000000000e-02
9.699707031250000000e-01 -1.984863281250000000e-01 -1.174316406250000000e-01
9.699707031250000000e-01 -1.984863281250000000e-01 -1.174316406250000000e-01
1.016357421875000000e+00 -1.088867187500000000e-01 -1.313476562500000000e-01
1.016357421875000000e+00 -1.088867187500000000e-01 -1.313476562500000000e-01
1.027587890625000000e+00 -1.542968750000000000e-01 -2.587890625000000000e-02
1.027587890625000000e+00 -1.542968750000000000e-01 -2.587890625000000000e-02
9.995117187500000000e-01 -1.230468750000000000e-01 -1.413574218750000000e-01
9.821777343750000000e-01 -1.125488281250000000e-01 -4.248046875000000000e-02
1.016357421875000000e+00 -1.049804687500000000e-01 7.226562500000000000e-02
9.841308593750000000e-01 -1.105957031250000000e-01 -2.929687500000000000e-03
9.916992187500000000e-01 -1.186523437500000000e-01 -7.226562500000000000e-02
9.916992187500000000e-01 -1.186523437500000000e-01 -7.226562500000000000e-02
9.763183593750000000e-01 -9.545898437500000000e-02 7.226562500000000000e-02
9.851074218750000000e-01 -1.125488281250000000e-01 -6.396484375000000000e-02
9.851074218750000000e-01 -1.125488281250000000e-01 -6.396484375000000000e-02
9.851074218750000000e-01 -1.125488281250000000e-01 -6.396484375000000000e-02
9.851074218750000000e-01 -1.093750000000000000e-01 -1.977539062500000000e-02
9.792480468750000000e-01 -1.101074218750000000e-01 2.880859375000000000e-02
9.790039062500000000e-01 -9.570312500000000000e-02 6.567382812500000000e-02
9.775390625000000000e-01 -1.074218750000000000e-01 -3.027343750000000000e-02
9.965820312500000000e-01 -1.142578125000000000e-01 2.978515625000000000e-02
9.965820312500000000e-01 -1.142578125000000000e-01 2.978515625000000000e-02
1.071044921875000000e+00 -1.987304687500000000e-01 -5.273437500000000000e-02
9.743652343750000000e-01 -1.513671875000000000e-01 3.100585937500000000e-02
9.836425781250000000e-01 -1.901855468750000000e-01 -1.538085937500000000e-02
9.836425781250000000e-01 -1.901855468750000000e-01 -1.538085937500000000e-02
9.960937500000000000e-01 -1.904296875000000000e-01 1.220703125000000000e-03
9.960937500000000000e-01 -1.904296875000000000e-01 1.220703125000000000e-03
1.068359375000000000e+00 -1.081542968750000000e-01 -7.006835937500000000e-02
9.812011718750000000e-01 -1.052246093750000000e-01 3.027343750000000000e-02
9.821777343750000000e-01 -1.169433593750000000e-01 2.856445312500000000e-02
9.702148437500000000e-01 -2.001953125000000000e-01 2.758789062500000000e-02
9.711914062500000000e-01 -1.074218750000000000e-01 -2.856445312500000000e-02
9.953613281250000000e-01 -1.118164062500000000e-01 -7.446289062500000000e-02
9.775390625000000000e-01 -1.059570312500000000e-01 3.100585937500000000e-02
9.775390625000000000e-01 -1.059570312500000000e-01 3.100585937500000000e-02
9.775390625000000000e-01 -1.013183593750000000e-01 2.441406250000000000e-02
9.926757812500000000e-01 -1.184082031250000000e-01 -2.929687500000000000e-02
9.929199218750000000e-01 -1.159667968750000000e-01 -8.056640625000000000e-02
9.765625000000000000e-01 -1.538085937500000000e-01 2.148437500000000000e-02
9.765625000000000000e-01 -1.538085937500000000e-01 2.148437500000000000e-02
1.024169921875000000e+00 -9.790039062500000000e-02 -1.806640625000000000e-02
9.709472656250000000e-01 -9.594726562500000000e-02 -2.294921875000000000e-02
1.069580078125000000e+00 -1.203613281250000000e-01 1.000976562500000000e-02
9.963378906250000000e-01 -1.091308593750000000e-01 -4.467773437500000000e-02
9.963378906250000000e-01 -1.091308593750000000e-01 -4.467773437500000000e-02
9.807128906250000000e-01 -9.692382812500000000e-02 -9.106445312500000000e-02
1.010498046875000000e+00 -1.555175781250000000e-01 -8.056640625000000000e-03
1.010498046875000000e+00 -1.555175781250000000e-01 -8.056640625000000000e-03
9.365234375000000000e-01 -1.064453125000000000e-01 -2.197265625000000000e-03
9.365234375000000000e-01 -1.064453125000000000e-01 -2.197265625000000000e-03
9.765625000000000000e-01 -1.220703125000000000e-01 -6.542968750000000000e-02
9.765625000000000000e-01 -1.220703125000000000e-01 -6.542968750000000000e-02
1.066162109375000000e+00 -1.203613281250000000e-01 -9.326171875000000000e-02
1.077392578125000000e+00 -1.049804687500000000e-01 -3.149414062500000000e-02
9.716796875000000000e-01 -1.511230468750000000e-01 -6.616210937500000000e-02
9.821777343750000000e-01 -1.152343750000000000e-01 -6.689453125000000000e-02
9.692382812500000000e-01 -9.790039062500000000e-02 1.049804687500000000e-02
9.855957031250000000e-01 -1.054687500000000000e-01 -6.396484375000000000e-02
1.065917968750000000e+00 -1.071777343750000000e-01 -3.442382812500000000e-02
9.816894531250000000e-01 -1.079101562500000000e-01 2.197265625000000000e-03
9.753417968750000000e-01 -9.985351562500000000e-02 -2.001953125000000000e-02
9.841308593750000000e-01 -9.741210937500000000e-02 7.592773437500000000e-02
9.746093750000000000e-01 -9.643554687500000000e-02 1.245117187500000000e-02
9.746093750000000000e-01 -9.643554687500000000e-02 1.245117187500000000e-02
1.076171875000000000e+00 -1.555175781250000000e-01 1.977539062500000000e-02
9.870605468750000000e-01 -9.985351562500000000e-02 -4.125976562500000000e-02
9.829101562500000000e-01 -9.741210937500000000e-02 1.464843750000000000e-03
1.020263671875000000e+00 -1.538085937500000000e-01 6.518554687500000000e-02
9.802246093750000000e-01 -1.030273437500000000e-01 -6.469726562500000000e-02
9.802246093750000000e-01 -1.030273437500000000e-01 -6.469726562500000000e-02
9.890136718750000000e-01 -1.137695312500000000e-01 -6.567382812500000000e-02
9.953613281250000000e-01 -1.062011718750000000e-01 -6.518554687500000000e-02
9.738769531250000000e-01 -1.525878906250000000e-01 -2.514648437500000000e-02
1.064208984375000000e+00 -1.940917968750000000e-01 -1.435546875000000000e-01
1.064208984375000000e+00 -1.940917968750000000e-01 -1.435546875000000000e-01
1.029541015625000000e+00 -9.594726562500000000e-02 1.171875000000000000e-02
