1.002441406250000000e+00 -2.585449218750000000e-01 -1.918945312500000000e-01
9.326171875000000000e-01 -2.602539062500000000e-01 -1.940917968750000000e-01
1.004638671875000000e+00 -2.246093750000000000e-01 -2.001953125000000000e-01
1.004638671875000000e+00 -2.246093750000000000e-01 -2.001953125000000000e-01
1.001953125000000000e+00 -2.202148437500000000e-01 -1.940917968750000000e-01
9.372558593750000000e-01 -2.219238281250000000e-01 -2.065429687500000000e-01
1.015869140625000000e+00 -2.531738281250000000e-01 -2.023925781250000000e-01
1.018066406250000000e+00 -2.646484375000000000e-01 -1.171875000000000000e-01
1.018066406250000000e+00 -2.646484375000000000e-01 -1.171875000000000000e-01
9.343261718750000000e-01 -2.712402343750000000e-01 -1.520996093750000000e-01
1.013671875000000000e+00 -2.268066406250000000e-01 -1.533203125000000000e-01
1.008056640625000000e+00 -2.768554687500000000e-01 -1.201171875000000000e-01
9.223632812500000000e-01 -2.619628906250000000e-01 -9.814453125000000000e-02
9.592285156250000000e-01 -2.551269531250000000e-01 -1.367187500000000000e-01
8.686523437500000000e-01 -2.795410156250000000e-01 -1.330566406250000000e-01
8.691406250000000000e-01 -2.250976562500000000e-01 -9.912109375000000000e-02
1.012939453125000000e+00 -3.269042968750000000e-01 -2.199707031250000000e-01
1.122558593750000000e+00 -3.366699218750000000e-01 -3.298339843750000000e-01
1.017578125000000000e+00 -1.855468750000000000e-01 -2.170410156250000000e-01
9.045410156250000000e-01 -2.812500000000000000e-01 -1.787109375000000000e-01
7.399902343750000000e-01 -2.629394531250000000e-01 -1.857910156250000000e-01
6.191406250000000000e-01 -2.067871093750000000e-01 -1.035156250000000000e-01
1.830566406250000000e+00 -2.460937500000000000e-01 -3.857421875000000000e-02
1.751220703125000000e+00 -3.322753906250000000e-01 -4.375000000000000000e-01
4.523925781250000000e-01 -2.077636718750000000e-01 -1.428222656250000000e-01
1.518554687500000000e-01 -4.296875000000000000e-02 -6.250000000000000000e-02
5.561523437500000000e-01 -1.069335937500000000e-01 -3.796386718750000000e-01
2.078613281250000000e+00 -3.728027343750000000e-01 -3.605957031250000000e-01
5.346679687500000000e-02 1.147460937500000000e-02 9.814453125000000000e-02
-2.441406250000000000e-02 1.464843750000000000e-03 1.977539062500000000e-01
1.713867187500000000e-01 6.372070312500000000e-02 1.257324218750000000e-01
9.643554687500000000e-02 -6.713867187500000000e-02 1.694335937500000000e-01
3.745117187500000000e-01 -1.274414062500000000e-01 5.419921875000000000e-02
2.529541015625000000e+00 -3.762207031250000000e-01 -4.125976562500000000e-02
2.125244140625000000e+00 -6.166992187500000000e-01 -4.375000000000000000e-01
2.125244140625000000e+00 -6.166992187500000000e-01 -4.375000000000000000e-01
2.029052734375000000e+00 -4.604492187500000000e-01 -4.775390625000000000e-01
-4.125976562500000000e-02 2.880859375000000000e-02 1.611328125000000000e-01
2.197265625000000000e-03 -1.389160156250000000e-01 4.248046875000000000e-02
2.197265625000000000e-03 -1.389160156250000000e-01 4.248046875000000000e-02
6.054687500000000000e-02 7.299804687500000000e-02 2.514648437500000000e-01
5.214843750000000000e-01 -8.813476562500000000e-02 -5.019531250000000000e-01
5.214843750000000000e-01 -8.813476562500000000e-02 -5.019531250000000000e-01
1.758789062500000000e+00 -4.030761718750000000e-01 -4.150390625000000000e-01
2.165039062500000000e+00 -3.623046875000000000e-01 -5.229492187500000000e-01
7.770996093750000000e-01 -2.912597656250000000e-01 -3.417968750000000000e-01
-8.032226562500000000e-02 1.464843750000000000e-03 1.435546875000000000e-01
9.741210937500000000e-02 -7.495117187500000000e-02 1.054687500000000000e-01
4.240722656250000000e-01 -1.696777343750000000e-01 -2.812500000000000000e-01
2.086181640625000000e+00 -3.208007812500000000e-01 -2.465820312500000000e-01
2.269287109375000000e+00 -6.276855468750000000e-01 -2.866210937500000000e-01
9.743652343750000000e-01 -1.269531250000000000e-01 -4.543457031250000000e-01
1.342773437500000000e-01 4.467773437500000000e-02 4.467773437500000000e-02
1.472167968750000000e-01 4.199218750000000000e-02 1.689453125000000000e-01
1.472167968750000000e-01 4.199218750000000000e-02 1.689453125000000000e-01
2.504882812500000000e-01 -1.699218750000000000e-01 5.932617187500000000e-02
2.060791015625000000e+00 -6.259765625000000000e-01 -5.854492187500000000e-01
2.187744140625000000e+00 -1.252441406250000000e-01 3.906250000000000000e-03
2.643554687500000000e+00 -7.409667968750000000e-01 -1.303710937500000000e-01
1.367187500000000000e+00 -2.487792968750000000e-01 -3.051757812500000000e-01
5.200195312500000000e-01 -1.022949218750000000e-01 -3.027343750000000000e-02
5.200195312500000000e-01 -1.022949218750000000e-01 -3.027343750000000000e-02
-9.375000000000000000e-02 3.271484375000000000e-02 1.298828125000000000e-01
9.326171875000000000e-02 -8.813476562500000000e-02 8.593750000000000000e-02
9.326171875000000000e-02 -8.813476562500000000e-02 8.593750000000000000e-02
1.303710937500000000e-01 -4.980468750000000000e-02 7.421875000000000000e-02
1.303710937500000000e-01 -4.980468750000000000e-02 7.421875000000000000e-02
7.543945312500000000e-01 -2.729492187500000000e-01 -2.888183593750000000e-01
7.543945312500000000e-01 -2.729492187500000000e-01 -2.888183593750000000e-01
3.364501953125000000e+00 -6.594238281250000000e-01 1.457519531250000000e-01
2.170410156250000000e+00 -4.741210937500000000e-01 -7.299804687500000000e-02
2.323974609375000000e+00 -2.832031250000000000e-01 -4.099121093750000000e-01
1.084960937500000000e+00 -3.869628906250000000e-01 -2.373046875000000000e-01
1.084960937500000000e+00 -3.869628906250000000e-01 -2.373046875000000000e-01
1.084960937500000000e+00 -3.869628906250000000e-01 -2.373046875000000000e-01
9.057617187500000000e-02 -7.177734375000000000e-02 1.284179687500000000e-01
-3.515625000000000000e-02 2.587890625000000000e-02 8.886718750000000000e-02
1.684570312500000000e-01 -9.326171875000000000e-02 2.099609375000000000e-02
5.297851562500000000e-02 -1.340332031250000000e-01 2.648925781250000000e-01
2.480468750000000000e-01 -1.296386718750000000e-01 -2.929687500000000000e-02
2.480468750000000000e-01 -1.296386718750000000e-01 -2.929687500000000000e-02
1.412109375000000000e+00 -2.968750000000000000e-01 -8.740234375000000000e-02
2.917480468750000000e+00 -4.838867187500000000e-01 -7.763671875000000000e-02
1.365722656250000000e+00 -3.654785156250000000e-01 -2.375488281250000000e-01
2.817382812500000000e-01 -1.552734375000000000e-01 5.859375000000000000e-02
2.817382812500000000e-01 -1.552734375000000000e-01 5.859375000000000000e-02
-5.737304687500000000e-02 -8.300781250000000000e-03 5.712890625000000000e-02
-5.737304687500000000e-02 -8.300781250000000000e-03 5.712890625000000000e-02
6.079101562500000000e-02 -3.027343750000000000e-02 1.032714843750000000e-01
9.230957031250000000e-01 -2.233886718750000000e-01 -2.429199218750000000e-01
3.400390625000000000e+00 -8.283691406250000000e-01 -1.010742187500000000e-01
2.013671875000000000e+00 -3.505859375000000000e-01 -2.927246093750000000e-01
5.573730468750000000e-01 -2.363281250000000000e-01 -5.615234375000000000e-02
-5.859375000000000000e-03 -1.472167968750000000e-01 2.807617187500000000e-02
1.152343750000000000e-01 -1.708984375000000000e-02 4.882812500000000000e-02
6.208496093750000000e-01 -2.485351562500000000e-01 -1.975097656250000000e-01
3.200683593750000000e+00 -1.092529296875000000e+00 -4.533691406250000000e-01
1.064697265625000000e+00 -2.805175781250000000e-01 -2.712402343750000000e-01
8.276367187500000000e-02 7.763671875000000000e-02 1.157226562500000000e-01
1.782226562500000000e-02 -2.246093750000000000e-02 -2.221679687500000000e-02
-6.591796875000000000e-03 -4.077148437500000000e-02 8.081054687500000000e-02
5.085449218750000000e-01 -2.648925781250000000e-01 -1.223144531250000000e-01
1.619384765625000000e+00 -5.119628906250000000e-01 -4.877929687500000000e-01
2.617431640625000000e+00 -5.466308593750000000e-01 -3.813476562500000000e-01
3.684082031250000000e-01 1.232910156250000000e-01 5.371093750000000000e-03
-1.711425781250000000e-01 -8.251953125000000000e-02 2.165527343750000000e-01
1.403808593750000000e-01 -9.765625000000000000e-02 -6.518554687500000000e-02
1.015625000000000000e-01 4.882812500000000000e-04 1.923828125000000000e-01
2.722167968750000000e-01 -1.032714843750000000e-01 6.909179687500000000e-02
2.722167968750000000e-01 -1.032714843750000000e-01 6.909179687500000000e-02
1.062988281250000000e+00 -3.435058593750000000e-01 -3.266601562500000000e-01
3.457031250000000000e+00 -7.934570312500000000e-01 2.148437500000000000e-01
2.075439453125000000e+00 -3.796386718750000000e-01 -3.393554687500000000e-01
2.087402343750000000e+00 -7.102050781250000000e-01 -4.450683593750000000e-01
6.499023437500000000e-01 -3.369140625000000000e-02 -1.257324218750000000e-01
-1.784667968750000000e-01 1.586914062500000000e-01 1.606445312500000000e-01
7.055664062500000000e-02 -5.493164062500000000e-02 7.324218750000000000e-03
-6.591796875000000000e-03 -7.714843750000000000e-02 2.514648437500000000e-01
1.983398437500000000e+00 -2.309570312500000000e-01 2.026367187500000000e-02
2.207031250000000000e+00 -5.410156250000000000e-01 -8.081054687500000000e-02
1.230224609375000000e+00 -2.050781250000000000e-01 -2.250976562500000000e-01
4.389648437500000000e-01 -1.818847656250000000e-01 -4.565429687500000000e-02
-1.430664062500000000e-01 5.859375000000000000e-03 1.516113281250000000e-01
-2.929687500000000000e-03 -7.373046875000000000e-02 -1.464843750000000000e-03
1.027832031250000000e-01 -3.588867187500000000e-02 1.040039062500000000e-01
3.354492187500000000e-01 -1.560058593750000000e-01 -8.007812500000000000e-02
1.824707031250000000e+00 -6.916503906250000000e-01 5.102539062500000000e-02
2.494628906250000000e+00 -7.221679687500000000e-01 -2.783203125000000000e-01
1.107177734375000000e+00 -2.736816406250000000e-01 -3.847656250000000000e-01
6.152343750000000000e-02 4.345703125000000000e-02 1.325683593750000000e-01
-9.033203125000000000e-02 -1.018066406250000000e-01 1.267089843750000000e-01
2.219238281250000000e-01 -5.810546875000000000e-02 4.638671875000000000e-03
1.247558593750000000e+00 -4.204101562500000000e-01 4.882812500000000000e-04
2.968017578125000000e+00 -7.663574218750000000e-01 1.433105468750000000e-01
2.432373046875000000e+00 -2.866210937500000000e-01 -1.921386718750000000e-01
2.432373046875000000e+00 -2.866210937500000000e-01 -1.921386718750000000e-01
3.710937500000000000e-01 -1.667480468750000000e-01 2.783203125000000000e-02
-1.057128906250000000e-01 -6.103515625000000000e-03 8.178710937500000000e-02
2.043457031250000000e-01 -4.296875000000000000e-02 2.685546875000000000e-02
-6.347656250000000000e-03 2.661132812500000000e-02 9.179687500000000000e-02
-6.347656250000000000e-03 2.661132812500000000e-02 9.179687500000000000e-02
4.107177734375000000e+00 -1.017578125000000000e+00 1.589355468750000000e-01
1.626464843750000000e+00 1.306152343750000000e-01 -1.884765625000000000e-01
2.238281250000000000e+00 -8.666992187500000000e-01 -3.732910156250000000e-01
-3.222656250000000000e-01 2.250976562500000000e-01 1.752929687500000000e-01
1.340332031250000000e-01 -9.472656250000000000e-02 -7.446289062500000000e-02
1.984863281250000000e-01 9.033203125000000000e-03 9.887695312500000000e-02
3.662109375000000000e-03 2.026367187500000000e-02 1.958007812500000000e-01
7.651367187500000000e-01 -1.420898437500000000e-01 -3.627929687500000000e-01
2.613769531250000000e+00 -6.574707031250000000e-01 -2.980957031250000000e-01
2.336425781250000000e+00 -5.642089843750000000e-01 -1.166992187500000000e-01
2.336425781250000000e+00 -5.642089843750000000e-01 -1.166992187500000000e-01
2.120849609375000000e+00 -4.494628906250000000e-01 -3.049316406250000000e-01
9.602050781250000000e-01 -2.617187500000000000e-01 -1.135253906250000000e-01
-1.008300781250000000e-01 7.788085937500000000e-02 -2.148437500000000000e-02
8.178710937500000000e-02 -1.906738281250000000e-01 5.029296875000000000e-02
1.120605468750000000e-01 -6.787109375000000000e-02 -9.765625000000000000e-03
1.120605468750000000e-01 -6.787109375000000000e-02 -9.765625000000000000e-03
-1.708984375000000000e-03 -3.491210937500000000e-02 8.496093750000000000e-02
5.981445312500000000e-01 -2.604980468750000000e-01 -2.958984375000000000e-01
2.257080078125000000e+00 -2.399902343750000000e-01 -9.912109375000000000e-02
2.339843750000000000e+00 -6.169433593750000000e-01 -2.910156250000000000e-01
6.982421875000000000e-02 9.448242187500000000e-02 1.823730468750000000e-01
6.982421875000000000e-02 9.448242187500000000e-02 1.823730468750000000e-01
6.982421875000000000e-02 9.448242187500000000e-02 1.823730468750000000e-01
-4.638671875000000000e-03 -1.628417968750000000e-01 -6.347656250000000000e-03
-4.638671875000000000e-03 -1.628417968750000000e-01 -6.347656250000000000e-03
9.594726562500000000e-02 -1.708984375000000000e-03 7.983398437500000000e-02
9.130859375000000000e-02 -6.005859375000000000e-02 1.318359375000000000e-01
6.545410156250000000e-01 -3.767089843750000000e-01 -3.586425781250000000e-01
2.424804687500000000e+00 -5.473632812500000000e-01 -3.178710937500000000e-01
2.054687500000000000e+00 -5.219726562500000000e-01 -3.081054687500000000e-01
2.054687500000000000e+00 -5.219726562500000000e-01 -3.081054687500000000e-01
1.538085937500000000e-02 4.028320312500000000e-02 -6.298828125000000000e-02
7.080078125000000000e-03 -1.391601562500000000e-01 -7.324218750000000000e-04
3.027343750000000000e-02 2.246093750000000000e-02 1.325683593750000000e-01
2.635253906250000000e+00 -5.354003906250000000e-01 -1.303710937500000000e-01
2.092285156250000000e+00 -4.699707031250000000e-01 9.008789062500000000e-02
2.092285156250000000e+00 -4.699707031250000000e-01 9.008789062500000000e-02
2.579101562500000000e+00 -4.257812500000000000e-01 -2.609863281250000000e-01
9.189453125000000000e-01 -5.151367187500000000e-02 -1.179199218750000000e-01
1.728515625000000000e-01 -9.448242187500000000e-02 -4.882812500000000000e-04
1.728515625000000000e-01 -9.448242187500000000e-02 -4.882812500000000000e-04
-5.834960937500000000e-02 -5.297851562500000000e-02 9.155273437500000000e-02
2.160644531250000000e-01 1.977539062500000000e-02 -8.544921875000000000e-03
3.271484375000000000e-02 -1.147460937500000000e-02 1.135253906250000000e-01
1.964355468750000000e+00 -5.629882812500000000e-01 -4.130859375000000000e-01
2.494140625000000000e+00 -1.569824218750000000e-01 -2.541503906250000000e-01
2.237548828125000000e+00 -4.973144531250000000e-01 -2.731933593750000000e-01
1.093017578125000000e+00 -1.735839843750000000e-01 -3.339843750000000000e-01
-3.295898437500000000e-02 -4.833984375000000000e-02 -1.904296875000000000e-02
-3.295898437500000000e-02 -4.833984375000000000e-02 -1.904296875000000000e-02
1.950683593750000000e-01 -3.515625000000000000e-02 -1.220703125000000000e-02
4.187011718750000000e-01 -2.414550781250000000e-01 -1.135253906250000000e-01
4.187011718750000000e-01 -2.414550781250000000e-01 -1.135253906250000000e-01
1.899902343750000000e+00 -6.362304687500000000e-01 -6.762695312500000000e-01
2.277587890625000000e+00 -3.840332031250000000e-01 -1.259765625000000000e-01
2.507080078125000000e+00 -6.433105468750000000e-01 -4.370117187500000000e-02
1.196044921875000000e+00 -3.266601562500000000e-01 -2.458496093750000000e-01
1.196044921875000000e+00 -3.266601562500000000e-01 -2.458496093750000000e-01
