9.689941406250000000e-01 -6.274414062500000000e-02 -1.071777343750000000e-01
9.689941406250000000e-01 -6.274414062500000000e-02 -1.071777343750000000e-01
9.731445312500000000e-01 4.882812500000000000e-03 -1.159667968750000000e-01
9.763183593750000000e-01 6.347656250000000000e-03 -1.105957031250000000e-01
9.885253906250000000e-01 2.685546875000000000e-03 -9.594726562500000000e-02
9.746093750000000000e-01 1.196289062500000000e-02 -1.445312500000000000e-01
9.724121093750000000e-01 2.001953125000000000e-02 -1.345214843750000000e-01
9.716796875000000000e-01 5.126953125000000000e-03 -1.330566406250000000e-01
9.743652343750000000e-01 7.568359375000000000e-03 -1.391601562500000000e-01
9.704589843750000000e-01 4.638671875000000000e-03 -1.364746093750000000e-01
9.768066406250000000e-01 3.906250000000000000e-03 -1.418457031250000000e-01
9.765625000000000000e-01 5.126953125000000000e-03 -1.464843750000000000e-01
9.729003906250000000e-01 -6.567382812500000000e-02 -1.457519531250000000e-01
9.709472656250000000e-01 -6.372070312500000000e-02 -1.552734375000000000e-01
9.733886718750000000e-01 -6.469726562500000000e-02 -1.474609375000000000e-01
9.809570312500000000e-01 8.300781250000000000e-03 -1.330566406250000000e-01
1.029296875000000000e+00 -7.177734375000000000e-02 -1.398925781250000000e-01
9.816894531250000000e-01 2.124023437500000000e-02 -1.284179687500000000e-01
9.987792968750000000e-01 1.855468750000000000e-02 -1.296386718750000000e-01
1.011474609375000000e+00 7.080078125000000000e-03 -1.931152343750000000e-01
9.873046875000000000e-01 8.789062500000000000e-03 -9.960937500000000000e-02
9.897460937500000000e-01 1.806640625000000000e-02 -1.232910156250000000e-01
9.685058593750000000e-01 7.812500000000000000e-03 -2.106933593750000000e-01
6.682128906250000000e-01 -6.567382812500000000e-02 -2.021484375000000000e-01
5.429687500000000000e-01 -6.762695312500000000e-02 -1.821289062500000000e-01
1.117675781250000000e+00 -9.765625000000000000e-02 2.231445312500000000e-01
2.614990234375000000e+00 1.562500000000000000e-01 -8.422851562500000000e-01
1.757568359375000000e+00 -7.666015625000000000e-02 -7.768554687500000000e-01
6.726074218750000000e-01 -1.184082031250000000e-01 -1.972656250000000000e-01
-1.469726562500000000e-01 -1.464843750000000000e-02 1.303710937500000000e-01
-1.362304687500000000e-01 2.270507812500000000e-02 1.867675781250000000e-01
1.943359375000000000e-01 -6.225585937500000000e-02 2.683105468750000000e-01
3.991699218750000000e-01 -1.496582031250000000e-01 1.201171875000000000e-01
3.117187500000000000e+00 -1.489257812500000000e-02 -7.690429687500000000e-01
2.153320312500000000e+00 -2.780761718750000000e-01 -8.767089843750000000e-01
9.731445312500000000e-01 -1.928710937500000000e-02 -1.850585937500000000e-01
-1.730957031250000000e-01 3.247070312500000000e-02 1.967773437500000000e-01
-3.427734375000000000e-01 3.930664062500000000e-02 4.055175781250000000e-01
1.103515625000000000e-01 -5.566406250000000000e-02 5.664062500000000000e-02
2.216796875000000000e-01 2.880859375000000000e-02 2.792968750000000000e-01
1.251220703125000000e+00 -1.091308593750000000e-01 -1.132568359375000000e+00
3.424072265625000000e+00 -8.222656250000000000e-01 -2.401367187500000000e+00
1.135498046875000000e+00 -2.783203125000000000e-02 -2.490234375000000000e-01
2.531738281250000000e-01 1.259765625000000000e-01 1.284179687500000000e-01
-4.587402343750000000e-01 -1.953125000000000000e-02 1.262207031250000000e-01
1.140136718750000000e-01 -5.908203125000000000e-02 8.813476562500000000e-02
1.286621093750000000e-01 -2.563476562500000000e-02 1.811523437500000000e-01
5.322265625000000000e-01 -7.104492187500000000e-02 -4.455566406250000000e-01
8.000000000000000000e+00 -3.129394531250000000e+00 -2.476074218750000000e+00
1.193359375000000000e+00 -8.032226562500000000e-02 -1.728515625000000000e-01
2.761230468750000000e-01 3.244628906250000000e-01 5.712890625000000000e-02
-3.007812500000000000e-01 -1.450195312500000000e-01 2.087402343750000000e-01
-5.859375000000000000e-03 -2.517089843750000000e-01 -4.418945312500000000e-02
-8.129882812500000000e-02 -6.884765625000000000e-02 3.356933593750000000e-01
5.207519531250000000e-01 1.384277343750000000e-01 -3.242187500000000000e-01
5.038330078125000000e+00 -1.318359375000000000e-01 -2.257568359375000000e+00
1.084228515625000000e+00 8.959960937500000000e-02 -6.054687500000000000e-02
2.597656250000000000e-01 1.652832031250000000e-01 2.294921875000000000e-02
-5.456542968750000000e-01 1.379394531250000000e-01 5.007324218750000000e-01
1.198730468750000000e-01 -3.564453125000000000e-02 5.664062500000000000e-02
7.031250000000000000e-02 6.494140625000000000e-02 4.428710937500000000e-01
4.348144531250000000e-01 -1.008300781250000000e-01 -2.602539062500000000e-01
8.000000000000000000e+00 7.617187500000000000e-01 -2.070068359375000000e+00
1.288330078125000000e+00 1.328125000000000000e-01 -2.053222656250000000e-01
5.004882812500000000e-01 2.734375000000000000e-02 5.810546875000000000e-02
-6.052246093750000000e-01 1.611328125000000000e-02 3.395996093750000000e-01
-2.490234375000000000e-02 5.615234375000000000e-03 -9.033203125000000000e-02
6.884765625000000000e-02 -7.446289062500000000e-02 1.259765625000000000e-01
5.461425781250000000e-01 -4.174804687500000000e-02 4.716796875000000000e-01
3.123291015625000000e+00 1.608886718750000000e-01 4.128417968750000000e-01
2.077392578125000000e+00 2.192382812500000000e-01 -4.296875000000000000e-02
1.133789062500000000e+00 0.000000000000000000e+00 -2.177734375000000000e-01
-4.199218750000000000e-02 8.471679687500000000e-02 -1.782226562500000000e-01
-2.136230468750000000e-01 -6.713867187500000000e-02 -2.734375000000000000e-02
7.666015625000000000e-02 -3.100585937500000000e-02 1.962890625000000000e-01
-1.586914062500000000e-02 -2.929687500000000000e-03 1.225585937500000000e-01
7.573242187500000000e-01 -2.602539062500000000e-01 2.119140625000000000e-01
3.915039062500000000e+00 1.931152343750000000e-01 -1.475585937500000000e+00
1.614990234375000000e+00 -4.467773437500000000e-02 -4.069824218750000000e-01
8.586425781250000000e-01 -1.223144531250000000e-01 -2.231445312500000000e-01
-3.959960937500000000e-01 7.421875000000000000e-02 4.394531250000000000e-02
8.056640625000000000e-03 1.054687500000000000e-01 2.529296875000000000e-01
5.859375000000000000e-03 -9.643554687500000000e-02 -9.765625000000000000e-04
2.170410156250000000e-01 -6.958007812500000000e-02 3.720703125000000000e-01
1.100097656250000000e+00 1.054687500000000000e-01 -6.762695312500000000e-01
8.000000000000000000e+00 -7.121582031250000000e-01 -1.783935546875000000e+00
1.650878906250000000e+00 -9.545898437500000000e-02 -3.081054687500000000e-01
4.143066406250000000e-01 -3.247070312500000000e-02 -5.493164062500000000e-02
-2.863769531250000000e-01 8.764648437500000000e-02 2.634277343750000000e-01
1.757812500000000000e-02 -8.398437500000000000e-02 -8.959960937500000000e-02
-7.128906250000000000e-02 7.421875000000000000e-02 4.467773437500000000e-02
3.359375000000000000e-01 8.911132812500000000e-02 3.784179687500000000e-02
2.275878906250000000e+00 -4.003906250000000000e-02 -2.785644531250000000e-01
3.215576171875000000e+00 2.380371093750000000e-01 -1.579589843750000000e+00
1.583740234375000000e+00 6.811523437500000000e-02 -2.678222656250000000e-01
1.955566406250000000e-01 -2.441406250000000000e-03 -2.744140625000000000e-01
-4.560546875000000000e-01 3.515625000000000000e-02 1.550292968750000000e-01
-9.472656250000000000e-02 -3.906250000000000000e-03 3.051757812500000000e-02
1.594238281250000000e-01 -2.709960937500000000e-02 3.393554687500000000e-02
3.183593750000000000e-01 -1.477050781250000000e-01 -5.175781250000000000e-02
3.297851562500000000e+00 -6.079101562500000000e-02 -3.666992187500000000e-01
2.273925781250000000e+00 -1.716308593750000000e-01 6.103515625000000000e-01
1.070800781250000000e+00 -9.838867187500000000e-02 -2.700195312500000000e-01
-4.516601562500000000e-01 1.115722656250000000e-01 5.493164062500000000e-02
-3.955078125000000000e-02 1.708984375000000000e-02 1.137695312500000000e-01
1.081542968750000000e-01 -8.471679687500000000e-02 6.616210937500000000e-02
-1.245117187500000000e-02 -2.612304687500000000e-02 1.738281250000000000e-01
7.949218750000000000e-01 4.150390625000000000e-03 2.673339843750000000e-01
6.103027343750000000e+00 1.453857421875000000e+00 -2.331054687500000000e+00
9.370117187500000000e-01 -1.892089843750000000e-01 -5.832519531250000000e-01
5.117187500000000000e-01 1.601562500000000000e-01 1.516113281250000000e-01
-4.653320312500000000e-01 1.564941406250000000e-01 1.757812500000000000e-01
1.416015625000000000e-02 -4.541015625000000000e-02 1.538085937500000000e-01
1.218261718750000000e-01 -1.354980468750000000e-01 -4.370117187500000000e-02
2.536621093750000000e-01 -1.047363281250000000e-01 3.112792968750000000e-01
9.538574218750000000e-01 -4.809570312500000000e-02 -5.136718750000000000e-01
3.863769531250000000e+00 3.740234375000000000e-01 -3.010253906250000000e+00
1.274169921875000000e+00 -3.735351562500000000e-01 -2.915039062500000000e-01
2.856445312500000000e-01 1.613769531250000000e-01 -5.029296875000000000e-02
-5.200195312500000000e-01 -7.519531250000000000e-02 2.517089843750000000e-01
-6.616210937500000000e-02 -7.348632812500000000e-02 1.184082031250000000e-01
5.566406250000000000e-02 -4.052734375000000000e-02 -3.906250000000000000e-03
3.237304687500000000e-01 -6.347656250000000000e-02 1.791992187500000000e-01
1.155029296875000000e+00 6.127929687500000000e-02 -1.555419921875000000e+00
3.884521484375000000e+00 -3.471679687500000000e-01 -3.136474609375000000e+00
1.577148437500000000e-01 1.242675781250000000e-01 7.080078125000000000e-02
1.577148437500000000e-01 1.242675781250000000e-01 7.080078125000000000e-02
-3.957519531250000000e-01 -7.690429687500000000e-02 1.645507812500000000e-01
-7.739257812500000000e-02 1.733398437500000000e-02 1.411132812500000000e-01
9.277343750000000000e-02 -7.348632812500000000e-02 -6.835937500000000000e-03
2.221679687500000000e-01 -6.811523437500000000e-02 1.000976562500000000e-01
1.070312500000000000e+00 8.251953125000000000e-02 -5.781250000000000000e-01
4.161865234375000000e+00 -6.462402343750000000e-01 -3.101562500000000000e+00
1.560058593750000000e+00 8.984375000000000000e-02 -3.613281250000000000e-02
4.130859375000000000e-01 2.133789062500000000e-01 -1.376953125000000000e-01
-5.849609375000000000e-01 2.124023437500000000e-02 1.518554687500000000e-01
-1.757812500000000000e-02 6.542968750000000000e-02 6.225585937500000000e-02
1.384277343750000000e-01 -7.788085937500000000e-02 8.447265625000000000e-02
1.716308593750000000e-01 -9.765625000000000000e-03 1.337890625000000000e-01
9.147949218750000000e-01 -1.557617187500000000e-01 -4.763183593750000000e-01
4.011962890625000000e+00 -5.908203125000000000e-01 -2.893310546875000000e+00
1.476318359375000000e+00 7.250976562500000000e-02 -2.487792968750000000e-01
7.812500000000000000e-02 1.342773437500000000e-01 -8.764648437500000000e-02
-5.283203125000000000e-01 1.071777343750000000e-01 -4.394531250000000000e-03
5.493164062500000000e-02 -2.587890625000000000e-02 3.637695312500000000e-02
8.959960937500000000e-02 -2.197265625000000000e-03 7.275390625000000000e-02
2.543945312500000000e-01 8.496093750000000000e-02 9.716796875000000000e-02
1.032714843750000000e+00 -1.953125000000000000e-02 1.520996093750000000e-01
5.819091796875000000e+00 -4.807128906250000000e-01 -2.839111328125000000e+00
1.704101562500000000e+00 -4.731445312500000000e-01 -4.306640625000000000e-01
3.027343750000000000e-01 2.658691406250000000e-01 -1.252441406250000000e-01
-3.718261718750000000e-01 7.324218750000000000e-02 6.201171875000000000e-02
-9.155273437500000000e-02 6.835937500000000000e-03 4.663085937500000000e-02
1.586914062500000000e-01 -9.887695312500000000e-02 -8.544921875000000000e-03
8.593750000000000000e-02 -1.274414062500000000e-01 -3.149414062500000000e-02
7.561035156250000000e-01 -1.096191406250000000e-01 8.576660156250000000e-01
5.514648437500000000e+00 1.005859375000000000e-01 -7.717285156250000000e-01
1.394287109375000000e+00 -4.567871093750000000e-01 -6.843261718750000000e-01
5.522460937500000000e-01 1.726074218750000000e-01 -1.140136718750000000e-01
-2.578125000000000000e-01 1.987304687500000000e-01 1.684570312500000000e-02
-3.447265625000000000e-01 -1.242675781250000000e-01 7.031250000000000000e-02
3.295898437500000000e-02 -1.445312500000000000e-01 -1.611328125000000000e-02
7.324218750000000000e-04 -6.689453125000000000e-02 9.643554687500000000e-02
7.551269531250000000e-01 -6.860351562500000000e-02 8.281250000000000000e-01
4.860107421875000000e+00 3.229980468750000000e-01 -2.587890625000000000e-02
1.582275390625000000e+00 -1.137695312500000000e-01 -1.108398437500000000e-01
1.187255859375000000e+00 1.342773437500000000e-02 -2.460937500000000000e-01
-1.772460937500000000e-01 1.494140625000000000e-01 1.374511718750000000e-01
-4.538574218750000000e-01 6.347656250000000000e-02 7.128906250000000000e-02
3.002929687500000000e-02 -4.150390625000000000e-02 -4.931640625000000000e-02
2.136230468750000000e-01 -1.274414062500000000e-01 -2.661132812500000000e-02
1.857910156250000000e-01 -2.709960937500000000e-02 -6.372070312500000000e-02
9.062500000000000000e-01 2.758789062500000000e-01 -2.501220703125000000e+00
3.537841796875000000e+00 -2.792968750000000000e-01 -2.020751953125000000e+00
1.237792968750000000e+00 1.513671875000000000e-01 -2.475585937500000000e-01
7.031250000000000000e-02 -1.098632812500000000e-02 -1.953125000000000000e-02
-3.273925781250000000e-01 4.638671875000000000e-02 -6.005859375000000000e-02
-2.089843750000000000e-01 -6.738281250000000000e-02 -9.057617187500000000e-02
1.860351562500000000e-01 -3.344726562500000000e-02 9.179687500000000000e-02
1.435546875000000000e-01 -8.959960937500000000e-02 -9.301757812500000000e-02
1.197509765625000000e+00 -6.201171875000000000e-02 6.389160156250000000e-01
4.600097656250000000e+00 -5.502929687500000000e-01 -3.322265625000000000e+00
1.355468750000000000e+00 -2.370605468750000000e-01 -3.107910156250000000e-01
3.525390625000000000e-01 1.533203125000000000e-01 -5.957031250000000000e-02
-3.991699218750000000e-01 1.350097656250000000e-01 1.445312500000000000e-01
-2.392578125000000000e-02 -8.618164062500000000e-02 1.513671875000000000e-02
-8.789062500000000000e-03 -1.262207031250000000e-01 -2.709960937500000000e-02
1.574707031250000000e-01 -2.172851562500000000e-02 2.102050781250000000e-01
9.753417968750000000e-01 -8.544921875000000000e-03 -5.007324218750000000e-01
4.528564453125000000e+00 6.232910156250000000e-01 -2.833007812500000000e+00
1.538330078125000000e+00 -4.150390625000000000e-02 -5.080566406250000000e-01
3.574218750000000000e-01 -7.055664062500000000e-02 1.220703125000000000e-02
-4.211425781250000000e-01 3.349609375000000000e-01 3.125000000000000000e-02
-3.710937500000000000e-02 -6.152343750000000000e-02 -6.958007812500000000e-02
1.203613281250000000e-01 -5.737304687500000000e-02 4.882812500000000000e-03
1.660156250000000000e-01 4.809570312500000000e-02 1.293945312500000000e-01
1.008544921875000000e+00 -1.845703125000000000e-01 -1.181640625000000000e+00
3.808593750000000000e+00 -5.395507812500000000e-01 -2.750732421875000000e+00
1.187988281250000000e+00 -1.293945312500000000e-02 -4.519042968750000000e-01
3.781738281250000000e-01 -9.326171875000000000e-02 5.615234375000000000e-03
