1.031250000000000000e+00 4.003906250000000000e-02 -1.401367187500000000e-01
9.719238281250000000e-01 4.516601562500000000e-02 -1.513671875000000000e-01
9.719238281250000000e-01 4.516601562500000000e-02 -1.513671875000000000e-01
9.719238281250000000e-01 4.516601562500000000e-02 -1.513671875000000000e-01
9.782714843750000000e-01 5.151367187500000000e-02 -1.447753906250000000e-01
9.782714843750000000e-01 5.151367187500000000e-02 -1.447753906250000000e-01
9.836425781250000000e-01 3.759765625000000000e-02 -1.428222656250000000e-01
9.729003906250000000e-01 3.149414062500000000e-02 -1.462402343750000000e-01
9.716796875000000000e-01 4.199218750000000000e-02 -1.257324218750000000e-01
9.716796875000000000e-01 4.199218750000000000e-02 -1.257324218750000000e-01
9.721679687500000000e-01 3.417968750000000000e-02 -1.389160156250000000e-01
9.726562500000000000e-01 3.686523437500000000e-02 -1.335449218750000000e-01
9.765625000000000000e-01 3.759765625000000000e-02 -1.372070312500000000e-01
9.765625000000000000e-01 3.759765625000000000e-02 -1.372070312500000000e-01
9.692382812500000000e-01 4.150390625000000000e-02 -1.325683593750000000e-01
9.692382812500000000e-01 4.150390625000000000e-02 -1.325683593750000000e-01
9.699707031250000000e-01 5.566406250000000000e-02 -1.418457031250000000e-01
9.697265625000000000e-01 4.077148437500000000e-02 -1.345214843750000000e-01
9.753417968750000000e-01 4.956054687500000000e-02 -1.442871093750000000e-01
1.030517578125000000e+00 5.957031250000000000e-02 -1.418457031250000000e-01
1.030517578125000000e+00 5.957031250000000000e-02 -1.418457031250000000e-01
9.707031250000000000e-01 1.557617187500000000e-01 -1.545410156250000000e-01
9.702148437500000000e-01 2.148437500000000000e-01 -1.555175781250000000e-01
9.328613281250000000e-01 2.705078125000000000e-01 -9.497070312500000000e-02
9.729003906250000000e-01 1.113281250000000000e-01 -7.885742187500000000e-02
9.714355468750000000e-01 2.031250000000000000e-01 -5.688476562500000000e-02
1.016113281250000000e+00 2.050781250000000000e-01 -1.325683593750000000e-01
1.016113281250000000e+00 2.050781250000000000e-01 -1.325683593750000000e-01
9.746093750000000000e-01 1.245117187500000000e-01 -6.054687500000000000e-02
9.924316406250000000e-01 8.496093750000000000e-02 -1.308593750000000000e-01
1.086914062500000000e+00 2.514648437500000000e-02 -1.047363281250000000e-01
1.037109375000000000e+00 -6.860351562500000000e-02 -1.950683593750000000e-01
1.006103515625000000e+00 -5.175781250000000000e-02 -6.542968750000000000e-02
9.960937500000000000e-01 7.421875000000000000e-02 1.928710937500000000e-02
9.726562500000000000e-01 -2.978515625000000000e-02 2.319335937500000000e-02
1.019287109375000000e+00 -1.083984375000000000e-01 1.879882812500000000e-02
9.987792968750000000e-01 -1.455078125000000000e-01 2.246093750000000000e-02
9.162597656250000000e-01 -1.413574218750000000e-01 -7.226562500000000000e-02
9.816894531250000000e-01 -2.685546875000000000e-02 -1.904296875000000000e-02
1.062988281250000000e+00 -6.616210937500000000e-02 7.641601562500000000e-02
1.091064453125000000e+00 -1.896972656250000000e-01 -1.879882812500000000e-02
1.091064453125000000e+00 -1.896972656250000000e-01 -1.879882812500000000e-02
1.192138671875000000e+00 -1.870117187500000000e-01 -8.959960937500000000e-02
1.106689453125000000e+00 -1.105957031250000000e-01 -1.069335937500000000e-01
8.039550781250000000e-01 9.375000000000000000e-02 -1.779785156250000000e-01
8.039550781250000000e-01 9.375000000000000000e-02 -1.779785156250000000e-01
1.070068359375000000e+00 1.328125000000000000e-01 -8.081054687500000000e-02
1.016357421875000000e+00 1.306152343750000000e-01 -7.885742187500000000e-02
9.423828125000000000e-01 4.272460937500000000e-02 1.806640625000000000e-02
9.230957031250000000e-01 1.696777343750000000e-01 -7.714843750000000000e-02
1.010742187500000000e+00 1.711425781250000000e-01 -8.544921875000000000e-02
1.010742187500000000e+00 1.711425781250000000e-01 -8.544921875000000000e-02
9.951171875000000000e-01 1.247558593750000000e-01 8.178710937500000000e-02
1.107666015625000000e+00 1.142578125000000000e-01 1.020507812500000000e-01
1.107666015625000000e+00 1.142578125000000000e-01 1.020507812500000000e-01
1.107666015625000000e+00 1.142578125000000000e-01 1.020507812500000000e-01
1.287841796875000000e+00 5.712890625000000000e-02 -2.141113281250000000e-01
9.455566406250000000e-01 2.023925781250000000e-01 -3.100585937500000000e-01
9.113769531250000000e-01 -1.389160156250000000e-01 -2.521972656250000000e-01
1.082763671875000000e+00 1.752929687500000000e-01 -8.569335937500000000e-02
1.082763671875000000e+00 1.752929687500000000e-01 -8.569335937500000000e-02
7.851562500000000000e-01 7.348632812500000000e-02 -3.833007812500000000e-02
9.645996093750000000e-01 -8.496093750000000000e-02 -8.154296875000000000e-02
1.028808593750000000e+00 -6.298828125000000000e-02 3.857421875000000000e-02
9.082031250000000000e-01 -5.395507812500000000e-02 -1.586914062500000000e-02
9.548339843750000000e-01 -6.298828125000000000e-02 -1.049804687500000000e-02
1.068359375000000000e+00 1.562500000000000000e-02 -2.026367187500000000e-02
1.136718750000000000e+00 -6.323242187500000000e-02 8.715820312500000000e-02
1.116455078125000000e+00 -1.992187500000000000e-01 7.568359375000000000e-02
1.120117187500000000e+00 -1.782226562500000000e-01 4.492187500000000000e-02
1.309570312500000000e+00 -5.639648437500000000e-02 -2.836914062500000000e-01
1.068359375000000000e+00 3.222656250000000000e-02 -3.142089843750000000e-01
8.159179687500000000e-01 4.682617187500000000e-01 -1.916503906250000000e-01
1.145019531250000000e+00 1.823730468750000000e-01 -1.372070312500000000e-01
8.542480468750000000e-01 -3.540039062500000000e-02 -1.398925781250000000e-01
8.347167968750000000e-01 1.228027343750000000e-01 -6.591796875000000000e-02
8.552246093750000000e-01 2.541503906250000000e-01 -3.906250000000000000e-03
8.061523437500000000e-01 2.485351562500000000e-01 2.026367187500000000e-02
9.523925781250000000e-01 2.705078125000000000e-01 -7.202148437500000000e-02
1.053710937500000000e+00 3.051757812500000000e-02 4.882812500000000000e-03
1.251953125000000000e+00 1.386718750000000000e-01 -2.001953125000000000e-02
1.171386718750000000e+00 3.786621093750000000e-01 1.230468750000000000e-01
1.128173828125000000e+00 4.489746093750000000e-01 -3.359375000000000000e-01
9.709472656250000000e-01 2.482910156250000000e-01 -3.515625000000000000e-01
1.010742187500000000e+00 -7.299804687500000000e-02 -1.391601562500000000e-01
1.073730468750000000e+00 3.740234375000000000e-01 -9.448242187500000000e-02
8.859863281250000000e-01 -2.148437500000000000e-02 -1.596679687500000000e-01
9.746093750000000000e-01 -1.684570312500000000e-02 -9.106445312500000000e-02
9.240722656250000000e-01 2.441406250000000000e-02 -8.593750000000000000e-02
9.411621093750000000e-01 -1.228027343750000000e-01 -4.663085937500000000e-02
9.235839843750000000e-01 -7.153320312500000000e-02 -6.835937500000000000e-02
1.072265625000000000e+00 5.078125000000000000e-02 1.674804687500000000e-01
1.114257812500000000e+00 1.757812500000000000e-01 3.637695312500000000e-02
1.185058593750000000e+00 3.393554687500000000e-02 1.215820312500000000e-01
1.415283203125000000e+00 2.172851562500000000e-02 -1.582031250000000000e-01
1.008544921875000000e+00 -1.716308593750000000e-01 -4.648437500000000000e-01
9.831542968750000000e-01 5.004882812500000000e-02 -1.779785156250000000e-01
1.066406250000000000e+00 -1.342773437500000000e-02 -3.295898437500000000e-02
8.854980468750000000e-01 9.936523437500000000e-02 -1.489257812500000000e-02
7.890625000000000000e-01 1.918945312500000000e-01 3.808593750000000000e-02
7.895507812500000000e-01 1.447753906250000000e-01 9.228515625000000000e-02
7.895507812500000000e-01 1.447753906250000000e-01 9.228515625000000000e-02
8.691406250000000000e-01 1.540527343750000000e-01 3.271484375000000000e-02
1.203125000000000000e+00 2.211914062500000000e-01 -1.123046875000000000e-02
1.325683593750000000e+00 2.661132812500000000e-01 1.315917968750000000e-01
1.311035156250000000e+00 2.656250000000000000e-01 -6.396484375000000000e-02
1.088378906250000000e+00 2.941894531250000000e-01 -3.105468750000000000e-01
7.546386718750000000e-01 -2.268066406250000000e-01 -1.960449218750000000e-01
9.428710937500000000e-01 -4.638671875000000000e-03 -7.788085937500000000e-02
9.428710937500000000e-01 -4.638671875000000000e-03 -7.788085937500000000e-02
8.562011718750000000e-01 -7.910156250000000000e-02 7.788085937500000000e-02
8.276367187500000000e-01 -5.053710937500000000e-02 8.740234375000000000e-02
8.422851562500000000e-01 -5.615234375000000000e-02 1.477050781250000000e-01
1.216064453125000000e+00 1.269531250000000000e-01 1.318359375000000000e-02
1.216064453125000000e+00 1.269531250000000000e-01 1.318359375000000000e-02
1.293945312500000000e+00 1.113281250000000000e-01 -1.098632812500000000e-02
1.318603515625000000e+00 -6.640625000000000000e-02 -2.246093750000000000e-02
1.374023437500000000e+00 -2.846679687500000000e-01 -3.642578125000000000e-01
7.993164062500000000e-01 1.123046875000000000e-02 -2.770996093750000000e-01
9.365234375000000000e-01 3.808593750000000000e-01 -9.326171875000000000e-02
9.472656250000000000e-01 -4.296875000000000000e-02 -8.081054687500000000e-02
9.384765625000000000e-01 9.008789062500000000e-02 -3.759765625000000000e-02
7.893066406250000000e-01 2.045898437500000000e-01 2.465820312500000000e-02
7.473144531250000000e-01 2.060546875000000000e-01 8.178710937500000000e-02
7.390136718750000000e-01 1.943359375000000000e-01 6.689453125000000000e-02
1.078125000000000000e+00 1.186523437500000000e-01 4.101562500000000000e-02
1.266601562500000000e+00 2.368164062500000000e-01 -1.220703125000000000e-02
1.320312500000000000e+00 2.019042968750000000e-01 1.562500000000000000e-01
1.426757812500000000e+00 5.034179687500000000e-01 -4.211425781250000000e-01
8.186035156250000000e-01 1.643066406250000000e-01 -3.093261718750000000e-01
9.150390625000000000e-01 -2.175292968750000000e-01 -1.076660156250000000e-01
1.090332031250000000e+00 4.602050781250000000e-01 -2.294921875000000000e-02
7.661132812500000000e-01 1.757812500000000000e-02 -1.555175781250000000e-01
8.972167968750000000e-01 -4.492187500000000000e-02 -4.614257812500000000e-02
9.223632812500000000e-01 -7.861328125000000000e-02 7.226562500000000000e-02
8.073730468750000000e-01 -1.467285156250000000e-01 2.368164062500000000e-02
9.377441406250000000e-01 1.782226562500000000e-02 1.545410156250000000e-01
1.757568359375000000e+00 -3.422851562500000000e-01 -4.724121093750000000e-01
6.787109375000000000e-01 -3.774414062500000000e-01 -3.142089843750000000e-01
8.056640625000000000e-01 3.325195312500000000e-01 -1.467285156250000000e-01
8.056640625000000000e-01 3.325195312500000000e-01 -1.467285156250000000e-01
1.209716796875000000e+00 -1.333007812500000000e-01 -1.264648437500000000e-01
1.209716796875000000e+00 -1.333007812500000000e-01 -1.264648437500000000e-01
9.475097656250000000e-01 9.594726562500000000e-02 -1.389160156250000000e-01
8.752441406250000000e-01 1.005859375000000000e-01 -2.709960937500000000e-02
8.752441406250000000e-01 1.005859375000000000e-01 -2.709960937500000000e-02
7.963867187500000000e-01 2.590332031250000000e-01 7.666015625000000000e-02
8.471679687500000000e-01 2.465820312500000000e-01 -2.392578125000000000e-02
9.785156250000000000e-01 5.444335937500000000e-02 1.428222656250000000e-01
1.150390625000000000e+00 3.808593750000000000e-02 6.445312500000000000e-02
1.227050781250000000e+00 4.614257812500000000e-02 1.691894531250000000e-01
1.452880859375000000e+00 1.999511718750000000e-01 -4.592285156250000000e-01
7.880859375000000000e-01 5.908203125000000000e-02 -3.549804687500000000e-01
1.014404296875000000e+00 -6.103515625000000000e-02 -2.148437500000000000e-01
1.144531250000000000e+00 2.468261718750000000e-01 -8.715820312500000000e-02
7.539062500000000000e-01 4.882812500000000000e-03 -4.711914062500000000e-02
8.879394531250000000e-01 -6.225585937500000000e-02 -2.441406250000000000e-02
1.018066406250000000e+00 -4.663085937500000000e-02 7.397460937500000000e-02
9.423828125000000000e-01 -7.153320312500000000e-02 -7.470703125000000000e-02
9.636230468750000000e-01 2.832031250000000000e-02 -1.147460937500000000e-02
1.228759765625000000e+00 -9.008789062500000000e-02 1.025390625000000000e-02
1.215820312500000000e+00 -1.081542968750000000e-01 7.788085937500000000e-02
1.243652343750000000e+00 -8.862304687500000000e-02 -9.765625000000000000e-03
1.240234375000000000e+00 -2.624511718750000000e-01 -5.078125000000000000e-01
8.576660156250000000e-01 8.569335937500000000e-02 -3.093261718750000000e-01
9.250488281250000000e-01 1.862792968750000000e-01 -4.150390625000000000e-02
9.179687500000000000e-01 -9.350585937500000000e-02 -1.520996093750000000e-01
8.737792968750000000e-01 7.983398437500000000e-02 -4.931640625000000000e-02
8.442382812500000000e-01 1.796875000000000000e-01 -7.934570312500000000e-02
9.470214843750000000e-01 1.157226562500000000e-01 -1.562500000000000000e-02
8.298339843750000000e-01 2.456054687500000000e-01 -3.417968750000000000e-03
9.401855468750000000e-01 1.606445312500000000e-01 7.324218750000000000e-02
1.107177734375000000e+00 1.435546875000000000e-01 8.422851562500000000e-02
1.158447265625000000e+00 1.437988281250000000e-01 1.252441406250000000e-01
1.174072265625000000e+00 2.260742187500000000e-01 9.326171875000000000e-02
1.376953125000000000e+00 4.812011718750000000e-01 -3.693847656250000000e-01
6.760253906250000000e-01 -7.983398437500000000e-02 -2.468261718750000000e-01
1.026855468750000000e+00 -8.007812500000000000e-02 -1.218261718750000000e-01
9.218750000000000000e-01 1.354980468750000000e-01 -6.201171875000000000e-02
9.218750000000000000e-01 1.354980468750000000e-01 -6.201171875000000000e-02
8.603515625000000000e-01 -3.369140625000000000e-02 -1.318359375000000000e-02
8.669433593750000000e-01 9.765625000000000000e-04 1.484375000000000000e-01
7.885742187500000000e-01 -4.809570312500000000e-02 7.910156250000000000e-02
8.457031250000000000e-01 1.391601562500000000e-02 4.443359375000000000e-02
1.206542968750000000e+00 5.737304687500000000e-02 1.977539062500000000e-02
1.226562500000000000e+00 -1.450195312500000000e-01 8.642578125000000000e-02
1.394287109375000000e+00 -1.279296875000000000e-01 4.394531250000000000e-03
1.389160156250000000e+00 -2.810058593750000000e-01 -3.894042968750000000e-01
7.668457031250000000e-01 2.185058593750000000e-01 -2.290039062500000000e-01
1.133544921875000000e+00 2.387695312500000000e-01 -5.639648437500000000e-02
8.703613281250000000e-01 -1.765136718750000000e-01 -1.362304687500000000e-01
8.713378906250000000e-01 1.345214843750000000e-01 -3.125000000000000000e-02
8.002929687500000000e-01 1.682128906250000000e-01 1.879882812500000000e-02
9.560546875000000000e-01 5.712890625000000000e-02 6.518554687500000000e-02
7.954101562500000000e-01 1.115722656250000000e-01 -2.978515625000000000e-02
1.031250000000000000e+00 8.569335937500000000e-02 3.564453125000000000e-02
1.177490234375000000e+00 2.341308593750000000e-01 -8.569335937500000000e-02
1.177490234375000000e+00 2.341308593750000000e-01 -8.569335937500000000e-02
9.792480468750000000e-01 -7.470703125000000000e-02 -3.222656250000000000e-02
9.792480468750000000e-01 -7.470703125000000000e-02 -3.222656250000000000e-02
