9.201660156250000000e-01 -9.472656250000000000e-02 -2.368164062500000000e-01
9.201660156250000000e-01 -9.472656250000000000e-02 -2.368164062500000000e-01
9.211425781250000000e-01 -1.423339843750000000e-01 -2.434082031250000000e-01
9.199218750000000000e-01 -1.525878906250000000e-01 -2.492675781250000000e-01
9.196777343750000000e-01 -1.457519531250000000e-01 -3.139648437500000000e-01
9.155273437500000000e-01 -1.457519531250000000e-01 -2.487792968750000000e-01
9.187011718750000000e-01 -1.459960937500000000e-01 -2.438964843750000000e-01
9.226074218750000000e-01 -1.430664062500000000e-01 -3.156738281250000000e-01
9.206542968750000000e-01 -1.401367187500000000e-01 -3.142089843750000000e-01
9.191894531250000000e-01 -1.411132812500000000e-01 -2.431640625000000000e-01
9.216308593750000000e-01 -1.484375000000000000e-01 -2.468261718750000000e-01
9.233398437500000000e-01 -1.545410156250000000e-01 -2.460937500000000000e-01
9.160156250000000000e-01 -1.496582031250000000e-01 -2.412109375000000000e-01
9.206542968750000000e-01 -1.467285156250000000e-01 -2.470703125000000000e-01
9.177246093750000000e-01 -1.418457031250000000e-01 -2.456054687500000000e-01
9.177246093750000000e-01 -1.491699218750000000e-01 -3.129882812500000000e-01
9.155273437500000000e-01 -1.518554687500000000e-01 -3.212890625000000000e-01
9.204101562500000000e-01 -1.477050781250000000e-01 -3.244628906250000000e-01
9.172363281250000000e-01 -1.477050781250000000e-01 -3.217773437500000000e-01
9.082031250000000000e-01 -1.423339843750000000e-01 -3.166503906250000000e-01
9.155273437500000000e-01 -1.440429687500000000e-01 -3.286132812500000000e-01
9.152832031250000000e-01 -1.350097656250000000e-01 -3.276367187500000000e-01
9.130859375000000000e-01 -1.401367187500000000e-01 -3.278808593750000000e-01
9.130859375000000000e-01 -1.428222656250000000e-01 -3.315429687500000000e-01
9.140625000000000000e-01 -1.450195312500000000e-01 -3.278808593750000000e-01
9.106445312500000000e-01 -1.408691406250000000e-01 -3.261718750000000000e-01
9.108886718750000000e-01 -1.442871093750000000e-01 -3.293457031250000000e-01
9.128417968750000000e-01 -1.418457031250000000e-01 -3.347167968750000000e-01
9.135742187500000000e-01 -1.401367187500000000e-01 -3.337402343750000000e-01
9.133300781250000000e-01 -1.435546875000000000e-01 -3.327636718750000000e-01
9.143066406250000000e-01 -1.391601562500000000e-01 -3.291015625000000000e-01
9.675292968750000000e-01 -1.503906250000000000e-01 -3.310546875000000000e-01
9.106445312500000000e-01 -1.445312500000000000e-01 -3.186035156250000000e-01
9.118652343750000000e-01 -1.442871093750000000e-01 -2.475585937500000000e-01
9.106445312500000000e-01 -1.503906250000000000e-01 -2.497558593750000000e-01
9.152832031250000000e-01 -1.528320312500000000e-01 -3.256835937500000000e-01
9.162597656250000000e-01 -1.520996093750000000e-01 -3.291015625000000000e-01
9.262695312500000000e-01 -1.416015625000000000e-01 -3.393554687500000000e-01
9.182128906250000000e-01 -1.420898437500000000e-01 -3.842773437500000000e-01
9.116210937500000000e-01 -1.350097656250000000e-01 -3.964843750000000000e-01
9.426269531250000000e-01 -3.466796875000000000e-02 -3.557128906250000000e-01
7.883300781250000000e-01 -7.739257812500000000e-02 -4.423828125000000000e-01
7.229003906250000000e-01 -4.638671875000000000e-02 -2.265625000000000000e-01
8.251953125000000000e-01 -3.420410156250000000e-01 5.468750000000000000e-02
1.048339843750000000e+00 -2.873535156250000000e-01 -1.352539062500000000e-01
1.648437500000000000e+00 -3.374023437500000000e-01 -3.879394531250000000e-01
2.213378906250000000e+00 -5.185546875000000000e-01 -7.446289062500000000e-01
1.289306640625000000e+00 -2.482910156250000000e-01 -6.401367187500000000e-01
5.395507812500000000e-01 6.835937500000000000e-03 -2.614746093750000000e-01
1.137695312500000000e-01 -2.028808593750000000e-01 2.124023437500000000e-02
1.757812500000000000e-02 -1.171875000000000000e-02 1.977539062500000000e-01
-1.274414062500000000e-01 1.291503906250000000e-01 2.246093750000000000e-01
7.568359375000000000e-02 -1.936035156250000000e-01 1.340332031250000000e-01
2.302734375000000000e+00 -3.796386718750000000e-01 -6.875000000000000000e-01
2.763183593750000000e+00 -8.015136718750000000e-01 -8.518066406250000000e-01
1.338623046875000000e+00 -2.868652343750000000e-01 -3.476562500000000000e-01
1.070312500000000000e+00 -4.248046875000000000e-02 -4.018554687500000000e-01
2.817382812500000000e-01 -8.618164062500000000e-02 -3.051757812500000000e-02
-1.477050781250000000e-01 6.591796875000000000e-03 -8.129882812500000000e-02
-1.293945312500000000e-02 -1.953125000000000000e-03 5.639648437500000000e-02
7.568359375000000000e-02 -1.025390625000000000e-02 1.235351562500000000e-01
5.646972656250000000e-01 -8.496093750000000000e-02 7.600097656250000000e-01
4.223144531250000000e+00 -4.340820312500000000e-01 -2.579589843750000000e+00
1.876708984375000000e+00 -1.096191406250000000e-01 -6.882324218750000000e-01
9.750976562500000000e-01 -2.062988281250000000e-01 -3.979492187500000000e-01
3.686523437500000000e-01 8.349609375000000000e-02 -1.708984375000000000e-03
-2.036132812500000000e-01 -8.691406250000000000e-02 9.252929687500000000e-02
-1.660156250000000000e-02 2.441406250000000000e-03 1.562500000000000000e-01
7.324218750000000000e-02 1.254882812500000000e-01 8.276367187500000000e-02
3.984375000000000000e-01 -1.357421875000000000e-01 1.230468750000000000e-01
4.716064453125000000e+00 -7.592773437500000000e-01 -6.350097656250000000e-01
2.540039062500000000e+00 -4.931640625000000000e-01 -6.059570312500000000e-01
1.088867187500000000e+00 -1.269531250000000000e-01 -4.824218750000000000e-01
4.184570312500000000e-01 -8.105468750000000000e-02 5.541992187500000000e-02
8.544921875000000000e-03 1.252441406250000000e-01 9.375000000000000000e-02
7.226562500000000000e-02 -1.511230468750000000e-01 1.552734375000000000e-01
2.685546875000000000e-03 7.104492187500000000e-02 9.838867187500000000e-02
1.123046875000000000e-01 -1.108398437500000000e-01 4.858398437500000000e-02
2.588867187500000000e+00 -7.116699218750000000e-01 -8.930664062500000000e-01
2.619140625000000000e+00 -8.630371093750000000e-01 -7.766113281250000000e-01
1.171386718750000000e+00 -1.972656250000000000e-01 -5.905761718750000000e-01
5.190429687500000000e-01 1.464843750000000000e-02 5.615234375000000000e-02
-1.384277343750000000e-01 1.374511718750000000e-01 -1.074218750000000000e-01
-6.347656250000000000e-02 -1.909179687500000000e-01 2.961425781250000000e-01
-1.782226562500000000e-02 1.279296875000000000e-01 4.052734375000000000e-02
5.590820312500000000e-02 -1.408691406250000000e-01 1.118164062500000000e-01
1.367919921875000000e+00 -1.430664062500000000e-01 -1.066894531250000000e-01
3.263671875000000000e+00 -6.577148437500000000e-01 -5.832519531250000000e-01
1.381103515625000000e+00 -1.306152343750000000e-01 -6.999511718750000000e-01
6.999511718750000000e-01 1.340332031250000000e-01 -8.764648437500000000e-02
1.269531250000000000e-01 -2.514648437500000000e-02 -4.125976562500000000e-02
-3.491210937500000000e-02 -1.474609375000000000e-01 1.030273437500000000e-01
-8.471679687500000000e-02 7.983398437500000000e-02 5.249023437500000000e-02
7.812500000000000000e-02 1.464843750000000000e-02 1.499023437500000000e-01
9.504394531250000000e-01 -1.779785156250000000e-01 9.929199218750000000e-01
3.896240234375000000e+00 -3.364257812500000000e-01 -1.723632812500000000e+00
1.562988281250000000e+00 -2.360839843750000000e-01 -7.656250000000000000e-01
6.604003906250000000e-01 2.680664062500000000e-01 3.613281250000000000e-02
1.025390625000000000e-01 1.879882812500000000e-02 2.612304687500000000e-02
-9.765625000000000000e-03 -9.179687500000000000e-02 7.641601562500000000e-02
2.368164062500000000e-02 8.471679687500000000e-02 5.981445312500000000e-02
-4.516601562500000000e-02 -6.567382812500000000e-02 1.047363281250000000e-01
8.337402343750000000e-01 -1.145019531250000000e-01 9.746093750000000000e-01
4.206054687500000000e+00 -2.250976562500000000e-01 -2.405029296875000000e+00
1.624511718750000000e+00 1.171875000000000000e-02 -8.381347656250000000e-01
8.085937500000000000e-01 5.468750000000000000e-02 -2.685546875000000000e-03
-2.124023437500000000e-02 4.882812500000000000e-02 -6.176757812500000000e-02
-1.225585937500000000e-01 -5.737304687500000000e-02 1.735839843750000000e-01
-4.199218750000000000e-02 -1.342773437500000000e-02 1.289062500000000000e-01
4.101562500000000000e-02 -7.421875000000000000e-02 3.344726562500000000e-02
6.179199218750000000e-01 -1.416015625000000000e-01 6.159667968750000000e-01
5.291503906250000000e+00 -1.110839843750000000e-01 -1.933349609375000000e+00
2.205566406250000000e+00 -2.805175781250000000e-01 -7.624511718750000000e-01
1.053466796875000000e+00 3.881835937500000000e-02 -3.178710937500000000e-01
1.049804687500000000e-01 -8.813476562500000000e-02 -1.965332031250000000e-01
-1.096191406250000000e-01 -1.049804687500000000e-02 1.345214843750000000e-01
8.398437500000000000e-02 1.269531250000000000e-02 1.787109375000000000e-01
1.953125000000000000e-03 9.033203125000000000e-02 -2.099609375000000000e-02
4.116210937500000000e-01 -5.883789062500000000e-02 3.317871093750000000e-01
5.655273437500000000e+00 -1.708740234375000000e+00 -1.948974609375000000e+00
2.219970703125000000e+00 -3.676757812500000000e-01 -5.246582031250000000e-01
9.660644531250000000e-01 -5.395507812500000000e-02 -5.629882812500000000e-01
2.360839843750000000e-01 3.906250000000000000e-03 3.808593750000000000e-02
3.173828125000000000e-03 7.641601562500000000e-02 1.025390625000000000e-02
8.984375000000000000e-02 -8.837890625000000000e-02 2.084960937500000000e-01
-6.250000000000000000e-02 1.953125000000000000e-03 5.981445312500000000e-02
3.190917968750000000e-01 -2.080078125000000000e-01 4.001464843750000000e-01
5.719238281250000000e+00 -1.547607421875000000e+00 -1.763671875000000000e+00
2.440917968750000000e+00 -4.399414062500000000e-01 -1.804199218750000000e-01
9.382324218750000000e-01 -2.126464843750000000e-01 -6.447753906250000000e-01
2.353515625000000000e-01 -7.641601562500000000e-02 4.638671875000000000e-02
7.446289062500000000e-02 -5.615234375000000000e-02 2.734375000000000000e-02
-2.856445312500000000e-02 -1.245117187500000000e-02 4.956054687500000000e-02
-4.858398437500000000e-02 1.352539062500000000e-01 1.420898437500000000e-01
2.790527343750000000e-01 -2.004394531250000000e-01 3.227539062500000000e-01
4.577880859375000000e+00 -8.234863281250000000e-01 -4.992675781250000000e-01
2.686279296875000000e+00 -3.698730468750000000e-01 -2.209472656250000000e-01
1.274169921875000000e+00 -2.258300781250000000e-01 -7.224121093750000000e-01
3.359375000000000000e-01 -7.812500000000000000e-02 1.586914062500000000e-01
-1.904296875000000000e-02 -8.422851562500000000e-02 -5.297851562500000000e-02
7.543945312500000000e-02 -1.520996093750000000e-01 1.638183593750000000e-01
7.006835937500000000e-02 -7.080078125000000000e-03 3.149414062500000000e-02
8.129882812500000000e-02 -1.308593750000000000e-01 1.967773437500000000e-01
2.674804687500000000e+00 -1.168212890625000000e+00 -1.031982421875000000e+00
2.285156250000000000e+00 -7.080078125000000000e-01 3.344726562500000000e-01
1.312744140625000000e+00 -5.107421875000000000e-01 -6.599121093750000000e-01
4.448242187500000000e-01 8.471679687500000000e-02 -4.272460937500000000e-02
8.520507812500000000e-02 9.667968750000000000e-02 -1.467285156250000000e-01
7.592773437500000000e-02 1.538085937500000000e-02 5.273437500000000000e-02
-7.226562500000000000e-02 -2.050781250000000000e-02 4.174804687500000000e-02
-1.904296875000000000e-02 -4.882812500000000000e-02 2.387695312500000000e-01
1.809814453125000000e+00 -1.398925781250000000e-01 -2.368164062500000000e-02
2.506103515625000000e+00 -8.464355468750000000e-01 3.952636718750000000e-01
1.472656250000000000e+00 -2.768554687500000000e-01 -7.006835937500000000e-01
5.732421875000000000e-01 1.965332031250000000e-01 2.646484375000000000e-01
1.318359375000000000e-02 2.954101562500000000e-02 -1.606445312500000000e-01
8.789062500000000000e-02 -2.524414062500000000e-01 2.124023437500000000e-02
-1.513671875000000000e-02 9.106445312500000000e-02 -2.783203125000000000e-02
-1.684570312500000000e-02 -8.374023437500000000e-02 1.752929687500000000e-01
9.228515625000000000e-01 3.857421875000000000e-02 1.195068359375000000e+00
3.598144531250000000e+00 -5.419921875000000000e-01 -6.584472656250000000e-01
1.689453125000000000e+00 -9.326171875000000000e-02 -5.451660156250000000e-01
7.160644531250000000e-01 1.533203125000000000e-01 6.860351562500000000e-02
-7.690429687500000000e-02 -1.076660156250000000e-01 -1.242675781250000000e-01
2.832031250000000000e-02 -1.589355468750000000e-01 6.445312500000000000e-02
-1.684570312500000000e-02 8.764648437500000000e-02 1.630859375000000000e-01
-9.277343750000000000e-03 2.246093750000000000e-02 1.442871093750000000e-01
6.630859375000000000e-01 -1.452636718750000000e-01 8.754882812500000000e-01
4.668457031250000000e+00 -1.252441406250000000e-01 -3.416503906250000000e+00
2.108886718750000000e+00 -2.214355468750000000e-01 -5.651855468750000000e-01
7.629394531250000000e-01 1.679687500000000000e-01 -9.423828125000000000e-02
1.655273437500000000e-01 -3.442382812500000000e-02 -0.000000000000000000e+00
1.455078125000000000e-01 -9.741210937500000000e-02 -2.163085937500000000e-01
4.321289062500000000e-02 3.173828125000000000e-02 1.582031250000000000e-01
-1.821289062500000000e-01 7.055664062500000000e-02 2.519531250000000000e-01
4.333496093750000000e-01 -2.353515625000000000e-01 5.561523437500000000e-01
5.874023437500000000e+00 3.540039062500000000e-02 -3.969482421875000000e+00
2.169677734375000000e+00 -3.530273437500000000e-01 -4.191894531250000000e-01
9.248046875000000000e-01 3.857421875000000000e-02 -4.370117187500000000e-02
8.959960937500000000e-02 -1.262207031250000000e-01 -8.251953125000000000e-02
-1.440429687500000000e-02 1.245117187500000000e-02 -7.202148437500000000e-02
-2.539062500000000000e-02 8.886718750000000000e-02 5.615234375000000000e-02
-7.641601562500000000e-02 7.812500000000000000e-02 1.176757812500000000e-01
2.226562500000000000e-01 -1.723632812500000000e-01 1.875000000000000000e-01
5.948486328125000000e+00 -9.245605468750000000e-01 -1.082031250000000000e+00
2.580322265625000000e+00 -4.208984375000000000e-01 -4.748535156250000000e-01
9.873046875000000000e-01 -1.757812500000000000e-02 -4.760742187500000000e-01
2.758789062500000000e-01 1.267089843750000000e-01 1.975097656250000000e-01
-1.220703125000000000e-03 -1.916503906250000000e-01 1.660156250000000000e-02
-9.765625000000000000e-04 -6.420898437500000000e-02 1.977539062500000000e-01
-8.081054687500000000e-02 2.082519531250000000e-01 7.666015625000000000e-02
1.269531250000000000e-01 -1.049804687500000000e-01 2.551269531250000000e-01
2.394531250000000000e+00 -2.978515625000000000e-01 -1.078613281250000000e+00
2.428222656250000000e+00 -1.104492187500000000e+00 1.066894531250000000e-01
1.261718750000000000e+00 -1.884765625000000000e-01 -5.202636718750000000e-01
5.551757812500000000e-01 1.301269531250000000e-01 3.686523437500000000e-02
3.930664062500000000e-02 -3.173828125000000000e-03 -3.305664062500000000e-01
2.075195312500000000e-02 -1.386718750000000000e-01 -1.220703125000000000e-02
-6.518554687500000000e-02 6.372070312500000000e-02 1.948242187500000000e-01
5.371093750000000000e-03 -1.918945312500000000e-01 2.492675781250000000e-01
