9.946289062500000000e-01 -2.270507812500000000e-02 1.542968750000000000e-01
9.946289062500000000e-01 -2.270507812500000000e-02 1.542968750000000000e-01
9.946289062500000000e-01 -2.270507812500000000e-02 1.542968750000000000e-01
9.970703125000000000e-01 -2.856445312500000000e-02 9.619140625000000000e-02
1.063476562500000000e+00 -2.490234375000000000e-02 1.359863281250000000e-01
9.919433593750000000e-01 -2.416992187500000000e-02 1.279296875000000000e-01
9.943847656250000000e-01 -3.100585937500000000e-02 1.298828125000000000e-01
9.855957031250000000e-01 3.051757812500000000e-02 9.667968750000000000e-02
9.990234375000000000e-01 -3.051757812500000000e-02 1.560058593750000000e-01
1.076171875000000000e+00 -2.758789062500000000e-02 5.712890625000000000e-02
9.995117187500000000e-01 -3.027343750000000000e-02 1.372070312500000000e-01
9.926757812500000000e-01 2.734375000000000000e-02 9.985351562500000000e-02
9.997558593750000000e-01 2.856445312500000000e-02 1.433105468750000000e-01
9.997558593750000000e-01 -1.782226562500000000e-02 1.433105468750000000e-01
1.065185546875000000e+00 -1.538085937500000000e-02 6.103515625000000000e-02
9.904785156250000000e-01 -2.246093750000000000e-02 1.418457031250000000e-01
9.934082031250000000e-01 -2.514648437500000000e-02 1.335449218750000000e-01
1.065185546875000000e+00 -2.709960937500000000e-02 5.761718750000000000e-02
1.073242187500000000e+00 -1.611328125000000000e-02 5.639648437500000000e-02
9.973144531250000000e-01 -1.611328125000000000e-02 5.468750000000000000e-02
1.074707031250000000e+00 -1.562500000000000000e-02 1.435546875000000000e-01
9.929199218750000000e-01 -1.928710937500000000e-02 1.508789062500000000e-01
9.960937500000000000e-01 -2.783203125000000000e-02 1.535644531250000000e-01
9.870605468750000000e-01 1.806640625000000000e-02 1.057128906250000000e-01
9.873046875000000000e-01 1.928710937500000000e-02 1.079101562500000000e-01
1.062988281250000000e+00 2.905273437500000000e-02 9.594726562500000000e-02
9.951171875000000000e-01 2.416992187500000000e-02 9.985351562500000000e-02
9.914550781250000000e-01 2.148437500000000000e-02 9.985351562500000000e-02
1.073242187500000000e+00 2.587890625000000000e-02 1.030273437500000000e-01
9.768066406250000000e-01 2.392578125000000000e-02 1.174316406250000000e-01
9.760742187500000000e-01 1.782226562500000000e-02 1.091308593750000000e-01
1.074707031250000000e+00 2.636718750000000000e-02 6.201171875000000000e-02
9.929199218750000000e-01 -2.978515625000000000e-02 1.271972656250000000e-01
1.064941406250000000e+00 3.002929687500000000e-02 5.493164062500000000e-02
1.076904296875000000e+00 2.978515625000000000e-02 4.296875000000000000e-02
9.943847656250000000e-01 -3.100585937500000000e-02 5.615234375000000000e-02
9.860839843750000000e-01 2.124023437500000000e-02 5.786132812500000000e-02
9.934082031250000000e-01 -2.197265625000000000e-02 1.481933593750000000e-01
9.821777343750000000e-01 1.464843750000000000e-02 1.496582031250000000e-01
1.082031250000000000e+00 7.324218750000000000e-03 6.127929687500000000e-02
9.995117187500000000e-01 1.269531250000000000e-02 1.254882812500000000e-01
9.902343750000000000e-01 2.734375000000000000e-02 5.932617187500000000e-02
1.065429687500000000e+00 1.123046875000000000e-02 6.079101562500000000e-02
9.880371093750000000e-01 6.347656250000000000e-03 5.175781250000000000e-02
1.004638671875000000e+00 -7.275390625000000000e-02 -2.197265625000000000e-02
7.360839843750000000e-01 -3.662109375000000000e-02 2.368164062500000000e-02
8.925781250000000000e-01 -6.591796875000000000e-03 1.564941406250000000e-01
1.279785156250000000e+00 8.374023437500000000e-02 1.713867187500000000e-01
2.307617187500000000e+00 -3.808593750000000000e-02 -4.345703125000000000e-02
1.866943359375000000e+00 1.171875000000000000e-01 -2.541503906250000000e-01
5.881347656250000000e-01 -3.002929687500000000e-02 -8.642578125000000000e-02
-1.752929687500000000e-01 -3.149414062500000000e-02 4.321289062500000000e-02
4.101562500000000000e-02 -1.032714843750000000e-01 4.125976562500000000e-02
6.762695312500000000e-02 -8.325195312500000000e-02 1.579589843750000000e-01
5.686035156250000000e-01 7.275390625000000000e-02 5.810546875000000000e-02
3.267089843750000000e+00 1.391601562500000000e-02 1.611328125000000000e-02
2.556640625000000000e+00 1.767578125000000000e-01 -2.512207031250000000e-01
1.703369140625000000e+00 9.130859375000000000e-02 -1.076660156250000000e-01
1.025390625000000000e-01 -4.052734375000000000e-02 2.028808593750000000e-01
-2.204589843750000000e-01 7.128906250000000000e-02 2.004394531250000000e-01
2.138671875000000000e-01 -1.279296875000000000e-01 7.324218750000000000e-04
-1.391601562500000000e-02 -1.296386718750000000e-01 1.513671875000000000e-01
4.460449218750000000e-01 8.618164062500000000e-02 2.075195312500000000e-01
2.544921875000000000e+00 2.045898437500000000e-01 6.689453125000000000e-02
3.053466796875000000e+00 4.624023437500000000e-01 -4.384765625000000000e-01
2.169677734375000000e+00 1.462402343750000000e-01 -2.478027343750000000e-01
3.408203125000000000e-01 -8.007812500000000000e-02 1.223144531250000000e-01
-3.151855468750000000e-01 1.293945312500000000e-02 1.579589843750000000e-01
1.333007812500000000e-01 1.074218750000000000e-02 1.035156250000000000e-01
-8.007812500000000000e-02 -7.104492187500000000e-02 4.125976562500000000e-02
3.417968750000000000e-01 -8.178710937500000000e-02 3.872070312500000000e-01
2.276367187500000000e+00 3.159179687500000000e-01 -4.023437500000000000e-01
3.500732421875000000e+00 3.874511718750000000e-01 -2.797851562500000000e-01
2.276367187500000000e+00 2.133789062500000000e-01 -5.068359375000000000e-01
1.005859375000000000e-01 6.250000000000000000e-02 3.217773437500000000e-01
-2.968750000000000000e-01 -7.910156250000000000e-02 3.901367187500000000e-01
1.481933593750000000e-01 2.709960937500000000e-02 1.152343750000000000e-01
2.099609375000000000e-02 -1.496582031250000000e-01 1.284179687500000000e-01
3.432617187500000000e-01 7.421875000000000000e-02 2.399902343750000000e-01
2.366943359375000000e+00 8.642578125000000000e-02 -3.295898437500000000e-01
3.222167968750000000e+00 1.987304687500000000e-01 -3.642578125000000000e-01
2.244140625000000000e+00 2.565917968750000000e-01 -3.173828125000000000e-01
3.525390625000000000e-01 1.982421875000000000e-01 8.764648437500000000e-02
-3.671875000000000000e-01 -1.523437500000000000e-01 2.375488281250000000e-01
2.094726562500000000e-01 -4.931640625000000000e-02 4.980468750000000000e-02
1.269531250000000000e-02 -1.086425781250000000e-01 2.158203125000000000e-01
3.515625000000000000e-01 1.110839843750000000e-01 2.954101562500000000e-01
2.744140625000000000e+00 2.514648437500000000e-02 1.125488281250000000e-01
2.972656250000000000e+00 2.756347656250000000e-01 1.708984375000000000e-03
2.137939453125000000e+00 9.008789062500000000e-02 -2.839355468750000000e-01
2.810058593750000000e-01 -2.758789062500000000e-02 1.218261718750000000e-01
-4.428710937500000000e-01 -2.734375000000000000e-02 2.673339843750000000e-01
1.135253906250000000e-01 -2.685546875000000000e-02 6.787109375000000000e-02
-7.812500000000000000e-03 -1.318359375000000000e-01 -3.051757812500000000e-02
4.587402343750000000e-01 1.757812500000000000e-02 2.895507812500000000e-01
2.739746093750000000e+00 3.215332031250000000e-01 -2.104492187500000000e-01
3.759033203125000000e+00 -3.977050781250000000e-01 4.953613281250000000e-01
1.513916015625000000e+00 -1.425781250000000000e-01 -5.280761718750000000e-01
2.062988281250000000e-01 -1.972656250000000000e-01 1.091308593750000000e-01
-3.291015625000000000e-01 -5.371093750000000000e-03 1.918945312500000000e-01
1.154785156250000000e-01 -8.032226562500000000e-02 -2.587890625000000000e-02
6.420898437500000000e-02 -1.176757812500000000e-01 -2.319335937500000000e-02
4.611816406250000000e-01 -2.441406250000000000e-03 1.193847656250000000e-01
2.563232421875000000e+00 9.985351562500000000e-02 -2.348632812500000000e-01
4.071044921875000000e+00 -5.432128906250000000e-01 -7.641601562500000000e-02
1.689941406250000000e+00 -1.806640625000000000e-02 -4.802246093750000000e-01
5.026855468750000000e-01 -8.666992187500000000e-02 -6.494140625000000000e-02
-3.547363281250000000e-01 6.274414062500000000e-02 1.198730468750000000e-01
-2.441406250000000000e-02 -2.368164062500000000e-02 1.220703125000000000e-01
1.054687500000000000e-01 -2.009277343750000000e-01 -6.591796875000000000e-02
2.739257812500000000e-01 -7.153320312500000000e-02 2.666015625000000000e-01
1.458496093750000000e+00 4.736328125000000000e-02 -1.560058593750000000e-01
3.948486328125000000e+00 -3.642578125000000000e-01 -4.006347656250000000e-01
1.924072265625000000e+00 1.970214843750000000e-01 -2.287597656250000000e-01
2.360839843750000000e-01 -5.371093750000000000e-02 -6.787109375000000000e-02
-4.531250000000000000e-01 -8.593750000000000000e-02 9.399414062500000000e-02
3.369140625000000000e-02 -8.593750000000000000e-02 1.359863281250000000e-01
7.348632812500000000e-02 -4.272460937500000000e-02 3.759765625000000000e-02
2.487792968750000000e-01 -6.054687500000000000e-02 2.485351562500000000e-01
1.497070312500000000e+00 1.447753906250000000e-01 -4.252929687500000000e-01
3.967041015625000000e+00 -5.217285156250000000e-01 -5.224609375000000000e-01
2.141357421875000000e+00 8.935546875000000000e-02 -6.250000000000000000e-02
3.271484375000000000e-01 -8.374023437500000000e-02 -1.406250000000000000e-01
-4.384765625000000000e-01 9.765625000000000000e-04 1.098632812500000000e-01
9.204101562500000000e-02 1.269531250000000000e-02 3.320312500000000000e-02
1.396484375000000000e-01 -1.064453125000000000e-01 7.812500000000000000e-02
2.700195312500000000e-01 6.640625000000000000e-02 3.205566406250000000e-01
1.431884765625000000e+00 1.362304687500000000e-01 -1.113281250000000000e-01
3.513671875000000000e+00 2.807617187500000000e-02 -1.319091796875000000e+00
1.821533203125000000e+00 1.787109375000000000e-01 -1.660156250000000000e-01
-6.958007812500000000e-02 -1.188964843750000000e-01 -7.739257812500000000e-02
-3.703613281250000000e-01 -3.710937500000000000e-02 1.315917968750000000e-01
1.157226562500000000e-01 3.662109375000000000e-03 9.008789062500000000e-02
6.713867187500000000e-02 -1.457519531250000000e-01 4.443359375000000000e-02
2.883300781250000000e-01 -7.080078125000000000e-03 2.680664062500000000e-01
1.825927734375000000e+00 1.687011718750000000e-01 -5.590820312500000000e-02
3.264892578125000000e+00 3.767089843750000000e-01 -1.391357421875000000e+00
2.084472656250000000e+00 1.870117187500000000e-01 3.977050781250000000e-01
-1.674804687500000000e-01 -2.368164062500000000e-02 -1.479492187500000000e-01
-3.178710937500000000e-01 -9.716796875000000000e-02 1.530761718750000000e-01
9.692382812500000000e-02 -2.026367187500000000e-02 7.934570312500000000e-02
-5.615234375000000000e-03 -9.326171875000000000e-02 8.154296875000000000e-02
4.621582031250000000e-01 7.470703125000000000e-02 3.247070312500000000e-01
2.793701171875000000e+00 2.495117187500000000e-01 -2.648925781250000000e-01
3.120361328125000000e+00 5.183105468750000000e-01 1.594238281250000000e-01
2.073974609375000000e+00 3.173828125000000000e-02 -2.558593750000000000e-01
7.299804687500000000e-02 -2.014160156250000000e-01 3.271484375000000000e-01
-2.778320312500000000e-01 -6.518554687500000000e-02 1.711425781250000000e-01
8.227539062500000000e-02 1.513671875000000000e-02 5.908203125000000000e-02
1.274414062500000000e-01 -4.736328125000000000e-02 9.814453125000000000e-02
6.000976562500000000e-01 2.221679687500000000e-02 1.494140625000000000e-01
4.073242187500000000e+00 2.988281250000000000e-01 2.246093750000000000e-02
2.757324218750000000e+00 6.225585937500000000e-01 4.008789062500000000e-01
1.483642578125000000e+00 9.155273437500000000e-02 -2.636718750000000000e-01
-3.344726562500000000e-02 -1.452636718750000000e-01 2.724609375000000000e-01
-2.060546875000000000e-01 -1.435546875000000000e-01 1.047363281250000000e-01
1.303710937500000000e-01 -3.662109375000000000e-02 8.496093750000000000e-02
9.155273437500000000e-02 -1.220703125000000000e-03 1.188964843750000000e-01
4.951171875000000000e-01 5.590820312500000000e-02 7.299804687500000000e-02
3.329833984375000000e+00 -9.301757812500000000e-02 -8.300781250000000000e-03
2.943603515625000000e+00 5.361328125000000000e-01 1.013183593750000000e-01
1.995849609375000000e+00 8.691406250000000000e-02 -2.697753906250000000e-01
2.084960937500000000e-01 2.124023437500000000e-02 2.004394531250000000e-01
-2.758789062500000000e-01 -7.104492187500000000e-02 1.845703125000000000e-01
-2.441406250000000000e-02 -1.264648437500000000e-01 1.433105468750000000e-01
1.982421875000000000e-01 -4.272460937500000000e-02 7.739257812500000000e-02
3.645019531250000000e-01 -1.538085937500000000e-02 1.169433593750000000e-01
2.565673828125000000e+00 3.352050781250000000e-01 -4.638671875000000000e-03
3.606201171875000000e+00 9.643554687500000000e-02 -5.048828125000000000e-01
1.685058593750000000e+00 1.684570312500000000e-01 -2.695312500000000000e-01
8.203125000000000000e-02 -1.384277343750000000e-01 8.764648437500000000e-02
-3.183593750000000000e-01 -2.856445312500000000e-02 1.733398437500000000e-01
8.911132812500000000e-02 -8.666992187500000000e-02 5.664062500000000000e-02
4.907226562500000000e-02 -1.481933593750000000e-01 7.397460937500000000e-02
4.038085937500000000e-01 7.226562500000000000e-02 7.592773437500000000e-02
3.083496093750000000e+00 2.946777343750000000e-01 -1.191406250000000000e-01
4.064941406250000000e+00 -2.624511718750000000e-01 3.518066406250000000e-01
1.462646484375000000e+00 6.762695312500000000e-02 -1.347656250000000000e-01
5.590820312500000000e-02 -1.528320312500000000e-01 7.666015625000000000e-02
-3.139648437500000000e-01 1.123046875000000000e-02 9.765625000000000000e-02
1.552734375000000000e-01 -9.228515625000000000e-02 5.175781250000000000e-02
3.979492187500000000e-02 -1.164550781250000000e-01 1.271972656250000000e-01
5.520019531250000000e-01 1.252441406250000000e-01 1.967773437500000000e-01
4.040039062500000000e+00 2.194824218750000000e-01 2.446289062500000000e-01
2.817138671875000000e+00 6.650390625000000000e-01 3.242187500000000000e-01
1.419433593750000000e+00 6.469726562500000000e-02 -3.149414062500000000e-02
-2.634277343750000000e-01 -5.053710937500000000e-02 1.650390625000000000e-01
-1.311035156250000000e-01 -7.519531250000000000e-02 1.928710937500000000e-01
1.394042968750000000e-01 3.051757812500000000e-02 8.837890625000000000e-02
1.340332031250000000e-01 -6.420898437500000000e-02 1.743164062500000000e-01
6.247558593750000000e-01 4.003906250000000000e-02 -2.758789062500000000e-01
3.410400390625000000e+00 -1.166992187500000000e-01 -1.254882812500000000e-01
2.385498046875000000e+00 3.002929687500000000e-02 1.064453125000000000e-01
1.471435546875000000e+00 5.566406250000000000e-02 -6.811523437500000000e-02
-6.347656250000000000e-02 -1.928710937500000000e-01 2.648925781250000000e-01
-1.025390625000000000e-01 -1.369628906250000000e-01 9.521484375000000000e-02
1.274414062500000000e-01 1.147460937500000000e-02 8.154296875000000000e-02
4.711914062500000000e-02 -1.035156250000000000e-01 1.069335937500000000e-01
6.193847656250000000e-01 1.066894531250000000e-01 -5.810546875000000000e-02
3.604492187500000000e+00 3.188476562500000000e-01 1.130371093750000000e-01
