9.206542968750000000e-01 -7.080078125000000000e-02 -3.239746093750000000e-01
9.111328125000000000e-01 -6.884765625000000000e-02 -3.132324218750000000e-01
9.111328125000000000e-01 -6.884765625000000000e-02 -3.132324218750000000e-01
9.282226562500000000e-01 9.765625000000000000e-03 -3.237304687500000000e-01
9.372558593750000000e-01 -6.860351562500000000e-02 -3.354492187500000000e-01
9.101562500000000000e-01 -6.518554687500000000e-02 -2.944335937500000000e-01
9.650878906250000000e-01 4.150390625000000000e-03 -2.834472656250000000e-01
9.267578125000000000e-01 1.611328125000000000e-02 -3.227539062500000000e-01
9.277343750000000000e-01 -6.835937500000000000e-02 -3.413085937500000000e-01
9.179687500000000000e-01 2.978515625000000000e-02 -3.864746093750000000e-01
9.570312500000000000e-01 8.300781250000000000e-03 -2.619628906250000000e-01
9.575195312500000000e-01 1.293945312500000000e-02 -2.756347656250000000e-01
9.157714843750000000e-01 1.220703125000000000e-02 -2.326660156250000000e-01
9.677734375000000000e-01 1.513671875000000000e-02 -2.338867187500000000e-01
9.301757812500000000e-01 1.440429687500000000e-02 -3.288574218750000000e-01
1.000244140625000000e+00 1.953125000000000000e-03 -4.008789062500000000e-01
9.538574218750000000e-01 3.417968750000000000e-03 -3.918457031250000000e-01
9.501953125000000000e-01 1.220703125000000000e-03 -4.003906250000000000e-01
9.514160156250000000e-01 -6.298828125000000000e-02 -3.859863281250000000e-01
9.548339843750000000e-01 1.464843750000000000e-03 -3.923339843750000000e-01
9.594726562500000000e-01 1.245117187500000000e-02 -3.562011718750000000e-01
9.477539062500000000e-01 9.521484375000000000e-03 -3.964843750000000000e-01
9.431152343750000000e-01 -6.298828125000000000e-02 -3.581542968750000000e-01
8.598632812500000000e-01 -6.738281250000000000e-02 -3.889160156250000000e-01
7.932128906250000000e-01 1.953125000000000000e-02 -3.845214843750000000e-01
9.172363281250000000e-01 -4.101562500000000000e-02 -3.808593750000000000e-01
9.194335937500000000e-01 -6.982421875000000000e-02 -4.145507812500000000e-01
6.777343750000000000e-01 -7.617187500000000000e-02 -4.750976562500000000e-01
2.624511718750000000e-01 -1.152343750000000000e-01 -2.919921875000000000e-01
9.389648437500000000e-01 6.616210937500000000e-02 2.949218750000000000e-01
9.770507812500000000e-01 5.712890625000000000e-02 -7.539062500000000000e-01
2.125732421875000000e+00 2.270507812500000000e-02 -1.322265625000000000e+00
1.781738281250000000e+00 -1.904296875000000000e-01 -1.303955078125000000e+00
1.264160156250000000e+00 3.125000000000000000e-02 -1.031494140625000000e+00
8.703613281250000000e-01 -6.469726562500000000e-02 -7.517089843750000000e-01
6.127929687500000000e-02 -2.441406250000000000e-02 -1.479492187500000000e-01
-3.437500000000000000e-01 6.469726562500000000e-02 2.233886718750000000e-01
-1.074218750000000000e-02 -1.391601562500000000e-02 1.416015625000000000e-01
-6.372070312500000000e-02 2.270507812500000000e-02 6.005859375000000000e-02
7.543945312500000000e-02 2.636718750000000000e-02 1.479492187500000000e-01
4.772949218750000000e-01 -8.813476562500000000e-02 9.033203125000000000e-02
9.514160156250000000e-01 1.418457031250000000e-01 -5.000000000000000000e-01
3.508056640625000000e+00 -1.826171875000000000e-01 -3.639404296875000000e+00
2.118652343750000000e+00 -2.165527343750000000e-01 -1.062988281250000000e+00
1.801757812500000000e+00 -1.154785156250000000e-01 -1.293945312500000000e+00
9.758300781250000000e-01 6.445312500000000000e-02 -8.061523437500000000e-01
1.118164062500000000e-01 -1.308593750000000000e-01 -1.425781250000000000e-01
-4.582519531250000000e-01 4.882812500000000000e-04 3.022460937500000000e-01
-1.301269531250000000e-01 5.541992187500000000e-02 -2.636718750000000000e-02
-3.027343750000000000e-02 -8.398437500000000000e-02 1.252441406250000000e-01
-2.270507812500000000e-02 2.416992187500000000e-02 1.342773437500000000e-01
5.883789062500000000e-02 1.831054687500000000e-02 9.106445312500000000e-02
7.504882812500000000e-01 8.862304687500000000e-02 2.954101562500000000e-02
9.926757812500000000e-01 3.815917968750000000e-01 -9.306640625000000000e-01
3.328369140625000000e+00 -1.140380859375000000e+00 -4.049316406250000000e+00
1.823242187500000000e+00 -1.613769531250000000e-01 -1.011962890625000000e+00
1.632812500000000000e+00 7.055664062500000000e-02 -1.426025390625000000e+00
4.870605468750000000e-01 6.567382812500000000e-02 -7.299804687500000000e-01
-2.202148437500000000e-01 6.347656250000000000e-03 1.704101562500000000e-01
-2.482910156250000000e-01 1.733398437500000000e-02 3.073730468750000000e-01
2.685546875000000000e-02 -6.860351562500000000e-02 1.176757812500000000e-01
3.002929687500000000e-02 -2.124023437500000000e-02 2.141113281250000000e-01
2.783203125000000000e-02 -7.031250000000000000e-02 -3.173828125000000000e-03
1.506347656250000000e-01 -8.886718750000000000e-02 -2.231445312500000000e-01
7.827148437500000000e-01 -1.855468750000000000e-02 2.636718750000000000e-02
4.144775390625000000e+00 1.108398437500000000e-01 -1.496826171875000000e+00
1.712158203125000000e+00 -3.366699218750000000e-01 2.614746093750000000e-01
1.986572265625000000e+00 2.250976562500000000e-01 -1.870361328125000000e+00
8.405761718750000000e-01 8.300781250000000000e-02 -6.569824218750000000e-01
-1.166992187500000000e-01 -1.154785156250000000e-01 -7.031250000000000000e-02
-2.854003906250000000e-01 5.590820312500000000e-02 3.120117187500000000e-01
-1.850585937500000000e-01 6.250000000000000000e-02 1.391601562500000000e-01
8.056640625000000000e-02 -1.440429687500000000e-02 9.814453125000000000e-02
-6.494140625000000000e-02 1.733398437500000000e-02 1.193847656250000000e-01
3.320312500000000000e-02 -7.519531250000000000e-02 -1.296386718750000000e-01
3.325195312500000000e-01 -8.740234375000000000e-02 -4.738769531250000000e-01
1.019042968750000000e+00 3.271484375000000000e-02 -1.437988281250000000e-01
3.389892578125000000e+00 -5.007324218750000000e-01 -6.245361328125000000e+00
8.395996093750000000e-01 9.692382812500000000e-02 -6.955566406250000000e-01
1.924560546875000000e+00 7.812500000000000000e-02 -2.485595703125000000e+00
5.241699218750000000e-01 6.542968750000000000e-02 -5.656738281250000000e-01
-5.097656250000000000e-01 -5.615234375000000000e-02 3.889160156250000000e-01
-2.983398437500000000e-01 -1.269531250000000000e-02 2.133789062500000000e-01
-1.882324218750000000e-01 8.300781250000000000e-02 5.615234375000000000e-02
5.273437500000000000e-02 -8.740234375000000000e-02 5.737304687500000000e-02
-1.782226562500000000e-02 -9.008789062500000000e-02 1.303710937500000000e-01
-2.001953125000000000e-02 3.759765625000000000e-02 -2.631835937500000000e-01
5.651855468750000000e-01 4.711914062500000000e-02 -2.919921875000000000e-01
1.938232421875000000e+00 2.373046875000000000e-01 -5.717773437500000000e-01
2.408935546875000000e+00 -4.992675781250000000e-01 -3.527343750000000000e+00
2.102783203125000000e+00 -6.796875000000000000e-01 -1.390625000000000000e+00
1.667968750000000000e+00 -2.880859375000000000e-02 -2.133789062500000000e+00
5.258789062500000000e-01 7.250976562500000000e-02 -4.572753906250000000e-01
-1.550292968750000000e-01 -9.057617187500000000e-02 9.228515625000000000e-02
-4.638671875000000000e-01 1.733398437500000000e-02 3.908691406250000000e-01
-1.027832031250000000e-01 -6.811523437500000000e-02 -4.272460937500000000e-02
7.202148437500000000e-02 2.050781250000000000e-02 3.491210937500000000e-02
-3.320312500000000000e-02 -7.592773437500000000e-02 -2.465820312500000000e-02
1.149902343750000000e-01 -8.251953125000000000e-02 -2.485351562500000000e-01
9.016113281250000000e-01 9.057617187500000000e-02 4.150390625000000000e-02
3.027099609375000000e+00 5.615234375000000000e-02 -1.720214843750000000e+00
2.397216796875000000e+00 -1.440429687500000000e-01 -1.753417968750000000e+00
2.015625000000000000e+00 -6.240234375000000000e-01 -1.316894531250000000e+00
1.366943359375000000e+00 2.111816406250000000e-01 -1.470947265625000000e+00
7.790527343750000000e-01 -2.758789062500000000e-02 -7.380371093750000000e-01
-7.836914062500000000e-02 -1.169433593750000000e-01 -7.495117187500000000e-02
-3.469238281250000000e-01 1.520996093750000000e-01 3.994140625000000000e-01
-2.543945312500000000e-01 -2.880859375000000000e-02 1.552734375000000000e-01
9.155273437500000000e-02 -5.786132812500000000e-02 -5.615234375000000000e-03
1.660156250000000000e-02 8.056640625000000000e-03 -6.347656250000000000e-03
1.606445312500000000e-01 -1.538085937500000000e-02 -5.322265625000000000e-02
6.179199218750000000e-01 1.418457031250000000e-01 -3.408203125000000000e-01
3.786132812500000000e+00 5.688476562500000000e-01 -2.315185546875000000e+00
1.385742187500000000e+00 -8.886718750000000000e-02 -7.028808593750000000e-01
2.465820312500000000e+00 -2.656250000000000000e-01 -1.534912109375000000e+00
1.454101562500000000e+00 1.433105468750000000e-01 -1.048583984375000000e+00
8.269042968750000000e-01 -1.298828125000000000e-01 -7.236328125000000000e-01
1.350097656250000000e-01 -8.178710937500000000e-02 7.006835937500000000e-02
-6.396484375000000000e-01 -9.765625000000000000e-04 1.953125000000000000e-01
-2.639160156250000000e-01 -4.882812500000000000e-02 -1.315917968750000000e-01
1.374511718750000000e-01 -8.154296875000000000e-02 -2.734375000000000000e-02
-1.831054687500000000e-02 -9.252929687500000000e-02 1.501464843750000000e-01
1.918945312500000000e-01 -9.326171875000000000e-02 -3.994140625000000000e-01
5.908203125000000000e-01 1.337890625000000000e-01 -5.498046875000000000e-01
2.486816406250000000e+00 1.804199218750000000e-01 -1.938232421875000000e+00
1.796630859375000000e+00 -4.838867187500000000e-01 -7.958984375000000000e-01
1.967285156250000000e+00 -1.574707031250000000e-01 -1.037109375000000000e+00
1.687988281250000000e+00 1.677246093750000000e-01 -1.651611328125000000e+00
9.504394531250000000e-01 1.274414062500000000e-01 -9.011230468750000000e-01
6.308593750000000000e-01 -6.152343750000000000e-02 -3.920898437500000000e-01
-2.175292968750000000e-01 6.347656250000000000e-03 1.384277343750000000e-01
-2.661132812500000000e-01 -8.422851562500000000e-02 2.263183593750000000e-01
-2.006835937500000000e-01 -4.199218750000000000e-02 3.857421875000000000e-02
-6.640625000000000000e-02 -7.348632812500000000e-02 -2.929687500000000000e-03
1.279296875000000000e-01 8.032226562500000000e-02 -4.272460937500000000e-02
5.456542968750000000e-01 2.661132812500000000e-02 -1.508789062500000000e-01
1.881591796875000000e+00 1.977539062500000000e-02 -7.934570312500000000e-01
2.029052734375000000e+00 2.001953125000000000e-01 -1.623046875000000000e+00
2.541259765625000000e+00 -8.154296875000000000e-01 -1.396728515625000000e+00
1.721435546875000000e+00 -2.929687500000000000e-02 -1.387939453125000000e+00
7.517089843750000000e-01 -4.492187500000000000e-02 -8.278808593750000000e-01
3.261718750000000000e-01 -6.201171875000000000e-02 -1.923828125000000000e-01
-3.215332031250000000e-01 -7.763671875000000000e-02 9.838867187500000000e-02
-1.110839843750000000e-01 -7.397460937500000000e-02 1.362304687500000000e-01
-1.491699218750000000e-01 8.520507812500000000e-02 7.641601562500000000e-02
-2.734375000000000000e-02 9.301757812500000000e-02 -1.953125000000000000e-02
8.569335937500000000e-02 -4.199218750000000000e-02 9.765625000000000000e-04
7.070312500000000000e-01 9.228515625000000000e-02 -1.843261718750000000e-01
2.030761718750000000e+00 -2.114257812500000000e-01 -1.374511718750000000e+00
2.062744140625000000e+00 -4.519042968750000000e-01 -2.324707031250000000e+00
1.942626953125000000e+00 -4.143066406250000000e-01 -1.196777343750000000e+00
1.630371093750000000e+00 8.178710937500000000e-02 -2.011718750000000000e+00
5.778808593750000000e-01 2.221679687500000000e-02 -5.827636718750000000e-01
-1.357421875000000000e-01 -3.515625000000000000e-02 2.661132812500000000e-02
-4.682617187500000000e-01 1.877441406250000000e-01 3.227539062500000000e-01
-2.143554687500000000e-01 -2.758789062500000000e-02 2.612304687500000000e-02
1.545410156250000000e-01 -9.057617187500000000e-02 3.076171875000000000e-02
-1.235351562500000000e-01 -8.666992187500000000e-02 5.810546875000000000e-02
5.615234375000000000e-02 2.661132812500000000e-02 -2.253417968750000000e-01
5.187988281250000000e-01 -7.788085937500000000e-02 -2.331542968750000000e-01
1.402099609375000000e+00 1.909179687500000000e-01 3.027343750000000000e-02
1.968505859375000000e+00 -4.836425781250000000e-01 -4.457763671875000000e+00
1.610595703125000000e+00 -2.597656250000000000e-01 -7.270507812500000000e-01
2.162841796875000000e+00 -1.914062500000000000e-01 -2.415283203125000000e+00
7.756347656250000000e-01 2.167968750000000000e-01 -7.731933593750000000e-01
2.055664062500000000e-01 -6.079101562500000000e-02 -1.728515625000000000e-01
-5.612792968750000000e-01 -5.371093750000000000e-03 3.198242187500000000e-01
-2.275390625000000000e-01 -8.715820312500000000e-02 8.300781250000000000e-03
1.953125000000000000e-03 -6.665039062500000000e-02 7.470703125000000000e-02
7.055664062500000000e-02 1.245117187500000000e-02 3.076171875000000000e-02
6.542968750000000000e-02 5.615234375000000000e-03 8.959960937500000000e-02
5.927734375000000000e-01 6.469726562500000000e-02 -3.710937500000000000e-01
1.090332031250000000e+00 3.222656250000000000e-02 -3.305664062500000000e-01
2.616455078125000000e+00 3.149414062500000000e-02 -3.385009765625000000e+00
5.935058593750000000e-01 1.882324218750000000e-01 -1.061523437500000000e+00
2.505615234375000000e+00 -3.049316406250000000e-01 -1.815673828125000000e+00
9.187011718750000000e-01 1.955566406250000000e-01 -9.230957031250000000e-01
3.483886718750000000e-01 3.662109375000000000e-03 -2.561035156250000000e-01
-2.924804687500000000e-01 8.715820312500000000e-02 3.686523437500000000e-02
-3.925781250000000000e-01 -4.882812500000000000e-04 1.513671875000000000e-01
-7.885742187500000000e-02 2.661132812500000000e-02 -2.709960937500000000e-02
-1.293945312500000000e-02 -7.617187500000000000e-02 -6.494140625000000000e-02
2.465820312500000000e-02 -1.315917968750000000e-01 1.162109375000000000e-01
5.410156250000000000e-01 -1.953125000000000000e-03 -3.627929687500000000e-01
1.022216796875000000e+00 2.500000000000000000e-01 -6.997070312500000000e-01
1.761474609375000000e+00 -6.955566406250000000e-01 -3.170166015625000000e+00
1.348388671875000000e+00 -3.007812500000000000e-01 -7.294921875000000000e-01
2.037841796875000000e+00 1.384277343750000000e-01 -1.994873046875000000e+00
1.341796875000000000e+00 1.708984375000000000e-03 -1.242431640625000000e+00
6.572265625000000000e-01 7.568359375000000000e-03 -7.036132812500000000e-01
-8.471679687500000000e-02 4.809570312500000000e-02 -4.663085937500000000e-02
-5.104980468750000000e-01 3.784179687500000000e-02 2.817382812500000000e-01
-2.033691406250000000e-01 6.835937500000000000e-03 -7.421875000000000000e-02
1.887207031250000000e-01 2.441406250000000000e-04 1.298828125000000000e-01
-1.520996093750000000e-01 -8.154296875000000000e-02 9.936523437500000000e-02
3.959960937500000000e-01 -6.298828125000000000e-02 -1.108398437500000000e-01
3.715820312500000000e-01 1.005859375000000000e-01 -7.790527343750000000e-01
3.138671875000000000e+00 1.953125000000000000e-01 -2.538085937500000000e+00
1.286621093750000000e+00 1.833496093750000000e-01 -9.812011718750000000e-01
2.189453125000000000e+00 -4.653320312500000000e-01 -1.353271484375000000e+00
