1.012939453125000000e+00 -1.286621093750000000e-01 -1.569824218750000000e-01
1.012939453125000000e+00 -1.286621093750000000e-01 -1.569824218750000000e-01
1.012939453125000000e+00 -1.286621093750000000e-01 -1.569824218750000000e-01
1.010742187500000000e+00 -1.323242187500000000e-01 -1.694335937500000000e-01
1.009033203125000000e+00 -1.298828125000000000e-01 -2.158203125000000000e-01
1.012207031250000000e+00 -1.271972656250000000e-01 -1.589355468750000000e-01
1.011230468750000000e+00 -1.330566406250000000e-01 -1.643066406250000000e-01
1.011962890625000000e+00 -1.284179687500000000e-01 -1.606445312500000000e-01
1.011962890625000000e+00 -1.284179687500000000e-01 -1.606445312500000000e-01
1.009765625000000000e+00 -1.291503906250000000e-01 -1.652832031250000000e-01
1.005371093750000000e+00 -1.303710937500000000e-01 -1.625976562500000000e-01
1.010986328125000000e+00 -1.333007812500000000e-01 -1.679687500000000000e-01
1.005859375000000000e+00 -1.342773437500000000e-01 -1.640625000000000000e-01
1.007080078125000000e+00 -1.320800781250000000e-01 -1.684570312500000000e-01
1.009033203125000000e+00 -1.311035156250000000e-01 -1.687011718750000000e-01
1.010009765625000000e+00 -1.320800781250000000e-01 -1.655273437500000000e-01
1.008789062500000000e+00 -1.320800781250000000e-01 -1.708984375000000000e-01
1.009033203125000000e+00 -1.320800781250000000e-01 -1.616210937500000000e-01
1.010009765625000000e+00 -1.291503906250000000e-01 -1.613769531250000000e-01
1.008789062500000000e+00 -1.296386718750000000e-01 -1.618652343750000000e-01
1.014404296875000000e+00 -1.372070312500000000e-01 -1.594238281250000000e-01
1.005859375000000000e+00 -1.376953125000000000e-01 -1.740722656250000000e-01
1.012939453125000000e+00 -5.517578125000000000e-02 -1.613769531250000000e-01
1.011230468750000000e+00 -4.663085937500000000e-02 -1.667480468750000000e-01
1.008789062500000000e+00 -8.593750000000000000e-02 -1.806640625000000000e-01
1.010986328125000000e+00 -8.081054687500000000e-02 -1.782226562500000000e-01
1.009765625000000000e+00 -9.008789062500000000e-02 -1.735839843750000000e-01
9.335937500000000000e-01 -6.933593750000000000e-02 -1.870117187500000000e-01
9.289550781250000000e-01 4.150390625000000000e-03 -2.575683593750000000e-01
9.289550781250000000e-01 4.150390625000000000e-03 -2.575683593750000000e-01
1.008789062500000000e+00 7.324218750000000000e-04 -1.818847656250000000e-01
9.145507812500000000e-01 -4.760742187500000000e-02 -3.220214843750000000e-01
9.145507812500000000e-01 -4.760742187500000000e-02 -3.220214843750000000e-01
9.050292968750000000e-01 -2.036132812500000000e-01 -3.991699218750000000e-01
6.989746093750000000e-01 -3.037109375000000000e-01 -3.291015625000000000e-01
1.126708984375000000e+00 -8.374023437500000000e-02 -1.833496093750000000e-01
9.899902343750000000e-01 -2.563476562500000000e-02 -1.010742187500000000e-01
8.381347656250000000e-01 -2.268066406250000000e-01 -2.907714843750000000e-01
9.177246093750000000e-01 -2.661132812500000000e-01 -3.901367187500000000e-01
5.627441406250000000e-01 1.342773437500000000e-02 -2.846679687500000000e-01
6.796875000000000000e-01 -2.114257812500000000e-01 -4.873046875000000000e-01
7.751464843750000000e-01 -1.171875000000000000e-01 -2.968750000000000000e-01
8.586425781250000000e-01 -1.000976562500000000e-01 -6.916503906250000000e-01
7.263183593750000000e-01 -1.914062500000000000e-01 -7.314453125000000000e-01
4.138183593750000000e-01 -1.726074218750000000e-01 -6.467285156250000000e-01
7.014160156250000000e-01 -1.303710937500000000e-01 -6.125488281250000000e-01
4.865722656250000000e-01 -6.127929687500000000e-02 -5.334472656250000000e-01
5.610351562500000000e-01 -1.396484375000000000e-01 -5.876464843750000000e-01
4.895019531250000000e-01 -1.501464843750000000e-01 -6.437988281250000000e-01
4.616699218750000000e-01 -1.057128906250000000e-01 -6.577148437500000000e-01
4.208984375000000000e-01 -1.496582031250000000e-01 -7.412109375000000000e-01
3.076171875000000000e-01 -1.147460937500000000e-01 -7.780761718750000000e-01
2.885742187500000000e-01 -1.484375000000000000e-01 -8.269042968750000000e-01
3.940429687500000000e-01 -1.953125000000000000e-01 -8.935546875000000000e-01
3.483886718750000000e-01 -1.181640625000000000e-01 -8.449707031250000000e-01
4.150390625000000000e-01 -1.840820312500000000e-01 -8.598632812500000000e-01
4.863281250000000000e-01 -2.722167968750000000e-01 -9.167480468750000000e-01
6.176757812500000000e-01 -2.399902343750000000e-01 -1.074218750000000000e+00
6.796875000000000000e-01 -3.020019531250000000e-01 -1.234375000000000000e+00
6.071777343750000000e-01 -3.295898437500000000e-01 -1.332519531250000000e+00
6.499023437500000000e-01 -2.307128906250000000e-01 -1.137695312500000000e+00
6.149902343750000000e-01 -1.831054687500000000e-01 -8.366699218750000000e-01
5.834960937500000000e-01 -2.182617187500000000e-01 -6.313476562500000000e-01
5.717773437500000000e-01 -1.064453125000000000e-01 -5.634765625000000000e-01
4.978027343750000000e-01 -1.154785156250000000e-01 -5.637207031250000000e-01
6.269531250000000000e-01 -1.047363281250000000e-01 -6.877441406250000000e-01
5.991210937500000000e-01 -1.999511718750000000e-01 -7.443847656250000000e-01
6.115722656250000000e-01 -1.188964843750000000e-01 -8.896484375000000000e-01
6.020507812500000000e-01 -1.250000000000000000e-01 -8.925781250000000000e-01
6.489257812500000000e-01 -1.125488281250000000e-01 -8.186035156250000000e-01
6.298828125000000000e-01 -1.892089843750000000e-01 -6.694335937500000000e-01
5.556640625000000000e-01 -1.059570312500000000e-01 -6.120605468750000000e-01
5.573730468750000000e-01 -1.103515625000000000e-01 -6.164550781250000000e-01
6.389160156250000000e-01 -1.201171875000000000e-01 -6.594238281250000000e-01
6.389160156250000000e-01 -1.235351562500000000e-01 -7.788085937500000000e-01
6.555175781250000000e-01 -1.958007812500000000e-01 -7.458496093750000000e-01
6.503906250000000000e-01 -1.992187500000000000e-01 -7.363281250000000000e-01
6.538085937500000000e-01 -1.950683593750000000e-01 -6.848144531250000000e-01
6.352539062500000000e-01 -1.904296875000000000e-01 -7.114257812500000000e-01
6.503906250000000000e-01 -2.011718750000000000e-01 -6.936035156250000000e-01
5.976562500000000000e-01 -2.077636718750000000e-01 -6.838378906250000000e-01
6.008300781250000000e-01 -2.143554687500000000e-01 -7.807617187500000000e-01
5.996093750000000000e-01 -2.160644531250000000e-01 -8.142089843750000000e-01
6.044921875000000000e-01 -1.740722656250000000e-01 -8.918457031250000000e-01
7.617187500000000000e-01 -2.080078125000000000e-01 -1.054687500000000000e+00
7.045898437500000000e-01 -2.211914062500000000e-01 -1.228759765625000000e+00
6.440429687500000000e-01 -2.539062500000000000e-01 -1.091308593750000000e+00
5.566406250000000000e-01 -1.022949218750000000e-01 -8.962402343750000000e-01
6.459960937500000000e-01 -9.619140625000000000e-02 -6.838378906250000000e-01
6.088867187500000000e-01 -9.985351562500000000e-02 -7.590332031250000000e-01
5.361328125000000000e-01 -1.892089843750000000e-01 -7.961425781250000000e-01
6.428222656250000000e-01 -2.001953125000000000e-01 -8.681640625000000000e-01
5.600585937500000000e-01 -1.918945312500000000e-01 -8.955078125000000000e-01
6.335449218750000000e-01 -1.035156250000000000e-01 -8.916015625000000000e-01
6.535644531250000000e-01 -1.926269531250000000e-01 -7.358398437500000000e-01
6.042480468750000000e-01 -1.948242187500000000e-01 -6.882324218750000000e-01
5.620117187500000000e-01 -2.119140625000000000e-01 -5.183105468750000000e-01
6.455078125000000000e-01 -1.948242187500000000e-01 -4.482421875000000000e-01
6.418457031250000000e-01 -1.176757812500000000e-01 -4.047851562500000000e-01
6.245117187500000000e-01 -1.193847656250000000e-01 -3.093261718750000000e-01
5.996093750000000000e-01 2.392578125000000000e-02 -3.168945312500000000e-01
8.239746093750000000e-01 -7.666015625000000000e-02 -3.884277343750000000e-01
8.195800781250000000e-01 2.954101562500000000e-02 -2.585449218750000000e-01
7.224121093750000000e-01 1.708984375000000000e-03 -2.380371093750000000e-01
9.580078125000000000e-01 -1.008300781250000000e-01 -2.458496093750000000e-01
9.399414062500000000e-01 1.416015625000000000e-02 -1.616210937500000000e-01
8.923339843750000000e-01 6.884765625000000000e-02 -2.607421875000000000e-01
9.538574218750000000e-01 7.324218750000000000e-03 -2.741699218750000000e-01
1.008300781250000000e+00 -1.264648437500000000e-01 -1.789550781250000000e-01
9.497070312500000000e-01 -8.544921875000000000e-02 -3.168945312500000000e-01
1.108154296875000000e+00 -2.102050781250000000e-01 -3.466796875000000000e-01
8.090820312500000000e-01 -1.186523437500000000e-01 -2.277832031250000000e-01
9.431152343750000000e-01 -1.142578125000000000e-01 -2.570800781250000000e-01
1.025390625000000000e+00 -2.109375000000000000e-01 -2.534179687500000000e-01
9.333496093750000000e-01 -1.962890625000000000e-01 -2.680664062500000000e-01
1.024658203125000000e+00 -2.604980468750000000e-01 -2.167968750000000000e-01
1.000732421875000000e+00 -2.773437500000000000e-01 -2.041015625000000000e-01
1.011962890625000000e+00 -1.018066406250000000e-01 -1.015625000000000000e-01
1.014892578125000000e+00 -9.863281250000000000e-02 -1.091308593750000000e-01
1.002685546875000000e+00 -2.768554687500000000e-01 -1.240234375000000000e-01
9.162597656250000000e-01 -2.373046875000000000e-01 -1.164550781250000000e-01
9.155273437500000000e-01 -2.282714843750000000e-01 -1.081542968750000000e-01
9.204101562500000000e-01 -2.709960937500000000e-01 -1.870117187500000000e-01
1.016357421875000000e+00 -1.860351562500000000e-01 -1.806640625000000000e-01
9.992675781250000000e-01 -9.960937500000000000e-02 -2.260742187500000000e-01
9.326171875000000000e-01 -5.468750000000000000e-02 -2.727050781250000000e-01
9.602050781250000000e-01 -1.328125000000000000e-01 -1.704101562500000000e-01
9.313964843750000000e-01 -1.501464843750000000e-01 -2.524414062500000000e-01
9.741210937500000000e-01 -1.398925781250000000e-01 -2.800292968750000000e-01
1.009765625000000000e+00 -5.053710937500000000e-02 -2.534179687500000000e-01
9.301757812500000000e-01 -4.882812500000000000e-02 -1.596679687500000000e-01
1.010986328125000000e+00 -5.810546875000000000e-02 -2.004394531250000000e-01
1.014648437500000000e+00 -1.367187500000000000e-01 -2.143554687500000000e-01
1.017333984375000000e+00 -1.467285156250000000e-01 -1.738281250000000000e-01
1.011718750000000000e+00 -1.347656250000000000e-01 -1.569824218750000000e-01
1.010253906250000000e+00 -1.374511718750000000e-01 -1.997070312500000000e-01
1.016601562500000000e+00 -1.442871093750000000e-01 -2.094726562500000000e-01
1.004882812500000000e+00 -1.472167968750000000e-01 -1.582031250000000000e-01
1.012695312500000000e+00 -1.450195312500000000e-01 -2.177734375000000000e-01
1.009277343750000000e+00 -1.271972656250000000e-01 -1.584472656250000000e-01
1.005371093750000000e+00 -6.201171875000000000e-02 -2.163085937500000000e-01
1.010742187500000000e+00 -1.381835937500000000e-01 -1.564941406250000000e-01
1.010742187500000000e+00 -1.379394531250000000e-01 -1.640625000000000000e-01
1.015136718750000000e+00 -1.354980468750000000e-01 -1.638183593750000000e-01
1.005371093750000000e+00 -1.381835937500000000e-01 -1.579589843750000000e-01
1.007568359375000000e+00 -1.428222656250000000e-01 -2.155761718750000000e-01
1.011230468750000000e+00 -1.447753906250000000e-01 -1.567382812500000000e-01
1.010498046875000000e+00 -1.450195312500000000e-01 -2.175292968750000000e-01
1.013916015625000000e+00 -1.486816406250000000e-01 -1.582031250000000000e-01
1.010742187500000000e+00 -1.530761718750000000e-01 -1.577148437500000000e-01
1.010009765625000000e+00 -1.520996093750000000e-01 -1.577148437500000000e-01
1.010253906250000000e+00 -9.497070312500000000e-02 -2.158203125000000000e-01
1.011230468750000000e+00 -1.538085937500000000e-01 -1.640625000000000000e-01
1.008544921875000000e+00 -1.525878906250000000e-01 -2.138671875000000000e-01
1.007568359375000000e+00 -1.506347656250000000e-01 -2.060546875000000000e-01
1.008544921875000000e+00 -9.448242187500000000e-02 -2.145996093750000000e-01
1.007568359375000000e+00 -9.497070312500000000e-02 -1.628417968750000000e-01
1.011962890625000000e+00 -1.523437500000000000e-01 -1.660156250000000000e-01
1.007812500000000000e+00 -1.511230468750000000e-01 -2.182617187500000000e-01
1.006835937500000000e+00 -1.562500000000000000e-01 -1.635742187500000000e-01
1.008544921875000000e+00 -1.503906250000000000e-01 -1.655273437500000000e-01
1.010253906250000000e+00 -1.472167968750000000e-01 -1.608886718750000000e-01
1.006835937500000000e+00 -1.552734375000000000e-01 -1.667480468750000000e-01
1.008789062500000000e+00 -1.516113281250000000e-01 -1.645507812500000000e-01
1.003906250000000000e+00 -1.511230468750000000e-01 -1.586914062500000000e-01
1.006591796875000000e+00 -1.545410156250000000e-01 -1.591796875000000000e-01
1.011718750000000000e+00 -1.540527343750000000e-01 -2.136230468750000000e-01
1.010498046875000000e+00 -1.535644531250000000e-01 -1.606445312500000000e-01
1.013183593750000000e+00 -1.481933593750000000e-01 -1.660156250000000000e-01
1.005126953125000000e+00 -1.408691406250000000e-01 -1.596679687500000000e-01
1.009521484375000000e+00 -1.486816406250000000e-01 -2.143554687500000000e-01
1.014160156250000000e+00 -1.469726562500000000e-01 -1.599121093750000000e-01
1.006347656250000000e+00 -1.481933593750000000e-01 -1.618652343750000000e-01
1.008300781250000000e+00 -1.516113281250000000e-01 -1.599121093750000000e-01
1.011474609375000000e+00 -1.467285156250000000e-01 -1.635742187500000000e-01
1.007812500000000000e+00 -1.525878906250000000e-01 -1.613769531250000000e-01
1.005615234375000000e+00 -1.455078125000000000e-01 -1.604003906250000000e-01
1.006835937500000000e+00 -1.467285156250000000e-01 -1.616210937500000000e-01
1.006835937500000000e+00 -1.533203125000000000e-01 -1.669921875000000000e-01
1.010009765625000000e+00 -1.491699218750000000e-01 -2.170410156250000000e-01
1.006103515625000000e+00 -1.513671875000000000e-01 -1.589355468750000000e-01
1.006835937500000000e+00 -1.533203125000000000e-01 -1.591796875000000000e-01
1.009521484375000000e+00 -1.503906250000000000e-01 -1.579589843750000000e-01
1.010742187500000000e+00 -1.552734375000000000e-01 -2.182617187500000000e-01
1.005126953125000000e+00 -1.513671875000000000e-01 -2.158203125000000000e-01
1.004882812500000000e+00 -1.489257812500000000e-01 -1.591796875000000000e-01
1.012451171875000000e+00 -1.535644531250000000e-01 -1.640625000000000000e-01
1.010986328125000000e+00 -1.481933593750000000e-01 -2.182617187500000000e-01
1.012451171875000000e+00 -9.497070312500000000e-02 -2.163085937500000000e-01
1.008300781250000000e+00 -1.540527343750000000e-01 -1.562500000000000000e-01
1.011474609375000000e+00 -1.479492187500000000e-01 -1.594238281250000000e-01
1.010253906250000000e+00 -1.511230468750000000e-01 -1.625976562500000000e-01
1.010009765625000000e+00 -1.513671875000000000e-01 -1.621093750000000000e-01
1.011962890625000000e+00 -1.516113281250000000e-01 -1.582031250000000000e-01
1.013916015625000000e+00 -1.489257812500000000e-01 -2.145996093750000000e-01
1.010009765625000000e+00 -1.503906250000000000e-01 -2.182617187500000000e-01
1.010253906250000000e+00 -1.513671875000000000e-01 -2.177734375000000000e-01
1.007568359375000000e+00 -1.496582031250000000e-01 -1.567382812500000000e-01
1.011962890625000000e+00 -1.508789062500000000e-01 -2.133789062500000000e-01
1.011718750000000000e+00 -1.520996093750000000e-01 -1.577148437500000000e-01
