1.027587890625000000e+00 -1.872558593750000000e-01 2.197265625000000000e-02
1.027587890625000000e+00 -1.872558593750000000e-01 2.197265625000000000e-02
1.027587890625000000e+00 -1.872558593750000000e-01 2.197265625000000000e-02
1.027587890625000000e+00 -1.872558593750000000e-01 2.197265625000000000e-02
1.027587890625000000e+00 -1.872558593750000000e-01 2.197265625000000000e-02
1.025390625000000000e+00 -1.867675781250000000e-01 1.440429687500000000e-02
1.025390625000000000e+00 -1.867675781250000000e-01 1.440429687500000000e-02
1.029052734375000000e+00 -1.828613281250000000e-01 1.562500000000000000e-02
1.029052734375000000e+00 -1.828613281250000000e-01 1.562500000000000000e-02
9.694824218750000000e-01 -1.826171875000000000e-01 1.757812500000000000e-02
1.027587890625000000e+00 -1.777343750000000000e-01 1.782226562500000000e-02
1.030029296875000000e+00 -1.843261718750000000e-01 1.708984375000000000e-02
1.025634765625000000e+00 -1.835937500000000000e-01 1.611328125000000000e-02
1.028320312500000000e+00 -1.821289062500000000e-01 7.812500000000000000e-03
9.689941406250000000e-01 -1.787109375000000000e-01 1.318359375000000000e-02
1.028808593750000000e+00 -1.752929687500000000e-01 9.521484375000000000e-03
1.030273437500000000e+00 -1.799316406250000000e-01 1.538085937500000000e-02
1.028564453125000000e+00 -1.840820312500000000e-01 1.660156250000000000e-02
1.030029296875000000e+00 -1.777343750000000000e-01 1.245117187500000000e-02
1.022460937500000000e+00 -1.831054687500000000e-01 1.538085937500000000e-02
1.022949218750000000e+00 -1.794433593750000000e-01 1.000976562500000000e-02
1.025390625000000000e+00 -1.845703125000000000e-01 1.513671875000000000e-02
1.025634765625000000e+00 -1.796875000000000000e-01 1.391601562500000000e-02
1.029296875000000000e+00 -1.862792968750000000e-01 1.220703125000000000e-02
1.026123046875000000e+00 -1.811523437500000000e-01 -6.250000000000000000e-02
1.029052734375000000e+00 -1.809082031250000000e-01 1.123046875000000000e-02
1.027099609375000000e+00 -1.867675781250000000e-01 8.544921875000000000e-03
1.030517578125000000e+00 -1.816406250000000000e-01 6.835937500000000000e-03
1.027343750000000000e+00 -1.735839843750000000e-01 1.513671875000000000e-02
1.024169921875000000e+00 -1.799316406250000000e-01 1.000976562500000000e-02
9.709472656250000000e-01 -1.779785156250000000e-01 4.882812500000000000e-03
1.027343750000000000e+00 -1.745605468750000000e-01 2.294921875000000000e-02
1.021240234375000000e+00 -1.875000000000000000e-01 1.708984375000000000e-02
9.709472656250000000e-01 -1.853027343750000000e-01 8.056640625000000000e-03
1.025146484375000000e+00 -2.504882812500000000e-01 1.953125000000000000e-03
1.021972656250000000e+00 -2.624511718750000000e-01 2.758789062500000000e-02
1.028320312500000000e+00 -1.787109375000000000e-01 1.269531250000000000e-02
9.711914062500000000e-01 -1.738281250000000000e-01 -7.373046875000000000e-02
1.029541015625000000e+00 -1.723632812500000000e-01 7.080078125000000000e-03
1.018798828125000000e+00 -1.762695312500000000e-01 9.765625000000000000e-03
1.026611328125000000e+00 -1.787109375000000000e-01 5.126953125000000000e-03
1.025878906250000000e+00 -1.843261718750000000e-01 -6.420898437500000000e-02
1.025146484375000000e+00 -1.857910156250000000e-01 -6.445312500000000000e-02
1.021728515625000000e+00 -1.801757812500000000e-01 2.441406250000000000e-04
1.029785156250000000e+00 -1.774902343750000000e-01 -6.494140625000000000e-02
1.024414062500000000e+00 -1.789550781250000000e-01 4.394531250000000000e-03
1.026367187500000000e+00 -1.791992187500000000e-01 1.245117187500000000e-02
1.027587890625000000e+00 -1.772460937500000000e-01 3.173828125000000000e-03
9.709472656250000000e-01 -1.806640625000000000e-01 2.685546875000000000e-03
1.025634765625000000e+00 -1.757812500000000000e-01 1.708984375000000000e-03
1.030029296875000000e+00 -1.750488281250000000e-01 5.126953125000000000e-03
1.029785156250000000e+00 -1.818847656250000000e-01 -6.811523437500000000e-02
1.022705078125000000e+00 -1.821289062500000000e-01 -8.471679687500000000e-02
1.027343750000000000e+00 -1.630859375000000000e-01 -8.374023437500000000e-02
9.711914062500000000e-01 -1.674804687500000000e-01 -8.129882812500000000e-02
9.799804687500000000e-01 -1.569824218750000000e-01 -6.958007812500000000e-02
9.780273437500000000e-01 -1.586914062500000000e-01 2.270507812500000000e-02
1.028808593750000000e+00 -1.862792968750000000e-01 3.002929687500000000e-02
1.020019531250000000e+00 -2.575683593750000000e-01 -2.197265625000000000e-02
9.799804687500000000e-01 -1.694335937500000000e-01 -2.563476562500000000e-02
9.714355468750000000e-01 -1.696777343750000000e-01 2.172851562500000000e-02
9.248046875000000000e-01 -2.282714843750000000e-01 -7.080078125000000000e-03
1.026367187500000000e+00 -1.965332031250000000e-01 2.929687500000000000e-02
9.697265625000000000e-01 -1.733398437500000000e-01 1.562500000000000000e-02
9.809570312500000000e-01 -1.738281250000000000e-01 -1.293945312500000000e-02
1.025878906250000000e+00 -2.180175781250000000e-01 -1.123046875000000000e-02
1.063476562500000000e+00 -1.804199218750000000e-01 5.126953125000000000e-03
1.021484375000000000e+00 -1.069335937500000000e-01 3.173828125000000000e-02
9.719238281250000000e-01 -1.669921875000000000e-01 -1.220703125000000000e-03
9.729003906250000000e-01 -1.816406250000000000e-01 6.494140625000000000e-02
1.011230468750000000e+00 -1.831054687500000000e-01 3.906250000000000000e-02
1.075683593750000000e+00 -2.746582031250000000e-01 -5.615234375000000000e-03
1.025878906250000000e+00 -1.196289062500000000e-01 7.910156250000000000e-02
1.027832031250000000e+00 -1.835937500000000000e-01 7.690429687500000000e-02
9.714355468750000000e-01 -1.574707031250000000e-01 9.033203125000000000e-02
1.014160156250000000e+00 -1.789550781250000000e-01 7.788085937500000000e-02
1.030761718750000000e+00 -1.926269531250000000e-01 4.492187500000000000e-02
9.809570312500000000e-01 -2.036132812500000000e-01 7.421875000000000000e-02
9.880371093750000000e-01 -1.591796875000000000e-01 8.422851562500000000e-02
1.018310546875000000e+00 -2.021484375000000000e-01 3.466796875000000000e-02
1.009033203125000000e+00 -1.818847656250000000e-01 6.713867187500000000e-02
9.758300781250000000e-01 -1.191406250000000000e-01 8.593750000000000000e-02
9.726562500000000000e-01 -1.743164062500000000e-01 -1.586914062500000000e-02
9.912109375000000000e-01 -1.921386718750000000e-01 8.544921875000000000e-02
1.011718750000000000e+00 -2.102050781250000000e-01 9.277343750000000000e-02
1.082275390625000000e+00 -1.855468750000000000e-01 7.299804687500000000e-02
1.019042968750000000e+00 -1.884765625000000000e-01 4.980468750000000000e-02
9.902343750000000000e-01 -2.155761718750000000e-01 3.808593750000000000e-02
1.028076171875000000e+00 -1.640625000000000000e-01 8.081054687500000000e-02
1.025878906250000000e+00 -2.172851562500000000e-01 4.956054687500000000e-02
1.092529296875000000e+00 -1.774902343750000000e-01 -2.929687500000000000e-03
1.028564453125000000e+00 -1.162109375000000000e-01 -7.080078125000000000e-03
9.802246093750000000e-01 -1.713867187500000000e-01 8.251953125000000000e-02
1.031250000000000000e+00 -2.048339843750000000e-01 9.252929687500000000e-02
1.020507812500000000e+00 -2.124023437500000000e-01 3.710937500000000000e-02
1.086669921875000000e+00 -1.760253906250000000e-01 7.226562500000000000e-02
1.026123046875000000e+00 -2.102050781250000000e-01 7.958984375000000000e-02
9.824218750000000000e-01 -1.699218750000000000e-01 3.588867187500000000e-02
1.026855468750000000e+00 -1.960449218750000000e-01 9.301757812500000000e-02
9.370117187500000000e-01 -1.643066406250000000e-01 3.271484375000000000e-02
9.941406250000000000e-01 -1.623535156250000000e-01 8.056640625000000000e-02
1.022216796875000000e+00 -1.567382812500000000e-01 7.055664062500000000e-02
9.873046875000000000e-01 -1.865234375000000000e-01 9.228515625000000000e-02
1.019042968750000000e+00 -1.999511718750000000e-01 3.662109375000000000e-02
1.004394531250000000e+00 -1.652832031250000000e-01 8.227539062500000000e-02
9.772949218750000000e-01 -2.099609375000000000e-01 5.126953125000000000e-02
1.017822265625000000e+00 -2.116699218750000000e-01 6.835937500000000000e-02
9.836425781250000000e-01 -1.748046875000000000e-01 4.443359375000000000e-02
1.016845703125000000e+00 -2.055664062500000000e-01 3.857421875000000000e-02
1.002929687500000000e+00 -1.696777343750000000e-01 8.837890625000000000e-02
9.921875000000000000e-01 -1.616210937500000000e-01 3.735351562500000000e-02
1.021728515625000000e+00 -2.150878906250000000e-01 8.886718750000000000e-02
9.887695312500000000e-01 -1.818847656250000000e-01 4.418945312500000000e-02
1.020263671875000000e+00 -1.975097656250000000e-01 9.301757812500000000e-02
1.011962890625000000e+00 -1.611328125000000000e-01 9.301757812500000000e-02
1.065429687500000000e+00 -1.706542968750000000e-01 8.862304687500000000e-02
1.021972656250000000e+00 -1.604003906250000000e-01 8.276367187500000000e-02
9.848632812500000000e-01 -1.796875000000000000e-01 8.740234375000000000e-02
1.020263671875000000e+00 -1.960449218750000000e-01 9.204101562500000000e-02
1.008789062500000000e+00 -1.652832031250000000e-01 3.393554687500000000e-02
9.846191406250000000e-01 -1.584472656250000000e-01 3.881835937500000000e-02
1.025146484375000000e+00 -1.728515625000000000e-01 8.691406250000000000e-02
9.953613281250000000e-01 -1.757812500000000000e-01 3.710937500000000000e-02
1.030273437500000000e+00 -1.235351562500000000e-01 3.955078125000000000e-02
1.010498046875000000e+00 -1.577148437500000000e-01 9.106445312500000000e-02
9.775390625000000000e-01 -1.582031250000000000e-01 5.468750000000000000e-02
1.030029296875000000e+00 -1.777343750000000000e-01 8.691406250000000000e-02
9.814453125000000000e-01 -2.551269531250000000e-01 8.569335937500000000e-02
1.022949218750000000e+00 -2.011718750000000000e-01 4.174804687500000000e-02
1.005371093750000000e+00 -1.591796875000000000e-01 4.638671875000000000e-02
1.064453125000000000e+00 -1.638183593750000000e-01 7.910156250000000000e-02
1.029296875000000000e+00 -2.080078125000000000e-01 6.982421875000000000e-02
9.763183593750000000e-01 -1.821289062500000000e-01 9.130859375000000000e-02
1.025634765625000000e+00 -2.126464843750000000e-01 7.763671875000000000e-02
9.313964843750000000e-01 -2.072753906250000000e-01 5.346679687500000000e-02
1.072509765625000000e+00 -1.640625000000000000e-01 -5.859375000000000000e-03
1.026123046875000000e+00 -2.067871093750000000e-01 7.641601562500000000e-02
9.826660156250000000e-01 -1.767578125000000000e-01 8.642578125000000000e-02
1.028808593750000000e+00 -1.604003906250000000e-01 7.275390625000000000e-02
9.362792968750000000e-01 -2.072753906250000000e-01 5.249023437500000000e-02
1.090820312500000000e+00 -2.509765625000000000e-01 6.665039062500000000e-02
1.025390625000000000e+00 -2.065429687500000000e-01 3.149414062500000000e-02
9.895019531250000000e-01 -1.772460937500000000e-01 9.008789062500000000e-02
9.707031250000000000e-01 -1.979980468750000000e-01 8.764648437500000000e-02
9.350585937500000000e-01 -2.145996093750000000e-01 3.906250000000000000e-02
9.934082031250000000e-01 -1.689453125000000000e-01 7.788085937500000000e-02
9.704589843750000000e-01 -1.660156250000000000e-01 6.591796875000000000e-02
9.829101562500000000e-01 -1.706542968750000000e-01 3.198242187500000000e-02
1.022216796875000000e+00 -1.889648437500000000e-01 3.710937500000000000e-02
9.741210937500000000e-01 -1.806640625000000000e-01 8.471679687500000000e-02
1.026611328125000000e+00 -2.016601562500000000e-01 4.003906250000000000e-02
9.733886718750000000e-01 -1.674804687500000000e-01 7.592773437500000000e-02
9.836425781250000000e-01 -1.584472656250000000e-01 4.101562500000000000e-02
1.026855468750000000e+00 -1.616210937500000000e-01 4.443359375000000000e-02
1.025146484375000000e+00 -1.628417968750000000e-01 8.325195312500000000e-02
9.777832031250000000e-01 -2.131347656250000000e-01 9.350585937500000000e-02
9.719238281250000000e-01 -1.577148437500000000e-01 6.298828125000000000e-02
9.899902343750000000e-01 -1.772460937500000000e-01 8.740234375000000000e-02
1.019775390625000000e+00 -1.894531250000000000e-01 4.101562500000000000e-02
1.008789062500000000e+00 -1.687011718750000000e-01 4.101562500000000000e-02
9.956054687500000000e-01 -1.738281250000000000e-01 -5.615234375000000000e-03
9.814453125000000000e-01 -2.182617187500000000e-01 -7.568359375000000000e-03
9.694824218750000000e-01 -1.733398437500000000e-01 8.081054687500000000e-02
9.707031250000000000e-01 -1.962890625000000000e-01 8.911132812500000000e-02
9.289550781250000000e-01 -1.713867187500000000e-01 3.344726562500000000e-02
1.079345703125000000e+00 -1.733398437500000000e-01 -8.789062500000000000e-03
1.017089843750000000e+00 -2.141113281250000000e-01 7.543945312500000000e-02
9.758300781250000000e-01 -1.687011718750000000e-01 8.862304687500000000e-02
9.699707031250000000e-01 -1.923828125000000000e-01 8.105468750000000000e-02
1.015380859375000000e+00 -1.586914062500000000e-01 8.789062500000000000e-02
1.028808593750000000e+00 -2.177734375000000000e-01 6.542968750000000000e-02
9.741210937500000000e-01 -1.640625000000000000e-01 -1.000976562500000000e-02
9.899902343750000000e-01 -2.524414062500000000e-01 7.495117187500000000e-02
9.704589843750000000e-01 -2.048339843750000000e-01 7.910156250000000000e-02
1.023925781250000000e+00 -1.625976562500000000e-01 -0.000000000000000000e+00
1.023925781250000000e+00 -1.989746093750000000e-01 9.008789062500000000e-02
9.697265625000000000e-01 -1.577148437500000000e-01 -1.245117187500000000e-02
9.953613281250000000e-01 -1.704101562500000000e-01 7.055664062500000000e-02
1.017333984375000000e+00 -2.009277343750000000e-01 3.344726562500000000e-02
9.721679687500000000e-01 -2.526855468750000000e-01 6.689453125000000000e-02
1.021484375000000000e+00 -1.660156250000000000e-01 4.858398437500000000e-02
9.750976562500000000e-01 -2.053222656250000000e-01 8.154296875000000000e-02
9.787597656250000000e-01 -2.141113281250000000e-01 9.228515625000000000e-02
9.736328125000000000e-01 -1.579589843750000000e-01 8.251953125000000000e-02
1.028320312500000000e+00 -2.031250000000000000e-01 9.033203125000000000e-02
9.777832031250000000e-01 -1.750488281250000000e-01 -5.615234375000000000e-03
9.716796875000000000e-01 -1.821289062500000000e-01 6.298828125000000000e-02
9.702148437500000000e-01 -1.667480468750000000e-01 -5.859375000000000000e-03
9.812011718750000000e-01 -1.760253906250000000e-01 1.245117187500000000e-02
1.019531250000000000e+00 -2.160644531250000000e-01 2.758789062500000000e-02
9.780273437500000000e-01 -2.087402343750000000e-01 1.538085937500000000e-02
9.711914062500000000e-01 -1.611328125000000000e-01 1.953125000000000000e-02
9.826660156250000000e-01 -2.050781250000000000e-01 -6.665039062500000000e-02
1.030761718750000000e+00 -2.077636718750000000e-01 -6.469726562500000000e-02
9.772949218750000000e-01 -2.163085937500000000e-01 1.416015625000000000e-02
9.699707031250000000e-01 -1.647949218750000000e-01 -2.343750000000000000e-02
1.031250000000000000e+00 -1.652832031250000000e-01 -1.660156250000000000e-02
9.702148437500000000e-01 -2.041015625000000000e-01 -2.685546875000000000e-02
9.812011718750000000e-01 -2.126464843750000000e-01 3.125000000000000000e-02
9.704589843750000000e-01 -2.082519531250000000e-01 3.076171875000000000e-02
