9.255371093750000000e-01 -4.394531250000000000e-02 -3.134765625000000000e-01
9.265136718750000000e-01 -4.467773437500000000e-02 -2.438964843750000000e-01
9.265136718750000000e-01 -4.467773437500000000e-02 -2.438964843750000000e-01
9.265136718750000000e-01 -4.467773437500000000e-02 -2.438964843750000000e-01
9.252929687500000000e-01 -4.150390625000000000e-02 -2.431640625000000000e-01
9.252929687500000000e-01 -4.443359375000000000e-02 -2.473144531250000000e-01
9.245605468750000000e-01 -4.492187500000000000e-02 -2.453613281250000000e-01
9.216308593750000000e-01 -4.541015625000000000e-02 -2.402343750000000000e-01
9.270019531250000000e-01 -4.150390625000000000e-02 -2.458496093750000000e-01
9.240722656250000000e-01 -4.663085937500000000e-02 -2.409667968750000000e-01
9.255371093750000000e-01 -4.541015625000000000e-02 -2.436523437500000000e-01
9.265136718750000000e-01 -4.687500000000000000e-02 -2.456054687500000000e-01
9.250488281250000000e-01 -4.443359375000000000e-02 -2.436523437500000000e-01
9.235839843750000000e-01 -4.345703125000000000e-02 -2.460937500000000000e-01
9.265136718750000000e-01 -4.418945312500000000e-02 -3.132324218750000000e-01
9.265136718750000000e-01 -4.370117187500000000e-02 -3.225097656250000000e-01
9.282226562500000000e-01 -3.540039062500000000e-02 -2.478027343750000000e-01
9.675292968750000000e-01 -3.662109375000000000e-02 -2.255859375000000000e-01
9.274902343750000000e-01 -4.321289062500000000e-02 -3.198242187500000000e-01
9.309082031250000000e-01 -4.443359375000000000e-02 -2.416992187500000000e-01
9.262695312500000000e-01 -4.638671875000000000e-02 -3.132324218750000000e-01
9.274902343750000000e-01 -3.759765625000000000e-02 -3.293457031250000000e-01
9.299316406250000000e-01 -7.739257812500000000e-02 -2.490234375000000000e-01
9.326171875000000000e-01 -3.295898437500000000e-02 -2.431640625000000000e-01
9.101562500000000000e-01 -3.442382812500000000e-02 -2.285156250000000000e-01
9.270019531250000000e-01 -5.615234375000000000e-02 -2.407226562500000000e-01
9.191894531250000000e-01 -1.254882812500000000e-01 -2.409667968750000000e-01
9.172363281250000000e-01 -6.201171875000000000e-02 -2.768554687500000000e-01
9.284667968750000000e-01 -1.474609375000000000e-01 -2.465820312500000000e-01
9.248046875000000000e-01 -1.345214843750000000e-01 -3.312988281250000000e-01
9.616699218750000000e-01 -1.491699218750000000e-01 -3.276367187500000000e-01
9.665527343750000000e-01 -1.179199218750000000e-01 -3.061523437500000000e-01
9.528808593750000000e-01 -1.936035156250000000e-01 -3.076171875000000000e-01
9.592285156250000000e-01 -1.064453125000000000e-01 -3.894042968750000000e-01
9.572753906250000000e-01 -9.570312500000000000e-02 -3.447265625000000000e-01
9.509277343750000000e-01 -1.491699218750000000e-01 -3.681640625000000000e-01
8.959960937500000000e-01 -4.785156250000000000e-02 -4.396972656250000000e-01
8.041992187500000000e-01 6.689453125000000000e-02 -3.908691406250000000e-01
9.296875000000000000e-01 1.494140625000000000e-01 -2.145996093750000000e-01
1.083007812500000000e+00 -1.206054687500000000e-01 -3.913574218750000000e-01
7.890625000000000000e-01 9.765625000000000000e-03 -1.066894531250000000e-01
6.730957031250000000e-01 1.340332031250000000e-01 2.416992187500000000e-02
8.898925781250000000e-01 6.835937500000000000e-02 -1.413574218750000000e-01
9.855957031250000000e-01 8.618164062500000000e-02 -3.222656250000000000e-02
1.035400390625000000e+00 -1.359863281250000000e-01 1.511230468750000000e-01
1.091308593750000000e+00 -2.099609375000000000e-02 1.640625000000000000e-01
8.747558593750000000e-01 -3.417968750000000000e-02 1.718750000000000000e-01
1.114013671875000000e+00 -9.106445312500000000e-02 3.762207031250000000e-01
9.719238281250000000e-01 -7.104492187500000000e-02 4.614257812500000000e-01
1.004394531250000000e+00 9.057617187500000000e-02 3.569335937500000000e-01
8.452148437500000000e-01 1.538085937500000000e-02 5.627441406250000000e-01
9.240722656250000000e-01 -1.000976562500000000e-02 5.358886718750000000e-01
8.806152343750000000e-01 -3.662109375000000000e-03 6.508789062500000000e-01
9.687500000000000000e-01 -2.050781250000000000e-02 6.306152343750000000e-01
8.911132812500000000e-01 -7.128906250000000000e-02 5.437011718750000000e-01
8.984375000000000000e-01 5.126953125000000000e-02 5.673828125000000000e-01
8.559570312500000000e-01 1.147460937500000000e-02 5.317382812500000000e-01
9.001464843750000000e-01 -2.954101562500000000e-02 6.276855468750000000e-01
9.001464843750000000e-01 -2.954101562500000000e-02 6.276855468750000000e-01
8.120117187500000000e-01 8.569335937500000000e-02 6.459960937500000000e-01
7.468261718750000000e-01 8.837890625000000000e-02 6.337890625000000000e-01
8.352050781250000000e-01 1.379394531250000000e-01 6.103515625000000000e-01
8.339843750000000000e-01 5.981445312500000000e-02 6.921386718750000000e-01
7.834472656250000000e-01 1.423339843750000000e-01 7.145996093750000000e-01
7.329101562500000000e-01 1.806640625000000000e-01 8.010253906250000000e-01
9.001464843750000000e-01 2.041015625000000000e-01 7.272949218750000000e-01
8.583984375000000000e-01 1.701660156250000000e-01 7.441406250000000000e-01
8.647460937500000000e-01 1.613769531250000000e-01 8.273925781250000000e-01
9.592285156250000000e-01 2.709960937500000000e-01 8.771972656250000000e-01
9.484863281250000000e-01 1.857910156250000000e-01 7.819824218750000000e-01
9.001464843750000000e-01 2.055664062500000000e-01 7.495117187500000000e-01
9.013671875000000000e-01 1.613769531250000000e-01 7.307128906250000000e-01
8.786621093750000000e-01 2.148437500000000000e-01 7.280273437500000000e-01
8.439941406250000000e-01 1.630859375000000000e-01 7.770996093750000000e-01
9.033203125000000000e-01 1.669921875000000000e-01 7.255859375000000000e-01
8.564453125000000000e-01 1.748046875000000000e-01 6.806640625000000000e-01
8.999023437500000000e-01 1.691894531250000000e-01 6.967773437500000000e-01
8.906250000000000000e-01 1.196289062500000000e-01 7.092285156250000000e-01
8.906250000000000000e-01 1.196289062500000000e-01 7.092285156250000000e-01
8.837890625000000000e-01 1.083984375000000000e-01 6.083984375000000000e-01
8.422851562500000000e-01 1.711425781250000000e-01 6.625976562500000000e-01
7.888183593750000000e-01 1.186523437500000000e-01 6.696777343750000000e-01
7.836914062500000000e-01 6.176757812500000000e-02 7.675781250000000000e-01
8.330078125000000000e-01 1.552734375000000000e-01 7.258300781250000000e-01
7.263183593750000000e-01 9.838867187500000000e-02 7.373046875000000000e-01
7.407226562500000000e-01 1.328125000000000000e-01 8.166503906250000000e-01
8.281250000000000000e-01 1.250000000000000000e-01 7.954101562500000000e-01
8.103027343750000000e-01 8.886718750000000000e-02 8.181152343750000000e-01
8.459472656250000000e-01 4.370117187500000000e-02 7.727050781250000000e-01
8.496093750000000000e-01 8.300781250000000000e-02 5.947265625000000000e-01
8.959960937500000000e-01 6.347656250000000000e-02 5.800781250000000000e-01
9.641113281250000000e-01 -3.906250000000000000e-03 5.280761718750000000e-01
9.116210937500000000e-01 -2.246093750000000000e-02 4.379882812500000000e-01
1.008789062500000000e+00 2.783203125000000000e-02 3.559570312500000000e-01
9.829101562500000000e-01 -1.000976562500000000e-02 2.282714843750000000e-01
9.838867187500000000e-01 1.440429687500000000e-02 1.723632812500000000e-01
1.008300781250000000e+00 -7.910156250000000000e-02 1.135253906250000000e-01
9.318847656250000000e-01 -7.861328125000000000e-02 8.520507812500000000e-02
9.401855468750000000e-01 8.789062500000000000e-03 -5.859375000000000000e-03
9.450683593750000000e-01 1.196289062500000000e-02 1.953125000000000000e-03
8.757324218750000000e-01 -8.081054687500000000e-02 -3.344726562500000000e-02
8.845214843750000000e-01 -7.324218750000000000e-02 -1.320800781250000000e-01
8.681640625000000000e-01 -2.221679687500000000e-02 -1.557617187500000000e-01
1.002197265625000000e+00 -4.199218750000000000e-02 -2.080078125000000000e-01
9.252929687500000000e-01 -6.469726562500000000e-02 -1.191406250000000000e-01
9.836425781250000000e-01 -8.715820312500000000e-02 -2.077636718750000000e-01
9.438476562500000000e-01 -3.564453125000000000e-02 -2.153320312500000000e-01
8.894042968750000000e-01 -2.001953125000000000e-02 -1.770019531250000000e-01
1.070068359375000000e+00 -4.638671875000000000e-03 -1.601562500000000000e-01
1.098388671875000000e+00 -8.764648437500000000e-02 -2.878417968750000000e-01
1.004638671875000000e+00 -8.959960937500000000e-02 -2.609863281250000000e-01
9.245605468750000000e-01 -5.004882812500000000e-02 -1.650390625000000000e-01
9.299316406250000000e-01 -5.078125000000000000e-02 -1.625976562500000000e-01
1.007324218750000000e+00 -4.272460937500000000e-02 -1.682128906250000000e-01
1.018066406250000000e+00 -7.788085937500000000e-02 -1.770019531250000000e-01
1.011718750000000000e+00 -9.082031250000000000e-02 -1.669921875000000000e-01
1.022705078125000000e+00 -4.638671875000000000e-02 -2.084960937500000000e-01
1.008789062500000000e+00 -9.179687500000000000e-02 -1.579589843750000000e-01
1.025634765625000000e+00 -3.637695312500000000e-02 -1.564941406250000000e-01
1.022460937500000000e+00 -3.710937500000000000e-02 -1.625976562500000000e-01
1.018066406250000000e+00 -3.515625000000000000e-02 -1.679687500000000000e-01
1.012207031250000000e+00 -3.271484375000000000e-02 -1.691894531250000000e-01
1.013427734375000000e+00 -3.295898437500000000e-02 -1.650390625000000000e-01
1.013671875000000000e+00 -9.033203125000000000e-02 -1.740722656250000000e-01
1.006835937500000000e+00 -3.930664062500000000e-02 -1.784667968750000000e-01
1.011962890625000000e+00 -3.662109375000000000e-02 -1.787109375000000000e-01
1.011962890625000000e+00 -3.295898437500000000e-02 -1.699218750000000000e-01
1.014160156250000000e+00 -3.564453125000000000e-02 -1.772460937500000000e-01
1.013916015625000000e+00 -3.271484375000000000e-02 -1.804199218750000000e-01
1.011230468750000000e+00 -3.588867187500000000e-02 -1.743164062500000000e-01
1.012207031250000000e+00 -3.515625000000000000e-02 -2.504882812500000000e-01
1.009521484375000000e+00 -3.906250000000000000e-02 -1.838378906250000000e-01
1.012939453125000000e+00 -4.467773437500000000e-02 -1.599121093750000000e-01
1.012939453125000000e+00 -4.931640625000000000e-02 -1.691894531250000000e-01
1.013427734375000000e+00 -4.980468750000000000e-02 -1.794433593750000000e-01
1.011230468750000000e+00 -5.053710937500000000e-02 -1.748046875000000000e-01
1.021972656250000000e+00 -4.638671875000000000e-02 -1.745605468750000000e-01
1.004394531250000000e+00 -4.467773437500000000e-02 -1.665039062500000000e-01
1.007080078125000000e+00 -5.126953125000000000e-02 -1.699218750000000000e-01
1.020996093750000000e+00 -4.272460937500000000e-02 -1.665039062500000000e-01
1.018310546875000000e+00 -4.150390625000000000e-02 -1.750488281250000000e-01
1.016357421875000000e+00 -3.857421875000000000e-02 -1.789550781250000000e-01
1.013671875000000000e+00 -3.833007812500000000e-02 -1.862792968750000000e-01
1.016113281250000000e+00 -4.052734375000000000e-02 -2.509765625000000000e-01
1.014892578125000000e+00 -4.394531250000000000e-02 -2.590332031250000000e-01
1.005859375000000000e+00 -4.394531250000000000e-02 -1.848144531250000000e-01
1.001464843750000000e+00 -4.101562500000000000e-02 -1.843261718750000000e-01
1.003173828125000000e+00 -4.223632812500000000e-02 -1.765136718750000000e-01
1.007324218750000000e+00 -3.833007812500000000e-02 -1.782226562500000000e-01
1.004394531250000000e+00 -3.442382812500000000e-02 -1.870117187500000000e-01
1.009033203125000000e+00 -4.028320312500000000e-02 -1.801757812500000000e-01
1.012695312500000000e+00 -3.686523437500000000e-02 -1.811523437500000000e-01
1.013183593750000000e+00 -3.564453125000000000e-02 -1.867675781250000000e-01
1.010009765625000000e+00 -3.613281250000000000e-02 -1.770019531250000000e-01
1.010009765625000000e+00 -3.613281250000000000e-02 -1.838378906250000000e-01
1.009521484375000000e+00 -4.687500000000000000e-02 -1.774902343750000000e-01
1.008544921875000000e+00 -3.881835937500000000e-02 -1.801757812500000000e-01
1.008789062500000000e+00 -3.735351562500000000e-02 -2.553710937500000000e-01
1.010986328125000000e+00 -4.345703125000000000e-02 -1.796875000000000000e-01
1.008056640625000000e+00 -3.833007812500000000e-02 -2.529296875000000000e-01
1.008056640625000000e+00 -3.979492187500000000e-02 -1.867675781250000000e-01
1.009765625000000000e+00 -4.150390625000000000e-02 -1.818847656250000000e-01
1.013183593750000000e+00 -3.808593750000000000e-02 -1.818847656250000000e-01
1.007324218750000000e+00 -3.491210937500000000e-02 -1.857910156250000000e-01
1.009033203125000000e+00 -3.588867187500000000e-02 -2.512207031250000000e-01
1.007324218750000000e+00 -4.150390625000000000e-02 -2.512207031250000000e-01
1.002685546875000000e+00 -3.588867187500000000e-02 -1.840820312500000000e-01
1.006835937500000000e+00 -3.955078125000000000e-02 -2.595214843750000000e-01
1.007812500000000000e+00 -3.637695312500000000e-02 -2.553710937500000000e-01
1.003173828125000000e+00 -3.930664062500000000e-02 -2.624511718750000000e-01
1.011962890625000000e+00 -3.710937500000000000e-02 -2.521972656250000000e-01
1.002441406250000000e+00 -4.418945312500000000e-02 -2.575683593750000000e-01
1.000732421875000000e+00 -4.370117187500000000e-02 -2.548828125000000000e-01
1.014160156250000000e+00 -4.541015625000000000e-02 -2.529296875000000000e-01
1.008056640625000000e+00 -4.418945312500000000e-02 -2.534179687500000000e-01
1.007080078125000000e+00 -3.955078125000000000e-02 -2.563476562500000000e-01
1.004882812500000000e+00 -4.516601562500000000e-02 -1.843261718750000000e-01
1.009765625000000000e+00 -4.321289062500000000e-02 -1.779785156250000000e-01
1.006103515625000000e+00 -4.296875000000000000e-02 -1.860351562500000000e-01
1.012695312500000000e+00 -4.711914062500000000e-02 -2.529296875000000000e-01
1.010742187500000000e+00 -4.492187500000000000e-02 -2.504882812500000000e-01
1.004882812500000000e+00 -4.858398437500000000e-02 -1.796875000000000000e-01
1.009277343750000000e+00 -4.418945312500000000e-02 -1.806640625000000000e-01
1.010009765625000000e+00 -4.125976562500000000e-02 -2.507324218750000000e-01
1.011962890625000000e+00 -4.394531250000000000e-02 -2.607421875000000000e-01
1.003173828125000000e+00 -4.199218750000000000e-02 -2.558593750000000000e-01
1.006347656250000000e+00 -4.370117187500000000e-02 -2.612304687500000000e-01
1.007568359375000000e+00 -4.785156250000000000e-02 -1.872558593750000000e-01
1.006591796875000000e+00 -4.614257812500000000e-02 -2.626953125000000000e-01
1.003417968750000000e+00 -4.614257812500000000e-02 -2.712402343750000000e-01
1.001464843750000000e+00 -4.467773437500000000e-02 -2.678222656250000000e-01
9.328613281250000000e-01 -3.955078125000000000e-02 -2.666015625000000000e-01
1.004394531250000000e+00 -4.467773437500000000e-02 -2.617187500000000000e-01
9.372558593750000000e-01 -4.321289062500000000e-02 -2.675781250000000000e-01
1.004394531250000000e+00 -4.394531250000000000e-02 -2.639160156250000000e-01
1.000732421875000000e+00 -3.588867187500000000e-02 -2.668457031250000000e-01
1.002929687500000000e+00 -3.979492187500000000e-02 -2.639160156250000000e-01
1.000976562500000000e+00 -3.686523437500000000e-02 -2.629394531250000000e-01
1.003662109375000000e+00 -3.735351562500000000e-02 -2.597656250000000000e-01
9.375000000000000000e-01 -4.614257812500000000e-02 -2.553710937500000000e-01
