1.017333984375000000e+00 2.197265625000000000e-02 -1.086425781250000000e-01
1.017333984375000000e+00 2.197265625000000000e-02 -1.086425781250000000e-01
1.023193359375000000e+00 1.831054687500000000e-02 -1.237792968750000000e-01
1.005615234375000000e+00 -3.002929687500000000e-02 -1.213378906250000000e-01
1.005615234375000000e+00 -3.002929687500000000e-02 -1.213378906250000000e-01
9.763183593750000000e-01 -8.276367187500000000e-02 -1.914062500000000000e-01
1.025390625000000000e+00 -8.740234375000000000e-02 -1.992187500000000000e-01
9.853515625000000000e-01 -3.662109375000000000e-02 -1.953125000000000000e-01
1.012695312500000000e+00 -9.326171875000000000e-02 -1.586914062500000000e-01
1.006347656250000000e+00 -3.320312500000000000e-02 -1.696777343750000000e-01
1.006835937500000000e+00 -7.006835937500000000e-02 -1.848144531250000000e-01
1.025146484375000000e+00 -3.149414062500000000e-02 -2.595214843750000000e-01
1.010742187500000000e+00 -5.224609375000000000e-02 -2.514648437500000000e-01
1.006103515625000000e+00 -4.125976562500000000e-02 -1.867675781250000000e-01
9.345703125000000000e-01 -5.053710937500000000e-02 -1.818847656250000000e-01
1.008789062500000000e+00 -4.614257812500000000e-02 -2.580566406250000000e-01
1.009765625000000000e+00 -1.279296875000000000e-01 -2.614746093750000000e-01
9.340820312500000000e-01 -1.276855468750000000e-01 -2.751464843750000000e-01
1.022460937500000000e+00 -1.257324218750000000e-01 -2.539062500000000000e-01
1.005371093750000000e+00 -1.354980468750000000e-01 -2.600097656250000000e-01
1.000976562500000000e+00 -1.325683593750000000e-01 -2.194824218750000000e-01
1.010498046875000000e+00 -1.376953125000000000e-01 -2.709960937500000000e-01
9.353027343750000000e-01 -1.362304687500000000e-01 -2.739257812500000000e-01
1.014892578125000000e+00 -1.347656250000000000e-01 -2.690429687500000000e-01
1.000732421875000000e+00 -6.225585937500000000e-02 -1.828613281250000000e-01
1.006103515625000000e+00 -4.956054687500000000e-02 -2.182617187500000000e-01
1.002929687500000000e+00 -1.308593750000000000e-01 -1.845703125000000000e-01
9.345703125000000000e-01 -1.352539062500000000e-01 -2.500000000000000000e-01
9.372558593750000000e-01 -1.281738281250000000e-01 -2.658691406250000000e-01
1.006347656250000000e+00 -1.276855468750000000e-01 -2.763671875000000000e-01
1.017822265625000000e+00 -1.311035156250000000e-01 -2.243652343750000000e-01
1.005859375000000000e+00 -1.269531250000000000e-01 -2.229003906250000000e-01
9.370117187500000000e-01 -1.437988281250000000e-01 -2.753906250000000000e-01
9.357910156250000000e-01 -1.354980468750000000e-01 -2.255859375000000000e-01
9.348144531250000000e-01 -4.565429687500000000e-02 -2.207031250000000000e-01
1.001953125000000000e+00 -3.198242187500000000e-02 -2.214355468750000000e-01
9.318847656250000000e-01 -8.129882812500000000e-02 -2.795410156250000000e-01
9.270019531250000000e-01 -8.593750000000000000e-02 -2.775878906250000000e-01
1.005859375000000000e+00 -7.861328125000000000e-02 -2.739257812500000000e-01
1.000488281250000000e+00 -8.300781250000000000e-02 -2.783203125000000000e-01
1.007080078125000000e+00 -8.178710937500000000e-02 -2.736816406250000000e-01
1.015136718750000000e+00 -8.959960937500000000e-02 -2.729492187500000000e-01
1.005126953125000000e+00 -3.979492187500000000e-02 -2.673339843750000000e-01
1.006103515625000000e+00 -9.326171875000000000e-02 -2.624511718750000000e-01
1.002197265625000000e+00 -3.173828125000000000e-02 -2.568359375000000000e-01
1.004150390625000000e+00 -3.320312500000000000e-02 -2.651367187500000000e-01
1.011718750000000000e+00 -3.686523437500000000e-02 -2.619628906250000000e-01
1.003417968750000000e+00 -3.247070312500000000e-02 -2.619628906250000000e-01
1.004638671875000000e+00 -3.417968750000000000e-02 -2.631835937500000000e-01
1.004882812500000000e+00 -9.277343750000000000e-02 -2.622070312500000000e-01
1.004150390625000000e+00 -9.033203125000000000e-02 -2.624511718750000000e-01
1.007080078125000000e+00 -8.666992187500000000e-02 -2.602539062500000000e-01
1.007080078125000000e+00 -8.666992187500000000e-02 -2.602539062500000000e-01
1.016113281250000000e+00 -7.104492187500000000e-02 -2.551269531250000000e-01
1.010253906250000000e+00 -8.740234375000000000e-02 -2.673339843750000000e-01
1.010253906250000000e+00 -8.740234375000000000e-02 -2.673339843750000000e-01
1.008056640625000000e+00 8.789062500000000000e-03 -2.600097656250000000e-01
1.018310546875000000e+00 -6.542968750000000000e-02 -2.573242187500000000e-01
1.005615234375000000e+00 2.807617187500000000e-02 -1.862792968750000000e-01
9.335937500000000000e-01 1.831054687500000000e-02 -1.599121093750000000e-01
1.012207031250000000e+00 7.812500000000000000e-03 -2.521972656250000000e-01
1.018798828125000000e+00 -7.397460937500000000e-02 -2.592773437500000000e-01
1.001464843750000000e+00 -1.364746093750000000e-01 -2.360839843750000000e-01
9.624023437500000000e-01 -1.684570312500000000e-01 -2.380371093750000000e-01
9.877929687500000000e-01 -2.543945312500000000e-01 -2.136230468750000000e-01
9.914550781250000000e-01 -1.364746093750000000e-01 -6.079101562500000000e-02
9.760742187500000000e-01 -7.983398437500000000e-02 1.318359375000000000e-02
1.015136718750000000e+00 -1.506347656250000000e-01 -8.471679687500000000e-02
9.553222656250000000e-01 -2.092285156250000000e-01 -4.272460937500000000e-02
1.001708984375000000e+00 -1.042480468750000000e-01 -1.298828125000000000e-01
9.829101562500000000e-01 -1.291503906250000000e-01 -1.069335937500000000e-01
8.891601562500000000e-01 -1.962890625000000000e-01 -2.770996093750000000e-01
6.413574218750000000e-01 -1.101074218750000000e-01 -3.361816406250000000e-01
8.100585937500000000e-01 -2.661132812500000000e-02 -3.188476562500000000e-01
8.608398437500000000e-01 -1.892089843750000000e-01 -7.006835937500000000e-02
8.754882812500000000e-01 1.477050781250000000e-01 -1.186523437500000000e-01
7.312011718750000000e-01 7.470703125000000000e-02 -1.555175781250000000e-01
9.104003906250000000e-01 9.765625000000000000e-04 -1.059570312500000000e-01
8.669433593750000000e-01 6.591796875000000000e-02 -1.499023437500000000e-01
9.489746093750000000e-01 -1.513671875000000000e-01 -1.242675781250000000e-01
9.853515625000000000e-01 5.590820312500000000e-02 -8.349609375000000000e-02
1.068603515625000000e+00 -1.347656250000000000e-01 -7.885742187500000000e-02
9.960937500000000000e-01 2.026367187500000000e-02 -7.568359375000000000e-02
1.128662109375000000e+00 -8.300781250000000000e-02 2.416992187500000000e-02
1.127197265625000000e+00 -7.006835937500000000e-02 -8.691406250000000000e-02
1.103515625000000000e+00 -6.176757812500000000e-02 -1.254882812500000000e-01
1.202880859375000000e+00 -8.959960937500000000e-02 -6.396484375000000000e-02
1.181884765625000000e+00 1.318359375000000000e-02 -2.880859375000000000e-02
1.161865234375000000e+00 -6.323242187500000000e-02 -6.152343750000000000e-02
1.194824218750000000e+00 -6.054687500000000000e-02 -6.835937500000000000e-03
1.100341796875000000e+00 -5.810546875000000000e-02 3.295898437500000000e-02
1.111572265625000000e+00 -1.103515625000000000e-01 7.348632812500000000e-02
1.045898437500000000e+00 -1.376953125000000000e-01 -1.440429687500000000e-02
1.044921875000000000e+00 -1.315917968750000000e-01 2.661132812500000000e-02
1.040039062500000000e+00 -4.956054687500000000e-02 1.708984375000000000e-02
1.079833984375000000e+00 -3.930664062500000000e-02 3.662109375000000000e-03
1.069580078125000000e+00 -9.301757812500000000e-02 1.879882812500000000e-02
9.707031250000000000e-01 -6.420898437500000000e-02 2.221679687500000000e-02
9.836425781250000000e-01 -3.320312500000000000e-02 2.587890625000000000e-02
1.030761718750000000e+00 2.197265625000000000e-03 -2.172851562500000000e-02
9.841308593750000000e-01 -8.398437500000000000e-02 -2.758789062500000000e-02
1.064453125000000000e+00 -5.273437500000000000e-02 -2.416992187500000000e-02
1.071777343750000000e+00 -5.493164062500000000e-02 6.713867187500000000e-02
1.071777343750000000e+00 -5.493164062500000000e-02 6.713867187500000000e-02
9.948730468750000000e-01 -4.663085937500000000e-02 -6.347656250000000000e-03
9.719238281250000000e-01 -7.836914062500000000e-02 7.250976562500000000e-02
9.804687500000000000e-01 -4.638671875000000000e-02 -1.391601562500000000e-02
9.848632812500000000e-01 -9.350585937500000000e-02 6.420898437500000000e-02
1.104248046875000000e+00 -6.127929687500000000e-02 1.074218750000000000e-02
1.375976562500000000e+00 -5.664062500000000000e-02 2.465820312500000000e-02
1.353271484375000000e+00 -9.936523437500000000e-02 -5.053710937500000000e-02
1.295166015625000000e+00 -1.445312500000000000e-01 -8.227539062500000000e-02
1.274414062500000000e+00 -5.737304687500000000e-02 1.123046875000000000e-02
1.095703125000000000e+00 -3.955078125000000000e-02 -8.300781250000000000e-02
1.047607421875000000e+00 -5.541992187500000000e-02 -1.464843750000000000e-01
1.059326171875000000e+00 -1.125488281250000000e-01 -1.394042968750000000e-01
1.038085937500000000e+00 -4.858398437500000000e-02 -1.000976562500000000e-01
9.851074218750000000e-01 -1.418457031250000000e-01 -1.516113281250000000e-01
1.016601562500000000e+00 -1.381835937500000000e-01 -8.129882812500000000e-02
9.020996093750000000e-01 -1.330566406250000000e-01 5.126953125000000000e-03
7.866210937500000000e-01 -5.639648437500000000e-02 1.000976562500000000e-02
8.093261718750000000e-01 -3.906250000000000000e-02 2.270507812500000000e-02
8.117675781250000000e-01 7.568359375000000000e-03 -7.202148437500000000e-02
9.431152343750000000e-01 -8.276367187500000000e-02 -1.311035156250000000e-01
8.264160156250000000e-01 8.471679687500000000e-02 -1.442871093750000000e-01
8.266601562500000000e-01 -1.162109375000000000e-01 -8.203125000000000000e-02
8.068847656250000000e-01 9.790039062500000000e-02 -1.252441406250000000e-01
8.474121093750000000e-01 1.003417968750000000e-01 -1.120605468750000000e-01
8.913574218750000000e-01 -3.002929687500000000e-02 -1.391601562500000000e-01
9.926757812500000000e-01 8.618164062500000000e-02 -1.857910156250000000e-01
9.318847656250000000e-01 7.812500000000000000e-03 -1.679687500000000000e-01
9.694824218750000000e-01 -4.150390625000000000e-03 -1.071777343750000000e-01
1.018310546875000000e+00 -8.496093750000000000e-02 -1.123046875000000000e-01
1.013183593750000000e+00 -5.834960937500000000e-02 -1.660156250000000000e-01
1.011474609375000000e+00 -3.320312500000000000e-02 -2.546386718750000000e-01
1.008544921875000000e+00 -9.277343750000000000e-02 -1.623535156250000000e-01
1.022705078125000000e+00 -9.521484375000000000e-02 -1.640625000000000000e-01
9.694824218750000000e-01 -1.350097656250000000e-01 -2.678222656250000000e-01
9.291992187500000000e-01 -1.367187500000000000e-01 -2.016601562500000000e-01
1.029052734375000000e+00 -1.469726562500000000e-01 -1.677246093750000000e-01
1.025634765625000000e+00 -1.416015625000000000e-01 -1.806640625000000000e-01
1.025634765625000000e+00 -1.416015625000000000e-01 -1.806640625000000000e-01
1.018798828125000000e+00 -9.765625000000000000e-02 -2.150878906250000000e-01
1.018798828125000000e+00 -9.765625000000000000e-02 -2.150878906250000000e-01
1.007080078125000000e+00 -1.481933593750000000e-01 -1.672363281250000000e-01
1.005615234375000000e+00 -1.381835937500000000e-01 -1.791992187500000000e-01
1.014404296875000000e+00 -1.252441406250000000e-01 -2.521972656250000000e-01
1.015625000000000000e+00 -5.517578125000000000e-02 -2.512207031250000000e-01
1.015625000000000000e+00 -5.517578125000000000e-02 -2.512207031250000000e-01
1.002929687500000000e+00 -4.345703125000000000e-02 -1.855468750000000000e-01
1.015625000000000000e+00 -3.881835937500000000e-02 -2.587890625000000000e-01
1.004394531250000000e+00 -4.467773437500000000e-02 -2.517089843750000000e-01
1.017578125000000000e+00 -5.029296875000000000e-02 -1.862792968750000000e-01
1.000976562500000000e+00 -3.271484375000000000e-02 -2.534179687500000000e-01
1.013916015625000000e+00 -5.249023437500000000e-02 -1.818847656250000000e-01
1.016357421875000000e+00 -5.419921875000000000e-02 -1.772460937500000000e-01
1.009277343750000000e+00 -5.004882812500000000e-02 -2.539062500000000000e-01
1.010986328125000000e+00 -4.760742187500000000e-02 -1.691894531250000000e-01
1.013427734375000000e+00 -4.809570312500000000e-02 -1.748046875000000000e-01
1.009033203125000000e+00 -3.613281250000000000e-02 -1.735839843750000000e-01
1.010498046875000000e+00 -3.857421875000000000e-02 -1.806640625000000000e-01
1.012207031250000000e+00 -3.271484375000000000e-02 -1.801757812500000000e-01
1.014892578125000000e+00 -4.296875000000000000e-02 -1.843261718750000000e-01
1.009521484375000000e+00 -4.443359375000000000e-02 -1.777343750000000000e-01
1.018554687500000000e+00 -4.296875000000000000e-02 -1.791992187500000000e-01
1.012207031250000000e+00 -5.200195312500000000e-02 -1.787109375000000000e-01
1.011474609375000000e+00 -4.101562500000000000e-02 -1.784667968750000000e-01
1.007568359375000000e+00 -3.808593750000000000e-02 -1.845703125000000000e-01
1.015380859375000000e+00 -4.541015625000000000e-02 -1.784667968750000000e-01
1.015380859375000000e+00 -4.541015625000000000e-02 -1.784667968750000000e-01
1.012207031250000000e+00 -4.272460937500000000e-02 -1.772460937500000000e-01
1.014648437500000000e+00 -4.467773437500000000e-02 -1.711425781250000000e-01
1.009521484375000000e+00 -3.808593750000000000e-02 -1.745605468750000000e-01
1.013427734375000000e+00 -3.979492187500000000e-02 -1.823730468750000000e-01
1.014404296875000000e+00 -4.321289062500000000e-02 -1.843261718750000000e-01
1.008789062500000000e+00 -4.272460937500000000e-02 -1.760253906250000000e-01
1.014892578125000000e+00 -4.809570312500000000e-02 -1.762695312500000000e-01
1.011474609375000000e+00 -4.272460937500000000e-02 -1.801757812500000000e-01
1.013427734375000000e+00 -4.809570312500000000e-02 -1.833496093750000000e-01
1.006103515625000000e+00 -4.394531250000000000e-02 -1.862792968750000000e-01
1.010253906250000000e+00 -3.955078125000000000e-02 -1.774902343750000000e-01
1.006103515625000000e+00 -3.735351562500000000e-02 -1.850585937500000000e-01
1.014892578125000000e+00 -3.686523437500000000e-02 -1.730957031250000000e-01
1.012695312500000000e+00 -4.223632812500000000e-02 -1.750488281250000000e-01
1.020019531250000000e+00 -4.589843750000000000e-02 -1.789550781250000000e-01
1.006591796875000000e+00 -5.029296875000000000e-02 -1.665039062500000000e-01
1.011718750000000000e+00 -4.809570312500000000e-02 -1.796875000000000000e-01
1.015136718750000000e+00 -4.541015625000000000e-02 -1.799316406250000000e-01
1.014404296875000000e+00 -4.833984375000000000e-02 -1.801757812500000000e-01
1.014160156250000000e+00 -4.150390625000000000e-02 -1.708984375000000000e-01
1.009277343750000000e+00 -4.589843750000000000e-02 -1.765136718750000000e-01
1.012207031250000000e+00 -4.077148437500000000e-02 -1.826171875000000000e-01
1.012207031250000000e+00 -4.321289062500000000e-02 -1.706542968750000000e-01
1.011962890625000000e+00 -4.589843750000000000e-02 -1.801757812500000000e-01
1.014648437500000000e+00 -4.394531250000000000e-02 -1.738281250000000000e-01
1.012207031250000000e+00 -4.394531250000000000e-02 -1.730957031250000000e-01
1.011474609375000000e+00 -4.223632812500000000e-02 -1.770019531250000000e-01
1.014892578125000000e+00 -4.492187500000000000e-02 -1.787109375000000000e-01
1.015380859375000000e+00 -4.589843750000000000e-02 -1.784667968750000000e-01
1.012695312500000000e+00 -4.223632812500000000e-02 -1.699218750000000000e-01
