9.860839843750000000e-01 1.000976562500000000e-02 1.806640625000000000e-01
9.860839843750000000e-01 1.000976562500000000e-02 1.806640625000000000e-01
9.799804687500000000e-01 -7.348632812500000000e-02 1.628417968750000000e-01
9.807128906250000000e-01 -5.517578125000000000e-02 1.660156250000000000e-01
1.023681640625000000e+00 -1.525878906250000000e-01 1.745605468750000000e-01
9.736328125000000000e-01 -1.481933593750000000e-01 2.658691406250000000e-01
1.021484375000000000e+00 -1.015625000000000000e-01 2.331542968750000000e-01
9.692382812500000000e-01 -5.224609375000000000e-02 3.178710937500000000e-01
1.030273437500000000e+00 -1.398925781250000000e-01 2.717285156250000000e-01
1.014648437500000000e+00 -1.523437500000000000e-01 1.838378906250000000e-01
1.009765625000000000e+00 -1.560058593750000000e-01 2.641601562500000000e-01
1.017089843750000000e+00 -1.083984375000000000e-01 1.835937500000000000e-01
1.025634765625000000e+00 -1.533203125000000000e-01 1.862792968750000000e-01
1.024902343750000000e+00 -1.015625000000000000e-01 2.709960937500000000e-01
9.824218750000000000e-01 -1.372070312500000000e-01 2.705078125000000000e-01
9.958496093750000000e-01 -8.837890625000000000e-02 2.583007812500000000e-01
1.148193359375000000e+00 -5.273437500000000000e-02 6.250000000000000000e-02
9.370117187500000000e-01 -7.421875000000000000e-02 1.140136718750000000e-01
1.028076171875000000e+00 -1.147460937500000000e-02 1.237792968750000000e-01
1.071533203125000000e+00 7.885742187500000000e-02 1.474609375000000000e-01
9.865722656250000000e-01 3.491210937500000000e-02 1.245117187500000000e-01
9.936523437500000000e-01 8.032226562500000000e-02 1.198730468750000000e-01
9.741210937500000000e-01 8.276367187500000000e-02 1.923828125000000000e-01
9.768066406250000000e-01 4.125976562500000000e-02 2.172851562500000000e-01
9.746093750000000000e-01 3.930664062500000000e-02 2.114257812500000000e-01
9.711914062500000000e-01 4.638671875000000000e-02 1.813964843750000000e-01
9.785156250000000000e-01 3.491210937500000000e-02 2.561035156250000000e-01
1.027099609375000000e+00 8.593750000000000000e-02 2.321777343750000000e-01
9.697265625000000000e-01 7.104492187500000000e-02 3.273925781250000000e-01
1.011718750000000000e+00 6.811523437500000000e-02 2.341308593750000000e-01
1.002685546875000000e+00 5.737304687500000000e-02 2.451171875000000000e-01
1.024902343750000000e+00 4.296875000000000000e-02 2.351074218750000000e-01
1.019042968750000000e+00 4.345703125000000000e-02 2.263183593750000000e-01
1.021484375000000000e+00 9.277343750000000000e-02 2.333984375000000000e-01
9.919433593750000000e-01 -1.196289062500000000e-02 3.410644531250000000e-01
1.018310546875000000e+00 2.221679687500000000e-02 2.939453125000000000e-01
1.019042968750000000e+00 -6.591796875000000000e-03 3.041992187500000000e-01
1.013671875000000000e+00 -2.636718750000000000e-02 3.789062500000000000e-01
9.960937500000000000e-01 1.376953125000000000e-01 3.208007812500000000e-01
1.032226562500000000e+00 3.906250000000000000e-02 3.510742187500000000e-01
1.119628906250000000e+00 1.350097656250000000e-01 2.348632812500000000e-01
1.348876953125000000e+00 1.511230468750000000e-01 1.838378906250000000e-01
1.099365234375000000e+00 -9.204101562500000000e-02 2.001953125000000000e-01
9.621582031250000000e-01 -1.445312500000000000e-01 9.887695312500000000e-02
8.605957031250000000e-01 -4.980468750000000000e-02 4.296875000000000000e-02
7.419433593750000000e-01 -8.569335937500000000e-02 2.033691406250000000e-01
8.474121093750000000e-01 2.001953125000000000e-02 2.185058593750000000e-01
7.919921875000000000e-01 -7.788085937500000000e-02 2.614746093750000000e-01
8.571777343750000000e-01 -1.123046875000000000e-02 1.777343750000000000e-01
8.728027343750000000e-01 -2.172851562500000000e-02 1.828613281250000000e-01
9.206542968750000000e-01 1.049804687500000000e-02 1.582031250000000000e-01
9.665527343750000000e-01 -3.247070312500000000e-02 2.443847656250000000e-01
1.132324218750000000e+00 -2.075195312500000000e-02 2.539062500000000000e-01
1.065917968750000000e+00 -7.275390625000000000e-02 2.368164062500000000e-01
1.145996093750000000e+00 6.591796875000000000e-03 1.706542968750000000e-01
1.134521484375000000e+00 -8.837890625000000000e-02 2.924804687500000000e-01
1.057373046875000000e+00 -1.030273437500000000e-01 3.298339843750000000e-01
1.000976562500000000e+00 -3.002929687500000000e-02 3.317871093750000000e-01
1.026123046875000000e+00 -4.223632812500000000e-02 2.812500000000000000e-01
1.016357421875000000e+00 -5.273437500000000000e-02 2.463378906250000000e-01
9.956054687500000000e-01 -4.345703125000000000e-02 2.316894531250000000e-01
9.694824218750000000e-01 -7.348632812500000000e-02 2.363281250000000000e-01
1.009521484375000000e+00 -8.447265625000000000e-02 2.402343750000000000e-01
1.026611328125000000e+00 -3.637695312500000000e-02 2.360839843750000000e-01
9.704589843750000000e-01 -8.984375000000000000e-02 2.329101562500000000e-01
1.030517578125000000e+00 -6.396484375000000000e-02 2.294921875000000000e-01
9.794921875000000000e-01 5.859375000000000000e-03 2.304687500000000000e-01
1.011474609375000000e+00 1.635742187500000000e-02 2.412109375000000000e-01
9.895019531250000000e-01 -5.078125000000000000e-02 2.299804687500000000e-01
1.013671875000000000e+00 -7.641601562500000000e-02 3.776855468750000000e-01
9.934082031250000000e-01 -9.252929687500000000e-02 3.327636718750000000e-01
8.730468750000000000e-01 -4.809570312500000000e-02 2.448730468750000000e-01
9.313964843750000000e-01 -5.957031250000000000e-02 3.227539062500000000e-01
1.026123046875000000e+00 -1.303710937500000000e-01 3.239746093750000000e-01
1.083251953125000000e+00 -6.225585937500000000e-02 3.378906250000000000e-01
1.024414062500000000e+00 -4.931640625000000000e-02 2.968750000000000000e-01
9.145507812500000000e-01 -9.130859375000000000e-02 1.855468750000000000e-01
1.016357421875000000e+00 8.154296875000000000e-02 2.333984375000000000e-01
1.447753906250000000e-01 -8.251953125000000000e-02 4.274902343750000000e-01
1.120605468750000000e+00 -6.958007812500000000e-02 -8.300781250000000000e-03
1.028320312500000000e+00 6.860351562500000000e-02 1.108398437500000000e-01
9.687500000000000000e-01 -1.440429687500000000e-02 1.245117187500000000e-01
1.071044921875000000e+00 -1.708984375000000000e-02 1.347656250000000000e-01
1.000976562500000000e+00 -2.099609375000000000e-02 9.497070312500000000e-02
9.948730468750000000e-01 8.154296875000000000e-02 1.333007812500000000e-01
1.071289062500000000e+00 7.421875000000000000e-02 1.296386718750000000e-01
1.073974609375000000e+00 -1.953125000000000000e-03 1.650390625000000000e-01
1.136962890625000000e+00 7.006835937500000000e-02 2.197265625000000000e-01
1.047851562500000000e+00 -1.440429687500000000e-02 2.561035156250000000e-01
1.074462890625000000e+00 1.430664062500000000e-01 2.006835937500000000e-01
1.025634765625000000e+00 5.688476562500000000e-02 1.240234375000000000e-01
1.020019531250000000e+00 1.352539062500000000e-01 1.916503906250000000e-01
1.017578125000000000e+00 1.315917968750000000e-01 9.960937500000000000e-02
9.833984375000000000e-01 1.486816406250000000e-01 1.096191406250000000e-01
1.066894531250000000e+00 1.140136718750000000e-01 6.250000000000000000e-02
9.958496093750000000e-01 5.297851562500000000e-02 5.346679687500000000e-02
9.985351562500000000e-01 1.545410156250000000e-01 7.250976562500000000e-02
9.836425781250000000e-01 -9.033203125000000000e-03 8.618164062500000000e-02
1.017089843750000000e+00 1.806640625000000000e-02 5.957031250000000000e-02
9.714355468750000000e-01 2.709960937500000000e-02 5.224609375000000000e-02
1.022216796875000000e+00 -3.125000000000000000e-02 7.836914062500000000e-02
9.770507812500000000e-01 -5.957031250000000000e-02 3.515625000000000000e-02
1.064208984375000000e+00 -5.639648437500000000e-02 2.001953125000000000e-01
1.046386718750000000e+00 -8.959960937500000000e-02 1.777343750000000000e-01
1.069580078125000000e+00 -9.179687500000000000e-02 1.584472656250000000e-01
9.802246093750000000e-01 -3.759765625000000000e-02 1.643066406250000000e-01
1.029296875000000000e+00 -6.176757812500000000e-02 2.502441406250000000e-01
9.372558593750000000e-01 -1.452636718750000000e-01 2.590332031250000000e-01
1.011718750000000000e+00 -1.110839843750000000e-01 1.765136718750000000e-01
1.019042968750000000e+00 -9.521484375000000000e-02 1.611328125000000000e-01
9.758300781250000000e-01 -1.193847656250000000e-01 1.586914062500000000e-01
9.760742187500000000e-01 -1.166992187500000000e-01 2.150878906250000000e-01
1.021728515625000000e+00 -1.118164062500000000e-01 1.704101562500000000e-01
1.007324218750000000e+00 -1.188964843750000000e-01 1.899414062500000000e-01
9.748535156250000000e-01 -3.833007812500000000e-02 1.137695312500000000e-01
9.980468750000000000e-01 7.324218750000000000e-03 1.699218750000000000e-01
1.151367187500000000e+00 9.082031250000000000e-02 1.538085937500000000e-01
9.492187500000000000e-01 2.075195312500000000e-02 1.928710937500000000e-01
9.960937500000000000e-01 -7.763671875000000000e-02 1.330566406250000000e-01
1.060058593750000000e+00 4.248046875000000000e-02 1.430664062500000000e-01
1.022705078125000000e+00 5.541992187500000000e-02 2.065429687500000000e-01
1.027343750000000000e+00 7.104492187500000000e-02 2.109375000000000000e-01
9.873046875000000000e-01 6.469726562500000000e-02 1.911621093750000000e-01
9.970703125000000000e-01 8.105468750000000000e-02 1.000976562500000000e-01
9.858398437500000000e-01 9.326171875000000000e-02 1.035156250000000000e-01
9.853515625000000000e-01 9.130859375000000000e-02 1.213378906250000000e-01
9.826660156250000000e-01 7.788085937500000000e-02 1.962890625000000000e-01
9.892578125000000000e-01 8.496093750000000000e-02 1.206054687500000000e-01
9.765625000000000000e-01 6.665039062500000000e-02 1.118164062500000000e-01
9.890136718750000000e-01 6.958007812500000000e-02 1.198730468750000000e-01
9.809570312500000000e-01 6.811523437500000000e-02 1.118164062500000000e-01
9.812011718750000000e-01 7.006835937500000000e-02 1.228027343750000000e-01
9.733886718750000000e-01 -9.765625000000000000e-04 1.914062500000000000e-01
9.812011718750000000e-01 6.591796875000000000e-02 1.962890625000000000e-01
9.802246093750000000e-01 -1.464843750000000000e-03 1.943359375000000000e-01
9.731445312500000000e-01 6.250000000000000000e-02 2.041015625000000000e-01
9.724121093750000000e-01 -1.025390625000000000e-02 2.050781250000000000e-01
9.826660156250000000e-01 -1.220703125000000000e-02 2.116699218750000000e-01
9.770507812500000000e-01 -1.464843750000000000e-02 2.148437500000000000e-01
9.770507812500000000e-01 -2.172851562500000000e-02 1.679687500000000000e-01
9.829101562500000000e-01 -2.465820312500000000e-02 2.138671875000000000e-01
9.816894531250000000e-01 -2.099609375000000000e-02 2.177734375000000000e-01
9.831542968750000000e-01 -2.148437500000000000e-02 2.124023437500000000e-01
9.799804687500000000e-01 -1.635742187500000000e-02 2.170410156250000000e-01
9.763183593750000000e-01 -2.172851562500000000e-02 2.116699218750000000e-01
9.802246093750000000e-01 -1.782226562500000000e-02 2.145996093750000000e-01
9.794921875000000000e-01 -1.782226562500000000e-02 1.582031250000000000e-01
9.841308593750000000e-01 -1.611328125000000000e-02 2.084960937500000000e-01
9.799804687500000000e-01 -1.782226562500000000e-02 2.102050781250000000e-01
9.855957031250000000e-01 -1.586914062500000000e-02 2.136230468750000000e-01
9.812011718750000000e-01 -1.342773437500000000e-02 2.077636718750000000e-01
9.790039062500000000e-01 -1.147460937500000000e-02 2.119140625000000000e-01
9.794921875000000000e-01 -1.586914062500000000e-02 2.106933593750000000e-01
9.787597656250000000e-01 -1.147460937500000000e-02 2.089843750000000000e-01
9.814453125000000000e-01 -1.928710937500000000e-02 2.143554687500000000e-01
9.770507812500000000e-01 -1.879882812500000000e-02 2.097167968750000000e-01
9.819335937500000000e-01 -2.270507812500000000e-02 2.053222656250000000e-01
9.787597656250000000e-01 -1.806640625000000000e-02 1.987304687500000000e-01
9.802246093750000000e-01 -1.977539062500000000e-02 1.977539062500000000e-01
9.848632812500000000e-01 -1.098632812500000000e-02 1.992187500000000000e-01
9.807128906250000000e-01 -1.562500000000000000e-02 1.950683593750000000e-01
9.814453125000000000e-01 -1.147460937500000000e-02 1.989746093750000000e-01
9.821777343750000000e-01 -1.049804687500000000e-02 2.021484375000000000e-01
9.802246093750000000e-01 -1.367187500000000000e-02 1.992187500000000000e-01
9.804687500000000000e-01 -8.789062500000000000e-03 1.958007812500000000e-01
9.812011718750000000e-01 -1.586914062500000000e-02 1.999511718750000000e-01
9.821777343750000000e-01 -1.171875000000000000e-02 1.933593750000000000e-01
9.831542968750000000e-01 -1.928710937500000000e-02 2.001953125000000000e-01
9.855957031250000000e-01 -1.464843750000000000e-02 1.965332031250000000e-01
9.814453125000000000e-01 -1.391601562500000000e-02 1.936035156250000000e-01
9.814453125000000000e-01 -1.025390625000000000e-02 1.958007812500000000e-01
9.848632812500000000e-01 -1.440429687500000000e-02 1.928710937500000000e-01
9.848632812500000000e-01 -1.000976562500000000e-02 1.940917968750000000e-01
9.812011718750000000e-01 -1.538085937500000000e-02 1.904296875000000000e-01
9.829101562500000000e-01 -1.025390625000000000e-02 1.948242187500000000e-01
9.814453125000000000e-01 -1.513671875000000000e-02 2.028808593750000000e-01
9.846191406250000000e-01 -1.416015625000000000e-02 1.984863281250000000e-01
9.833984375000000000e-01 -1.245117187500000000e-02 2.014160156250000000e-01
9.802246093750000000e-01 -1.025390625000000000e-02 2.038574218750000000e-01
9.819335937500000000e-01 -1.416015625000000000e-02 1.979980468750000000e-01
9.780273437500000000e-01 -1.147460937500000000e-02 2.036132812500000000e-01
9.758300781250000000e-01 -1.342773437500000000e-02 2.036132812500000000e-01
9.819335937500000000e-01 -3.417968750000000000e-03 1.979980468750000000e-01
9.758300781250000000e-01 -1.464843750000000000e-02 2.036132812500000000e-01
9.809570312500000000e-01 -4.394531250000000000e-03 2.055664062500000000e-01
9.772949218750000000e-01 -1.245117187500000000e-02 2.053222656250000000e-01
9.809570312500000000e-01 -8.789062500000000000e-03 2.031250000000000000e-01
9.802246093750000000e-01 -1.147460937500000000e-02 2.045898437500000000e-01
9.833984375000000000e-01 -1.220703125000000000e-02 2.023925781250000000e-01
9.790039062500000000e-01 -8.544921875000000000e-03 2.119140625000000000e-01
9.836425781250000000e-01 -8.789062500000000000e-03 2.077636718750000000e-01
9.782714843750000000e-01 -1.171875000000000000e-02 2.097167968750000000e-01
9.824218750000000000e-01 -1.489257812500000000e-02 2.050781250000000000e-01
9.824218750000000000e-01 -1.318359375000000000e-02 2.023925781250000000e-01
9.787597656250000000e-01 -1.171875000000000000e-02 2.038574218750000000e-01
9.792480468750000000e-01 -1.293945312500000000e-02 2.043457031250000000e-01
9.797363281250000000e-01 -8.789062500000000000e-03 2.084960937500000000e-01
9.787597656250000000e-01 -8.544921875000000000e-03 2.070312500000000000e-01
9.824218750000000000e-01 -1.367187500000000000e-02 2.058105468750000000e-01
9.804687500000000000e-01 -9.521484375000000000e-03 2.097167968750000000e-01
