9.963378906250000000e-01 6.103515625000000000e-03 5.395507812500000000e-02
9.963378906250000000e-01 6.103515625000000000e-03 5.395507812500000000e-02
9.919433593750000000e-01 9.277343750000000000e-03 5.566406250000000000e-02
9.919433593750000000e-01 9.277343750000000000e-03 5.566406250000000000e-02
9.919433593750000000e-01 9.277343750000000000e-03 5.566406250000000000e-02
9.919433593750000000e-01 9.277343750000000000e-03 5.566406250000000000e-02
9.985351562500000000e-01 8.544921875000000000e-03 1.252441406250000000e-01
9.990234375000000000e-01 6.835937500000000000e-03 5.688476562500000000e-02
9.990234375000000000e-01 1.000976562500000000e-02 5.688476562500000000e-02
9.970703125000000000e-01 2.197265625000000000e-03 5.493164062500000000e-02
9.995117187500000000e-01 5.859375000000000000e-03 5.322265625000000000e-02
9.924316406250000000e-01 1.049804687500000000e-02 5.664062500000000000e-02
9.985351562500000000e-01 7.080078125000000000e-03 5.444335937500000000e-02
9.956054687500000000e-01 1.147460937500000000e-02 6.030273437500000000e-02
1.063232421875000000e+00 1.269531250000000000e-02 5.786132812500000000e-02
9.987792968750000000e-01 1.245117187500000000e-02 5.566406250000000000e-02
9.970703125000000000e-01 7.568359375000000000e-03 5.541992187500000000e-02
1.063964843750000000e+00 6.347656250000000000e-03 4.858398437500000000e-02
1.063720703125000000e+00 9.277343750000000000e-03 4.370117187500000000e-02
9.978027343750000000e-01 4.882812500000000000e-03 5.249023437500000000e-02
1.062744140625000000e+00 5.859375000000000000e-03 3.759765625000000000e-02
9.936523437500000000e-01 9.765625000000000000e-03 9.350585937500000000e-02
9.926757812500000000e-01 4.394531250000000000e-03 7.421875000000000000e-02
1.074462890625000000e+00 1.196289062500000000e-02 8.105468750000000000e-02
1.080810546875000000e+00 2.978515625000000000e-02 2.124023437500000000e-02
1.066406250000000000e+00 1.708984375000000000e-02 2.709960937500000000e-02
9.846191406250000000e-01 1.391601562500000000e-02 1.171875000000000000e-02
1.018310546875000000e+00 1.538085937500000000e-02 2.709960937500000000e-02
1.005126953125000000e+00 2.050781250000000000e-02 1.733398437500000000e-02
1.016601562500000000e+00 -7.177734375000000000e-02 1.586914062500000000e-02
1.027832031250000000e+00 -8.227539062500000000e-02 2.514648437500000000e-02
9.704589843750000000e-01 2.221679687500000000e-02 -7.421875000000000000e-02
9.072265625000000000e-01 -7.666015625000000000e-02 -1.354980468750000000e-01
9.196777343750000000e-01 -6.250000000000000000e-02 -5.590820312500000000e-02
9.536132812500000000e-01 -5.029296875000000000e-02 -1.616210937500000000e-01
9.594726562500000000e-01 -4.248046875000000000e-02 -5.664062500000000000e-02
9.309082031250000000e-01 -2.465820312500000000e-02 -3.300781250000000000e-01
8.471679687500000000e-01 -7.690429687500000000e-02 -3.356933593750000000e-01
7.875976562500000000e-01 9.252929687500000000e-02 -3.803710937500000000e-01
7.304687500000000000e-01 -6.689453125000000000e-02 -3.305664062500000000e-01
7.924804687500000000e-01 -8.666992187500000000e-02 -4.228515625000000000e-01
8.330078125000000000e-01 -6.665039062500000000e-02 -6.308593750000000000e-01
6.696777343750000000e-01 6.835937500000000000e-03 -6.416015625000000000e-01
7.041015625000000000e-01 -6.591796875000000000e-02 -7.145996093750000000e-01
6.010742187500000000e-01 -1.025390625000000000e-02 -8.957519531250000000e-01
4.560546875000000000e-01 -8.032226562500000000e-02 -8.317871093750000000e-01
2.360839843750000000e-01 1.049804687500000000e-02 -8.549804687500000000e-01
1.574707031250000000e-01 3.076171875000000000e-02 -8.034667968750000000e-01
8.789062500000000000e-02 1.708984375000000000e-02 -9.006347656250000000e-01
8.105468750000000000e-02 -2.319335937500000000e-02 -9.550781250000000000e-01
-1.899414062500000000e-01 -8.959960937500000000e-02 -1.012207031250000000e+00
-1.188964843750000000e-01 1.025390625000000000e-02 -1.023925781250000000e+00
-2.797851562500000000e-01 -6.518554687500000000e-02 -1.071044921875000000e+00
-2.487792968750000000e-01 1.635742187500000000e-02 -1.027099609375000000e+00
-3.298339843750000000e-01 -6.689453125000000000e-02 -9.289550781250000000e-01
-3.190917968750000000e-01 -6.933593750000000000e-02 -9.082031250000000000e-01
-2.817382812500000000e-01 -6.445312500000000000e-02 -8.720703125000000000e-01
-3.022460937500000000e-01 -6.445312500000000000e-02 -9.511718750000000000e-01
-2.426757812500000000e-01 2.050781250000000000e-02 -9.011230468750000000e-01
-3.691406250000000000e-01 -3.002929687500000000e-02 -9.541015625000000000e-01
-3.874511718750000000e-01 6.591796875000000000e-03 -8.681640625000000000e-01
-3.635253906250000000e-01 1.586914062500000000e-02 -9.436035156250000000e-01
-4.030761718750000000e-01 9.765625000000000000e-04 -8.449707031250000000e-01
-3.632812500000000000e-01 1.928710937500000000e-02 -8.579101562500000000e-01
-3.950195312500000000e-01 -7.299804687500000000e-02 -8.862304687500000000e-01
-3.461914062500000000e-01 2.465820312500000000e-02 -8.112792968750000000e-01
-3.527832031250000000e-01 -7.128906250000000000e-02 -8.815917968750000000e-01
-3.540039062500000000e-01 2.661132812500000000e-02 -8.474121093750000000e-01
-4.477539062500000000e-01 -6.518554687500000000e-02 -8.942871093750000000e-01
-3.605957031250000000e-01 2.294921875000000000e-02 -8.625488281250000000e-01
-3.583984375000000000e-01 -6.835937500000000000e-02 -8.474121093750000000e-01
-4.382324218750000000e-01 1.440429687500000000e-02 -9.177246093750000000e-01
-4.152832031250000000e-01 2.685546875000000000e-03 -9.826660156250000000e-01
-5.046386718750000000e-01 1.000976562500000000e-02 -1.034912109375000000e+00
-4.643554687500000000e-01 7.324218750000000000e-03 -9.721679687500000000e-01
-3.540039062500000000e-01 -8.007812500000000000e-02 -1.000488281250000000e+00
-2.336425781250000000e-01 -8.715820312500000000e-02 -8.916015625000000000e-01
-2.587890625000000000e-01 2.514648437500000000e-02 -8.962402343750000000e-01
-1.220703125000000000e-01 9.033203125000000000e-03 -8.603515625000000000e-01
-4.150390625000000000e-02 2.758789062500000000e-02 -8.801269531250000000e-01
-7.617187500000000000e-02 1.782226562500000000e-02 -8.291015625000000000e-01
1.027832031250000000e-01 2.075195312500000000e-02 -8.820800781250000000e-01
-3.417968750000000000e-03 -7.763671875000000000e-02 -9.331054687500000000e-01
1.875000000000000000e-01 7.324218750000000000e-03 -7.385253906250000000e-01
1.821289062500000000e-01 1.635742187500000000e-02 -9.187011718750000000e-01
3.015136718750000000e-01 2.709960937500000000e-02 -8.786621093750000000e-01
3.637695312500000000e-01 -7.348632812500000000e-02 -8.479003906250000000e-01
4.567871093750000000e-01 -6.420898437500000000e-02 -6.784667968750000000e-01
4.938964843750000000e-01 9.765625000000000000e-04 -7.297363281250000000e-01
6.384277343750000000e-01 -7.739257812500000000e-02 -6.120605468750000000e-01
6.909179687500000000e-01 -3.320312500000000000e-02 -7.421875000000000000e-01
7.312011718750000000e-01 6.103515625000000000e-03 -6.335449218750000000e-01
7.302246093750000000e-01 -5.297851562500000000e-02 -5.593261718750000000e-01
9.008789062500000000e-01 4.150390625000000000e-03 -5.161132812500000000e-01
8.823242187500000000e-01 -4.174804687500000000e-02 -6.030273437500000000e-01
8.518066406250000000e-01 1.342773437500000000e-02 -4.575195312500000000e-01
8.771972656250000000e-01 -3.515625000000000000e-02 -2.919921875000000000e-01
8.630371093750000000e-01 -8.789062500000000000e-02 -4.506835937500000000e-01
8.598632812500000000e-01 0.000000000000000000e+00 -3.928222656250000000e-01
9.404296875000000000e-01 7.324218750000000000e-03 -3.154296875000000000e-01
9.399414062500000000e-01 5.859375000000000000e-03 -2.788085937500000000e-01
9.213867187500000000e-01 5.126953125000000000e-03 -2.478027343750000000e-01
9.582519531250000000e-01 -7.788085937500000000e-02 -2.626953125000000000e-01
9.116210937500000000e-01 2.319335937500000000e-02 -2.048339843750000000e-01
1.003173828125000000e+00 -1.293945312500000000e-02 -1.799316406250000000e-01
9.340820312500000000e-01 2.929687500000000000e-02 -1.201171875000000000e-01
1.029541015625000000e+00 -1.367187500000000000e-02 -1.005859375000000000e-01
1.025390625000000000e+00 1.538085937500000000e-02 -1.481933593750000000e-01
1.027343750000000000e+00 -2.368164062500000000e-02 -5.834960937500000000e-02
1.021972656250000000e+00 2.246093750000000000e-02 -1.271972656250000000e-01
9.851074218750000000e-01 1.538085937500000000e-02 -1.252441406250000000e-01
1.030029296875000000e+00 1.342773437500000000e-02 -4.052734375000000000e-02
9.755859375000000000e-01 1.391601562500000000e-02 -5.297851562500000000e-02
9.938964843750000000e-01 2.734375000000000000e-02 -5.566406250000000000e-02
9.753417968750000000e-01 -6.347656250000000000e-02 -8.618164062500000000e-02
1.077880859375000000e+00 -7.055664062500000000e-02 -1.520996093750000000e-01
9.743652343750000000e-01 -7.592773437500000000e-02 -4.614257812500000000e-02
1.066650390625000000e+00 6.591796875000000000e-03 -9.057617187500000000e-02
1.029052734375000000e+00 2.832031250000000000e-02 -7.324218750000000000e-02
9.765625000000000000e-01 2.172851562500000000e-02 -7.128906250000000000e-02
9.760742187500000000e-01 -6.567382812500000000e-02 -8.007812500000000000e-02
9.855957031250000000e-01 -7.080078125000000000e-02 -8.178710937500000000e-02
9.985351562500000000e-01 -7.910156250000000000e-02 -8.349609375000000000e-02
1.070800781250000000e+00 -6.762695312500000000e-02 -7.934570312500000000e-02
9.816894531250000000e-01 5.371093750000000000e-03 -2.734375000000000000e-02
9.792480468750000000e-01 2.246093750000000000e-02 -1.464843750000000000e-02
9.948730468750000000e-01 1.025390625000000000e-02 -1.318359375000000000e-02
9.990234375000000000e-01 6.103515625000000000e-03 -1.757812500000000000e-02
9.970703125000000000e-01 -6.518554687500000000e-02 -2.392578125000000000e-02
1.000000000000000000e+00 1.367187500000000000e-02 -9.521484375000000000e-03
9.916992187500000000e-01 1.733398437500000000e-02 -2.001953125000000000e-02
9.931640625000000000e-01 1.074218750000000000e-02 -7.324218750000000000e-03
9.914550781250000000e-01 1.000976562500000000e-02 -4.882812500000000000e-04
9.934082031250000000e-01 1.904296875000000000e-02 -2.441406250000000000e-03
9.987792968750000000e-01 9.521484375000000000e-03 -1.293945312500000000e-02
1.064941406250000000e+00 1.171875000000000000e-02 -5.126953125000000000e-03
9.958496093750000000e-01 9.521484375000000000e-03 7.104492187500000000e-02
9.936523437500000000e-01 2.685546875000000000e-03 8.007812500000000000e-02
1.063720703125000000e+00 1.074218750000000000e-02 7.055664062500000000e-02
9.931640625000000000e-01 1.855468750000000000e-02 6.762695312500000000e-02
9.965820312500000000e-01 1.489257812500000000e-02 8.081054687500000000e-02
9.973144531250000000e-01 7.568359375000000000e-03 6.665039062500000000e-02
9.965820312500000000e-01 5.615234375000000000e-03 8.081054687500000000e-02
9.968261718750000000e-01 8.056640625000000000e-03 7.788085937500000000e-02
9.987792968750000000e-01 2.441406250000000000e-03 7.080078125000000000e-02
9.978027343750000000e-01 1.000976562500000000e-02 7.080078125000000000e-02
9.958496093750000000e-01 1.025390625000000000e-02 7.202148437500000000e-02
9.965820312500000000e-01 8.300781250000000000e-03 7.275390625000000000e-02
9.963378906250000000e-01 9.277343750000000000e-03 -0.000000000000000000e+00
9.963378906250000000e-01 7.324218750000000000e-03 7.202148437500000000e-02
9.943847656250000000e-01 1.074218750000000000e-02 6.396484375000000000e-02
9.965820312500000000e-01 8.300781250000000000e-03 7.373046875000000000e-02
1.063720703125000000e+00 1.171875000000000000e-02 6.665039062500000000e-02
9.948730468750000000e-01 1.171875000000000000e-02 6.762695312500000000e-02
9.968261718750000000e-01 1.367187500000000000e-02 7.519531250000000000e-02
9.941406250000000000e-01 1.220703125000000000e-02 7.495117187500000000e-02
9.931640625000000000e-01 9.521484375000000000e-03 -1.708984375000000000e-03
9.936523437500000000e-01 7.812500000000000000e-03 7.543945312500000000e-02
9.931640625000000000e-01 1.538085937500000000e-02 -5.859375000000000000e-03
9.924316406250000000e-01 1.000976562500000000e-02 7.617187500000000000e-02
9.943847656250000000e-01 1.245117187500000000e-02 6.762695312500000000e-02
9.982910156250000000e-01 7.568359375000000000e-03 7.934570312500000000e-02
9.936523437500000000e-01 1.245117187500000000e-02 7.031250000000000000e-02
9.943847656250000000e-01 5.859375000000000000e-03 7.421875000000000000e-02
1.063720703125000000e+00 5.615234375000000000e-03 8.081054687500000000e-02
9.951171875000000000e-01 8.544921875000000000e-03 8.886718750000000000e-02
9.970703125000000000e-01 8.789062500000000000e-03 8.422851562500000000e-02
9.965820312500000000e-01 1.074218750000000000e-02 8.813476562500000000e-02
9.992675781250000000e-01 1.147460937500000000e-02 8.862304687500000000e-02
9.965820312500000000e-01 9.521484375000000000e-03 8.935546875000000000e-02
9.963378906250000000e-01 1.293945312500000000e-02 9.057617187500000000e-02
9.948730468750000000e-01 9.033203125000000000e-03 8.178710937500000000e-02
1.062744140625000000e+00 1.342773437500000000e-02 8.447265625000000000e-02
9.924316406250000000e-01 1.562500000000000000e-02 3.735351562500000000e-02
9.953613281250000000e-01 6.347656250000000000e-03 5.029296875000000000e-02
9.990234375000000000e-01 5.859375000000000000e-03 4.516601562500000000e-02
1.067138671875000000e+00 4.882812500000000000e-03 8.886718750000000000e-02
9.951171875000000000e-01 4.882812500000000000e-04 4.199218750000000000e-02
9.965820312500000000e-01 6.103515625000000000e-03 4.272460937500000000e-02
9.958496093750000000e-01 1.782226562500000000e-02 9.155273437500000000e-02
9.956054687500000000e-01 2.124023437500000000e-02 3.344726562500000000e-02
9.978027343750000000e-01 1.562500000000000000e-02 4.394531250000000000e-02
9.987792968750000000e-01 1.269531250000000000e-02 3.247070312500000000e-02
9.975585937500000000e-01 8.300781250000000000e-03 4.858398437500000000e-02
9.970703125000000000e-01 6.835937500000000000e-03 3.784179687500000000e-02
9.997558593750000000e-01 9.277343750000000000e-03 4.565429687500000000e-02
1.064208984375000000e+00 1.074218750000000000e-02 4.809570312500000000e-02
9.941406250000000000e-01 1.171875000000000000e-02 4.663085937500000000e-02
9.934082031250000000e-01 6.347656250000000000e-03 6.005859375000000000e-02
1.065429687500000000e+00 1.708984375000000000e-03 5.029296875000000000e-02
9.941406250000000000e-01 1.293945312500000000e-02 5.102539062500000000e-02
1.063964843750000000e+00 1.123046875000000000e-02 5.541992187500000000e-02
9.946289062500000000e-01 1.123046875000000000e-02 5.419921875000000000e-02
1.063720703125000000e+00 7.812500000000000000e-03 4.541015625000000000e-02
9.982910156250000000e-01 1.220703125000000000e-02 5.078125000000000000e-02
1.000000000000000000e+00 1.342773437500000000e-02 5.664062500000000000e-02
9.982910156250000000e-01 1.074218750000000000e-02 5.371093750000000000e-02
1.064208984375000000e+00 9.277343750000000000e-03 4.736328125000000000e-02
9.931640625000000000e-01 1.391601562500000000e-02 4.638671875000000000e-02
9.943847656250000000e-01 1.025390625000000000e-02 5.981445312500000000e-02
