9.899902343750000000e-01 -2.978515625000000000e-02 5.615234375000000000e-02
9.899902343750000000e-01 -2.978515625000000000e-02 5.615234375000000000e-02
9.865722656250000000e-01 -2.758789062500000000e-02 1.313476562500000000e-01
9.865722656250000000e-01 -2.758789062500000000e-02 1.313476562500000000e-01
9.887695312500000000e-01 -3.027343750000000000e-02 1.276855468750000000e-01
9.843750000000000000e-01 -2.661132812500000000e-02 1.274414062500000000e-01
9.863281250000000000e-01 -2.685546875000000000e-02 1.340332031250000000e-01
9.855957031250000000e-01 -2.832031250000000000e-02 1.315917968750000000e-01
9.863281250000000000e-01 -2.905273437500000000e-02 1.352539062500000000e-01
9.824218750000000000e-01 -2.734375000000000000e-02 1.396484375000000000e-01
9.865722656250000000e-01 2.905273437500000000e-02 1.318359375000000000e-01
9.853515625000000000e-01 -2.514648437500000000e-02 1.379394531250000000e-01
9.736328125000000000e-01 -2.270507812500000000e-02 1.528320312500000000e-01
9.868164062500000000e-01 -2.661132812500000000e-02 1.489257812500000000e-01
9.799804687500000000e-01 -2.197265625000000000e-02 1.411132812500000000e-01
9.885253906250000000e-01 -2.587890625000000000e-02 1.284179687500000000e-01
9.902343750000000000e-01 -2.001953125000000000e-02 5.371093750000000000e-02
9.794921875000000000e-01 2.978515625000000000e-02 1.389160156250000000e-01
9.831542968750000000e-01 3.027343750000000000e-02 1.337890625000000000e-01
9.826660156250000000e-01 2.929687500000000000e-02 1.269531250000000000e-01
9.904785156250000000e-01 3.051757812500000000e-02 5.786132812500000000e-02
9.870605468750000000e-01 3.002929687500000000e-02 5.859375000000000000e-02
9.855957031250000000e-01 2.905273437500000000e-02 1.276855468750000000e-01
9.904785156250000000e-01 2.856445312500000000e-02 6.201171875000000000e-02
9.926757812500000000e-01 2.978515625000000000e-02 1.289062500000000000e-01
9.921875000000000000e-01 2.856445312500000000e-02 1.259765625000000000e-01
9.863281250000000000e-01 -3.027343750000000000e-02 5.883789062500000000e-02
9.897460937500000000e-01 3.051757812500000000e-02 5.590820312500000000e-02
9.887695312500000000e-01 2.832031250000000000e-02 4.858398437500000000e-02
9.875488281250000000e-01 2.612304687500000000e-02 4.809570312500000000e-02
9.877929687500000000e-01 -2.856445312500000000e-02 4.858398437500000000e-02
9.902343750000000000e-01 2.685546875000000000e-02 5.371093750000000000e-02
9.897460937500000000e-01 2.465820312500000000e-02 4.589843750000000000e-02
9.858398437500000000e-01 2.661132812500000000e-02 9.008789062500000000e-02
9.865722656250000000e-01 2.416992187500000000e-02 3.417968750000000000e-02
9.843750000000000000e-01 2.392578125000000000e-02 8.740234375000000000e-02
9.890136718750000000e-01 2.783203125000000000e-02 3.833007812500000000e-02
9.902343750000000000e-01 2.905273437500000000e-02 4.199218750000000000e-02
9.787597656250000000e-01 -3.002929687500000000e-02 3.515625000000000000e-02
9.819335937500000000e-01 2.075195312500000000e-02 1.274414062500000000e-01
9.858398437500000000e-01 3.002929687500000000e-02 5.517578125000000000e-02
9.790039062500000000e-01 -2.709960937500000000e-02 1.533203125000000000e-01
9.716796875000000000e-01 2.978515625000000000e-02 1.440429687500000000e-01
9.836425781250000000e-01 -3.051757812500000000e-02 1.359863281250000000e-01
9.768066406250000000e-01 -6.445312500000000000e-02 1.376953125000000000e-01
9.975585937500000000e-01 -7.812500000000000000e-03 5.859375000000000000e-02
9.797363281250000000e-01 -1.855468750000000000e-02 3.222656250000000000e-02
9.819335937500000000e-01 6.591796875000000000e-03 4.638671875000000000e-02
9.853515625000000000e-01 -1.782226562500000000e-02 6.250000000000000000e-02
9.824218750000000000e-01 2.343750000000000000e-02 1.396484375000000000e-01
9.841308593750000000e-01 -9.130859375000000000e-02 1.274414062500000000e-01
9.887695312500000000e-01 7.299804687500000000e-02 1.357421875000000000e-01
9.941406250000000000e-01 7.617187500000000000e-02 1.357421875000000000e-01
9.790039062500000000e-01 5.615234375000000000e-03 5.786132812500000000e-02
9.868164062500000000e-01 -2.929687500000000000e-03 1.066894531250000000e-01
9.802246093750000000e-01 2.563476562500000000e-02 1.418457031250000000e-01
9.924316406250000000e-01 -8.715820312500000000e-02 5.346679687500000000e-02
1.064941406250000000e+00 8.398437500000000000e-02 1.381835937500000000e-01
9.873046875000000000e-01 -9.277343750000000000e-03 1.440429687500000000e-01
9.904785156250000000e-01 2.832031250000000000e-02 5.883789062500000000e-02
9.770507812500000000e-01 -1.757812500000000000e-02 1.545410156250000000e-01
9.890136718750000000e-01 9.277343750000000000e-03 1.047363281250000000e-01
9.924316406250000000e-01 -7.226562500000000000e-02 6.250000000000000000e-02
1.064453125000000000e+00 7.104492187500000000e-02 1.369628906250000000e-01
9.934082031250000000e-01 -1.660156250000000000e-02 1.337890625000000000e-01
9.824218750000000000e-01 2.148437500000000000e-02 4.394531250000000000e-02
1.026855468750000000e+00 -2.758789062500000000e-02 9.716796875000000000e-02
9.924316406250000000e-01 -3.051757812500000000e-02 1.533203125000000000e-01
9.924316406250000000e-01 -6.445312500000000000e-02 5.322265625000000000e-02
9.882812500000000000e-01 -2.465820312500000000e-02 1.420898437500000000e-01
9.897460937500000000e-01 7.128906250000000000e-02 1.420898437500000000e-01
9.775390625000000000e-01 -1.391601562500000000e-02 3.271484375000000000e-02
9.702148437500000000e-01 3.076171875000000000e-02 1.491699218750000000e-01
1.067138671875000000e+00 1.123046875000000000e-02 1.491699218750000000e-01
9.748535156250000000e-01 -6.616210937500000000e-02 4.882812500000000000e-02
9.929199218750000000e-01 1.879882812500000000e-02 1.325683593750000000e-01
1.070556640625000000e+00 6.152343750000000000e-02 1.435546875000000000e-01
1.027099609375000000e+00 -7.324218750000000000e-03 8.325195312500000000e-02
1.024658203125000000e+00 2.612304687500000000e-02 1.298828125000000000e-01
1.062744140625000000e+00 1.635742187500000000e-02 1.511230468750000000e-01
9.760742187500000000e-01 -9.204101562500000000e-02 3.173828125000000000e-02
1.070068359375000000e+00 -1.513671875000000000e-02 4.931640625000000000e-02
9.887695312500000000e-01 4.296875000000000000e-02 1.325683593750000000e-01
9.858398437500000000e-01 -8.544921875000000000e-03 3.564453125000000000e-02
1.029296875000000000e+00 -2.441406250000000000e-02 5.175781250000000000e-02
1.067626953125000000e+00 1.489257812500000000e-02 1.474609375000000000e-01
1.021240234375000000e+00 -6.591796875000000000e-02 4.858398437500000000e-02
1.066162109375000000e+00 2.124023437500000000e-02 6.176757812500000000e-02
9.912109375000000000e-01 4.223632812500000000e-02 9.667968750000000000e-02
9.768066406250000000e-01 -1.733398437500000000e-02 8.471679687500000000e-02
1.028076171875000000e+00 -1.855468750000000000e-02 1.464843750000000000e-01
9.992675781250000000e-01 1.171875000000000000e-02 1.120605468750000000e-01
1.017578125000000000e+00 -4.565429687500000000e-02 9.423828125000000000e-02
9.855957031250000000e-01 -2.026367187500000000e-02 1.357421875000000000e-01
9.973144531250000000e-01 1.323242187500000000e-01 1.166992187500000000e-01
9.812011718750000000e-01 2.465820312500000000e-02 4.052734375000000000e-02
1.020019531250000000e+00 6.762695312500000000e-02 1.398925781250000000e-01
1.077148437500000000e+00 -6.542968750000000000e-02 1.899414062500000000e-01
1.021728515625000000e+00 -7.763671875000000000e-02 1.481933593750000000e-01
1.076416015625000000e+00 6.835937500000000000e-03 1.501464843750000000e-01
1.072509765625000000e+00 8.447265625000000000e-02 1.062011718750000000e-01
1.028564453125000000e+00 -6.835937500000000000e-02 4.443359375000000000e-02
9.741210937500000000e-01 -1.928710937500000000e-02 1.523437500000000000e-01
9.948730468750000000e-01 1.538085937500000000e-02 1.174316406250000000e-01
1.027343750000000000e+00 1.928710937500000000e-02 5.786132812500000000e-02
1.090087890625000000e+00 4.394531250000000000e-03 1.552734375000000000e-01
9.741210937500000000e-01 5.957031250000000000e-02 1.918945312500000000e-01
9.816894531250000000e-01 2.587890625000000000e-02 1.425781250000000000e-01
1.026611328125000000e+00 -1.245117187500000000e-02 1.506347656250000000e-01
1.073242187500000000e+00 -6.494140625000000000e-02 9.692382812500000000e-02
1.021484375000000000e+00 -9.106445312500000000e-02 1.333007812500000000e-01
1.034423828125000000e+00 8.300781250000000000e-03 1.086425781250000000e-01
9.707031250000000000e-01 5.639648437500000000e-02 1.213378906250000000e-01
1.062744140625000000e+00 -3.051757812500000000e-02 4.931640625000000000e-02
1.030029296875000000e+00 -7.812500000000000000e-03 9.497070312500000000e-02
1.063232421875000000e+00 1.855468750000000000e-02 1.005859375000000000e-01
1.023925781250000000e+00 -8.593750000000000000e-02 1.325683593750000000e-01
1.040283203125000000e+00 3.906250000000000000e-03 1.418457031250000000e-01
9.694824218750000000e-01 8.203125000000000000e-02 1.501464843750000000e-01
9.836425781250000000e-01 -5.371093750000000000e-03 5.883789062500000000e-02
9.772949218750000000e-01 -2.758789062500000000e-02 1.384277343750000000e-01
9.975585937500000000e-01 1.782226562500000000e-02 1.418457031250000000e-01
9.775390625000000000e-01 -7.250976562500000000e-02 6.103515625000000000e-02
1.063964843750000000e+00 -8.447265625000000000e-02 1.318359375000000000e-01
9.875488281250000000e-01 6.445312500000000000e-02 1.477050781250000000e-01
9.992675781250000000e-01 -1.123046875000000000e-02 5.737304687500000000e-02
9.699707031250000000e-01 -4.882812500000000000e-04 1.301269531250000000e-01
9.992675781250000000e-01 2.587890625000000000e-02 1.418457031250000000e-01
9.689941406250000000e-01 -7.324218750000000000e-02 1.357421875000000000e-01
1.083496093750000000e+00 1.342773437500000000e-02 6.005859375000000000e-02
9.714355468750000000e-01 5.786132812500000000e-02 1.501464843750000000e-01
9.926757812500000000e-01 -1.074218750000000000e-02 1.369628906250000000e-01
9.760742187500000000e-01 -3.173828125000000000e-03 1.469726562500000000e-01
9.946289062500000000e-01 1.367187500000000000e-02 1.533203125000000000e-01
9.731445312500000000e-01 -7.714843750000000000e-02 1.445312500000000000e-01
1.073242187500000000e+00 2.075195312500000000e-02 1.562500000000000000e-01
1.026855468750000000e+00 8.789062500000000000e-02 1.098632812500000000e-01
9.929199218750000000e-01 -1.074218750000000000e-02 1.496582031250000000e-01
9.765625000000000000e-01 -3.125000000000000000e-02 1.022949218750000000e-01
9.956054687500000000e-01 1.806640625000000000e-02 1.528320312500000000e-01
9.829101562500000000e-01 -6.323242187500000000e-02 1.408691406250000000e-01
1.067626953125000000e+00 2.636718750000000000e-02 1.018066406250000000e-01
1.017578125000000000e+00 -9.277343750000000000e-03 1.042480468750000000e-01
9.904785156250000000e-01 -8.056640625000000000e-03 1.464843750000000000e-01
9.873046875000000000e-01 2.954101562500000000e-02 1.076660156250000000e-01
9.829101562500000000e-01 1.708984375000000000e-02 1.447753906250000000e-01
9.997558593750000000e-01 8.544921875000000000e-03 1.513671875000000000e-01
1.074707031250000000e+00 -2.563476562500000000e-02 1.484375000000000000e-01
1.017089843750000000e+00 7.128906250000000000e-02 1.936035156250000000e-01
9.863281250000000000e-01 -6.347656250000000000e-03 9.619140625000000000e-02
9.841308593750000000e-01 1.782226562500000000e-02 1.074218750000000000e-01
9.865722656250000000e-01 3.417968750000000000e-03 1.391601562500000000e-01
9.863281250000000000e-01 -7.226562500000000000e-02 1.459960937500000000e-01
1.079345703125000000e+00 -1.879882812500000000e-02 1.518554687500000000e-01
1.021972656250000000e+00 8.666992187500000000e-02 1.069335937500000000e-01
9.812011718750000000e-01 -2.441406250000000000e-04 1.381835937500000000e-01
9.963378906250000000e-01 -2.734375000000000000e-02 1.110839843750000000e-01
9.809570312500000000e-01 1.953125000000000000e-03 9.497070312500000000e-02
9.797363281250000000e-01 2.197265625000000000e-03 6.079101562500000000e-02
1.073242187500000000e+00 2.758789062500000000e-02 1.418457031250000000e-01
1.030273437500000000e+00 7.397460937500000000e-02 1.035156250000000000e-01
9.919433593750000000e-01 9.130859375000000000e-02 1.301269531250000000e-01
9.885253906250000000e-01 2.856445312500000000e-02 9.765625000000000000e-02
9.946289062500000000e-01 8.544921875000000000e-03 1.425781250000000000e-01
9.777832031250000000e-01 -6.542968750000000000e-02 1.303710937500000000e-01
9.877929687500000000e-01 -7.519531250000000000e-02 1.328125000000000000e-01
9.709472656250000000e-01 8.740234375000000000e-02 1.403808593750000000e-01
9.895019531250000000e-01 -2.636718750000000000e-02 6.127929687500000000e-02
9.792480468750000000e-01 -2.709960937500000000e-02 1.320800781250000000e-01
9.934082031250000000e-01 2.685546875000000000e-02 1.347656250000000000e-01
1.021484375000000000e+00 1.196289062500000000e-02 1.376953125000000000e-01
1.073974609375000000e+00 0.000000000000000000e+00 1.286621093750000000e-01
9.704589843750000000e-01 -6.347656250000000000e-03 1.286621093750000000e-01
9.724121093750000000e-01 -2.490234375000000000e-02 1.391601562500000000e-01
9.931640625000000000e-01 2.709960937500000000e-02 1.306152343750000000e-01
9.738769531250000000e-01 -2.050781250000000000e-02 1.298828125000000000e-01
9.863281250000000000e-01 2.587890625000000000e-02 1.318359375000000000e-01
9.892578125000000000e-01 -2.978515625000000000e-02 6.103515625000000000e-02
9.880371093750000000e-01 -2.954101562500000000e-02 5.444335937500000000e-02
9.797363281250000000e-01 -2.661132812500000000e-02 6.030273437500000000e-02
9.858398437500000000e-01 -1.074218750000000000e-02 4.565429687500000000e-02
9.897460937500000000e-01 -1.220703125000000000e-02 4.296875000000000000e-02
9.956054687500000000e-01 -1.782226562500000000e-02 8.593750000000000000e-02
9.899902343750000000e-01 -2.368164062500000000e-02 9.106445312500000000e-02
9.855957031250000000e-01 -2.368164062500000000e-02 7.153320312500000000e-02
9.897460937500000000e-01 -2.148437500000000000e-02 7.128906250000000000e-02
9.848632812500000000e-01 -2.050781250000000000e-02 7.568359375000000000e-02
9.865722656250000000e-01 2.807617187500000000e-02 7.470703125000000000e-02
9.963378906250000000e-01 2.539062500000000000e-02 8.984375000000000000e-02
9.987792968750000000e-01 2.416992187500000000e-02 8.081054687500000000e-02
9.814453125000000000e-01 -3.076171875000000000e-02 3.906250000000000000e-02
9.868164062500000000e-01 -2.587890625000000000e-02 9.228515625000000000e-02
9.890136718750000000e-01 -1.806640625000000000e-02 3.271484375000000000e-02
9.855957031250000000e-01 -2.563476562500000000e-02 3.222656250000000000e-02
9.873046875000000000e-01 -1.269531250000000000e-02 3.735351562500000000e-02
9.799804687500000000e-01 -2.050781250000000000e-02 4.052734375000000000e-02
9.812011718750000000e-01 -1.879882812500000000e-02 4.296875000000000000e-02
9.816894531250000000e-01 -2.392578125000000000e-02 3.613281250000000000e-02
9.846191406250000000e-01 -2.270507812500000000e-02 9.057617187500000000e-02
9.797363281250000000e-01 -2.416992187500000000e-02 3.369140625000000000e-02
