9.821777343750000000e-01 -1.264648437500000000e-01 -1.123046875000000000e-02
9.819335937500000000e-01 -6.176757812500000000e-02 -7.080078125000000000e-03
9.819335937500000000e-01 -6.176757812500000000e-02 -7.080078125000000000e-03
9.819335937500000000e-01 -6.176757812500000000e-02 -7.080078125000000000e-03
9.848632812500000000e-01 -1.269531250000000000e-01 -9.765625000000000000e-03
9.877929687500000000e-01 -1.254882812500000000e-01 -3.662109375000000000e-03
9.787597656250000000e-01 -1.276855468750000000e-01 -5.615234375000000000e-03
9.868164062500000000e-01 -1.252441406250000000e-01 -1.708984375000000000e-03
9.826660156250000000e-01 -1.347656250000000000e-01 6.762695312500000000e-02
9.860839843750000000e-01 -1.335449218750000000e-01 -1.220703125000000000e-03
9.833984375000000000e-01 -1.291503906250000000e-01 -5.859375000000000000e-03
9.812011718750000000e-01 -1.286621093750000000e-01 -3.662109375000000000e-03
9.821777343750000000e-01 -1.340332031250000000e-01 -1.708984375000000000e-03
9.841308593750000000e-01 -1.293945312500000000e-01 6.884765625000000000e-02
9.855957031250000000e-01 -6.152343750000000000e-02 7.470703125000000000e-02
9.880371093750000000e-01 -1.335449218750000000e-01 6.860351562500000000e-02
9.826660156250000000e-01 -6.250000000000000000e-02 7.421875000000000000e-02
9.819335937500000000e-01 -1.284179687500000000e-01 7.397460937500000000e-02
9.873046875000000000e-01 -6.250000000000000000e-02 7.983398437500000000e-02
9.855957031250000000e-01 -1.264648437500000000e-01 8.081054687500000000e-02
9.841308593750000000e-01 -1.364746093750000000e-01 7.397460937500000000e-02
9.819335937500000000e-01 -1.420898437500000000e-01 7.080078125000000000e-02
9.792480468750000000e-01 -1.362304687500000000e-01 6.518554687500000000e-02
9.892578125000000000e-01 -1.284179687500000000e-01 7.885742187500000000e-02
9.824218750000000000e-01 -1.262207031250000000e-01 7.299804687500000000e-02
9.865722656250000000e-01 -6.054687500000000000e-02 8.105468750000000000e-02
9.785156250000000000e-01 -6.127929687500000000e-02 8.056640625000000000e-02
9.785156250000000000e-01 -6.127929687500000000e-02 8.056640625000000000e-02
9.838867187500000000e-01 -1.276855468750000000e-01 7.543945312500000000e-02
9.892578125000000000e-01 -1.279296875000000000e-01 7.250976562500000000e-02
9.809570312500000000e-01 -1.350097656250000000e-01 -7.324218750000000000e-03
9.838867187500000000e-01 -5.664062500000000000e-02 -1.025390625000000000e-02
9.802246093750000000e-01 -4.589843750000000000e-02 6.274414062500000000e-02
9.875488281250000000e-01 -5.981445312500000000e-02 -6.103515625000000000e-03
9.838867187500000000e-01 -1.389160156250000000e-01 -5.126953125000000000e-03
9.880371093750000000e-01 -1.459960937500000000e-01 -2.441406250000000000e-02
9.887695312500000000e-01 -1.386718750000000000e-01 -3.027343750000000000e-02
9.882812500000000000e-01 -1.525878906250000000e-01 -2.832031250000000000e-02
9.719238281250000000e-01 -1.489257812500000000e-01 -2.099609375000000000e-02
9.748535156250000000e-01 -1.462402343750000000e-01 -2.465820312500000000e-02
9.824218750000000000e-01 -1.076660156250000000e-01 -3.051757812500000000e-02
9.826660156250000000e-01 -9.643554687500000000e-02 -2.783203125000000000e-02
9.829101562500000000e-01 -1.528320312500000000e-01 2.563476562500000000e-02
9.760742187500000000e-01 -1.467285156250000000e-01 2.319335937500000000e-02
9.829101562500000000e-01 -6.127929687500000000e-02 2.075195312500000000e-02
9.980468750000000000e-01 -3.686523437500000000e-02 6.347656250000000000e-03
9.877929687500000000e-01 -5.444335937500000000e-02 4.638671875000000000e-03
1.072021484375000000e+00 -4.394531250000000000e-02 2.929687500000000000e-03
9.809570312500000000e-01 1.611328125000000000e-02 9.765625000000000000e-04
9.799804687500000000e-01 -1.384277343750000000e-01 2.197265625000000000e-03
1.021240234375000000e+00 -1.323242187500000000e-01 2.050781250000000000e-02
1.012207031250000000e+00 -9.228515625000000000e-02 9.765625000000000000e-04
9.711914062500000000e-01 -7.153320312500000000e-02 -6.298828125000000000e-02
1.070556640625000000e+00 -9.350585937500000000e-02 -9.277343750000000000e-02
9.897460937500000000e-01 -1.289062500000000000e-01 -1.325683593750000000e-01
1.020751953125000000e+00 -1.350097656250000000e-01 -1.447753906250000000e-01
9.611816406250000000e-01 -1.533203125000000000e-01 -1.386718750000000000e-01
9.958496093750000000e-01 -1.494140625000000000e-01 -1.489257812500000000e-01
1.032226562500000000e+00 -1.914062500000000000e-01 -1.057128906250000000e-01
8.952636718750000000e-01 -3.173828125000000000e-01 3.906250000000000000e-03
1.104980468750000000e+00 -2.397460937500000000e-01 2.578125000000000000e-01
1.232666015625000000e+00 -2.946777343750000000e-01 1.181640625000000000e-01
1.172363281250000000e+00 -2.514648437500000000e-01 1.887207031250000000e-01
9.792480468750000000e-01 -2.558593750000000000e-01 1.970214843750000000e-01
9.570312500000000000e-01 -1.872558593750000000e-01 1.667480468750000000e-01
9.416503906250000000e-01 -2.534179687500000000e-01 1.525878906250000000e-01
9.382324218750000000e-01 -1.118164062500000000e-01 1.225585937500000000e-01
9.406738281250000000e-01 -1.796875000000000000e-01 2.646484375000000000e-01
1.020263671875000000e+00 -3.244628906250000000e-01 4.956054687500000000e-02
1.009765625000000000e+00 -2.763671875000000000e-01 1.445312500000000000e-01
1.020019531250000000e+00 -2.587890625000000000e-01 2.092285156250000000e-01
9.287109375000000000e-01 -2.573242187500000000e-01 1.062011718750000000e-01
9.121093750000000000e-01 -2.348632812500000000e-01 1.997070312500000000e-01
1.016113281250000000e+00 -3.220214843750000000e-01 1.862792968750000000e-01
1.014648437500000000e+00 -1.860351562500000000e-01 2.587890625000000000e-01
9.304199218750000000e-01 -2.226562500000000000e-01 2.150878906250000000e-01
1.029541015625000000e+00 -2.280273437500000000e-01 1.567382812500000000e-01
9.328613281250000000e-01 -2.250976562500000000e-01 2.111816406250000000e-01
9.248046875000000000e-01 -2.648925781250000000e-01 1.789550781250000000e-01
9.973144531250000000e-01 -2.385253906250000000e-01 1.867675781250000000e-01
9.846191406250000000e-01 -1.748046875000000000e-01 1.157226562500000000e-01
9.265136718750000000e-01 -1.677246093750000000e-01 5.664062500000000000e-02
9.558105468750000000e-01 -2.150878906250000000e-01 1.201171875000000000e-01
1.229492187500000000e+00 7.666015625000000000e-02 1.137695312500000000e-01
9.951171875000000000e-01 -5.371093750000000000e-02 1.430664062500000000e-01
1.024414062500000000e+00 -5.151367187500000000e-02 1.228027343750000000e-01
1.098632812500000000e+00 -1.137695312500000000e-01 1.791992187500000000e-01
9.550781250000000000e-01 -3.149414062500000000e-02 1.577148437500000000e-01
1.027343750000000000e+00 -6.713867187500000000e-02 2.570800781250000000e-01
9.787597656250000000e-01 -5.322265625000000000e-02 1.840820312500000000e-01
1.029052734375000000e+00 -1.120605468750000000e-01 2.028808593750000000e-01
9.980468750000000000e-01 -1.086425781250000000e-01 2.026367187500000000e-01
9.689941406250000000e-01 -1.494140625000000000e-01 1.896972656250000000e-01
9.790039062500000000e-01 -1.196289062500000000e-01 1.164550781250000000e-01
9.965820312500000000e-01 -1.218261718750000000e-01 1.535644531250000000e-01
1.018310546875000000e+00 -1.499023437500000000e-01 1.086425781250000000e-01
1.005371093750000000e+00 -1.083984375000000000e-01 9.912109375000000000e-02
1.063964843750000000e+00 -1.860351562500000000e-01 1.545410156250000000e-01
9.245605468750000000e-01 -1.855468750000000000e-01 1.503906250000000000e-01
1.029296875000000000e+00 -2.626953125000000000e-01 1.232910156250000000e-01
1.002929687500000000e+00 -2.521972656250000000e-01 1.123046875000000000e-01
9.758300781250000000e-01 -2.062988281250000000e-01 1.647949218750000000e-01
1.047363281250000000e+00 -2.048339843750000000e-01 2.033691406250000000e-01
9.924316406250000000e-01 -1.804199218750000000e-01 1.213378906250000000e-01
1.008544921875000000e+00 -2.656250000000000000e-01 4.174804687500000000e-02
9.135742187500000000e-01 -3.806152343750000000e-01 1.118164062500000000e-01
9.782714843750000000e-01 -2.553710937500000000e-01 7.421875000000000000e-02
1.017089843750000000e+00 -1.811523437500000000e-01 6.152343750000000000e-02
1.000488281250000000e+00 -2.509765625000000000e-01 8.593750000000000000e-02
8.806152343750000000e-01 -3.291015625000000000e-01 -2.758789062500000000e-02
9.162597656250000000e-01 -1.777343750000000000e-01 3.125000000000000000e-02
1.162109375000000000e+00 -4.455566406250000000e-01 -8.056640625000000000e-02
8.845214843750000000e-01 -1.774902343750000000e-01 -9.179687500000000000e-02
1.064208984375000000e+00 -1.801757812500000000e-01 -1.052246093750000000e-01
1.016845703125000000e+00 -1.677246093750000000e-01 -1.389160156250000000e-01
1.005371093750000000e+00 -1.069335937500000000e-01 -1.328125000000000000e-01
9.750976562500000000e-01 -1.394042968750000000e-01 -1.989746093750000000e-01
9.873046875000000000e-01 -8.618164062500000000e-02 -1.025390625000000000e-01
9.833984375000000000e-01 2.685546875000000000e-03 -1.882324218750000000e-01
9.907226562500000000e-01 -6.982421875000000000e-02 -1.005859375000000000e-01
9.768066406250000000e-01 -4.565429687500000000e-02 -1.547851562500000000e-01
9.814453125000000000e-01 0.000000000000000000e+00 -1.103515625000000000e-01
9.746093750000000000e-01 -6.567382812500000000e-02 -1.081542968750000000e-01
1.026855468750000000e+00 2.075195312500000000e-02 -1.523437500000000000e-01
1.028076171875000000e+00 3.002929687500000000e-02 -1.052246093750000000e-01
1.026611328125000000e+00 2.612304687500000000e-02 -6.079101562500000000e-02
9.821777343750000000e-01 -3.051757812500000000e-02 -1.545410156250000000e-01
9.741210937500000000e-01 -1.391601562500000000e-02 -1.503906250000000000e-01
9.711914062500000000e-01 -2.221679687500000000e-02 -5.468750000000000000e-02
1.030273437500000000e+00 -2.587890625000000000e-02 -1.291503906250000000e-01
9.760742187500000000e-01 -1.489257812500000000e-02 -5.981445312500000000e-02
9.868164062500000000e-01 -7.568359375000000000e-03 -3.662109375000000000e-02
9.729003906250000000e-01 -1.171875000000000000e-02 -9.326171875000000000e-02
9.831542968750000000e-01 -1.318359375000000000e-02 -8.642578125000000000e-02
9.902343750000000000e-01 -1.147460937500000000e-02 -9.277343750000000000e-02
1.020263671875000000e+00 -1.245117187500000000e-02 -8.178710937500000000e-02
1.025878906250000000e+00 -2.734375000000000000e-02 -8.544921875000000000e-02
9.851074218750000000e-01 -1.977539062500000000e-02 -6.616210937500000000e-02
9.743652343750000000e-01 -2.661132812500000000e-02 -7.885742187500000000e-02
9.770507812500000000e-01 -1.367187500000000000e-02 -8.081054687500000000e-02
9.838867187500000000e-01 -3.051757812500000000e-02 -7.031250000000000000e-02
9.787597656250000000e-01 1.953125000000000000e-02 1.196289062500000000e-02
9.824218750000000000e-01 2.001953125000000000e-02 1.464843750000000000e-03
9.829101562500000000e-01 -3.027343750000000000e-02 1.098632812500000000e-02
9.821777343750000000e-01 2.490234375000000000e-02 -6.909179687500000000e-02
9.763183593750000000e-01 1.928710937500000000e-02 6.591796875000000000e-03
9.887695312500000000e-01 2.124023437500000000e-02 1.416015625000000000e-02
9.865722656250000000e-01 2.001953125000000000e-02 2.441406250000000000e-04
9.787597656250000000e-01 2.539062500000000000e-02 5.126953125000000000e-03
9.804687500000000000e-01 2.905273437500000000e-02 6.835937500000000000e-03
9.858398437500000000e-01 -3.027343750000000000e-02 -7.153320312500000000e-02
9.816894531250000000e-01 2.514648437500000000e-02 -6.835937500000000000e-02
9.768066406250000000e-01 2.563476562500000000e-02 7.812500000000000000e-03
9.843750000000000000e-01 -2.880859375000000000e-02 -6.909179687500000000e-02
9.904785156250000000e-01 -2.880859375000000000e-02 -6.909179687500000000e-02
9.877929687500000000e-01 -2.905273437500000000e-02 -7.031250000000000000e-02
9.902343750000000000e-01 -2.954101562500000000e-02 -7.299804687500000000e-02
9.709472656250000000e-01 -2.539062500000000000e-02 6.103515625000000000e-03
9.870605468750000000e-01 -2.490234375000000000e-02 1.000976562500000000e-02
9.956054687500000000e-01 -2.343750000000000000e-02 9.765625000000000000e-04
9.782714843750000000e-01 2.490234375000000000e-02 1.489257812500000000e-02
9.860839843750000000e-01 -2.954101562500000000e-02 1.464843750000000000e-02
9.794921875000000000e-01 -2.514648437500000000e-02 2.441406250000000000e-02
9.890136718750000000e-01 2.636718750000000000e-02 2.270507812500000000e-02
9.956054687500000000e-01 2.954101562500000000e-02 -2.368164062500000000e-02
9.960937500000000000e-01 -2.905273437500000000e-02 6.738281250000000000e-02
9.934082031250000000e-01 1.538085937500000000e-02 -6.103515625000000000e-03
9.733886718750000000e-01 1.245117187500000000e-02 7.006835937500000000e-02
9.914550781250000000e-01 1.196289062500000000e-02 6.591796875000000000e-02
9.841308593750000000e-01 1.293945312500000000e-02 -3.076171875000000000e-02
9.733886718750000000e-01 1.879882812500000000e-02 -1.513671875000000000e-02
9.880371093750000000e-01 9.033203125000000000e-03 -1.733398437500000000e-02
9.765625000000000000e-01 2.807617187500000000e-02 -6.347656250000000000e-03
9.963378906250000000e-01 1.660156250000000000e-02 -1.806640625000000000e-02
9.792480468750000000e-01 -2.856445312500000000e-02 7.666015625000000000e-02
9.926757812500000000e-01 -2.441406250000000000e-04 -4.882812500000000000e-04
9.973144531250000000e-01 -2.661132812500000000e-02 6.591796875000000000e-02
9.887695312500000000e-01 1.635742187500000000e-02 7.055664062500000000e-02
9.738769531250000000e-01 -6.347656250000000000e-02 8.447265625000000000e-02
1.027832031250000000e+00 -6.567382812500000000e-02 9.033203125000000000e-02
1.013916015625000000e+00 -8.789062500000000000e-02 8.886718750000000000e-02
1.081787109375000000e+00 -6.591796875000000000e-02 7.641601562500000000e-02
1.086669921875000000e+00 -6.958007812500000000e-02 8.691406250000000000e-02
1.079833984375000000e+00 -8.691406250000000000e-02 8.203125000000000000e-02
1.019287109375000000e+00 -4.443359375000000000e-02 8.691406250000000000e-02
9.794921875000000000e-01 -1.296386718750000000e-01 8.007812500000000000e-02
9.865722656250000000e-01 -1.486816406250000000e-01 -1.049804687500000000e-02
9.731445312500000000e-01 -9.545898437500000000e-02 -1.855468750000000000e-02
9.704589843750000000e-01 -1.437988281250000000e-01 -8.789062500000000000e-03
9.729003906250000000e-01 -1.506347656250000000e-01 6.835937500000000000e-02
9.824218750000000000e-01 -1.413574218750000000e-01 -3.417968750000000000e-03
9.963378906250000000e-01 -1.369628906250000000e-01 2.441406250000000000e-02
9.899902343750000000e-01 -1.535644531250000000e-01 2.954101562500000000e-02
9.841308593750000000e-01 -1.040039062500000000e-01 7.910156250000000000e-02
9.702148437500000000e-01 -1.506347656250000000e-01 6.738281250000000000e-02
9.887695312500000000e-01 -1.403808593750000000e-01 -1.464843750000000000e-02
1.063476562500000000e+00 -6.152343750000000000e-02 -1.586914062500000000e-02
9.833984375000000000e-01 -1.389160156250000000e-01 -2.075195312500000000e-02
9.885253906250000000e-01 -1.535644531250000000e-01 -4.150390625000000000e-03
9.816894531250000000e-01 -1.557617187500000000e-01 -4.150390625000000000e-03
