1.030029296875000000e+00 -1.850585937500000000e-01 9.399414062500000000e-02
9.716796875000000000e-01 -1.867675781250000000e-01 1.560058593750000000e-01
9.731445312500000000e-01 -1.833496093750000000e-01 9.545898437500000000e-02
9.716796875000000000e-01 -1.872558593750000000e-01 9.399414062500000000e-02
9.709472656250000000e-01 -1.838378906250000000e-01 9.912109375000000000e-02
9.697265625000000000e-01 -1.799316406250000000e-01 1.538085937500000000e-01
9.702148437500000000e-01 -1.845703125000000000e-01 1.018066406250000000e-01
1.027343750000000000e+00 -1.845703125000000000e-01 9.716796875000000000e-02
1.031005859375000000e+00 -1.853027343750000000e-01 9.741210937500000000e-02
1.027099609375000000e+00 -1.840820312500000000e-01 1.037597656250000000e-01
9.692382812500000000e-01 -1.838378906250000000e-01 9.741210937500000000e-02
9.707031250000000000e-01 -1.799316406250000000e-01 1.518554687500000000e-01
1.023193359375000000e+00 -1.862792968750000000e-01 9.741210937500000000e-02
9.741210937500000000e-01 -2.504882812500000000e-01 9.667968750000000000e-02
9.733886718750000000e-01 -1.821289062500000000e-01 1.479492187500000000e-01
9.768066406250000000e-01 -1.826171875000000000e-01 1.511230468750000000e-01
9.797363281250000000e-01 -1.831054687500000000e-01 1.428222656250000000e-01
1.029296875000000000e+00 -1.855468750000000000e-01 1.447753906250000000e-01
1.027099609375000000e+00 -2.531738281250000000e-01 1.401367187500000000e-01
1.024414062500000000e+00 -1.655273437500000000e-01 1.286621093750000000e-01
1.003173828125000000e+00 -2.658691406250000000e-01 1.259765625000000000e-01
1.077392578125000000e+00 -1.669921875000000000e-01 5.834960937500000000e-02
1.028808593750000000e+00 -1.735839843750000000e-01 1.403808593750000000e-01
1.004882812500000000e+00 -1.801757812500000000e-01 6.054687500000000000e-02
1.000000000000000000e+00 -2.514648437500000000e-01 4.443359375000000000e-02
9.743652343750000000e-01 -1.701660156250000000e-01 1.271972656250000000e-01
1.026367187500000000e+00 -1.799316406250000000e-01 1.381835937500000000e-01
1.073730468750000000e+00 -1.635742187500000000e-01 4.711914062500000000e-02
1.065185546875000000e+00 -2.148437500000000000e-01 3.662109375000000000e-02
9.921875000000000000e-01 -2.553710937500000000e-01 9.130859375000000000e-02
9.912109375000000000e-01 -1.662597656250000000e-01 -1.196289062500000000e-02
9.982910156250000000e-01 -1.672363281250000000e-01 1.977539062500000000e-02
9.829101562500000000e-01 -2.548828125000000000e-01 -7.641601562500000000e-02
1.048339843750000000e+00 -1.694335937500000000e-01 -8.007812500000000000e-02
1.129394531250000000e+00 -1.579589843750000000e-01 -4.003906250000000000e-02
1.051757812500000000e+00 -2.583007812500000000e-01 -4.394531250000000000e-02
1.087402343750000000e+00 -1.674804687500000000e-01 -1.362304687500000000e-01
1.016357421875000000e+00 -2.524414062500000000e-01 -5.737304687500000000e-02
9.680175781250000000e-01 -2.744140625000000000e-01 -1.049804687500000000e-01
8.281250000000000000e-01 -2.519531250000000000e-01 -7.763671875000000000e-02
7.822265625000000000e-01 -2.023925781250000000e-01 6.835937500000000000e-03
8.486328125000000000e-01 -1.572265625000000000e-01 -6.909179687500000000e-02
1.008544921875000000e+00 -2.602539062500000000e-01 -4.272460937500000000e-02
9.873046875000000000e-01 -2.373046875000000000e-01 -5.957031250000000000e-02
1.017578125000000000e+00 -2.390136718750000000e-01 -1.494140625000000000e-01
1.028808593750000000e+00 -2.204589843750000000e-01 -6.127929687500000000e-02
8.725585937500000000e-01 -2.705078125000000000e-01 -9.252929687500000000e-02
8.852539062500000000e-01 -2.243652343750000000e-01 2.416992187500000000e-02
8.879394531250000000e-01 -1.787109375000000000e-01 1.416015625000000000e-02
1.008544921875000000e+00 -2.363281250000000000e-01 -3.613281250000000000e-02
1.070312500000000000e+00 -2.509765625000000000e-01 -5.004882812500000000e-02
1.034667968750000000e+00 -2.055664062500000000e-01 -1.303710937500000000e-01
1.049316406250000000e+00 -3.344726562500000000e-01 4.638671875000000000e-03
1.056152343750000000e+00 -2.133789062500000000e-01 -6.420898437500000000e-02
1.128417968750000000e+00 -3.200683593750000000e-01 1.660156250000000000e-02
9.677734375000000000e-01 -1.469726562500000000e-01 4.394531250000000000e-03
9.599609375000000000e-01 -2.031250000000000000e-01 1.123046875000000000e-01
1.097656250000000000e+00 -2.304687500000000000e-01 -4.882812500000000000e-03
1.045410156250000000e+00 -1.896972656250000000e-01 7.324218750000000000e-02
1.022949218750000000e+00 -1.662597656250000000e-01 7.690429687500000000e-02
9.814453125000000000e-01 -2.102050781250000000e-01 4.394531250000000000e-02
1.015869140625000000e+00 -1.191406250000000000e-01 3.393554687500000000e-02
9.741210937500000000e-01 -1.850585937500000000e-01 -7.080078125000000000e-03
9.846191406250000000e-01 -1.777343750000000000e-01 7.690429687500000000e-02
9.816894531250000000e-01 -1.677246093750000000e-01 9.033203125000000000e-02
1.028564453125000000e+00 -1.125488281250000000e-01 7.910156250000000000e-02
9.926757812500000000e-01 -2.021484375000000000e-01 7.812500000000000000e-02
9.733886718750000000e-01 -1.777343750000000000e-01 -1.660156250000000000e-02
1.025146484375000000e+00 -1.665039062500000000e-01 6.347656250000000000e-02
9.785156250000000000e-01 -2.119140625000000000e-01 -3.662109375000000000e-03
1.067871093750000000e+00 -2.185058593750000000e-01 -2.050781250000000000e-02
9.938964843750000000e-01 -2.119140625000000000e-01 9.179687500000000000e-02
1.009277343750000000e+00 -2.097167968750000000e-01 3.979492187500000000e-02
1.017089843750000000e+00 -2.138671875000000000e-01 3.710937500000000000e-02
9.873046875000000000e-01 -1.643066406250000000e-01 7.421875000000000000e-02
9.802246093750000000e-01 -1.689453125000000000e-01 7.055664062500000000e-02
9.714355468750000000e-01 -1.708984375000000000e-01 6.713867187500000000e-02
9.755859375000000000e-01 -1.762695312500000000e-01 7.568359375000000000e-02
9.792480468750000000e-01 -1.665039062500000000e-01 -9.521484375000000000e-03
9.760742187500000000e-01 -1.586914062500000000e-01 -9.521484375000000000e-03
9.748535156250000000e-01 -1.616210937500000000e-01 6.909179687500000000e-02
1.026855468750000000e+00 -1.667480468750000000e-01 7.495117187500000000e-02
1.028076171875000000e+00 -2.116699218750000000e-01 7.104492187500000000e-02
9.821777343750000000e-01 -1.660156250000000000e-01 6.884765625000000000e-02
9.814453125000000000e-01 -1.623535156250000000e-01 6.665039062500000000e-02
9.714355468750000000e-01 -1.591796875000000000e-01 8.813476562500000000e-02
9.714355468750000000e-01 -1.591796875000000000e-01 8.813476562500000000e-02
9.763183593750000000e-01 -2.160644531250000000e-01 8.715820312500000000e-02
9.785156250000000000e-01 -1.582031250000000000e-01 9.277343750000000000e-02
9.770507812500000000e-01 -1.579589843750000000e-01 8.691406250000000000e-02
9.733886718750000000e-01 -2.185058593750000000e-01 3.857421875000000000e-02
1.029541015625000000e+00 -2.158203125000000000e-01 7.836914062500000000e-02
9.863281250000000000e-01 -2.177734375000000000e-01 9.350585937500000000e-02
9.741210937500000000e-01 -2.177734375000000000e-01 8.984375000000000000e-02
9.758300781250000000e-01 -1.640625000000000000e-01 9.228515625000000000e-02
9.833984375000000000e-01 -1.601562500000000000e-01 8.715820312500000000e-02
1.030273437500000000e+00 -1.567382812500000000e-01 3.417968750000000000e-02
9.807128906250000000e-01 -1.616210937500000000e-01 8.886718750000000000e-02
9.799804687500000000e-01 -1.567382812500000000e-01 8.593750000000000000e-02
9.743652343750000000e-01 -1.591796875000000000e-01 8.520507812500000000e-02
9.763183593750000000e-01 -1.589355468750000000e-01 8.837890625000000000e-02
9.763183593750000000e-01 -1.589355468750000000e-01 8.837890625000000000e-02
9.697265625000000000e-01 -2.124023437500000000e-01 8.666992187500000000e-02
9.697265625000000000e-01 -2.124023437500000000e-01 8.666992187500000000e-02
9.931640625000000000e-01 -1.586914062500000000e-01 8.837890625000000000e-02
9.765625000000000000e-01 -1.564941406250000000e-01 8.105468750000000000e-02
1.030273437500000000e+00 -1.635742187500000000e-01 8.227539062500000000e-02
9.802246093750000000e-01 -1.643066406250000000e-01 9.204101562500000000e-02
9.731445312500000000e-01 -1.582031250000000000e-01 8.666992187500000000e-02
9.804687500000000000e-01 -2.128906250000000000e-01 8.593750000000000000e-02
9.829101562500000000e-01 -2.155761718750000000e-01 8.959960937500000000e-02
9.697265625000000000e-01 -1.574707031250000000e-01 3.466796875000000000e-02
9.819335937500000000e-01 -1.596679687500000000e-01 3.808593750000000000e-02
9.704589843750000000e-01 -1.586914062500000000e-01 3.515625000000000000e-02
9.738769531250000000e-01 -2.182617187500000000e-01 9.033203125000000000e-02
9.826660156250000000e-01 -1.579589843750000000e-01 3.564453125000000000e-02
9.707031250000000000e-01 -2.141113281250000000e-01 4.345703125000000000e-02
9.719238281250000000e-01 -2.128906250000000000e-01 4.736328125000000000e-02
9.824218750000000000e-01 -2.148437500000000000e-01 4.907226562500000000e-02
9.736328125000000000e-01 -1.572265625000000000e-01 4.321289062500000000e-02
9.804687500000000000e-01 -2.138671875000000000e-01 3.784179687500000000e-02
9.721679687500000000e-01 -1.579589843750000000e-01 5.664062500000000000e-02
9.777832031250000000e-01 -2.126464843750000000e-01 3.686523437500000000e-02
9.777832031250000000e-01 -2.126464843750000000e-01 3.686523437500000000e-02
9.729003906250000000e-01 -1.604003906250000000e-01 5.639648437500000000e-02
9.768066406250000000e-01 -1.591796875000000000e-01 5.175781250000000000e-02
9.794921875000000000e-01 -2.158203125000000000e-01 4.833984375000000000e-02
9.792480468750000000e-01 -2.160644531250000000e-01 4.541015625000000000e-02
9.780273437500000000e-01 -2.109375000000000000e-01 5.151367187500000000e-02
9.736328125000000000e-01 -2.087402343750000000e-01 5.761718750000000000e-02
9.768066406250000000e-01 -2.136230468750000000e-01 5.517578125000000000e-02
9.746093750000000000e-01 -2.126464843750000000e-01 5.395507812500000000e-02
9.775390625000000000e-01 -1.608886718750000000e-01 6.079101562500000000e-02
9.714355468750000000e-01 -1.613769531250000000e-01 4.492187500000000000e-02
9.838867187500000000e-01 -1.623535156250000000e-01 4.931640625000000000e-02
9.726562500000000000e-01 -2.175292968750000000e-01 6.152343750000000000e-02
9.748535156250000000e-01 -2.153320312500000000e-01 5.712890625000000000e-02
9.714355468750000000e-01 -2.170410156250000000e-01 5.590820312500000000e-02
9.782714843750000000e-01 -2.145996093750000000e-01 5.078125000000000000e-02
9.780273437500000000e-01 -2.138671875000000000e-01 5.249023437500000000e-02
9.731445312500000000e-01 -2.185058593750000000e-01 5.126953125000000000e-02
9.790039062500000000e-01 -1.574707031250000000e-01 5.297851562500000000e-02
9.763183593750000000e-01 -1.584472656250000000e-01 5.078125000000000000e-02
9.838867187500000000e-01 -1.574707031250000000e-01 3.979492187500000000e-02
9.726562500000000000e-01 -2.155761718750000000e-01 4.321289062500000000e-02
9.897460937500000000e-01 -2.124023437500000000e-01 5.541992187500000000e-02
9.897460937500000000e-01 -2.124023437500000000e-01 5.541992187500000000e-02
1.026367187500000000e+00 -2.070312500000000000e-01 1.328125000000000000e-01
9.736328125000000000e-01 -2.121582031250000000e-01 1.276855468750000000e-01
9.692382812500000000e-01 -2.119140625000000000e-01 1.411132812500000000e-01
1.017822265625000000e+00 -1.640625000000000000e-01 1.499023437500000000e-01
9.858398437500000000e-01 -1.633300781250000000e-01 1.372070312500000000e-01
9.689941406250000000e-01 -1.589355468750000000e-01 1.474609375000000000e-01
9.758300781250000000e-01 -1.645507812500000000e-01 1.437988281250000000e-01
9.809570312500000000e-01 -2.167968750000000000e-01 1.301269531250000000e-01
9.704589843750000000e-01 -2.155761718750000000e-01 1.347656250000000000e-01
1.030761718750000000e+00 -2.182617187500000000e-01 1.364746093750000000e-01
9.775390625000000000e-01 -2.102050781250000000e-01 1.303710937500000000e-01
9.892578125000000000e-01 -1.635742187500000000e-01 1.435546875000000000e-01
9.716796875000000000e-01 -1.589355468750000000e-01 1.333007812500000000e-01
1.026855468750000000e+00 -2.102050781250000000e-01 1.364746093750000000e-01
9.855957031250000000e-01 -1.582031250000000000e-01 1.318359375000000000e-01
9.785156250000000000e-01 -2.153320312500000000e-01 1.315917968750000000e-01
9.743652343750000000e-01 -2.136230468750000000e-01 5.834960937500000000e-02
9.812011718750000000e-01 -2.148437500000000000e-01 5.981445312500000000e-02
9.765625000000000000e-01 -2.143554687500000000e-01 6.103515625000000000e-02
9.699707031250000000e-01 -2.138671875000000000e-01 1.271972656250000000e-01
9.794921875000000000e-01 -2.155761718750000000e-01 5.737304687500000000e-02
9.782714843750000000e-01 -2.150878906250000000e-01 6.152343750000000000e-02
9.733886718750000000e-01 -2.170410156250000000e-01 1.279296875000000000e-01
9.755859375000000000e-01 -2.075195312500000000e-01 1.284179687500000000e-01
9.782714843750000000e-01 -2.131347656250000000e-01 1.340332031250000000e-01
9.753417968750000000e-01 -2.187500000000000000e-01 6.225585937500000000e-02
9.765625000000000000e-01 -2.124023437500000000e-01 1.325683593750000000e-01
9.790039062500000000e-01 -2.097167968750000000e-01 1.311035156250000000e-01
9.743652343750000000e-01 -2.121582031250000000e-01 1.369628906250000000e-01
9.731445312500000000e-01 -2.121582031250000000e-01 6.005859375000000000e-02
9.855957031250000000e-01 -2.141113281250000000e-01 1.296386718750000000e-01
9.721679687500000000e-01 -1.599121093750000000e-01 1.303710937500000000e-01
9.765625000000000000e-01 -2.126464843750000000e-01 5.688476562500000000e-02
9.765625000000000000e-01 -2.138671875000000000e-01 5.786132812500000000e-02
9.799804687500000000e-01 -2.119140625000000000e-01 6.225585937500000000e-02
9.763183593750000000e-01 -2.116699218750000000e-01 5.712890625000000000e-02
9.731445312500000000e-01 -2.150878906250000000e-01 5.468750000000000000e-02
9.792480468750000000e-01 -2.145996093750000000e-01 4.711914062500000000e-02
9.753417968750000000e-01 -2.145996093750000000e-01 4.980468750000000000e-02
9.775390625000000000e-01 -2.097167968750000000e-01 5.468750000000000000e-02
9.750976562500000000e-01 -2.106933593750000000e-01 4.956054687500000000e-02
9.819335937500000000e-01 -2.131347656250000000e-01 5.102539062500000000e-02
9.719238281250000000e-01 -2.087402343750000000e-01 4.833984375000000000e-02
9.797363281250000000e-01 -1.564941406250000000e-01 5.126953125000000000e-02
9.804687500000000000e-01 -2.158203125000000000e-01 4.101562500000000000e-02
9.724121093750000000e-01 -2.163085937500000000e-01 4.565429687500000000e-02
9.748535156250000000e-01 -2.121582031250000000e-01 4.907226562500000000e-02
9.838867187500000000e-01 -2.143554687500000000e-01 4.638671875000000000e-02
9.758300781250000000e-01 -2.060546875000000000e-01 4.589843750000000000e-02
9.814453125000000000e-01 -2.155761718750000000e-01 4.516601562500000000e-02
9.809570312500000000e-01 -2.172851562500000000e-01 4.125976562500000000e-02
9.736328125000000000e-01 -2.175292968750000000e-01 5.102539062500000000e-02
9.812011718750000000e-01 -2.180175781250000000e-01 5.078125000000000000e-02
