9.853515625000000000e-01 -4.199218750000000000e-02 2.722167968750000000e-01
9.799804687500000000e-01 -4.345703125000000000e-02 2.788085937500000000e-01
9.799804687500000000e-01 -4.345703125000000000e-02 2.788085937500000000e-01
9.819335937500000000e-01 -3.906250000000000000e-02 2.304687500000000000e-01
9.819335937500000000e-01 -4.589843750000000000e-02 2.216796875000000000e-01
9.895019531250000000e-01 -3.881835937500000000e-02 2.226562500000000000e-01
9.870605468750000000e-01 -4.223632812500000000e-02 2.199707031250000000e-01
9.882812500000000000e-01 -4.199218750000000000e-02 2.214355468750000000e-01
9.882812500000000000e-01 -3.515625000000000000e-02 2.712402343750000000e-01
9.853515625000000000e-01 -3.906250000000000000e-02 2.705078125000000000e-01
9.860839843750000000e-01 -3.564453125000000000e-02 2.619628906250000000e-01
9.785156250000000000e-01 -4.272460937500000000e-02 2.751464843750000000e-01
9.787597656250000000e-01 -3.955078125000000000e-02 2.807617187500000000e-01
9.819335937500000000e-01 -3.662109375000000000e-02 2.778320312500000000e-01
9.809570312500000000e-01 -3.442382812500000000e-02 2.780761718750000000e-01
9.885253906250000000e-01 -3.613281250000000000e-02 2.663574218750000000e-01
9.841308593750000000e-01 -3.320312500000000000e-02 2.614746093750000000e-01
9.831542968750000000e-01 -4.028320312500000000e-02 2.646484375000000000e-01
9.936523437500000000e-01 -3.466796875000000000e-02 1.804199218750000000e-01
9.907226562500000000e-01 -3.906250000000000000e-02 1.733398437500000000e-01
9.904785156250000000e-01 -3.955078125000000000e-02 1.684570312500000000e-01
9.921875000000000000e-01 -3.930664062500000000e-02 2.116699218750000000e-01
9.882812500000000000e-01 -4.394531250000000000e-02 1.586914062500000000e-01
1.086914062500000000e+00 -5.078125000000000000e-02 1.723632812500000000e-01
1.126708984375000000e+00 -8.959960937500000000e-02 1.809082031250000000e-01
1.072021484375000000e+00 -4.150390625000000000e-02 1.760253906250000000e-01
1.026123046875000000e+00 -4.760742187500000000e-02 2.507324218750000000e-01
9.313964843750000000e-01 -1.342773437500000000e-01 2.023925781250000000e-01
8.381347656250000000e-01 -1.474609375000000000e-01 7.031250000000000000e-02
5.573730468750000000e-01 3.149414062500000000e-02 1.276855468750000000e-01
5.534667968750000000e-01 -1.220703125000000000e-03 4.582519531250000000e-01
1.257568359375000000e+00 -3.647460937500000000e-01 2.434082031250000000e-01
1.758789062500000000e+00 -1.618652343750000000e-01 6.354980468750000000e-01
2.589843750000000000e+00 -1.997070312500000000e-01 3.691406250000000000e-01
1.946777343750000000e+00 -2.045898437500000000e-01 -9.301757812500000000e-02
9.848632812500000000e-01 -5.932617187500000000e-02 2.441406250000000000e-03
-1.840820312500000000e-01 -2.539062500000000000e-02 1.987304687500000000e-01
-4.106445312500000000e-01 6.347656250000000000e-03 3.247070312500000000e-02
1.708984375000000000e-03 5.859375000000000000e-03 -3.784179687500000000e-02
2.451171875000000000e-01 -9.106445312500000000e-02 -4.101562500000000000e-02
2.500000000000000000e-01 -2.832031250000000000e-02 1.462402343750000000e-01
2.529541015625000000e+00 -6.347656250000000000e-03 1.750488281250000000e-01
2.940917968750000000e+00 -1.899414062500000000e-01 4.323730468750000000e-01
1.645996093750000000e+00 -3.244628906250000000e-01 6.237792968750000000e-01
2.221923828125000000e+00 -8.764648437500000000e-02 -3.862304687500000000e-01
8.151855468750000000e-01 -1.062011718750000000e-01 -1.953125000000000000e-03
-1.027343750000000000e+00 -1.557617187500000000e-01 2.597656250000000000e-01
-8.137207031250000000e-01 2.197265625000000000e-03 -3.840332031250000000e-01
6.989746093750000000e-01 -1.953125000000000000e-02 -2.749023437500000000e-01
4.008789062500000000e-01 3.808593750000000000e-02 5.566406250000000000e-02
1.452636718750000000e-01 -1.904296875000000000e-02 4.548339843750000000e-01
4.420410156250000000e+00 -3.398437500000000000e-01 7.873535156250000000e-01
1.412353515625000000e+00 -8.623046875000000000e-01 4.404296875000000000e-01
2.218261718750000000e+00 -1.157226562500000000e-01 1.379394531250000000e-01
1.527099609375000000e+00 1.108398437500000000e-01 -7.031250000000000000e-02
-1.435546875000000000e-01 4.638671875000000000e-03 1.210937500000000000e-01
-7.934570312500000000e-01 -1.738281250000000000e-01 -4.060058593750000000e-01
1.286621093750000000e-01 -1.220703125000000000e-02 1.833496093750000000e-01
4.018554687500000000e-01 1.145019531250000000e-01 -1.911621093750000000e-01
3.247070312500000000e-01 7.519531250000000000e-02 1.621093750000000000e-01
2.531738281250000000e-01 -9.277343750000000000e-02 3.642578125000000000e-01
8.000000000000000000e+00 -7.514648437500000000e-01 8.437500000000000000e-01
1.408691406250000000e+00 -5.751953125000000000e-01 -2.805175781250000000e-01
1.651611328125000000e+00 1.562500000000000000e-02 -1.232910156250000000e-01
4.523925781250000000e-01 -6.103515625000000000e-03 2.343750000000000000e-01
-8.876953125000000000e-01 1.394042968750000000e-01 1.401367187500000000e-01
-5.761718750000000000e-01 -1.333007812500000000e-01 -3.911132812500000000e-01
5.673828125000000000e-01 3.100585937500000000e-02 4.101562500000000000e-02
1.635742187500000000e-01 1.354980468750000000e-01 1.203613281250000000e-01
3.906250000000000000e-02 6.396484375000000000e-02 4.660644531250000000e-01
3.618896484375000000e+00 -3.571777343750000000e-01 4.985351562500000000e-01
1.480712890625000000e+00 2.758789062500000000e-02 2.331542968750000000e-01
1.925048828125000000e+00 -1.831054687500000000e-02 -2.487792968750000000e-01
3.076171875000000000e-01 -9.985351562500000000e-02 1.914062500000000000e-01
-6.354980468750000000e-01 6.982421875000000000e-02 2.722167968750000000e-01
-5.363769531250000000e-01 6.445312500000000000e-02 -1.132812500000000000e-01
2.819824218750000000e-01 4.125976562500000000e-02 -7.470703125000000000e-02
3.857421875000000000e-01 -3.125000000000000000e-02 1.708984375000000000e-02
1.970214843750000000e-01 -7.299804687500000000e-02 8.203125000000000000e-01
2.691650390625000000e+00 -3.276367187500000000e-01 1.020507812500000000e-01
2.766113281250000000e+00 -1.831054687500000000e-02 4.934082031250000000e-01
2.476318359375000000e+00 -3.325195312500000000e-01 -2.258300781250000000e-01
1.317138671875000000e+00 1.586914062500000000e-02 -4.492187500000000000e-02
-5.874023437500000000e-01 2.099609375000000000e-02 4.799804687500000000e-01
-8.461914062500000000e-01 -2.294921875000000000e-02 -3.698730468750000000e-01
4.702148437500000000e-01 -2.075195312500000000e-02 1.093750000000000000e-01
4.123535156250000000e-01 -1.196289062500000000e-02 -4.223632812500000000e-02
2.651367187500000000e-01 -8.520507812500000000e-02 3.964843750000000000e-01
7.229003906250000000e-01 -1.381835937500000000e-01 -1.174316406250000000e-01
5.330078125000000000e+00 -9.057617187500000000e-01 -4.323730468750000000e-01
1.671630859375000000e+00 1.318359375000000000e-02 4.245605468750000000e-01
1.264648437500000000e+00 -5.688476562500000000e-02 -2.006835937500000000e-01
-1.245117187500000000e-01 1.147460937500000000e-02 4.594726562500000000e-01
-9.592285156250000000e-01 7.275390625000000000e-02 -3.144531250000000000e-01
3.303222656250000000e-01 1.533203125000000000e-01 2.434082031250000000e-01
2.673339843750000000e-01 -1.586914062500000000e-02 -2.612304687500000000e-02
8.203125000000000000e-02 -3.002929687500000000e-02 1.320800781250000000e-01
2.053222656250000000e-01 -4.882812500000000000e-04 6.909179687500000000e-02
8.000000000000000000e+00 -1.065917968750000000e+00 -4.162597656250000000e-01
1.521240234375000000e+00 -4.431152343750000000e-01 -1.064453125000000000e-01
1.754150390625000000e+00 -8.203125000000000000e-02 -2.045898437500000000e-01
-4.907226562500000000e-02 -1.958007812500000000e-01 5.131835937500000000e-01
-9.877929687500000000e-01 1.301269531250000000e-01 -3.542480468750000000e-01
2.646484375000000000e-01 -1.391601562500000000e-02 5.222167968750000000e-01
3.833007812500000000e-01 -1.953125000000000000e-02 4.516601562500000000e-02
1.271972656250000000e-01 5.615234375000000000e-03 8.813476562500000000e-02
2.758789062500000000e-02 3.100585937500000000e-02 4.243164062500000000e-01
3.395507812500000000e+00 1.928710937500000000e-02 5.234375000000000000e-01
1.827392578125000000e+00 6.713867187500000000e-02 2.907714843750000000e-01
2.329833984375000000e+00 -3.559570312500000000e-01 -4.995117187500000000e-01
3.471679687500000000e-01 6.103515625000000000e-03 1.098632812500000000e-01
-6.289062500000000000e-01 1.491699218750000000e-01 1.611328125000000000e-01
-7.282714843750000000e-01 3.906250000000000000e-02 -7.983398437500000000e-02
3.435058593750000000e-01 -3.247070312500000000e-02 -6.518554687500000000e-02
3.295898437500000000e-01 -2.783203125000000000e-02 1.230468750000000000e-01
2.031250000000000000e-01 -2.685546875000000000e-02 4.057617187500000000e-01
9.631347656250000000e-01 9.521484375000000000e-03 -3.547363281250000000e-01
5.225585937500000000e+00 -7.048339843750000000e-01 3.554687500000000000e-01
2.126708984375000000e+00 -3.264160156250000000e-01 3.276367187500000000e-01
1.462158203125000000e+00 2.929687500000000000e-02 -1.228027343750000000e-01
-1.379394531250000000e-01 -6.396484375000000000e-02 4.645996093750000000e-01
-8.444824218750000000e-01 -1.489257812500000000e-02 -2.714843750000000000e-01
2.119140625000000000e-01 -1.330566406250000000e-01 4.936523437500000000e-01
3.029785156250000000e-01 -7.348632812500000000e-02 -1.413574218750000000e-01
9.863281250000000000e-02 1.518554687500000000e-01 1.777343750000000000e-01
4.570312500000000000e-01 6.860351562500000000e-02 9.082031250000000000e-02
5.683105468750000000e+00 -1.171386718750000000e+00 -9.511718750000000000e-01
1.655273437500000000e-01 -2.211914062500000000e-01 2.646484375000000000e-01
7.685546875000000000e-01 -1.562500000000000000e-02 -1.237792968750000000e-01
1.040527343750000000e+00 -4.785156250000000000e-02 2.761230468750000000e-01
7.158203125000000000e-01 3.491210937500000000e-02 1.130371093750000000e-01
6.367187500000000000e-01 3.173828125000000000e-02 6.323242187500000000e-02
8.339843750000000000e-01 -6.420898437500000000e-02 3.173828125000000000e-02
1.292724609375000000e+00 9.033203125000000000e-03 1.586914062500000000e-01
1.318115234375000000e+00 -6.860351562500000000e-02 3.134765625000000000e-01
1.039062500000000000e+00 -1.230468750000000000e-01 2.807617187500000000e-02
9.045410156250000000e-01 -1.486816406250000000e-01 4.562988281250000000e-01
1.084716796875000000e+00 1.708984375000000000e-03 2.082519531250000000e-01
1.030029296875000000e+00 -6.445312500000000000e-02 3.154296875000000000e-01
1.063720703125000000e+00 -7.739257812500000000e-02 1.723632812500000000e-01
1.012207031250000000e+00 -6.347656250000000000e-02 2.121582031250000000e-01
1.068115234375000000e+00 -1.757812500000000000e-02 2.790527343750000000e-01
1.093750000000000000e+00 -8.178710937500000000e-02 2.365722656250000000e-01
1.091796875000000000e+00 -1.403808593750000000e-01 2.773437500000000000e-01
1.025146484375000000e+00 -1.054687500000000000e-01 2.834472656250000000e-01
1.014892578125000000e+00 -1.979980468750000000e-01 3.752441406250000000e-01
1.020019531250000000e+00 -1.442871093750000000e-01 3.059082031250000000e-01
1.007080078125000000e+00 -1.330566406250000000e-01 3.935546875000000000e-01
9.196777343750000000e-01 -4.614257812500000000e-02 3.896484375000000000e-01
9.370117187500000000e-01 9.033203125000000000e-03 3.957519531250000000e-01
9.760742187500000000e-01 -8.154296875000000000e-02 3.950195312500000000e-01
1.004150390625000000e+00 9.765625000000000000e-04 3.906250000000000000e-01
9.736328125000000000e-01 -7.836914062500000000e-02 3.967285156250000000e-01
9.311523437500000000e-01 -5.151367187500000000e-02 4.020996093750000000e-01
1.014160156250000000e+00 -1.516113281250000000e-01 4.040527343750000000e-01
1.008789062500000000e+00 -4.565429687500000000e-02 4.050292968750000000e-01
9.792480468750000000e-01 -4.956054687500000000e-02 4.040527343750000000e-01
1.012939453125000000e+00 -1.347656250000000000e-01 4.001464843750000000e-01
1.004882812500000000e+00 -6.054687500000000000e-02 3.981933593750000000e-01
1.022216796875000000e+00 -1.276855468750000000e-01 4.062500000000000000e-01
1.025634765625000000e+00 -5.932617187500000000e-02 3.930664062500000000e-01
1.020263671875000000e+00 -1.264648437500000000e-01 4.055175781250000000e-01
1.023437500000000000e+00 -1.308593750000000000e-01 3.874511718750000000e-01
1.025634765625000000e+00 -1.342773437500000000e-01 3.801269531250000000e-01
1.012939453125000000e+00 -1.328125000000000000e-01 3.815917968750000000e-01
9.709472656250000000e-01 -1.452636718750000000e-01 3.059082031250000000e-01
9.755859375000000000e-01 -5.981445312500000000e-02 3.076171875000000000e-01
9.738769531250000000e-01 -4.052734375000000000e-02 3.098144531250000000e-01
1.021972656250000000e+00 -4.296875000000000000e-02 4.040527343750000000e-01
1.003173828125000000e+00 -5.297851562500000000e-02 4.033203125000000000e-01
1.006103515625000000e+00 -4.687500000000000000e-02 3.508300781250000000e-01
1.020019531250000000e+00 -4.956054687500000000e-02 3.991699218750000000e-01
1.023681640625000000e+00 -3.808593750000000000e-02 3.894042968750000000e-01
1.020507812500000000e+00 -3.784179687500000000e-02 3.940429687500000000e-01
1.024414062500000000e+00 -4.077148437500000000e-02 2.980957031250000000e-01
1.025878906250000000e+00 -4.345703125000000000e-02 2.998046875000000000e-01
1.018066406250000000e+00 -4.516601562500000000e-02 3.779296875000000000e-01
9.748535156250000000e-01 -1.252441406250000000e-01 3.068847656250000000e-01
1.026611328125000000e+00 -1.289062500000000000e-01 3.754882812500000000e-01
1.020996093750000000e+00 -4.077148437500000000e-02 3.793945312500000000e-01
9.733886718750000000e-01 -3.710937500000000000e-02 3.125000000000000000e-01
1.027832031250000000e+00 -3.979492187500000000e-02 3.925781250000000000e-01
1.012207031250000000e+00 -5.395507812500000000e-02 4.047851562500000000e-01
1.019531250000000000e+00 -4.443359375000000000e-02 3.491210937500000000e-01
1.018066406250000000e+00 -5.200195312500000000e-02 4.006347656250000000e-01
1.010009765625000000e+00 -4.956054687500000000e-02 4.011230468750000000e-01
1.022216796875000000e+00 -3.442382812500000000e-02 3.513183593750000000e-01
1.017333984375000000e+00 -4.614257812500000000e-02 3.530273437500000000e-01
1.011718750000000000e+00 -3.540039062500000000e-02 3.532714843750000000e-01
1.020507812500000000e+00 -4.052734375000000000e-02 3.564453125000000000e-01
1.018798828125000000e+00 -4.125976562500000000e-02 3.527832031250000000e-01
1.002441406250000000e+00 -4.833984375000000000e-02 3.652343750000000000e-01
1.016357421875000000e+00 -4.394531250000000000e-02 3.510742187500000000e-01
1.015380859375000000e+00 -4.199218750000000000e-02 3.645019531250000000e-01
1.015625000000000000e+00 -4.760742187500000000e-02 3.518066406250000000e-01
1.008300781250000000e+00 -4.565429687500000000e-02 3.466796875000000000e-01
1.017578125000000000e+00 -4.345703125000000000e-02 4.035644531250000000e-01
1.025878906250000000e+00 -4.003906250000000000e-02 4.033203125000000000e-01
1.017578125000000000e+00 -4.174804687500000000e-02 3.955078125000000000e-01
1.025390625000000000e+00 -3.833007812500000000e-02 3.842773437500000000e-01
