9.953613281250000000e-01 -1.884765625000000000e-01 2.929687500000000000e-03
1.030761718750000000e+00 -1.604003906250000000e-01 -4.614257812500000000e-02
1.024169921875000000e+00 -1.911621093750000000e-01 1.782226562500000000e-02
9.697265625000000000e-01 -1.972656250000000000e-01 2.197265625000000000e-02
9.750976562500000000e-01 -2.014160156250000000e-01 -1.953125000000000000e-03
9.750976562500000000e-01 -2.014160156250000000e-01 -1.953125000000000000e-03
9.855957031250000000e-01 -1.621093750000000000e-01 -9.057617187500000000e-02
9.814453125000000000e-01 -1.569824218750000000e-01 -8.154296875000000000e-02
9.804687500000000000e-01 -1.711425781250000000e-01 -2.563476562500000000e-02
1.006835937500000000e+00 -1.225585937500000000e-01 -1.538085937500000000e-02
1.012207031250000000e+00 -1.657714843750000000e-01 -9.033203125000000000e-02
9.987792968750000000e-01 -2.634277343750000000e-01 -1.010742187500000000e-01
1.022460937500000000e+00 -1.813964843750000000e-01 -1.486816406250000000e-01
9.848632812500000000e-01 -2.551269531250000000e-01 -1.376953125000000000e-01
1.015869140625000000e+00 -1.826171875000000000e-01 -1.528320312500000000e-01
1.002197265625000000e+00 -1.586914062500000000e-01 -4.663085937500000000e-02
1.000976562500000000e+00 -2.194824218750000000e-01 6.860351562500000000e-02
9.912109375000000000e-01 -1.679687500000000000e-01 -5.493164062500000000e-02
9.704589843750000000e-01 -2.094726562500000000e-01 -1.291503906250000000e-01
1.008056640625000000e+00 -2.033691406250000000e-01 2.197265625000000000e-02
9.973144531250000000e-01 -1.604003906250000000e-01 -5.810546875000000000e-02
9.819335937500000000e-01 -1.574707031250000000e-01 -1.408691406250000000e-01
9.729003906250000000e-01 -2.014160156250000000e-01 -8.740234375000000000e-02
9.697265625000000000e-01 -2.028808593750000000e-01 -8.813476562500000000e-02
9.726562500000000000e-01 -1.896972656250000000e-01 -3.417968750000000000e-02
1.015136718750000000e+00 -1.582031250000000000e-01 -9.130859375000000000e-02
1.028320312500000000e+00 -1.647949218750000000e-01 -1.413574218750000000e-01
1.028320312500000000e+00 -1.647949218750000000e-01 -1.413574218750000000e-01
1.022949218750000000e+00 -2.502441406250000000e-01 -4.565429687500000000e-02
9.753417968750000000e-01 -2.062988281250000000e-01 -5.590820312500000000e-02
1.006835937500000000e+00 -1.752929687500000000e-01 -1.408691406250000000e-01
9.719238281250000000e-01 -1.643066406250000000e-01 -1.289062500000000000e-01
1.016113281250000000e+00 -1.662597656250000000e-01 -1.464843750000000000e-01
9.870605468750000000e-01 -1.684570312500000000e-01 -9.887695312500000000e-02
9.821777343750000000e-01 -1.828613281250000000e-01 -1.425781250000000000e-01
1.031005859375000000e+00 -1.838378906250000000e-01 -1.457519531250000000e-01
1.021484375000000000e+00 -1.606445312500000000e-01 -4.760742187500000000e-02
1.024169921875000000e+00 -1.938476562500000000e-01 -7.568359375000000000e-02
9.819335937500000000e-01 -1.826171875000000000e-01 -1.914062500000000000e-01
9.814453125000000000e-01 -1.638183593750000000e-01 -2.116699218750000000e-01
1.013183593750000000e+00 -1.655273437500000000e-01 -1.333007812500000000e-01
1.015136718750000000e+00 -1.616210937500000000e-01 -1.413574218750000000e-01
9.711914062500000000e-01 -1.955566406250000000e-01 -5.151367187500000000e-02
9.733886718750000000e-01 -1.738281250000000000e-01 -1.293945312500000000e-01
1.003417968750000000e+00 -2.043457031250000000e-01 3.906250000000000000e-03
1.029541015625000000e+00 -2.167968750000000000e-01 -4.223632812500000000e-02
9.833984375000000000e-01 -2.136230468750000000e-01 -3.613281250000000000e-02
1.019042968750000000e+00 -2.089843750000000000e-01 -5.590820312500000000e-02
1.027587890625000000e+00 -2.177734375000000000e-01 -5.175781250000000000e-02
1.021240234375000000e+00 -2.080078125000000000e-01 -1.250000000000000000e-01
9.838867187500000000e-01 -1.630859375000000000e-01 -1.501464843750000000e-01
9.711914062500000000e-01 -1.611328125000000000e-01 -1.384277343750000000e-01
1.029052734375000000e+00 -1.647949218750000000e-01 -1.315917968750000000e-01
1.026611328125000000e+00 -1.584472656250000000e-01 -4.223632812500000000e-02
1.026123046875000000e+00 -2.124023437500000000e-01 -8.447265625000000000e-02
9.697265625000000000e-01 -2.121582031250000000e-01 -6.958007812500000000e-02
9.777832031250000000e-01 -1.782226562500000000e-01 -4.248046875000000000e-02
1.021972656250000000e+00 -2.153320312500000000e-01 -8.618164062500000000e-02
1.030029296875000000e+00 -2.104492187500000000e-01 8.789062500000000000e-03
9.846191406250000000e-01 -2.133789062500000000e-01 -4.052734375000000000e-02
9.753417968750000000e-01 -1.662597656250000000e-01 -9.228515625000000000e-02
1.023681640625000000e+00 -2.021484375000000000e-01 -7.763671875000000000e-02
1.014648437500000000e+00 -1.176757812500000000e-01 4.150390625000000000e-03
1.012207031250000000e+00 -1.887207031250000000e-01 -3.369140625000000000e-02
1.017089843750000000e+00 -1.784667968750000000e-01 -1.391601562500000000e-01
9.331054687500000000e-01 -1.589355468750000000e-01 -1.142578125000000000e-01
9.360351562500000000e-01 -1.669921875000000000e-01 -1.301269531250000000e-01
1.018066406250000000e+00 -1.843261718750000000e-01 -1.196289062500000000e-01
1.131103515625000000e+00 -1.850585937500000000e-01 -1.879882812500000000e-01
1.062255859375000000e+00 -1.831054687500000000e-01 -1.643066406250000000e-01
1.004638671875000000e+00 -2.114257812500000000e-01 -1.530761718750000000e-01
9.526367187500000000e-01 -2.070312500000000000e-01 -1.489257812500000000e-01
9.597167968750000000e-01 -1.955566406250000000e-01 -8.862304687500000000e-02
9.833984375000000000e-01 -2.004394531250000000e-01 -2.033691406250000000e-01
9.963378906250000000e-01 -1.606445312500000000e-01 -1.691894531250000000e-01
9.970703125000000000e-01 -1.918945312500000000e-01 -2.009277343750000000e-01
1.007812500000000000e+00 -1.982421875000000000e-01 -1.489257812500000000e-01
9.287109375000000000e-01 -1.694335937500000000e-01 -1.513671875000000000e-01
1.006835937500000000e+00 -1.665039062500000000e-01 -9.521484375000000000e-02
1.016601562500000000e+00 -1.645507812500000000e-01 -1.210937500000000000e-01
9.772949218750000000e-01 -2.001953125000000000e-01 -2.094726562500000000e-01
9.707031250000000000e-01 -1.201171875000000000e-01 -1.076660156250000000e-01
1.014160156250000000e+00 -1.152343750000000000e-01 -1.289062500000000000e-01
9.858398437500000000e-01 -1.223144531250000000e-01 -2.353515625000000000e-01
1.020019531250000000e+00 -1.909179687500000000e-01 -1.994628906250000000e-01
1.016113281250000000e+00 -1.914062500000000000e-01 -9.741210937500000000e-02
9.360351562500000000e-01 -2.077636718750000000e-01 -5.517578125000000000e-02
9.763183593750000000e-01 -2.102050781250000000e-01 -2.536621093750000000e-01
9.729003906250000000e-01 -2.158203125000000000e-01 -1.821289062500000000e-01
1.001708984375000000e+00 -1.110839843750000000e-01 -1.152343750000000000e-01
9.184570312500000000e-01 -1.887207031250000000e-01 -4.394531250000000000e-02
9.765625000000000000e-01 -2.143554687500000000e-01 -1.787109375000000000e-01
9.899902343750000000e-01 -1.701660156250000000e-01 -2.241210937500000000e-01
1.012695312500000000e+00 -1.879882812500000000e-01 -1.188964843750000000e-01
9.318847656250000000e-01 -1.162109375000000000e-01 -9.716796875000000000e-02
1.008789062500000000e+00 -2.089843750000000000e-01 -4.833984375000000000e-02
9.721679687500000000e-01 -1.586914062500000000e-01 -1.518554687500000000e-01
9.794921875000000000e-01 -2.041015625000000000e-01 -1.569824218750000000e-01
9.726562500000000000e-01 -1.545410156250000000e-01 -2.092285156250000000e-01
1.004638671875000000e+00 -1.166992187500000000e-01 -1.425781250000000000e-01
9.291992187500000000e-01 -1.958007812500000000e-01 -1.401367187500000000e-01
9.843750000000000000e-01 -2.053222656250000000e-01 -1.174316406250000000e-01
1.030517578125000000e+00 -1.232910156250000000e-01 -1.572265625000000000e-01
1.016601562500000000e+00 -1.938476562500000000e-01 -1.206054687500000000e-01
1.016845703125000000e+00 -2.021484375000000000e-01 -1.130371093750000000e-01
1.017089843750000000e+00 -1.845703125000000000e-01 -1.098632812500000000e-01
9.694824218750000000e-01 -1.711425781250000000e-01 -1.972656250000000000e-01
1.015869140625000000e+00 -1.989746093750000000e-01 -2.006835937500000000e-01
9.218750000000000000e-01 -2.133789062500000000e-01 -1.464843750000000000e-01
1.001708984375000000e+00 -1.984863281250000000e-01 -1.416015625000000000e-01
1.022949218750000000e+00 -2.016601562500000000e-01 -1.215820312500000000e-01
9.746093750000000000e-01 -2.019042968750000000e-01 -2.043457031250000000e-01
9.743652343750000000e-01 -1.591796875000000000e-01 -2.150878906250000000e-01
1.013427734375000000e+00 -1.657714843750000000e-01 -1.999511718750000000e-01
1.012695312500000000e+00 -2.148437500000000000e-01 -1.999511718750000000e-01
1.010742187500000000e+00 -1.608886718750000000e-01 -1.667480468750000000e-01
1.029785156250000000e+00 -2.019042968750000000e-01 -1.726074218750000000e-01
1.017822265625000000e+00 -1.909179687500000000e-01 -2.160644531250000000e-01
9.714355468750000000e-01 -1.918945312500000000e-01 -2.104492187500000000e-01
1.016357421875000000e+00 -2.023925781250000000e-01 -1.162109375000000000e-01
1.003173828125000000e+00 -1.975097656250000000e-01 -1.135253906250000000e-01
1.020507812500000000e+00 -2.104492187500000000e-01 -1.013183593750000000e-01
1.014892578125000000e+00 -1.572265625000000000e-01 -1.525878906250000000e-01
1.016845703125000000e+00 -2.163085937500000000e-01 -1.542968750000000000e-01
1.010986328125000000e+00 -1.662597656250000000e-01 -9.814453125000000000e-02
1.009765625000000000e+00 -1.591796875000000000e-01 -1.477050781250000000e-01
1.012207031250000000e+00 -2.126464843750000000e-01 -1.052246093750000000e-01
1.020019531250000000e+00 -1.677246093750000000e-01 -9.814453125000000000e-02
1.023437500000000000e+00 -1.726074218750000000e-01 -1.118164062500000000e-01
1.021240234375000000e+00 -1.687011718750000000e-01 -1.909179687500000000e-01
1.017333984375000000e+00 -1.694335937500000000e-01 -1.220703125000000000e-01
1.004394531250000000e+00 -1.789550781250000000e-01 -1.166992187500000000e-01
1.003417968750000000e+00 -1.716308593750000000e-01 -1.235351562500000000e-01
1.006591796875000000e+00 -1.660156250000000000e-01 -1.152343750000000000e-01
1.017822265625000000e+00 -2.158203125000000000e-01 -9.765625000000000000e-02
1.018066406250000000e+00 -1.818847656250000000e-01 -1.459960937500000000e-01
1.016357421875000000e+00 -1.862792968750000000e-01 -1.262207031250000000e-01
1.028564453125000000e+00 -1.689453125000000000e-01 -1.469726562500000000e-01
1.026123046875000000e+00 -1.970214843750000000e-01 -1.362304687500000000e-01
1.025878906250000000e+00 -2.099609375000000000e-01 -1.384277343750000000e-01
9.689941406250000000e-01 -1.987304687500000000e-01 -1.406250000000000000e-01
9.804687500000000000e-01 -1.965332031250000000e-01 -1.379394531250000000e-01
9.819335937500000000e-01 -1.220703125000000000e-01 -1.418457031250000000e-01
9.812011718750000000e-01 -1.237792968750000000e-01 -1.264648437500000000e-01
1.063232421875000000e+00 -1.208496093750000000e-01 -1.489257812500000000e-01
9.782714843750000000e-01 -1.250000000000000000e-01 -1.513671875000000000e-01
9.375000000000000000e-01 -2.011718750000000000e-01 -1.420898437500000000e-01
9.213867187500000000e-01 -1.936035156250000000e-01 -1.467285156250000000e-01
9.311523437500000000e-01 -2.145996093750000000e-01 -1.499023437500000000e-01
9.318847656250000000e-01 -1.831054687500000000e-01 -1.540527343750000000e-01
9.165039062500000000e-01 -1.655273437500000000e-01 -1.479492187500000000e-01
9.404296875000000000e-01 -2.126464843750000000e-01 -1.491699218750000000e-01
9.406738281250000000e-01 -1.657714843750000000e-01 -2.175292968750000000e-01
1.114257812500000000e+00 -2.246093750000000000e-01 -3.923339843750000000e-01
1.095947265625000000e+00 -2.172851562500000000e-01 -3.125000000000000000e-01
9.533691406250000000e-01 -1.079101562500000000e-01 -2.143554687500000000e-01
9.458007812500000000e-01 -2.165527343750000000e-01 -1.501464843750000000e-01
9.106445312500000000e-01 -1.950683593750000000e-01 -1.506347656250000000e-01
1.006591796875000000e+00 -1.926269531250000000e-01 -1.564941406250000000e-01
9.814453125000000000e-01 -1.997070312500000000e-01 -1.828613281250000000e-01
9.790039062500000000e-01 -2.050781250000000000e-01 -1.606445312500000000e-01
1.016113281250000000e+00 -1.787109375000000000e-01 -2.116699218750000000e-01
1.009521484375000000e+00 -1.669921875000000000e-01 -1.928710937500000000e-01
1.007324218750000000e+00 -2.141113281250000000e-01 -1.899414062500000000e-01
1.010742187500000000e+00 -2.102050781250000000e-01 -2.106933593750000000e-01
1.009033203125000000e+00 -1.604003906250000000e-01 -2.009277343750000000e-01
1.009033203125000000e+00 -1.774902343750000000e-01 -2.070312500000000000e-01
1.012207031250000000e+00 -1.779785156250000000e-01 -1.928710937500000000e-01
1.009521484375000000e+00 -1.701660156250000000e-01 -1.069335937500000000e-01
1.010009765625000000e+00 -1.608886718750000000e-01 -1.025390625000000000e-01
1.010009765625000000e+00 -2.097167968750000000e-01 -9.545898437500000000e-02
1.024169921875000000e+00 -1.953125000000000000e-01 -9.887695312500000000e-02
1.021972656250000000e+00 -1.899414062500000000e-01 -1.547851562500000000e-01
1.018554687500000000e+00 -1.967773437500000000e-01 -1.054687500000000000e-01
1.018066406250000000e+00 -2.102050781250000000e-01 -9.545898437500000000e-02
1.015869140625000000e+00 -1.669921875000000000e-01 -1.027832031250000000e-01
1.023193359375000000e+00 -1.618652343750000000e-01 -1.137695312500000000e-01
1.015625000000000000e+00 -1.704101562500000000e-01 -1.030273437500000000e-01
1.015869140625000000e+00 -1.662597656250000000e-01 -9.790039062500000000e-02
1.022216796875000000e+00 -1.774902343750000000e-01 -1.132812500000000000e-01
1.019775390625000000e+00 -2.514648437500000000e-01 -1.118164062500000000e-01
1.020507812500000000e+00 -1.848144531250000000e-01 -1.025390625000000000e-01
1.013916015625000000e+00 -1.704101562500000000e-01 -1.560058593750000000e-01
1.022460937500000000e+00 -1.655273437500000000e-01 -1.525878906250000000e-01
1.020751953125000000e+00 -2.111816406250000000e-01 -1.560058593750000000e-01
1.027587890625000000e+00 -2.028808593750000000e-01 -1.496582031250000000e-01
1.025634765625000000e+00 -2.016601562500000000e-01 -1.508789062500000000e-01
9.704589843750000000e-01 -1.906738281250000000e-01 -9.716796875000000000e-02
9.692382812500000000e-01 -1.225585937500000000e-01 -1.372070312500000000e-01
1.025878906250000000e+00 -2.004394531250000000e-01 -1.455078125000000000e-01
1.028564453125000000e+00 -1.977539062500000000e-01 -1.503906250000000000e-01
1.023437500000000000e+00 -2.138671875000000000e-01 -1.396484375000000000e-01
1.025878906250000000e+00 -1.599121093750000000e-01 -1.445312500000000000e-01
1.022949218750000000e+00 -1.599121093750000000e-01 -1.496582031250000000e-01
1.020507812500000000e+00 -2.072753906250000000e-01 -1.437988281250000000e-01
1.021240234375000000e+00 -1.608886718750000000e-01 -1.032714843750000000e-01
1.015136718750000000e+00 -1.860351562500000000e-01 -1.198730468750000000e-01
1.022216796875000000e+00 -2.504882812500000000e-01 -1.174316406250000000e-01
1.015136718750000000e+00 -2.539062500000000000e-01 -1.127929687500000000e-01
1.017089843750000000e+00 -1.799316406250000000e-01 -1.149902343750000000e-01
