1.008056640625000000e+00 -2.077636718750000000e-01 -1.665039062500000000e-01
1.003173828125000000e+00 -1.928710937500000000e-01 -1.630859375000000000e-01
1.012451171875000000e+00 -1.513671875000000000e-01 -1.669921875000000000e-01
1.012451171875000000e+00 -1.513671875000000000e-01 -1.669921875000000000e-01
1.022216796875000000e+00 -9.545898437500000000e-02 -1.616210937500000000e-01
1.022216796875000000e+00 -9.545898437500000000e-02 -1.616210937500000000e-01
1.016601562500000000e+00 -9.423828125000000000e-02 -1.594238281250000000e-01
1.011962890625000000e+00 -1.037597656250000000e-01 -2.167968750000000000e-01
1.024414062500000000e+00 -1.474609375000000000e-01 -1.579589843750000000e-01
9.780273437500000000e-01 -1.220703125000000000e-01 -1.794433593750000000e-01
1.027832031250000000e+00 -1.003417968750000000e-01 -2.580566406250000000e-01
1.027832031250000000e+00 -1.003417968750000000e-01 -2.580566406250000000e-01
1.017578125000000000e+00 -1.560058593750000000e-01 -1.777343750000000000e-01
1.015869140625000000e+00 -1.018066406250000000e-01 -2.026367187500000000e-01
9.465332031250000000e-01 -2.099609375000000000e-01 -1.369628906250000000e-01
9.729003906250000000e-01 -1.887207031250000000e-01 2.026367187500000000e-02
9.729003906250000000e-01 -1.887207031250000000e-01 2.026367187500000000e-02
1.029785156250000000e+00 -1.225585937500000000e-01 -8.911132812500000000e-02
1.029785156250000000e+00 -1.225585937500000000e-01 -8.911132812500000000e-02
9.775390625000000000e-01 -1.071777343750000000e-01 -1.401367187500000000e-01
9.277343750000000000e-01 -1.398925781250000000e-01 -1.103515625000000000e-01
9.277343750000000000e-01 -1.398925781250000000e-01 -1.103515625000000000e-01
9.819335937500000000e-01 -1.914062500000000000e-01 -1.516113281250000000e-01
9.819335937500000000e-01 -1.914062500000000000e-01 -1.516113281250000000e-01
9.699707031250000000e-01 -1.682128906250000000e-01 -1.413574218750000000e-01
1.026367187500000000e+00 -2.133789062500000000e-01 -8.349609375000000000e-02
1.086914062500000000e+00 -1.184082031250000000e-01 -8.203125000000000000e-02
1.086914062500000000e+00 -1.184082031250000000e-01 -8.203125000000000000e-02
9.797363281250000000e-01 -6.201171875000000000e-02 9.033203125000000000e-03
9.797363281250000000e-01 -6.201171875000000000e-02 9.033203125000000000e-03
9.724121093750000000e-01 -8.081054687500000000e-02 -2.685546875000000000e-02
9.724121093750000000e-01 -8.081054687500000000e-02 -2.685546875000000000e-02
1.025634765625000000e+00 -8.520507812500000000e-02 -2.783203125000000000e-02
1.005615234375000000e+00 -5.224609375000000000e-02 -1.875000000000000000e-01
1.005615234375000000e+00 -5.224609375000000000e-02 -1.875000000000000000e-01
1.089843750000000000e+00 -6.274414062500000000e-02 -1.037597656250000000e-01
1.089843750000000000e+00 -6.274414062500000000e-02 -1.037597656250000000e-01
1.014892578125000000e+00 -1.296386718750000000e-01 -1.843261718750000000e-01
1.014892578125000000e+00 -1.296386718750000000e-01 -1.843261718750000000e-01
1.014892578125000000e+00 -1.296386718750000000e-01 -1.843261718750000000e-01
8.942871093750000000e-01 -1.811523437500000000e-01 -2.124023437500000000e-01
8.942871093750000000e-01 -1.811523437500000000e-01 -2.124023437500000000e-01
1.087646484375000000e+00 -3.461914062500000000e-01 -8.398437500000000000e-02
1.086181640625000000e+00 -1.459960937500000000e-01 -5.883789062500000000e-02
1.002197265625000000e+00 -1.821289062500000000e-01 -5.737304687500000000e-02
9.843750000000000000e-01 -2.844238281250000000e-01 -9.106445312500000000e-02
1.012207031250000000e+00 -2.224121093750000000e-01 -8.837890625000000000e-02
9.660644531250000000e-01 -1.657714843750000000e-01 -1.325683593750000000e-01
1.069335937500000000e+00 -2.585449218750000000e-01 -1.005859375000000000e-01
1.017578125000000000e+00 -2.749023437500000000e-01 -1.870117187500000000e-01
9.091796875000000000e-01 -1.701660156250000000e-01 -1.923828125000000000e-01
9.133300781250000000e-01 -7.324218750000000000e-02 -5.053710937500000000e-02
1.018554687500000000e+00 -1.264648437500000000e-01 -1.413574218750000000e-01
1.018554687500000000e+00 -1.264648437500000000e-01 -1.413574218750000000e-01
1.014648437500000000e+00 -1.499023437500000000e-01 -9.008789062500000000e-02
9.555664062500000000e-01 2.197265625000000000e-03 -7.641601562500000000e-02
9.375000000000000000e-01 7.812500000000000000e-03 -1.259765625000000000e-01
8.977050781250000000e-01 -9.326171875000000000e-02 -4.736328125000000000e-02
9.099121093750000000e-01 -7.421875000000000000e-02 -2.807617187500000000e-02
8.967285156250000000e-01 2.197265625000000000e-03 -4.736328125000000000e-02
1.055664062500000000e+00 -1.455078125000000000e-01 7.080078125000000000e-03
9.072265625000000000e-01 7.788085937500000000e-02 -8.056640625000000000e-02
1.103759765625000000e+00 3.076171875000000000e-02 -3.027343750000000000e-02
9.645996093750000000e-01 -5.541992187500000000e-02 7.763671875000000000e-02
9.375000000000000000e-01 1.286621093750000000e-01 6.103515625000000000e-03
8.842773437500000000e-01 -2.954101562500000000e-02 -1.953125000000000000e-03
9.223632812500000000e-01 4.492187500000000000e-02 6.787109375000000000e-02
9.223632812500000000e-01 4.492187500000000000e-02 6.787109375000000000e-02
9.121093750000000000e-01 1.069335937500000000e-01 1.923828125000000000e-01
1.027343750000000000e+00 1.604003906250000000e-01 2.009277343750000000e-01
1.086914062500000000e+00 2.109375000000000000e-01 3.046875000000000000e-01
1.100341796875000000e+00 7.055664062500000000e-02 5.644531250000000000e-01
1.125732421875000000e+00 -1.945800781250000000e-01 5.261230468750000000e-01
1.360107421875000000e+00 -1.972656250000000000e-01 6.879882812500000000e-01
1.282958984375000000e+00 7.934570312500000000e-02 7.236328125000000000e-01
6.928710937500000000e-01 3.168945312500000000e-01 5.693359375000000000e-01
6.567382812500000000e-01 4.443359375000000000e-01 5.595703125000000000e-01
7.036132812500000000e-01 4.970703125000000000e-01 7.768554687500000000e-01
6.057128906250000000e-01 4.318847656250000000e-01 7.714843750000000000e-01
5.612792968750000000e-01 5.085449218750000000e-01 7.458496093750000000e-01
4.899902343750000000e-01 5.065917968750000000e-01 6.706542968750000000e-01
4.882812500000000000e-01 5.820312500000000000e-01 8.208007812500000000e-01
4.882812500000000000e-01 5.820312500000000000e-01 8.208007812500000000e-01
4.353027343750000000e-01 5.773925781250000000e-01 8.349609375000000000e-01
3.266601562500000000e-01 1.391601562500000000e-01 1.063232421875000000e+00
1.557617187500000000e-01 4.223632812500000000e-02 1.174072265625000000e+00
6.298828125000000000e-02 -2.211914062500000000e-01 1.067382812500000000e+00
-2.368164062500000000e-02 -2.590332031250000000e-01 1.237060546875000000e+00
1.152343750000000000e-01 -2.470703125000000000e-01 9.367675781250000000e-01
1.564941406250000000e-01 -2.915039062500000000e-01 1.048583984375000000e+00
1.657714843750000000e-01 -1.188964843750000000e-01 1.110595703125000000e+00
1.657714843750000000e-01 -1.188964843750000000e-01 1.110595703125000000e+00
1.828613281250000000e-01 -9.350585937500000000e-02 1.086914062500000000e+00
3.886718750000000000e-01 -6.738281250000000000e-02 1.130371093750000000e+00
1.992187500000000000e-01 -9.277343750000000000e-02 1.061035156250000000e+00
5.590820312500000000e-02 -4.296875000000000000e-02 9.782714843750000000e-01
2.009277343750000000e-01 7.324218750000000000e-03 9.760742187500000000e-01
2.009277343750000000e-01 7.324218750000000000e-03 9.760742187500000000e-01
2.712402343750000000e-01 -3.515625000000000000e-02 1.137939453125000000e+00
2.712402343750000000e-01 -3.515625000000000000e-02 1.137939453125000000e+00
2.006835937500000000e-01 -1.926269531250000000e-01 1.128173828125000000e+00
9.741210937500000000e-02 -2.548828125000000000e-01 1.032958984375000000e+00
9.741210937500000000e-02 -2.548828125000000000e-01 1.032958984375000000e+00
1.508789062500000000e-01 -1.879882812500000000e-01 1.035888671875000000e+00
1.027832031250000000e-01 -9.643554687500000000e-02 1.097167968750000000e+00
1.027832031250000000e-01 -9.643554687500000000e-02 1.097167968750000000e+00
1.228027343750000000e-01 -1.376953125000000000e-01 1.109375000000000000e+00
2.031250000000000000e-01 -1.325683593750000000e-01 1.048095703125000000e+00
2.031250000000000000e-01 -1.325683593750000000e-01 1.048095703125000000e+00
2.089843750000000000e-01 -1.437988281250000000e-01 1.092285156250000000e+00
2.089843750000000000e-01 -1.437988281250000000e-01 1.092285156250000000e+00
2.185058593750000000e-01 -1.542968750000000000e-01 1.087890625000000000e+00
2.185058593750000000e-01 -1.542968750000000000e-01 1.087890625000000000e+00
1.574707031250000000e-01 -1.477050781250000000e-01 1.048095703125000000e+00
1.909179687500000000e-01 -1.445312500000000000e-01 1.125976562500000000e+00
1.972656250000000000e-01 -1.003417968750000000e-01 1.052001953125000000e+00
2.026367187500000000e-01 -1.069335937500000000e-01 1.048583984375000000e+00
1.645507812500000000e-01 -1.540527343750000000e-01 1.126464843750000000e+00
1.582031250000000000e-01 -1.394042968750000000e-01 1.049560546875000000e+00
2.072753906250000000e-01 -1.462402343750000000e-01 1.039062500000000000e+00
1.989746093750000000e-01 -1.550292968750000000e-01 1.057617187500000000e+00
2.021484375000000000e-01 -9.912109375000000000e-02 1.052490234375000000e+00
2.087402343750000000e-01 -1.560058593750000000e-01 1.052246093750000000e+00
2.041015625000000000e-01 -1.542968750000000000e-01 1.049316406250000000e+00
1.984863281250000000e-01 -1.552734375000000000e-01 1.052490234375000000e+00
1.984863281250000000e-01 -1.552734375000000000e-01 1.052490234375000000e+00
2.004394531250000000e-01 -9.594726562500000000e-02 1.043701171875000000e+00
1.896972656250000000e-01 -9.765625000000000000e-02 1.127929687500000000e+00
2.009277343750000000e-01 -1.562500000000000000e-01 1.048583984375000000e+00
1.958007812500000000e-01 -1.501464843750000000e-01 1.053955078125000000e+00
1.928710937500000000e-01 -9.765625000000000000e-02 1.060058593750000000e+00
1.958007812500000000e-01 -1.555175781250000000e-01 1.052978515625000000e+00
1.955566406250000000e-01 -9.423828125000000000e-02 1.048583984375000000e+00
1.977539062500000000e-01 -9.643554687500000000e-02 1.053222656250000000e+00
1.970214843750000000e-01 -1.000976562500000000e-01 1.050537109375000000e+00
1.931152343750000000e-01 -9.667968750000000000e-02 1.046142578125000000e+00
1.918945312500000000e-01 -9.570312500000000000e-02 1.050781250000000000e+00
1.918945312500000000e-01 -9.643554687500000000e-02 1.058837890625000000e+00
1.982421875000000000e-01 -9.643554687500000000e-02 1.052490234375000000e+00
1.950683593750000000e-01 -9.570312500000000000e-02 1.052734375000000000e+00
1.982421875000000000e-01 -9.448242187500000000e-02 1.059082031250000000e+00
2.004394531250000000e-01 -1.032714843750000000e-01 1.051513671875000000e+00
1.899414062500000000e-01 -1.516113281250000000e-01 1.062255859375000000e+00
2.033691406250000000e-01 -1.027832031250000000e-01 1.056396484375000000e+00
1.931152343750000000e-01 -1.520996093750000000e-01 1.041992187500000000e+00
1.931152343750000000e-01 -1.518554687500000000e-01 1.057373046875000000e+00
1.953125000000000000e-01 -9.448242187500000000e-02 1.051025390625000000e+00
2.014160156250000000e-01 -1.503906250000000000e-01 1.053222656250000000e+00
1.970214843750000000e-01 -1.496582031250000000e-01 1.051025390625000000e+00
2.087402343750000000e-01 -1.472167968750000000e-01 1.049560546875000000e+00
2.058105468750000000e-01 -1.542968750000000000e-01 1.051269531250000000e+00
2.028808593750000000e-01 -1.545410156250000000e-01 1.049316406250000000e+00
2.111816406250000000e-01 -9.448242187500000000e-02 1.044189453125000000e+00
2.082519531250000000e-01 -1.545410156250000000e-01 1.051513671875000000e+00
2.028808593750000000e-01 -1.508789062500000000e-01 1.060058593750000000e+00
2.033691406250000000e-01 -1.542968750000000000e-01 1.051025390625000000e+00
1.955566406250000000e-01 -9.985351562500000000e-02 1.153808593750000000e+00
2.102050781250000000e-01 -1.032714843750000000e-01 1.065673828125000000e+00
1.948242187500000000e-01 -1.540527343750000000e-01 1.052246093750000000e+00
1.906738281250000000e-01 -1.406250000000000000e-01 1.134033203125000000e+00
1.975097656250000000e-01 -1.450195312500000000e-01 1.033691406250000000e+00
1.901855468750000000e-01 -1.452636718750000000e-01 1.145019531250000000e+00
1.901855468750000000e-01 -9.765625000000000000e-02 1.050781250000000000e+00
1.992187500000000000e-01 -1.081542968750000000e-01 1.098876953125000000e+00
1.181640625000000000e-01 -1.535644531250000000e-01 1.073974609375000000e+00
1.965332031250000000e-01 -9.765625000000000000e-02 1.112548828125000000e+00
1.525878906250000000e-01 -1.555175781250000000e-01 1.073730468750000000e+00
1.542968750000000000e-01 -1.193847656250000000e-01 1.089355468750000000e+00
1.206054687500000000e-01 -5.810546875000000000e-02 1.196044921875000000e+00
1.354980468750000000e-01 -4.541015625000000000e-02 1.042480468750000000e+00
1.989746093750000000e-01 -1.171875000000000000e-01 1.129882812500000000e+00
1.220703125000000000e-01 -7.812500000000000000e-02 1.034423828125000000e+00
1.059570312500000000e-01 -8.496093750000000000e-02 1.132080078125000000e+00
5.908203125000000000e-02 -1.552734375000000000e-01 1.148193359375000000e+00
6.933593750000000000e-02 -1.774902343750000000e-01 1.127197265625000000e+00
-3.906250000000000000e-03 -2.380371093750000000e-01 1.144042968750000000e+00
4.516601562500000000e-02 -2.197265625000000000e-01 1.046875000000000000e+00
9.497070312500000000e-02 -1.105957031250000000e-01 1.038818359375000000e+00
-4.931640625000000000e-02 -2.536621093750000000e-01 1.082031250000000000e+00
4.394531250000000000e-02 -1.286621093750000000e-01 1.135742187500000000e+00
6.396484375000000000e-02 1.391601562500000000e-02 1.198242187500000000e+00
1.162109375000000000e-01 9.375000000000000000e-02 1.089355468750000000e+00
2.639160156250000000e-01 9.790039062500000000e-02 1.073974609375000000e+00
3.254394531250000000e-01 9.350585937500000000e-02 1.103759765625000000e+00
2.492675781250000000e-01 -9.008789062500000000e-02 1.081298828125000000e+00
4.199218750000000000e-01 -1.862792968750000000e-01 1.013916015625000000e+00
4.533691406250000000e-01 -2.158203125000000000e-01 1.027343750000000000e+00
4.323730468750000000e-01 -1.257324218750000000e-01 9.333496093750000000e-01
4.323730468750000000e-01 -1.257324218750000000e-01 9.333496093750000000e-01
5.710449218750000000e-01 -9.277343750000000000e-03 1.005126953125000000e+00
5.451660156250000000e-01 -2.734375000000000000e-02 8.527832031250000000e-01
5.327148437500000000e-01 1.135253906250000000e-01 8.503417968750000000e-01
6.247558593750000000e-01 8.911132812500000000e-02 8.898925781250000000e-01
6.623535156250000000e-01 4.638671875000000000e-02 7.856445312500000000e-01
7.583007812500000000e-01 4.492187500000000000e-02 8.034667968750000000e-01
7.558593750000000000e-01 1.376953125000000000e-01 7.326660156250000000e-01
7.309570312500000000e-01 2.106933593750000000e-01 6.789550781250000000e-01
7.778320312500000000e-01 1.684570312500000000e-01 6.992187500000000000e-01
7.404785156250000000e-01 1.799316406250000000e-01 6.809082031250000000e-01
7.670898437500000000e-01 1.162109375000000000e-01 7.622070312500000000e-01
