9.914550781250000000e-01 1.445312500000000000e-01 6.591796875000000000e-02
9.941406250000000000e-01 1.445312500000000000e-01 -1.098632812500000000e-02
9.787597656250000000e-01 1.408691406250000000e-01 -7.568359375000000000e-03
9.787597656250000000e-01 1.408691406250000000e-01 -7.568359375000000000e-03
9.826660156250000000e-01 1.420898437500000000e-01 -1.293945312500000000e-02
9.868164062500000000e-01 1.472167968750000000e-01 -1.123046875000000000e-02
9.851074218750000000e-01 1.452636718750000000e-01 -1.538085937500000000e-02
9.768066406250000000e-01 1.450195312500000000e-01 -7.812500000000000000e-03
9.821777343750000000e-01 1.477050781250000000e-01 -9.765625000000000000e-03
9.836425781250000000e-01 1.499023437500000000e-01 -1.660156250000000000e-02
9.851074218750000000e-01 1.472167968750000000e-01 -1.831054687500000000e-02
9.802246093750000000e-01 1.467285156250000000e-01 -1.635742187500000000e-02
9.797363281250000000e-01 1.530761718750000000e-01 -1.318359375000000000e-02
9.819335937500000000e-01 1.503906250000000000e-01 -1.635742187500000000e-02
9.863281250000000000e-01 1.494140625000000000e-01 -2.050781250000000000e-02
9.846191406250000000e-01 1.496582031250000000e-01 -2.148437500000000000e-02
9.848632812500000000e-01 1.496582031250000000e-01 2.905273437500000000e-02
9.812011718750000000e-01 9.643554687500000000e-02 2.197265625000000000e-03
1.030273437500000000e+00 1.525878906250000000e-01 -6.567382812500000000e-02
9.716796875000000000e-01 1.354980468750000000e-01 -6.713867187500000000e-02
1.017578125000000000e+00 1.262207031250000000e-01 -3.125000000000000000e-02
1.018554687500000000e+00 4.345703125000000000e-02 -4.003906250000000000e-02
9.738769531250000000e-01 9.204101562500000000e-02 -4.760742187500000000e-02
1.064453125000000000e+00 9.301757812500000000e-02 -1.254882812500000000e-01
1.087402343750000000e+00 9.350585937500000000e-02 -9.423828125000000000e-02
9.921875000000000000e-01 7.519531250000000000e-02 -6.738281250000000000e-02
9.138183593750000000e-01 7.226562500000000000e-02 3.393554687500000000e-02
1.001220703125000000e+00 8.691406250000000000e-02 7.128906250000000000e-02
1.071533203125000000e+00 4.711914062500000000e-02 -7.763671875000000000e-02
1.031250000000000000e+00 6.347656250000000000e-02 -3.979492187500000000e-02
9.533691406250000000e-01 -6.835937500000000000e-03 -5.883789062500000000e-02
8.515625000000000000e-01 -1.562500000000000000e-02 -1.201171875000000000e-01
9.179687500000000000e-01 -6.738281250000000000e-02 -2.141113281250000000e-01
9.157714843750000000e-01 -6.884765625000000000e-02 -1.704101562500000000e-01
8.037109375000000000e-01 6.713867187500000000e-02 -1.596679687500000000e-01
7.241210937500000000e-01 4.858398437500000000e-02 -1.828613281250000000e-01
8.959960937500000000e-01 8.569335937500000000e-02 -2.592773437500000000e-01
8.483886718750000000e-01 7.983398437500000000e-02 -1.474609375000000000e-01
7.976074218750000000e-01 7.666015625000000000e-02 -1.184082031250000000e-01
8.906250000000000000e-01 -4.882812500000000000e-04 -2.348632812500000000e-01
8.105468750000000000e-01 6.298828125000000000e-02 -3.696289062500000000e-01
8.183593750000000000e-01 1.376953125000000000e-01 -4.746093750000000000e-01
8.305664062500000000e-01 6.762695312500000000e-02 -5.322265625000000000e-01
7.561035156250000000e-01 4.492187500000000000e-02 -6.213378906250000000e-01
6.923828125000000000e-01 3.320312500000000000e-02 -6.245117187500000000e-01
6.237792968750000000e-01 1.513671875000000000e-01 -7.685546875000000000e-01
5.371093750000000000e-01 1.328125000000000000e-01 -8.984375000000000000e-01
6.999511718750000000e-01 7.788085937500000000e-02 -1.137207031250000000e+00
7.172851562500000000e-01 4.272460937500000000e-02 -9.135742187500000000e-01
8.754882812500000000e-01 6.665039062500000000e-02 -8.703613281250000000e-01
8.061523437500000000e-01 -2.441406250000000000e-02 -9.299316406250000000e-01
7.229003906250000000e-01 -6.347656250000000000e-02 -8.120117187500000000e-01
8.115234375000000000e-01 2.709960937500000000e-02 -6.093750000000000000e-01
8.869628906250000000e-01 5.395507812500000000e-02 -3.278808593750000000e-01
1.021240234375000000e+00 9.252929687500000000e-02 -2.734375000000000000e-01
1.036865234375000000e+00 5.541992187500000000e-02 -1.040039062500000000e-01
1.194335937500000000e+00 9.301757812500000000e-02 -3.613281250000000000e-02
1.103515625000000000e+00 1.372070312500000000e-01 4.858398437500000000e-02
1.848144531250000000e-01 4.787597656250000000e-01 2.758789062500000000e-01
9.426269531250000000e-01 5.981445312500000000e-02 4.943847656250000000e-01
9.362792968750000000e-01 4.687500000000000000e-02 5.283203125000000000e-01
7.895507812500000000e-01 7.592773437500000000e-02 6.870117187500000000e-01
6.335449218750000000e-01 -8.056640625000000000e-03 7.248535156250000000e-01
6.645507812500000000e-01 2.050781250000000000e-02 8.105468750000000000e-01
6.899414062500000000e-01 -9.521484375000000000e-03 8.496093750000000000e-01
6.245117187500000000e-01 -4.638671875000000000e-03 8.513183593750000000e-01
6.909179687500000000e-01 7.031250000000000000e-02 8.237304687500000000e-01
6.152343750000000000e-01 -3.417968750000000000e-03 8.962402343750000000e-01
7.160644531250000000e-01 9.179687500000000000e-02 8.088378906250000000e-01
7.541503906250000000e-01 1.333007812500000000e-01 7.844238281250000000e-01
7.094726562500000000e-01 5.346679687500000000e-02 8.686523437500000000e-01
6.145019531250000000e-01 9.619140625000000000e-02 8.847656250000000000e-01
5.603027343750000000e-01 1.503906250000000000e-01 9.113769531250000000e-01
6.430664062500000000e-01 1.442871093750000000e-01 8.640136718750000000e-01
6.491699218750000000e-01 6.030273437500000000e-02 8.791503906250000000e-01
6.132812500000000000e-01 8.789062500000000000e-02 8.466796875000000000e-01
6.242675781250000000e-01 7.104492187500000000e-02 8.630371093750000000e-01
6.901855468750000000e-01 8.715820312500000000e-02 8.554687500000000000e-01
6.171875000000000000e-01 3.784179687500000000e-02 8.542480468750000000e-01
5.952148437500000000e-01 8.837890625000000000e-02 8.505859375000000000e-01
6.428222656250000000e-01 4.931640625000000000e-02 8.688964843750000000e-01
5.957031250000000000e-01 1.279296875000000000e-01 8.586425781250000000e-01
6.450195312500000000e-01 4.663085937500000000e-02 8.730468750000000000e-01
6.472167968750000000e-01 5.029296875000000000e-02 9.377441406250000000e-01
6.542968750000000000e-01 5.322265625000000000e-02 8.732910156250000000e-01
5.969238281250000000e-01 4.125976562500000000e-02 9.028320312500000000e-01
6.557617187500000000e-01 3.466796875000000000e-02 9.060058593750000000e-01
6.032714843750000000e-01 4.101562500000000000e-02 9.045410156250000000e-01
6.262207031250000000e-01 3.515625000000000000e-02 9.641113281250000000e-01
6.386718750000000000e-01 3.979492187500000000e-02 9.448242187500000000e-01
6.372070312500000000e-01 3.637695312500000000e-02 8.691406250000000000e-01
6.311035156250000000e-01 3.784179687500000000e-02 9.450683593750000000e-01
6.313476562500000000e-01 4.101562500000000000e-02 8.713378906250000000e-01
6.345214843750000000e-01 4.248046875000000000e-02 8.735351562500000000e-01
6.335449218750000000e-01 4.150390625000000000e-02 9.423828125000000000e-01
6.369628906250000000e-01 4.809570312500000000e-02 9.455566406250000000e-01
6.330566406250000000e-01 3.930664062500000000e-02 9.423828125000000000e-01
6.462402343750000000e-01 3.466796875000000000e-02 8.657226562500000000e-01
6.347656250000000000e-01 3.686523437500000000e-02 8.745117187500000000e-01
6.303710937500000000e-01 4.174804687500000000e-02 9.455566406250000000e-01
6.276855468750000000e-01 4.345703125000000000e-02 9.399414062500000000e-01
6.303710937500000000e-01 3.979492187500000000e-02 9.392089843750000000e-01
6.289062500000000000e-01 4.394531250000000000e-02 9.477539062500000000e-01
6.335449218750000000e-01 4.223632812500000000e-02 9.392089843750000000e-01
6.264648437500000000e-01 3.735351562500000000e-02 9.438476562500000000e-01
6.303710937500000000e-01 3.979492187500000000e-02 9.472656250000000000e-01
6.291503906250000000e-01 4.345703125000000000e-02 9.404296875000000000e-01
6.335449218750000000e-01 4.614257812500000000e-02 9.411621093750000000e-01
6.311035156250000000e-01 4.492187500000000000e-02 9.460449218750000000e-01
6.257324218750000000e-01 4.174804687500000000e-02 9.401855468750000000e-01
6.311035156250000000e-01 4.785156250000000000e-02 9.416503906250000000e-01
6.269531250000000000e-01 4.394531250000000000e-02 9.558105468750000000e-01
6.384277343750000000e-01 4.638671875000000000e-02 8.745117187500000000e-01
6.372070312500000000e-01 4.760742187500000000e-02 9.450683593750000000e-01
6.433105468750000000e-01 4.296875000000000000e-02 8.676757812500000000e-01
6.433105468750000000e-01 4.101562500000000000e-02 8.747558593750000000e-01
6.474609375000000000e-01 4.003906250000000000e-02 8.679199218750000000e-01
6.486816406250000000e-01 3.686523437500000000e-02 8.669433593750000000e-01
6.491699218750000000e-01 4.687500000000000000e-02 8.610839843750000000e-01
6.530761718750000000e-01 4.394531250000000000e-02 8.564453125000000000e-01
5.969238281250000000e-01 3.979492187500000000e-02 8.583984375000000000e-01
5.969238281250000000e-01 4.492187500000000000e-02 8.581542968750000000e-01
6.538085937500000000e-01 5.029296875000000000e-02 8.593750000000000000e-01
5.944824218750000000e-01 4.614257812500000000e-02 8.483886718750000000e-01
6.027832031250000000e-01 4.467773437500000000e-02 8.576660156250000000e-01
6.057128906250000000e-01 4.199218750000000000e-02 8.525390625000000000e-01
6.008300781250000000e-01 4.150390625000000000e-02 8.540039062500000000e-01
5.988769531250000000e-01 3.979492187500000000e-02 8.566894531250000000e-01
6.000976562500000000e-01 4.565429687500000000e-02 8.593750000000000000e-01
6.098632812500000000e-01 4.931640625000000000e-02 8.564453125000000000e-01
6.193847656250000000e-01 3.979492187500000000e-02 9.011230468750000000e-01
6.162109375000000000e-01 4.589843750000000000e-02 8.911132812500000000e-01
6.142578125000000000e-01 4.248046875000000000e-02 8.964843750000000000e-01
6.020507812500000000e-01 3.759765625000000000e-02 8.515625000000000000e-01
6.538085937500000000e-01 4.370117187500000000e-02 8.696289062500000000e-01
6.560058593750000000e-01 4.052734375000000000e-02 9.377441406250000000e-01
6.379394531250000000e-01 3.710937500000000000e-02 8.676757812500000000e-01
6.477050781250000000e-01 4.174804687500000000e-02 9.392089843750000000e-01
6.472167968750000000e-01 3.320312500000000000e-02 8.618164062500000000e-01
6.374511718750000000e-01 3.857421875000000000e-02 8.747558593750000000e-01
6.301269531250000000e-01 3.955078125000000000e-02 9.448242187500000000e-01
6.279296875000000000e-01 3.784179687500000000e-02 9.414062500000000000e-01
6.369628906250000000e-01 3.588867187500000000e-02 9.479980468750000000e-01
6.271972656250000000e-01 3.588867187500000000e-02 9.406738281250000000e-01
5.573730468750000000e-01 3.686523437500000000e-02 9.475097656250000000e-01
5.505371093750000000e-01 3.784179687500000000e-02 9.504394531250000000e-01
5.554199218750000000e-01 3.686523437500000000e-02 9.624023437500000000e-01
5.595703125000000000e-01 3.857421875000000000e-02 9.516601562500000000e-01
5.593261718750000000e-01 9.326171875000000000e-02 9.487304687500000000e-01
5.495605468750000000e-01 3.149414062500000000e-02 9.506835937500000000e-01
5.549316406250000000e-01 9.252929687500000000e-02 9.531250000000000000e-01
5.512695312500000000e-01 3.393554687500000000e-02 9.482421875000000000e-01
5.532226562500000000e-01 3.442382812500000000e-02 9.409179687500000000e-01
5.571289062500000000e-01 8.789062500000000000e-02 9.008789062500000000e-01
5.949707031250000000e-01 5.175781250000000000e-02 1.080810546875000000e+00
6.213378906250000000e-01 4.199218750000000000e-02 7.226562500000000000e-01
6.582031250000000000e-01 3.344726562500000000e-02 8.381347656250000000e-01
7.102050781250000000e-01 9.277343750000000000e-02 8.435058593750000000e-01
6.740722656250000000e-01 3.637695312500000000e-02 8.317871093750000000e-01
7.260742187500000000e-01 5.249023437500000000e-02 7.641601562500000000e-01
7.851562500000000000e-01 5.200195312500000000e-02 7.607421875000000000e-01
8.027343750000000000e-01 -1.464843750000000000e-02 6.699218750000000000e-01
8.559570312500000000e-01 6.420898437500000000e-02 6.157226562500000000e-01
9.040527343750000000e-01 8.178710937500000000e-02 6.408691406250000000e-01
9.555664062500000000e-01 5.834960937500000000e-02 5.461425781250000000e-01
1.023437500000000000e+00 9.155273437500000000e-02 3.999023437500000000e-01
9.677734375000000000e-01 9.130859375000000000e-02 3.649902343750000000e-01
1.025146484375000000e+00 8.227539062500000000e-02 2.875976562500000000e-01
9.853515625000000000e-01 8.740234375000000000e-02 2.434082031250000000e-01
1.012207031250000000e+00 4.125976562500000000e-02 2.631835937500000000e-01
9.680175781250000000e-01 5.395507812500000000e-02 2.351074218750000000e-01
9.943847656250000000e-01 -5.834960937500000000e-02 2.783203125000000000e-02
1.061035156250000000e+00 7.495117187500000000e-02 -9.301757812500000000e-02
1.955566406250000000e+00 9.887695312500000000e-02 -1.588867187500000000e+00
1.003173828125000000e+00 8.325195312500000000e-02 -2.800292968750000000e-01
8.642578125000000000e-01 8.129882812500000000e-02 -4.306640625000000000e-01
8.837890625000000000e-01 3.564453125000000000e-02 -4.831542968750000000e-01
8.056640625000000000e-01 3.662109375000000000e-02 -5.891113281250000000e-01
6.762695312500000000e-01 3.833007812500000000e-02 -6.328125000000000000e-01
7.038574218750000000e-01 8.764648437500000000e-02 -6.953125000000000000e-01
6.916503906250000000e-01 8.862304687500000000e-02 -6.887207031250000000e-01
7.768554687500000000e-01 -1.369628906250000000e-01 1.430664062500000000e-01
7.983398437500000000e-01 7.055664062500000000e-02 -6.218261718750000000e-01
7.819824218750000000e-01 6.347656250000000000e-02 -6.184082031250000000e-01
7.729492187500000000e-01 -2.783203125000000000e-02 -6.555175781250000000e-01
6.828613281250000000e-01 -8.227539062500000000e-02 -6.093750000000000000e-01
7.675781250000000000e-01 -8.569335937500000000e-02 -7.502441406250000000e-01
6.828613281250000000e-01 -3.002929687500000000e-02 -7.844238281250000000e-01
6.970214843750000000e-01 -2.441406250000000000e-02 -8.532714843750000000e-01
6.955566406250000000e-01 -7.348632812500000000e-02 -9.484863281250000000e-01
6.462402343750000000e-01 -8.984375000000000000e-02 -9.096679687500000000e-01
4.970703125000000000e-01 -7.617187500000000000e-02 -9.509277343750000000e-01
5.246582031250000000e-01 1.098632812500000000e-02 -9.033203125000000000e-01
4.533691406250000000e-01 -2.734375000000000000e-02 -9.060058593750000000e-01
3.100585937500000000e-01 -1.611328125000000000e-02 -9.147949218750000000e-01
2.841796875000000000e-01 7.641601562500000000e-02 -1.009033203125000000e+00
2.937011718750000000e-01 4.760742187500000000e-02 -1.027343750000000000e+00
4.111328125000000000e-01 1.289062500000000000e-01 -9.042968750000000000e-01
5.778808593750000000e-01 1.455078125000000000e-01 -7.895507812500000000e-01
5.988769531250000000e-01 2.060546875000000000e-01 -6.572265625000000000e-01
