9.792480468750000000e-01 -6.323242187500000000e-02 -9.252929687500000000e-02
9.804687500000000000e-01 6.835937500000000000e-03 -3.320312500000000000e-02
9.804687500000000000e-01 6.835937500000000000e-03 -3.320312500000000000e-02
9.804687500000000000e-01 3.173828125000000000e-03 -3.173828125000000000e-02
9.804687500000000000e-01 3.173828125000000000e-03 -3.173828125000000000e-02
9.829101562500000000e-01 4.638671875000000000e-03 -8.325195312500000000e-02
9.768066406250000000e-01 2.197265625000000000e-03 -3.247070312500000000e-02
9.780273437500000000e-01 3.173828125000000000e-03 -3.466796875000000000e-02
9.768066406250000000e-01 5.371093750000000000e-03 -3.588867187500000000e-02
9.777832031250000000e-01 5.859375000000000000e-03 -4.101562500000000000e-02
9.775390625000000000e-01 7.568359375000000000e-03 -3.417968750000000000e-02
9.787597656250000000e-01 4.882812500000000000e-03 -9.155273437500000000e-02
9.770507812500000000e-01 1.049804687500000000e-02 -3.369140625000000000e-02
9.785156250000000000e-01 1.171875000000000000e-02 -3.540039062500000000e-02
9.814453125000000000e-01 7.324218750000000000e-03 -4.101562500000000000e-02
9.780273437500000000e-01 8.056640625000000000e-03 -3.149414062500000000e-02
9.768066406250000000e-01 6.591796875000000000e-03 -4.199218750000000000e-02
9.782714843750000000e-01 2.197265625000000000e-03 -3.662109375000000000e-02
9.790039062500000000e-01 3.173828125000000000e-03 -3.247070312500000000e-02
9.790039062500000000e-01 9.765625000000000000e-03 -3.686523437500000000e-02
9.770507812500000000e-01 1.367187500000000000e-02 -9.252929687500000000e-02
9.775390625000000000e-01 2.416992187500000000e-02 -3.930664062500000000e-02
9.775390625000000000e-01 2.416992187500000000e-02 -3.930664062500000000e-02
9.790039062500000000e-01 2.587890625000000000e-02 -9.130859375000000000e-02
9.748535156250000000e-01 2.978515625000000000e-02 -3.857421875000000000e-02
9.802246093750000000e-01 -2.856445312500000000e-02 -3.515625000000000000e-02
9.750976562500000000e-01 -2.270507812500000000e-02 -4.125976562500000000e-02
1.029785156250000000e+00 -9.521484375000000000e-03 -4.321289062500000000e-02
9.868164062500000000e-01 7.324218750000000000e-02 -5.908203125000000000e-02
9.743652343750000000e-01 -1.733398437500000000e-02 -5.493164062500000000e-02
1.029296875000000000e+00 -1.635742187500000000e-02 -4.858398437500000000e-02
1.029052734375000000e+00 2.343750000000000000e-02 -4.736328125000000000e-02
9.731445312500000000e-01 1.245117187500000000e-02 -4.077148437500000000e-02
9.846191406250000000e-01 1.831054687500000000e-02 -1.257324218750000000e-01
9.846191406250000000e-01 1.831054687500000000e-02 -1.257324218750000000e-01
9.714355468750000000e-01 -1.708984375000000000e-03 -1.379394531250000000e-01
9.372558593750000000e-01 -8.398437500000000000e-02 -4.760742187500000000e-02
9.995117187500000000e-01 -4.663085937500000000e-02 -1.394042968750000000e-01
1.003173828125000000e+00 -5.566406250000000000e-02 -1.386718750000000000e-01
9.931640625000000000e-01 -1.408691406250000000e-01 -1.306152343750000000e-01
9.367675781250000000e-01 -1.406250000000000000e-01 -1.259765625000000000e-01
1.024658203125000000e+00 -1.164550781250000000e-01 -5.761718750000000000e-02
9.863281250000000000e-01 -2.067871093750000000e-01 -1.311035156250000000e-01
1.009033203125000000e+00 -1.987304687500000000e-01 -1.372070312500000000e-01
9.902343750000000000e-01 -9.814453125000000000e-02 -5.541992187500000000e-02
1.020751953125000000e+00 -1.174316406250000000e-01 -5.590820312500000000e-02
9.775390625000000000e-01 -9.619140625000000000e-02 -1.467285156250000000e-01
9.475097656250000000e-01 -2.033691406250000000e-01 -1.264648437500000000e-01
1.021728515625000000e+00 -2.163085937500000000e-01 -1.135253906250000000e-01
9.240722656250000000e-01 -1.032714843750000000e-01 -1.215820312500000000e-01
9.575195312500000000e-01 -2.292480468750000000e-01 -5.834960937500000000e-02
9.726562500000000000e-01 -1.982421875000000000e-01 -9.912109375000000000e-02
1.019042968750000000e+00 -2.758789062500000000e-01 -5.078125000000000000e-02
9.326171875000000000e-01 -1.638183593750000000e-01 -1.379394531250000000e-01
9.802246093750000000e-01 -2.631835937500000000e-01 -1.257324218750000000e-01
9.152832031250000000e-01 -1.818847656250000000e-01 -4.907226562500000000e-02
1.081787109375000000e+00 -2.177734375000000000e-01 -9.692382812500000000e-02
1.064941406250000000e+00 -1.799316406250000000e-01 -1.350097656250000000e-01
1.010498046875000000e+00 -1.669921875000000000e-01 -1.340332031250000000e-01
9.699707031250000000e-01 -2.170410156250000000e-01 -1.147460937500000000e-01
8.706054687500000000e-01 -1.765136718750000000e-01 -1.022949218750000000e-01
1.016357421875000000e+00 -2.514648437500000000e-01 -1.215820312500000000e-01
9.763183593750000000e-01 -2.143554687500000000e-01 -1.120605468750000000e-01
9.912109375000000000e-01 -1.357421875000000000e-01 -1.674804687500000000e-01
9.851074218750000000e-01 -8.691406250000000000e-02 -1.672363281250000000e-01
9.106445312500000000e-01 -1.398925781250000000e-01 -1.967773437500000000e-01
1.106201171875000000e+00 -9.594726562500000000e-02 -1.726074218750000000e-01
9.121093750000000000e-01 -1.354980468750000000e-01 -1.945800781250000000e-01
9.763183593750000000e-01 -9.619140625000000000e-02 -1.938476562500000000e-01
1.029052734375000000e+00 -1.528320312500000000e-01 -1.176757812500000000e-01
1.021484375000000000e+00 -3.393554687500000000e-02 -1.506347656250000000e-01
1.024169921875000000e+00 2.929687500000000000e-03 -1.416015625000000000e-01
1.010986328125000000e+00 2.221679687500000000e-02 -1.298828125000000000e-01
1.029052734375000000e+00 -3.051757812500000000e-02 -6.103515625000000000e-02
9.694824218750000000e-01 -2.514648437500000000e-02 -1.447753906250000000e-01
9.724121093750000000e-01 -3.002929687500000000e-02 -1.479492187500000000e-01
1.026855468750000000e+00 -1.660156250000000000e-02 -1.176757812500000000e-01
1.018554687500000000e+00 7.543945312500000000e-02 -1.210937500000000000e-01
9.982910156250000000e-01 7.031250000000000000e-02 -1.435546875000000000e-01
1.066162109375000000e+00 1.538085937500000000e-02 1.611328125000000000e-02
9.802246093750000000e-01 -7.495117187500000000e-02 -1.025390625000000000e-02
1.068115234375000000e+00 2.832031250000000000e-02 -1.464843750000000000e-03
1.014648437500000000e+00 4.614257812500000000e-02 -1.196289062500000000e-02
9.252929687500000000e-01 9.082031250000000000e-02 -1.464843750000000000e-03
9.787597656250000000e-01 5.664062500000000000e-02 2.441406250000000000e-02
1.069335937500000000e+00 8.105468750000000000e-02 7.080078125000000000e-03
1.081054687500000000e+00 6.079101562500000000e-02 -8.129882812500000000e-02
1.131835937500000000e+00 -1.464843750000000000e-02 -3.393554687500000000e-02
1.078369140625000000e+00 6.030273437500000000e-02 -5.346679687500000000e-02
1.078369140625000000e+00 6.030273437500000000e-02 -5.346679687500000000e-02
1.018066406250000000e+00 2.319335937500000000e-02 -5.786132812500000000e-02
1.003173828125000000e+00 -6.713867187500000000e-02 -1.164550781250000000e-01
1.031005859375000000e+00 -9.106445312500000000e-02 -1.418457031250000000e-01
1.030273437500000000e+00 2.758789062500000000e-02 -2.043457031250000000e-01
1.074218750000000000e+00 -1.518554687500000000e-01 -1.354980468750000000e-01
9.736328125000000000e-01 -3.540039062500000000e-02 -9.301757812500000000e-02
9.765625000000000000e-01 -4.028320312500000000e-02 8.789062500000000000e-03
1.029785156250000000e+00 -4.150390625000000000e-02 1.831054687500000000e-02
1.024902343750000000e+00 -1.315917968750000000e-01 -6.665039062500000000e-02
1.019287109375000000e+00 -1.037597656250000000e-01 -7.861328125000000000e-02
1.018798828125000000e+00 -1.350097656250000000e-01 -8.666992187500000000e-02
9.870605468750000000e-01 -7.568359375000000000e-02 1.611328125000000000e-02
1.023925781250000000e+00 -7.324218750000000000e-02 -7.861328125000000000e-02
1.065429687500000000e+00 -2.880859375000000000e-02 5.126953125000000000e-03
1.088867187500000000e+00 -1.123046875000000000e-02 -1.381835937500000000e-01
9.831542968750000000e-01 1.708984375000000000e-02 -1.406250000000000000e-01
9.719238281250000000e-01 -9.765625000000000000e-03 -8.959960937500000000e-02
1.026855468750000000e+00 -6.591796875000000000e-03 -6.616210937500000000e-02
9.782714843750000000e-01 -1.464843750000000000e-02 -8.300781250000000000e-02
9.763183593750000000e-01 -3.076171875000000000e-02 -6.958007812500000000e-02
9.824218750000000000e-01 -2.563476562500000000e-02 -6.689453125000000000e-02
9.809570312500000000e-01 -2.221679687500000000e-02 -6.323242187500000000e-02
9.887695312500000000e-01 -1.147460937500000000e-02 -7.275390625000000000e-02
9.802246093750000000e-01 6.445312500000000000e-02 1.708984375000000000e-03
9.780273437500000000e-01 6.738281250000000000e-02 1.684570312500000000e-02
9.758300781250000000e-01 -7.324218750000000000e-04 2.954101562500000000e-02
9.772949218750000000e-01 6.640625000000000000e-02 1.538085937500000000e-02
9.797363281250000000e-01 -2.441406250000000000e-04 2.441406250000000000e-04
9.829101562500000000e-01 -4.882812500000000000e-04 2.587890625000000000e-02
9.775390625000000000e-01 6.860351562500000000e-02 1.464843750000000000e-02
9.858398437500000000e-01 7.006835937500000000e-02 2.514648437500000000e-02
9.833984375000000000e-01 6.274414062500000000e-02 1.977539062500000000e-02
9.831542968750000000e-01 -6.103515625000000000e-03 1.708984375000000000e-02
9.821777343750000000e-01 -1.171875000000000000e-02 1.708984375000000000e-02
9.870605468750000000e-01 -1.269531250000000000e-02 1.928710937500000000e-02
9.885253906250000000e-01 -7.080078125000000000e-03 1.416015625000000000e-02
9.831542968750000000e-01 -1.904296875000000000e-02 7.568359375000000000e-03
9.877929687500000000e-01 -1.757812500000000000e-02 9.765625000000000000e-04
9.855957031250000000e-01 -2.636718750000000000e-02 1.464843750000000000e-03
9.853515625000000000e-01 2.661132812500000000e-02 -6.713867187500000000e-02
9.841308593750000000e-01 -3.076171875000000000e-02 5.859375000000000000e-03
9.833984375000000000e-01 -1.098632812500000000e-02 -3.125000000000000000e-02
9.897460937500000000e-01 -3.100585937500000000e-02 -7.763671875000000000e-02
9.841308593750000000e-01 2.416992187500000000e-02 -4.223632812500000000e-02
9.838867187500000000e-01 -6.811523437500000000e-02 -3.393554687500000000e-02
9.819335937500000000e-01 1.049804687500000000e-02 -3.637695312500000000e-02
1.028564453125000000e+00 1.147460937500000000e-02 -3.857421875000000000e-02
9.768066406250000000e-01 8.300781250000000000e-03 -3.247070312500000000e-02
9.729003906250000000e-01 1.220703125000000000e-03 -1.298828125000000000e-01
9.765625000000000000e-01 -6.884765625000000000e-02 -3.369140625000000000e-02
1.021972656250000000e+00 1.879882812500000000e-02 -4.638671875000000000e-02
9.892578125000000000e-01 3.076171875000000000e-02 -5.151367187500000000e-02
1.071044921875000000e+00 7.177734375000000000e-02 -3.930664062500000000e-02
9.375000000000000000e-01 -6.298828125000000000e-02 -1.191406250000000000e-01
9.260253906250000000e-01 -1.733398437500000000e-02 -1.262207031250000000e-01
9.260253906250000000e-01 -1.733398437500000000e-02 -1.262207031250000000e-01
1.410156250000000000e+00 6.457519531250000000e-01 8.322753906250000000e-01
1.009033203125000000e+00 -4.663085937500000000e-02 -1.140136718750000000e-01
9.721679687500000000e-01 -5.761718750000000000e-02 -1.931152343750000000e-01
9.772949218750000000e-01 -3.173828125000000000e-02 -2.067871093750000000e-01
9.199218750000000000e-01 -5.493164062500000000e-02 -1.921386718750000000e-01
1.030517578125000000e+00 -5.346679687500000000e-02 -2.138671875000000000e-01
1.027832031250000000e+00 -1.384277343750000000e-01 -1.591796875000000000e-01
1.017578125000000000e+00 -3.637695312500000000e-02 -1.562500000000000000e-01
1.009765625000000000e+00 -1.452636718750000000e-01 -1.918945312500000000e-01
1.012939453125000000e+00 -1.386718750000000000e-01 -1.926269531250000000e-01
1.024169921875000000e+00 -5.224609375000000000e-02 -2.080078125000000000e-01
1.022216796875000000e+00 -5.200195312500000000e-02 -2.087402343750000000e-01
9.709472656250000000e-01 -3.979492187500000000e-02 -2.160644531250000000e-01
1.008300781250000000e+00 -3.735351562500000000e-02 -2.150878906250000000e-01
1.022460937500000000e+00 -5.249023437500000000e-02 -1.635742187500000000e-01
9.211425781250000000e-01 -8.105468750000000000e-02 -2.172851562500000000e-01
1.007080078125000000e+00 -8.666992187500000000e-02 -2.583007812500000000e-01
9.211425781250000000e-01 -5.419921875000000000e-02 -1.577148437500000000e-01
9.240722656250000000e-01 -5.004882812500000000e-02 -2.167968750000000000e-01
9.291992187500000000e-01 -5.615234375000000000e-02 -2.109375000000000000e-01
1.048583984375000000e+00 -1.013183593750000000e-01 -1.596679687500000000e-01
1.017822265625000000e+00 -1.496582031250000000e-01 -2.082519531250000000e-01
9.304199218750000000e-01 -5.517578125000000000e-02 -2.031250000000000000e-01
9.328613281250000000e-01 -5.371093750000000000e-02 -1.630859375000000000e-01
1.062744140625000000e+00 -3.637695312500000000e-02 -1.760253906250000000e-01
9.216308593750000000e-01 -6.469726562500000000e-02 -1.643066406250000000e-01
9.064941406250000000e-01 -3.393554687500000000e-02 -2.102050781250000000e-01
1.020507812500000000e+00 -1.467285156250000000e-01 -1.564941406250000000e-01
9.289550781250000000e-01 -1.389160156250000000e-01 -1.994628906250000000e-01
9.746093750000000000e-01 -1.059570312500000000e-01 -2.070312500000000000e-01
1.048583984375000000e+00 -6.054687500000000000e-02 -2.121582031250000000e-01
9.240722656250000000e-01 -4.077148437500000000e-02 -1.113281250000000000e-01
1.024414062500000000e+00 -6.201171875000000000e-02 -9.497070312500000000e-02
1.009277343750000000e+00 -1.540527343750000000e-01 -9.423828125000000000e-02
1.015869140625000000e+00 -4.125976562500000000e-02 -9.448242187500000000e-02
9.792480468750000000e-01 -8.105468750000000000e-02 -1.428222656250000000e-01
9.575195312500000000e-01 -3.881835937500000000e-02 -5.712890625000000000e-02
1.099121093750000000e+00 -1.010742187500000000e-01 -1.350097656250000000e-01
9.592285156250000000e-01 -5.004882812500000000e-02 -1.269531250000000000e-01
9.892578125000000000e-01 -5.761718750000000000e-02 -1.323242187500000000e-01
9.870605468750000000e-01 -5.322265625000000000e-02 -1.323242187500000000e-01
1.027832031250000000e+00 -7.617187500000000000e-02 -1.403808593750000000e-01
1.027099609375000000e+00 2.050781250000000000e-02 -1.264648437500000000e-01
9.746093750000000000e-01 6.835937500000000000e-03 -5.175781250000000000e-02
9.797363281250000000e-01 -6.542968750000000000e-02 -4.833984375000000000e-02
9.792480468750000000e-01 -8.325195312500000000e-02 -1.276855468750000000e-01
9.741210937500000000e-01 -6.958007812500000000e-02 -1.318359375000000000e-01
9.711914062500000000e-01 -6.518554687500000000e-02 -4.614257812500000000e-02
9.785156250000000000e-01 -6.665039062500000000e-02 -4.296875000000000000e-02
9.763183593750000000e-01 -6.665039062500000000e-02 -5.737304687500000000e-02
9.775390625000000000e-01 7.324218750000000000e-04 -1.271972656250000000e-01
9.748535156250000000e-01 -7.006835937500000000e-02 -4.638671875000000000e-02
1.031005859375000000e+00 -6.567382812500000000e-02 -5.126953125000000000e-02
1.027832031250000000e+00 -7.397460937500000000e-02 -4.150390625000000000e-02
