9.289550781250000000e-01 -1.066894531250000000e-01 1.140136718750000000e-01
9.289550781250000000e-01 -1.066894531250000000e-01 1.140136718750000000e-01
1.036376953125000000e+00 -2.644042968750000000e-01 2.016601562500000000e-01
1.036376953125000000e+00 -2.644042968750000000e-01 2.016601562500000000e-01
1.082031250000000000e+00 -2.539062500000000000e-02 5.078125000000000000e-02
9.450683593750000000e-01 7.055664062500000000e-02 1.330566406250000000e-01
1.031494140625000000e+00 -3.442382812500000000e-02 1.354980468750000000e-01
1.055908203125000000e+00 -1.437988281250000000e-01 1.406250000000000000e-01
9.343261718750000000e-01 -9.399414062500000000e-02 1.987304687500000000e-01
1.088623046875000000e+00 -4.174804687500000000e-02 1.359863281250000000e-01
1.032714843750000000e+00 2.734375000000000000e-02 1.186523437500000000e-01
9.770507812500000000e-01 2.661132812500000000e-02 1.586914062500000000e-01
9.904785156250000000e-01 -8.618164062500000000e-02 1.191406250000000000e-01
1.078857421875000000e+00 -1.286621093750000000e-01 1.149902343750000000e-01
9.909667968750000000e-01 -1.408691406250000000e-01 1.464843750000000000e-01
1.024658203125000000e+00 -7.470703125000000000e-02 1.660156250000000000e-01
9.211425781250000000e-01 1.296386718750000000e-01 1.594238281250000000e-01
1.032714843750000000e+00 3.881835937500000000e-02 1.118164062500000000e-01
1.014648437500000000e+00 -3.466796875000000000e-02 1.442871093750000000e-01
9.489746093750000000e-01 -7.299804687500000000e-02 4.711914062500000000e-02
8.928222656250000000e-01 7.812500000000000000e-03 -1.196289062500000000e-02
6.259765625000000000e-01 -1.347656250000000000e-01 9.863281250000000000e-02
7.785644531250000000e-01 1.440429687500000000e-01 3.417968750000000000e-01
3.210937500000000000e+00 1.257324218750000000e-01 -5.981445312500000000e-02
1.751708984375000000e+00 4.565429687500000000e-02 -7.958984375000000000e-02
9.738769531250000000e-01 -1.086425781250000000e-01 -3.041992187500000000e-01
8.220214843750000000e-01 -9.228515625000000000e-02 -1.264648437500000000e-01
-4.516601562500000000e-01 -2.526855468750000000e-01 2.602539062500000000e-01
-4.111328125000000000e-01 -1.074218750000000000e-02 -1.452636718750000000e-01
3.984375000000000000e-01 -3.417968750000000000e-03 3.623046875000000000e-01
8.452148437500000000e-01 -2.172851562500000000e-01 -4.787597656250000000e-01
5.661621093750000000e+00 -7.714843750000000000e-02 -2.978515625000000000e-02
1.599609375000000000e+00 2.197265625000000000e-03 -1.757812500000000000e-02
1.609375000000000000e+00 -1.367187500000000000e-02 -4.453125000000000000e-01
3.762207031250000000e-01 -1.174316406250000000e-01 -5.224609375000000000e-02
-6.115722656250000000e-01 -2.180175781250000000e-01 2.263183593750000000e-01
-3.225097656250000000e-01 -9.326171875000000000e-02 -3.583984375000000000e-01
4.658203125000000000e-01 -1.025390625000000000e-02 1.577148437500000000e-01
7.995605468750000000e-01 -2.448730468750000000e-01 -2.919921875000000000e-01
6.088867187500000000e+00 1.516113281250000000e-01 -3.776855468750000000e-01
1.480712890625000000e+00 -1.237792968750000000e-01 -2.131347656250000000e-01
1.492919921875000000e+00 -7.666015625000000000e-02 -3.654785156250000000e-01
-1.264648437500000000e+00 -1.464843750000000000e-03 3.288574218750000000e-01
-1.264648437500000000e+00 -1.464843750000000000e-03 3.288574218750000000e-01
-1.464843750000000000e-02 -7.592773437500000000e-02 -1.467285156250000000e-01
4.475097656250000000e-01 1.220703125000000000e-02 1.718750000000000000e-01
1.037841796875000000e+00 -2.304687500000000000e-01 -5.903320312500000000e-01
4.724609375000000000e+00 1.213378906250000000e-01 1.420898437500000000e-01
1.512451171875000000e+00 2.009277343750000000e-01 -1.845703125000000000e-01
1.671630859375000000e+00 -1.215820312500000000e-01 -2.885742187500000000e-01
6.889648437500000000e-01 -9.863281250000000000e-02 2.026367187500000000e-02
-6.933593750000000000e-01 9.521484375000000000e-03 1.367187500000000000e-01
-3.718261718750000000e-01 -1.530761718750000000e-01 -2.648925781250000000e-01
4.111328125000000000e-01 -3.149414062500000000e-02 4.013671875000000000e-01
1.141113281250000000e+00 -1.853027343750000000e-01 -5.244140625000000000e-01
4.461181640625000000e+00 9.741210937500000000e-02 4.101562500000000000e-02
1.431640625000000000e+00 -1.364746093750000000e-01 1.499023437500000000e-01
1.615966796875000000e+00 2.661132812500000000e-02 -1.008300781250000000e-01
3.774414062500000000e-01 -1.162109375000000000e-01 1.323242187500000000e-01
-3.774414062500000000e-01 3.833007812500000000e-02 6.347656250000000000e-02
-3.769531250000000000e-01 -1.213378906250000000e-01 5.249023437500000000e-02
9.936523437500000000e-02 -2.563476562500000000e-02 3.466796875000000000e-02
6.203613281250000000e-01 -2.109375000000000000e-01 -1.538085937500000000e-01
5.630126953125000000e+00 -4.350585937500000000e-01 -3.520507812500000000e-01
1.690673828125000000e+00 -9.765625000000000000e-02 8.398437500000000000e-02
1.868652343750000000e+00 -2.238769531250000000e-01 1.354980468750000000e-01
6.213378906250000000e-01 -1.120605468750000000e-01 -5.517578125000000000e-02
-3.039550781250000000e-01 1.311035156250000000e-01 1.474609375000000000e-01
-5.844726562500000000e-01 -1.477050781250000000e-01 -1.821289062500000000e-01
3.242187500000000000e-01 -5.078125000000000000e-02 2.438964843750000000e-01
4.716796875000000000e-01 -1.401367187500000000e-01 -9.716796875000000000e-02
3.544921875000000000e+00 -2.441406250000000000e-02 2.583007812500000000e-01
1.844482421875000000e+00 -1.530761718750000000e-01 2.648925781250000000e-01
1.795166015625000000e+00 2.121582031250000000e-01 5.297851562500000000e-02
7.331542968750000000e-01 -2.307128906250000000e-01 -2.077636718750000000e-01
-3.005371093750000000e-01 -1.960449218750000000e-01 1.135253906250000000e-01
-6.401367187500000000e-01 -9.667968750000000000e-02 -1.181640625000000000e-01
3.457031250000000000e-01 6.103515625000000000e-02 1.062011718750000000e-01
4.606933593750000000e-01 -4.858398437500000000e-02 -6.567382812500000000e-02
1.840820312500000000e+00 -4.443359375000000000e-02 -2.919921875000000000e-01
2.775878906250000000e+00 -1.445312500000000000e-01 4.643554687500000000e-01
1.174316406250000000e+00 -2.507324218750000000e-01 -3.327636718750000000e-01
1.174316406250000000e+00 -2.507324218750000000e-01 -3.327636718750000000e-01
-7.790527343750000000e-01 -9.497070312500000000e-02 9.790039062500000000e-02
-7.790527343750000000e-01 -9.497070312500000000e-02 9.790039062500000000e-02
-5.517578125000000000e-02 1.464843750000000000e-02 1.567382812500000000e-01
3.916015625000000000e-01 -2.026367187500000000e-02 1.318359375000000000e-01
9.277343750000000000e-01 -2.597656250000000000e-01 -5.129394531250000000e-01
5.280273437500000000e+00 1.533203125000000000e-01 -4.621582031250000000e-01
1.583007812500000000e+00 -6.005859375000000000e-02 -9.179687500000000000e-02
1.536376953125000000e+00 -1.970214843750000000e-01 -3.693847656250000000e-01
5.017089843750000000e-01 -8.471679687500000000e-02 6.665039062500000000e-02
-9.013671875000000000e-01 -9.350585937500000000e-02 4.201660156250000000e-01
-4.401855468750000000e-01 -1.354980468750000000e-01 -2.944335937500000000e-01
3.874511718750000000e-01 -1.354980468750000000e-01 3.286132812500000000e-01
7.731933593750000000e-01 -3.479003906250000000e-01 -3.942871093750000000e-01
6.475585937500000000e+00 7.160644531250000000e-01 -9.570312500000000000e-02
1.624755859375000000e+00 -1.564941406250000000e-01 9.521484375000000000e-02
1.472412109375000000e+00 -1.027832031250000000e-01 -3.320312500000000000e-01
3.193359375000000000e-01 -3.442382812500000000e-02 -1.472167968750000000e-01
-9.702148437500000000e-01 7.568359375000000000e-03 1.225585937500000000e-01
-4.492187500000000000e-02 -2.204589843750000000e-01 -9.765625000000000000e-03
4.433593750000000000e-01 8.569335937500000000e-02 -1.525878906250000000e-01
7.683105468750000000e-01 -1.638183593750000000e-01 -1.765136718750000000e-01
4.846191406250000000e+00 -1.667480468750000000e-01 3.251953125000000000e-01
1.411132812500000000e+00 -7.836914062500000000e-02 -1.545410156250000000e-01
1.779541015625000000e+00 -2.324218750000000000e-01 -1.616210937500000000e-01
8.398437500000000000e-01 -2.150878906250000000e-01 -1.989746093750000000e-01
-4.624023437500000000e-01 1.291503906250000000e-01 3.969726562500000000e-01
-4.494628906250000000e-01 -1.135253906250000000e-01 -2.087402343750000000e-01
2.114257812500000000e-01 3.027343750000000000e-02 1.123046875000000000e-01
5.244140625000000000e-01 -2.802734375000000000e-01 -1.572265625000000000e-01
3.585937500000000000e+00 -1.896972656250000000e-01 7.788085937500000000e-02
1.660644531250000000e+00 1.342773437500000000e-02 1.499023437500000000e-01
1.785888671875000000e+00 -4.785156250000000000e-02 -9.765625000000000000e-03
8.481445312500000000e-01 -1.706542968750000000e-01 -3.249511718750000000e-01
-3.972167968750000000e-01 2.124023437500000000e-02 3.229980468750000000e-01
-8.581542968750000000e-01 -5.493164062500000000e-02 -3.498535156250000000e-01
2.436523437500000000e-01 7.666015625000000000e-02 4.062500000000000000e-01
6.250000000000000000e-01 -1.538085937500000000e-01 -1.735839843750000000e-01
1.989013671875000000e+00 -1.533203125000000000e-01 3.596191406250000000e-01
1.989013671875000000e+00 -1.533203125000000000e-01 3.596191406250000000e-01
9.729003906250000000e-01 -2.761230468750000000e-01 -3.217773437500000000e-01
9.729003906250000000e-01 -2.761230468750000000e-01 -3.217773437500000000e-01
3.662109375000000000e-02 -1.372070312500000000e-01 7.055664062500000000e-02
-2.021484375000000000e+00 -8.923339843750000000e-01 3.662109375000000000e-02
2.685546875000000000e-02 -3.051757812500000000e-02 4.011230468750000000e-01
4.223632812500000000e-01 -1.809082031250000000e-01 -2.783203125000000000e-02
1.991455078125000000e+00 -1.201171875000000000e-01 -1.008300781250000000e-01
2.630615234375000000e+00 -1.164550781250000000e-01 2.854003906250000000e-01
1.781982421875000000e+00 -1.394042968750000000e-01 8.789062500000000000e-02
1.119873046875000000e+00 6.811523437500000000e-02 -3.227539062500000000e-01
4.038085937500000000e-01 -1.103515625000000000e-01 -7.666015625000000000e-02
-4.111328125000000000e-01 7.495117187500000000e-02 2.290039062500000000e-01
-2.424316406250000000e-01 -1.076660156250000000e-01 -5.537109375000000000e-01
4.736328125000000000e-01 -2.290039062500000000e-01 4.008789062500000000e-01
2.213378906250000000e+00 -2.031250000000000000e-01 -4.411621093750000000e-01
2.230468750000000000e+00 3.623046875000000000e-01 5.976562500000000000e-01
9.284667968750000000e-01 -1.840820312500000000e-01 2.062988281250000000e-01
8.449707031250000000e-01 -3.139648437500000000e-01 -6.367187500000000000e-01
2.561035156250000000e-01 -8.544921875000000000e-02 -1.245117187500000000e-01
-7.707519531250000000e-01 -9.277343750000000000e-03 4.560546875000000000e-01
-1.333007812500000000e-01 -2.292480468750000000e-01 -3.115234375000000000e-01
3.481445312500000000e-01 -5.153808593750000000e-01 -7.568359375000000000e-01
4.246826171875000000e+00 3.852539062500000000e-01 1.233642578125000000e+00
1.428222656250000000e+00 -1.137695312500000000e-01 2.434082031250000000e-01
1.626953125000000000e+00 5.615234375000000000e-03 2.077636718750000000e-01
1.060546875000000000e+00 -9.106445312500000000e-02 -1.306152343750000000e-01
-7.885742187500000000e-02 -2.802734375000000000e-01 -3.662109375000000000e-02
1.052246093750000000e-01 -1.564941406250000000e-01 -9.692382812500000000e-02
1.235107421875000000e+00 -4.345703125000000000e-02 1.074218750000000000e-02
1.916015625000000000e+00 2.978515625000000000e-02 -3.588867187500000000e-02
6.413574218750000000e-01 -1.259765625000000000e-01 1.347656250000000000e-01
6.567382812500000000e-01 -1.171875000000000000e-02 8.837890625000000000e-02
1.423095703125000000e+00 -8.056640625000000000e-02 4.223632812500000000e-02
1.034179687500000000e+00 -1.350097656250000000e-01 1.518554687500000000e-01
8.886718750000000000e-01 -7.641601562500000000e-02 9.472656250000000000e-02
1.135742187500000000e+00 6.298828125000000000e-02 5.126953125000000000e-02
1.048339843750000000e+00 -3.857421875000000000e-02 8.715820312500000000e-02
9.279785156250000000e-01 -3.540039062500000000e-02 3.710937500000000000e-02
9.965820312500000000e-01 8.056640625000000000e-02 1.884765625000000000e-01
1.073730468750000000e+00 1.953125000000000000e-02 1.113281250000000000e-01
9.721679687500000000e-01 -6.518554687500000000e-02 1.462402343750000000e-01
1.089111328125000000e+00 -9.082031250000000000e-02 1.318359375000000000e-01
1.064453125000000000e+00 -6.494140625000000000e-02 1.494140625000000000e-01
1.030761718750000000e+00 -1.342773437500000000e-02 1.071777343750000000e-01
1.000000000000000000e+00 1.416015625000000000e-02 1.088867187500000000e-01
9.890136718750000000e-01 -7.421875000000000000e-02 1.557617187500000000e-01
9.970703125000000000e-01 4.394531250000000000e-03 1.020507812500000000e-01
9.973144531250000000e-01 2.539062500000000000e-02 1.020507812500000000e-01
9.921875000000000000e-01 -6.665039062500000000e-02 1.135253906250000000e-01
1.068847656250000000e+00 -8.056640625000000000e-02 1.113281250000000000e-01
1.067382812500000000e+00 -7.104492187500000000e-02 1.062011718750000000e-01
1.063232421875000000e+00 -8.056640625000000000e-02 1.010742187500000000e-01
9.956054687500000000e-01 -8.471679687500000000e-02 1.088867187500000000e-01
9.963378906250000000e-01 -8.276367187500000000e-02 1.518554687500000000e-01
1.064453125000000000e+00 -8.569335937500000000e-02 1.037597656250000000e-01
9.865722656250000000e-01 -8.154296875000000000e-02 1.108398437500000000e-01
9.907226562500000000e-01 -6.616210937500000000e-02 1.098632812500000000e-01
9.892578125000000000e-01 -6.713867187500000000e-02 1.193847656250000000e-01
9.865722656250000000e-01 -7.543945312500000000e-02 1.220703125000000000e-01
9.794921875000000000e-01 -6.811523437500000000e-02 1.892089843750000000e-01
9.997558593750000000e-01 -7.495117187500000000e-02 1.210937500000000000e-01
9.997558593750000000e-01 -6.738281250000000000e-02 1.052246093750000000e-01
9.880371093750000000e-01 -7.006835937500000000e-02 1.108398437500000000e-01
9.990234375000000000e-01 -6.811523437500000000e-02 1.152343750000000000e-01
9.985351562500000000e-01 4.882812500000000000e-03 1.179199218750000000e-01
9.951171875000000000e-01 -6.567382812500000000e-02 1.130371093750000000e-01
1.062744140625000000e+00 -6.396484375000000000e-02 1.877441406250000000e-01
9.885253906250000000e-01 1.220703125000000000e-03 1.059570312500000000e-01
1.063476562500000000e+00 -6.738281250000000000e-02 1.882324218750000000e-01
9.960937500000000000e-01 -6.665039062500000000e-02 1.184082031250000000e-01
9.895019531250000000e-01 -6.567382812500000000e-02 1.110839843750000000e-01
9.975585937500000000e-01 -6.372070312500000000e-02 1.213378906250000000e-01
9.924316406250000000e-01 -7.690429687500000000e-02 1.069335937500000000e-01
9.948730468750000000e-01 -6.640625000000000000e-02 1.203613281250000000e-01
9.958496093750000000e-01 -7.177734375000000000e-02 1.223144531250000000e-01
9.978027343750000000e-01 -7.250976562500000000e-02 1.076660156250000000e-01
1.064208984375000000e+00 2.441406250000000000e-04 1.086425781250000000e-01
1.064208984375000000e+00 2.441406250000000000e-04 1.086425781250000000e-01
