9.194335937500000000e-01 -1.064453125000000000e-01 -2.463378906250000000e-01
9.194335937500000000e-01 -1.064453125000000000e-01 -2.463378906250000000e-01
9.228515625000000000e-01 -1.101074218750000000e-01 -2.478027343750000000e-01
9.228515625000000000e-01 -1.101074218750000000e-01 -2.478027343750000000e-01
9.162597656250000000e-01 -1.025390625000000000e-01 -2.465820312500000000e-01
9.191894531250000000e-01 -1.054687500000000000e-01 -2.416992187500000000e-01
9.125976562500000000e-01 -1.083984375000000000e-01 -2.463378906250000000e-01
9.160156250000000000e-01 -1.083984375000000000e-01 -2.402343750000000000e-01
9.116210937500000000e-01 -1.083984375000000000e-01 -2.475585937500000000e-01
9.130859375000000000e-01 -1.079101562500000000e-01 -2.495117187500000000e-01
9.152832031250000000e-01 -1.074218750000000000e-01 -2.402343750000000000e-01
9.177246093750000000e-01 -1.005859375000000000e-01 -2.416992187500000000e-01
9.179687500000000000e-01 -1.069335937500000000e-01 -2.436523437500000000e-01
9.123535156250000000e-01 -1.086425781250000000e-01 -3.146972656250000000e-01
9.174804687500000000e-01 -1.037597656250000000e-01 -2.355957031250000000e-01
9.157714843750000000e-01 -1.047363281250000000e-01 -2.438964843750000000e-01
9.189453125000000000e-01 -1.057128906250000000e-01 -2.309570312500000000e-01
9.194335937500000000e-01 -1.037597656250000000e-01 -2.346191406250000000e-01
9.196777343750000000e-01 -1.081542968750000000e-01 -2.368164062500000000e-01
9.213867187500000000e-01 -1.127929687500000000e-01 -2.355957031250000000e-01
9.279785156250000000e-01 -1.035156250000000000e-01 -2.414550781250000000e-01
9.287109375000000000e-01 -1.015625000000000000e-01 -2.353515625000000000e-01
9.072265625000000000e-01 -1.540527343750000000e-01 -2.453613281250000000e-01
9.157714843750000000e-01 -9.765625000000000000e-02 -2.458496093750000000e-01
9.064941406250000000e-01 -9.448242187500000000e-02 -3.203125000000000000e-01
9.182128906250000000e-01 -1.118164062500000000e-01 -2.348632812500000000e-01
9.206542968750000000e-01 -1.096191406250000000e-01 -2.416992187500000000e-01
9.111328125000000000e-01 -1.110839843750000000e-01 -3.127441406250000000e-01
9.108886718750000000e-01 -1.110839843750000000e-01 -2.424316406250000000e-01
9.086914062500000000e-01 -1.210937500000000000e-01 -2.385253906250000000e-01
9.252929687500000000e-01 -1.206054687500000000e-01 -2.314453125000000000e-01
9.179687500000000000e-01 -1.235351562500000000e-01 -2.426757812500000000e-01
9.118652343750000000e-01 -9.448242187500000000e-02 -3.132324218750000000e-01
9.157714843750000000e-01 -1.247558593750000000e-01 -3.256835937500000000e-01
9.660644531250000000e-01 -1.052246093750000000e-01 -2.385253906250000000e-01
1.003906250000000000e+00 -1.931152343750000000e-01 -3.093261718750000000e-01
8.652343750000000000e-01 -1.235351562500000000e-01 -1.740722656250000000e-01
9.101562500000000000e-01 -1.354980468750000000e-01 -3.249511718750000000e-01
1.000488281250000000e+00 -1.257324218750000000e-01 -2.709960937500000000e-01
9.025878906250000000e-01 -1.560058593750000000e-01 -3.305664062500000000e-01
1.020263671875000000e+00 -1.396484375000000000e-01 -2.387695312500000000e-01
1.004394531250000000e+00 -1.445312500000000000e-01 -2.744140625000000000e-01
9.462890625000000000e-01 -1.054687500000000000e-01 -2.751464843750000000e-01
1.006347656250000000e+00 -6.103515625000000000e-02 -2.709960937500000000e-01
9.519042968750000000e-01 -1.013183593750000000e-01 -2.302246093750000000e-01
9.375000000000000000e-01 -1.560058593750000000e-01 -2.194824218750000000e-01
1.037841796875000000e+00 -1.667480468750000000e-01 -2.248535156250000000e-01
1.080566406250000000e+00 -1.235351562500000000e-01 -2.204589843750000000e-01
8.393554687500000000e-01 -2.031250000000000000e-01 -9.667968750000000000e-02
9.240722656250000000e-01 -1.347656250000000000e-01 -3.017578125000000000e-01
1.007324218750000000e+00 -8.129882812500000000e-02 -2.124023437500000000e-01
9.289550781250000000e-01 -1.530761718750000000e-01 -2.290039062500000000e-01
1.067871093750000000e+00 -1.369628906250000000e-01 -2.253417968750000000e-01
1.012695312500000000e+00 -1.418457031250000000e-01 -1.738281250000000000e-01
9.396972656250000000e-01 -1.982421875000000000e-01 -3.176269531250000000e-01
1.017089843750000000e+00 -1.425781250000000000e-01 -2.697753906250000000e-01
9.499511718750000000e-01 -9.594726562500000000e-02 -2.636718750000000000e-01
9.296875000000000000e-01 -1.311035156250000000e-01 -2.780761718750000000e-01
9.072265625000000000e-01 -2.172851562500000000e-01 -2.314453125000000000e-01
9.941406250000000000e-01 -1.037597656250000000e-01 -1.752929687500000000e-01
8.715820312500000000e-01 -1.396484375000000000e-01 -2.397460937500000000e-01
9.619140625000000000e-01 -1.008300781250000000e-01 -2.802734375000000000e-01
9.484863281250000000e-01 -5.712890625000000000e-02 -2.729492187500000000e-01
1.048828125000000000e+00 -3.686523437500000000e-02 -2.731933593750000000e-01
1.012207031250000000e+00 -1.201171875000000000e-01 -2.685546875000000000e-01
9.174804687500000000e-01 -1.164550781250000000e-01 -3.139648437500000000e-01
9.094238281250000000e-01 -1.403808593750000000e-01 -2.602539062500000000e-01
9.982910156250000000e-01 -1.904296875000000000e-01 -1.787109375000000000e-01
9.995117187500000000e-01 -4.003906250000000000e-02 -1.677246093750000000e-01
8.850097656250000000e-01 -1.237792968750000000e-01 -3.215332031250000000e-01
9.462890625000000000e-01 -1.557617187500000000e-01 -3.242187500000000000e-01
9.372558593750000000e-01 -1.474609375000000000e-01 -3.312988281250000000e-01
9.477539062500000000e-01 -2.158203125000000000e-01 -2.998046875000000000e-01
9.633789062500000000e-01 -1.796875000000000000e-01 -2.265625000000000000e-01
9.650878906250000000e-01 -2.546386718750000000e-01 -2.822265625000000000e-01
9.270019531250000000e-01 -2.331542968750000000e-01 -2.712402343750000000e-01
8.967285156250000000e-01 -1.801757812500000000e-01 -2.556152343750000000e-01
1.023193359375000000e+00 -4.467773437500000000e-02 -3.161621093750000000e-01
9.257812500000000000e-01 -5.151367187500000000e-02 -2.343750000000000000e-01
9.262695312500000000e-01 -1.660156250000000000e-01 -2.897949218750000000e-01
1.016845703125000000e+00 -1.730957031250000000e-01 -2.473144531250000000e-01
9.624023437500000000e-01 -1.235351562500000000e-01 -3.356933593750000000e-01
9.067382812500000000e-01 -1.428222656250000000e-01 -3.083496093750000000e-01
8.598632812500000000e-01 -4.443359375000000000e-02 -3.872070312500000000e-01
1.015380859375000000e+00 -3.173828125000000000e-02 -3.981933593750000000e-01
9.123535156250000000e-01 -1.286621093750000000e-01 -2.358398437500000000e-01
9.025878906250000000e-01 -2.021484375000000000e-01 -2.265625000000000000e-01
9.206542968750000000e-01 -1.525878906250000000e-01 -3.332519531250000000e-01
9.128417968750000000e-01 -1.333007812500000000e-01 -3.232421875000000000e-01
9.084472656250000000e-01 -9.619140625000000000e-02 -3.161621093750000000e-01
9.438476562500000000e-01 -1.154785156250000000e-01 -2.827148437500000000e-01
9.536132812500000000e-01 -1.430664062500000000e-01 -3.046875000000000000e-01
9.494628906250000000e-01 -1.003417968750000000e-01 -3.083496093750000000e-01
9.079589843750000000e-01 -9.521484375000000000e-02 -2.958984375000000000e-01
8.642578125000000000e-01 -1.435546875000000000e-01 -3.000488281250000000e-01
9.511718750000000000e-01 -5.566406250000000000e-02 -3.078613281250000000e-01
9.687500000000000000e-01 -5.859375000000000000e-02 -3.000488281250000000e-01
9.160156250000000000e-01 -4.516601562500000000e-02 -3.100585937500000000e-01
9.628906250000000000e-01 -1.330566406250000000e-01 -3.027343750000000000e-01
9.643554687500000000e-01 -1.557617187500000000e-01 -3.754882812500000000e-01
8.598632812500000000e-01 -9.790039062500000000e-02 -4.011230468750000000e-01
8.728027343750000000e-01 -1.540527343750000000e-01 -2.980957031250000000e-01
9.670410156250000000e-01 -1.003417968750000000e-01 -2.963867187500000000e-01
9.631347656250000000e-01 -9.790039062500000000e-02 -3.100585937500000000e-01
9.501953125000000000e-01 -9.765625000000000000e-02 -3.022460937500000000e-01
9.545898437500000000e-01 -9.790039062500000000e-02 -3.022460937500000000e-01
9.602050781250000000e-01 -9.692382812500000000e-02 -3.803710937500000000e-01
9.455566406250000000e-01 -1.152343750000000000e-01 -3.054199218750000000e-01
9.406738281250000000e-01 -1.127929687500000000e-01 -3.110351562500000000e-01
8.713378906250000000e-01 -1.145019531250000000e-01 -3.811035156250000000e-01
9.406738281250000000e-01 -1.896972656250000000e-01 -3.750000000000000000e-01
9.462890625000000000e-01 -1.115722656250000000e-01 -2.941894531250000000e-01
9.521484375000000000e-01 -1.884765625000000000e-01 -2.985839843750000000e-01
9.504394531250000000e-01 -1.213378906250000000e-01 -3.427734375000000000e-01
9.211425781250000000e-01 -1.110839843750000000e-01 -3.166503906250000000e-01
9.248046875000000000e-01 -1.115722656250000000e-01 -3.183593750000000000e-01
9.311523437500000000e-01 -1.184082031250000000e-01 -2.402343750000000000e-01
9.287109375000000000e-01 -1.149902343750000000e-01 -2.316894531250000000e-01
9.113769531250000000e-01 -1.103515625000000000e-01 -3.283691406250000000e-01
9.150390625000000000e-01 -1.054687500000000000e-01 -2.797851562500000000e-01
9.274902343750000000e-01 -1.877441406250000000e-01 -2.734375000000000000e-01
1.006591796875000000e+00 -1.210937500000000000e-01 -2.512207031250000000e-01
9.367675781250000000e-01 -1.896972656250000000e-01 -2.687988281250000000e-01
9.331054687500000000e-01 -1.225585937500000000e-01 -2.741699218750000000e-01
1.001464843750000000e+00 -1.240234375000000000e-01 -2.548828125000000000e-01
9.326171875000000000e-01 -1.193847656250000000e-01 -1.760253906250000000e-01
9.233398437500000000e-01 -1.237792968750000000e-01 -1.853027343750000000e-01
1.004882812500000000e+00 -1.997070312500000000e-01 -2.624511718750000000e-01
9.218750000000000000e-01 -1.206054687500000000e-01 -2.202148437500000000e-01
9.287109375000000000e-01 -1.218261718750000000e-01 -2.600097656250000000e-01
9.760742187500000000e-01 -1.940917968750000000e-01 -1.984863281250000000e-01
9.370117187500000000e-01 -1.081542968750000000e-01 -2.238769531250000000e-01
9.565429687500000000e-01 -1.918945312500000000e-01 -3.178710937500000000e-01
9.453125000000000000e-01 -1.044921875000000000e-01 -3.750000000000000000e-01
9.572753906250000000e-01 -9.741210937500000000e-02 -3.867187500000000000e-01
9.460449218750000000e-01 -1.110839843750000000e-01 -3.244628906250000000e-01
9.602050781250000000e-01 -1.108398437500000000e-01 -2.875976562500000000e-01
9.519042968750000000e-01 -1.013183593750000000e-01 -2.905273437500000000e-01
9.152832031250000000e-01 -1.079101562500000000e-01 -3.383789062500000000e-01
9.533691406250000000e-01 -1.015625000000000000e-01 -3.383789062500000000e-01
8.728027343750000000e-01 -1.562500000000000000e-01 -3.037109375000000000e-01
9.355468750000000000e-01 -1.555175781250000000e-01 -2.255859375000000000e-01
9.299316406250000000e-01 -1.040039062500000000e-01 -3.146972656250000000e-01
9.311523437500000000e-01 -1.882324218750000000e-01 -2.194824218750000000e-01
1.000244140625000000e+00 -9.594726562500000000e-02 -3.237304687500000000e-01
8.476562500000000000e-01 -1.059570312500000000e-01 -3.173828125000000000e-01
9.577636718750000000e-01 -9.985351562500000000e-02 -2.958984375000000000e-01
9.094238281250000000e-01 -9.594726562500000000e-02 -2.470703125000000000e-01
9.189453125000000000e-01 -1.877441406250000000e-01 -3.273925781250000000e-01
9.177246093750000000e-01 -1.130371093750000000e-01 -3.312988281250000000e-01
9.113769531250000000e-01 -1.054687500000000000e-01 -2.475585937500000000e-01
9.074707031250000000e-01 -1.113281250000000000e-01 -3.200683593750000000e-01
9.614257812500000000e-01 -1.040039062500000000e-01 -3.205566406250000000e-01
9.187011718750000000e-01 -1.037597656250000000e-01 -3.164062500000000000e-01
9.641113281250000000e-01 -1.123046875000000000e-01 -3.208007812500000000e-01
9.650878906250000000e-01 -1.154785156250000000e-01 -3.251953125000000000e-01
9.089355468750000000e-01 -1.130371093750000000e-01 -3.259277343750000000e-01
9.650878906250000000e-01 -1.193847656250000000e-01 -3.364257812500000000e-01
9.570312500000000000e-01 -1.174316406250000000e-01 -3.420410156250000000e-01
9.677734375000000000e-01 -1.120605468750000000e-01 -2.443847656250000000e-01
9.064941406250000000e-01 -1.142578125000000000e-01 -3.417968750000000000e-01
9.687500000000000000e-01 -1.228027343750000000e-01 -3.203125000000000000e-01
9.084472656250000000e-01 -2.031250000000000000e-01 -3.229980468750000000e-01
9.187011718750000000e-01 -1.933593750000000000e-01 -3.251953125000000000e-01
9.064941406250000000e-01 -1.877441406250000000e-01 -3.320312500000000000e-01
9.648437500000000000e-01 -1.162109375000000000e-01 -3.293457031250000000e-01
9.504394531250000000e-01 -1.552734375000000000e-01 -3.413085937500000000e-01
9.587402343750000000e-01 -1.406250000000000000e-01 -2.875976562500000000e-01
9.558105468750000000e-01 -1.604003906250000000e-01 -3.234863281250000000e-01
9.643554687500000000e-01 -1.586914062500000000e-01 -2.861328125000000000e-01
1.001464843750000000e+00 -1.120605468750000000e-01 -3.425292968750000000e-01
9.616699218750000000e-01 -1.218261718750000000e-01 -2.343750000000000000e-01
9.458007812500000000e-01 -1.911621093750000000e-01 -2.858886718750000000e-01
9.541015625000000000e-01 -1.918945312500000000e-01 -3.300781250000000000e-01
9.663085937500000000e-01 -1.906738281250000000e-01 -3.286132812500000000e-01
9.091796875000000000e-01 -1.926269531250000000e-01 -3.310546875000000000e-01
9.079589843750000000e-01 -1.970214843750000000e-01 -3.151855468750000000e-01
9.094238281250000000e-01 -2.077636718750000000e-01 -2.475585937500000000e-01
9.592285156250000000e-01 -2.053222656250000000e-01 -3.142089843750000000e-01
9.265136718750000000e-01 -1.989746093750000000e-01 -2.792968750000000000e-01
9.133300781250000000e-01 -2.043457031250000000e-01 -2.207031250000000000e-01
9.301757812500000000e-01 -1.960449218750000000e-01 -2.805175781250000000e-01
9.226074218750000000e-01 -1.940917968750000000e-01 -2.746582031250000000e-01
9.104003906250000000e-01 -1.887207031250000000e-01 -2.734375000000000000e-01
9.250488281250000000e-01 -1.982421875000000000e-01 -2.763671875000000000e-01
9.191894531250000000e-01 -1.962890625000000000e-01 -2.770996093750000000e-01
9.218750000000000000e-01 -1.999511718750000000e-01 -2.741699218750000000e-01
9.196777343750000000e-01 -2.050781250000000000e-01 -2.224121093750000000e-01
9.252929687500000000e-01 -1.879882812500000000e-01 -2.778320312500000000e-01
9.160156250000000000e-01 -1.916503906250000000e-01 -2.731933593750000000e-01
9.165039062500000000e-01 -1.955566406250000000e-01 -2.329101562500000000e-01
9.218750000000000000e-01 -1.975097656250000000e-01 -2.221679687500000000e-01
9.194335937500000000e-01 -1.245117187500000000e-01 -2.221679687500000000e-01
9.211425781250000000e-01 -1.989746093750000000e-01 -2.260742187500000000e-01
9.172363281250000000e-01 -1.950683593750000000e-01 -2.270507812500000000e-01
9.204101562500000000e-01 -1.958007812500000000e-01 -2.229003906250000000e-01
9.221191406250000000e-01 -1.938476562500000000e-01 -2.270507812500000000e-01
9.213867187500000000e-01 -1.999511718750000000e-01 -2.807617187500000000e-01
9.204101562500000000e-01 -1.909179687500000000e-01 -2.238769531250000000e-01
9.145507812500000000e-01 -1.213378906250000000e-01 -2.275390625000000000e-01
