1.028320312500000000e+00 -4.174804687500000000e-02 2.436523437500000000e-01
1.028320312500000000e+00 -4.174804687500000000e-02 2.436523437500000000e-01
9.741210937500000000e-01 -4.516601562500000000e-02 2.460937500000000000e-01
9.741210937500000000e-01 -4.516601562500000000e-02 2.460937500000000000e-01
9.790039062500000000e-01 -4.614257812500000000e-02 2.358398437500000000e-01
1.020996093750000000e+00 -4.907226562500000000e-02 3.205566406250000000e-01
9.746093750000000000e-01 -4.443359375000000000e-02 2.426757812500000000e-01
9.704589843750000000e-01 -4.150390625000000000e-02 2.424316406250000000e-01
1.024414062500000000e+00 -4.052734375000000000e-02 2.446289062500000000e-01
9.694824218750000000e-01 -4.248046875000000000e-02 2.382812500000000000e-01
1.027832031250000000e+00 -4.467773437500000000e-02 2.421875000000000000e-01
1.024902343750000000e+00 -4.711914062500000000e-02 3.132324218750000000e-01
9.714355468750000000e-01 -4.565429687500000000e-02 2.314453125000000000e-01
9.702148437500000000e-01 -4.345703125000000000e-02 2.353515625000000000e-01
1.029785156250000000e+00 -4.321289062500000000e-02 2.404785156250000000e-01
9.782714843750000000e-01 -5.126953125000000000e-02 2.377929687500000000e-01
9.753417968750000000e-01 -4.589843750000000000e-02 2.465820312500000000e-01
1.027832031250000000e+00 -4.467773437500000000e-02 2.390136718750000000e-01
9.707031250000000000e-01 -5.004882812500000000e-02 2.431640625000000000e-01
9.729003906250000000e-01 -4.882812500000000000e-02 2.358398437500000000e-01
9.746093750000000000e-01 -5.249023437500000000e-02 2.419433593750000000e-01
1.030273437500000000e+00 -5.346679687500000000e-02 2.470703125000000000e-01
9.707031250000000000e-01 -4.980468750000000000e-02 2.414550781250000000e-01
9.802246093750000000e-01 -5.004882812500000000e-02 2.395019531250000000e-01
9.714355468750000000e-01 -4.736328125000000000e-02 2.385253906250000000e-01
9.699707031250000000e-01 -4.663085937500000000e-02 2.373046875000000000e-01
9.768066406250000000e-01 -4.614257812500000000e-02 2.346191406250000000e-01
1.031250000000000000e+00 -5.029296875000000000e-02 2.397460937500000000e-01
1.031250000000000000e+00 -4.663085937500000000e-02 2.358398437500000000e-01
9.741210937500000000e-01 -4.248046875000000000e-02 2.312011718750000000e-01
9.697265625000000000e-01 -4.394531250000000000e-02 2.368164062500000000e-01
9.716796875000000000e-01 -4.125976562500000000e-02 2.312011718750000000e-01
9.743652343750000000e-01 -4.394531250000000000e-02 2.329101562500000000e-01
9.733886718750000000e-01 -5.078125000000000000e-02 2.341308593750000000e-01
1.030029296875000000e+00 -4.589843750000000000e-02 2.338867187500000000e-01
9.758300781250000000e-01 -4.565429687500000000e-02 2.348632812500000000e-01
1.029541015625000000e+00 -4.760742187500000000e-02 2.392578125000000000e-01
1.027099609375000000e+00 -4.492187500000000000e-02 2.419433593750000000e-01
9.729003906250000000e-01 -4.272460937500000000e-02 2.324218750000000000e-01
9.746093750000000000e-01 -4.394531250000000000e-02 2.268066406250000000e-01
9.733886718750000000e-01 -4.101562500000000000e-02 2.397460937500000000e-01
9.792480468750000000e-01 -4.541015625000000000e-02 2.382812500000000000e-01
9.733886718750000000e-01 -4.638671875000000000e-02 2.451171875000000000e-01
9.694824218750000000e-01 -4.736328125000000000e-02 2.319335937500000000e-01
9.731445312500000000e-01 -4.492187500000000000e-02 2.351074218750000000e-01
9.707031250000000000e-01 -4.321289062500000000e-02 2.390136718750000000e-01
9.724121093750000000e-01 -4.321289062500000000e-02 2.319335937500000000e-01
9.733886718750000000e-01 -4.028320312500000000e-02 2.355957031250000000e-01
9.689941406250000000e-01 -4.956054687500000000e-02 2.338867187500000000e-01
9.755859375000000000e-01 -4.687500000000000000e-02 2.270507812500000000e-01
9.707031250000000000e-01 -4.833984375000000000e-02 2.351074218750000000e-01
9.704589843750000000e-01 -4.321289062500000000e-02 2.387695312500000000e-01
9.772949218750000000e-01 -4.028320312500000000e-02 2.253417968750000000e-01
9.709472656250000000e-01 -4.370117187500000000e-02 2.268066406250000000e-01
1.029541015625000000e+00 -4.418945312500000000e-02 2.348632812500000000e-01
9.816894531250000000e-01 -4.687500000000000000e-02 2.302246093750000000e-01
9.726562500000000000e-01 -4.150390625000000000e-02 2.221679687500000000e-01
1.026611328125000000e+00 -4.907226562500000000e-02 2.314453125000000000e-01
9.736328125000000000e-01 -4.760742187500000000e-02 2.197265625000000000e-01
9.689941406250000000e-01 -4.394531250000000000e-02 2.336425781250000000e-01
9.768066406250000000e-01 -4.663085937500000000e-02 2.282714843750000000e-01
9.724121093750000000e-01 -4.272460937500000000e-02 2.287597656250000000e-01
9.726562500000000000e-01 -4.443359375000000000e-02 2.312011718750000000e-01
9.731445312500000000e-01 -4.223632812500000000e-02 2.287597656250000000e-01
9.731445312500000000e-01 -4.052734375000000000e-02 2.243652343750000000e-01
9.743652343750000000e-01 -4.565429687500000000e-02 2.329101562500000000e-01
9.743652343750000000e-01 -4.516601562500000000e-02 2.238769531250000000e-01
9.699707031250000000e-01 -3.906250000000000000e-02 2.270507812500000000e-01
9.750976562500000000e-01 -4.565429687500000000e-02 2.231445312500000000e-01
9.750976562500000000e-01 -4.394531250000000000e-02 2.282714843750000000e-01
1.030029296875000000e+00 -4.711914062500000000e-02 2.348632812500000000e-01
9.758300781250000000e-01 -4.467773437500000000e-02 2.307128906250000000e-01
9.785156250000000000e-01 -4.394531250000000000e-02 2.280273437500000000e-01
1.027343750000000000e+00 -4.052734375000000000e-02 2.275390625000000000e-01
9.716796875000000000e-01 -4.809570312500000000e-02 2.255859375000000000e-01
9.755859375000000000e-01 -4.492187500000000000e-02 2.351074218750000000e-01
9.802246093750000000e-01 -3.808593750000000000e-02 2.246093750000000000e-01
9.755859375000000000e-01 -4.614257812500000000e-02 2.314453125000000000e-01
9.770507812500000000e-01 -4.028320312500000000e-02 2.358398437500000000e-01
9.819335937500000000e-01 -3.588867187500000000e-02 2.248535156250000000e-01
1.028076171875000000e+00 -4.150390625000000000e-02 2.309570312500000000e-01
9.724121093750000000e-01 -4.003906250000000000e-02 2.282714843750000000e-01
9.829101562500000000e-01 -3.979492187500000000e-02 2.351074218750000000e-01
9.731445312500000000e-01 -4.370117187500000000e-02 2.272949218750000000e-01
9.826660156250000000e-01 -3.881835937500000000e-02 2.260742187500000000e-01
9.826660156250000000e-01 -3.613281250000000000e-02 2.214355468750000000e-01
1.020751953125000000e+00 -4.321289062500000000e-02 2.419433593750000000e-01
1.019775390625000000e+00 -3.540039062500000000e-02 2.314453125000000000e-01
1.027587890625000000e+00 -3.613281250000000000e-02 2.485351562500000000e-01
9.726562500000000000e-01 -3.466796875000000000e-02 3.151855468750000000e-01
9.726562500000000000e-01 -8.886718750000000000e-02 2.336425781250000000e-01
9.694824218750000000e-01 -3.833007812500000000e-02 2.468261718750000000e-01
9.763183593750000000e-01 -3.637695312500000000e-02 2.363281250000000000e-01
9.772949218750000000e-01 -3.710937500000000000e-02 2.436523437500000000e-01
9.760742187500000000e-01 -3.930664062500000000e-02 2.470703125000000000e-01
9.768066406250000000e-01 -4.077148437500000000e-02 2.497558593750000000e-01
9.785156250000000000e-01 -4.296875000000000000e-02 2.402343750000000000e-01
9.790039062500000000e-01 -4.199218750000000000e-02 2.473144531250000000e-01
1.023437500000000000e+00 -4.370117187500000000e-02 3.264160156250000000e-01
1.024414062500000000e+00 -3.442382812500000000e-02 2.490234375000000000e-01
1.027587890625000000e+00 -3.906250000000000000e-02 2.490234375000000000e-01
1.029541015625000000e+00 -4.272460937500000000e-02 3.210449218750000000e-01
1.026367187500000000e+00 -3.417968750000000000e-02 3.234863281250000000e-01
1.030761718750000000e+00 -8.715820312500000000e-02 3.190917968750000000e-01
9.711914062500000000e-01 -8.032226562500000000e-02 3.200683593750000000e-01
1.022216796875000000e+00 -8.398437500000000000e-02 3.242187500000000000e-01
1.025634765625000000e+00 -8.007812500000000000e-02 3.222656250000000000e-01
9.697265625000000000e-01 -8.227539062500000000e-02 2.490234375000000000e-01
9.711914062500000000e-01 -8.959960937500000000e-02 2.407226562500000000e-01
1.025146484375000000e+00 -8.935546875000000000e-02 2.497558593750000000e-01
1.031250000000000000e+00 -8.959960937500000000e-02 2.434082031250000000e-01
9.707031250000000000e-01 -3.247070312500000000e-02 3.129882812500000000e-01
9.724121093750000000e-01 -7.910156250000000000e-02 2.202148437500000000e-01
9.768066406250000000e-01 -8.959960937500000000e-02 3.151855468750000000e-01
9.738769531250000000e-01 -8.911132812500000000e-02 3.229980468750000000e-01
9.763183593750000000e-01 -9.350585937500000000e-02 3.171386718750000000e-01
9.912109375000000000e-01 -3.320312500000000000e-02 3.161621093750000000e-01
9.697265625000000000e-01 -7.836914062500000000e-02 3.129882812500000000e-01
1.009277343750000000e+00 -8.666992187500000000e-02 2.404785156250000000e-01
9.741210937500000000e-01 -8.911132812500000000e-02 2.377929687500000000e-01
9.763183593750000000e-01 -3.662109375000000000e-02 2.480468750000000000e-01
9.804687500000000000e-01 -8.276367187500000000e-02 3.264160156250000000e-01
9.724121093750000000e-01 -8.154296875000000000e-02 3.273925781250000000e-01
1.028808593750000000e+00 -3.491210937500000000e-02 3.208007812500000000e-01
1.026855468750000000e+00 -3.369140625000000000e-02 3.225097656250000000e-01
1.026611328125000000e+00 -8.544921875000000000e-02 3.151855468750000000e-01
1.024902343750000000e+00 -9.033203125000000000e-02 3.181152343750000000e-01
9.746093750000000000e-01 -8.471679687500000000e-02 3.190917968750000000e-01
9.770507812500000000e-01 -9.301757812500000000e-02 2.492675781250000000e-01
1.028808593750000000e+00 -9.008789062500000000e-02 2.465820312500000000e-01
9.697265625000000000e-01 -8.837890625000000000e-02 3.132324218750000000e-01
1.031005859375000000e+00 -8.422851562500000000e-02 3.205566406250000000e-01
1.027343750000000000e+00 -8.300781250000000000e-02 3.225097656250000000e-01
9.768066406250000000e-01 -8.666992187500000000e-02 3.181152343750000000e-01
1.024169921875000000e+00 -3.564453125000000000e-02 3.286132812500000000e-01
9.699707031250000000e-01 -3.149414062500000000e-02 3.227539062500000000e-01
9.719238281250000000e-01 -8.959960937500000000e-02 3.234863281250000000e-01
1.028808593750000000e+00 -8.715820312500000000e-02 3.176269531250000000e-01
9.733886718750000000e-01 -9.130859375000000000e-02 3.215332031250000000e-01
1.028564453125000000e+00 -8.422851562500000000e-02 3.225097656250000000e-01
9.707031250000000000e-01 -8.862304687500000000e-02 3.161621093750000000e-01
1.026611328125000000e+00 -8.959960937500000000e-02 3.276367187500000000e-01
9.711914062500000000e-01 -9.130859375000000000e-02 3.208007812500000000e-01
1.019531250000000000e+00 -8.203125000000000000e-02 2.463378906250000000e-01
9.787597656250000000e-01 -9.033203125000000000e-02 3.198242187500000000e-01
9.763183593750000000e-01 -9.375000000000000000e-02 3.288574218750000000e-01
1.028564453125000000e+00 -9.326171875000000000e-02 3.371582031250000000e-01
1.029296875000000000e+00 -3.710937500000000000e-02 3.127441406250000000e-01
1.030761718750000000e+00 -8.911132812500000000e-02 3.278808593750000000e-01
1.025146484375000000e+00 -9.228515625000000000e-02 3.200683593750000000e-01
1.025634765625000000e+00 -9.106445312500000000e-02 3.154296875000000000e-01
9.755859375000000000e-01 -3.540039062500000000e-02 3.166503906250000000e-01
1.027343750000000000e+00 -3.344726562500000000e-02 3.164062500000000000e-01
1.028564453125000000e+00 -3.198242187500000000e-02 3.264160156250000000e-01
9.699707031250000000e-01 -3.930664062500000000e-02 3.132324218750000000e-01
1.025146484375000000e+00 -4.394531250000000000e-02 2.495117187500000000e-01
9.763183593750000000e-01 -4.345703125000000000e-02 3.142089843750000000e-01
9.731445312500000000e-01 -3.417968750000000000e-02 3.154296875000000000e-01
9.689941406250000000e-01 -8.666992187500000000e-02 2.497558593750000000e-01
9.699707031250000000e-01 -3.149414062500000000e-02 3.205566406250000000e-01
1.029785156250000000e+00 -9.106445312500000000e-02 3.178710937500000000e-01
1.027832031250000000e+00 -3.662109375000000000e-02 3.134765625000000000e-01
9.716796875000000000e-01 -3.710937500000000000e-02 3.159179687500000000e-01
1.026855468750000000e+00 -3.613281250000000000e-02 2.495117187500000000e-01
1.030029296875000000e+00 -3.271484375000000000e-02 3.164062500000000000e-01
1.022949218750000000e+00 -5.004882812500000000e-02 3.395996093750000000e-01
1.024902343750000000e+00 -4.858398437500000000e-02 3.139648437500000000e-01
9.741210937500000000e-01 -3.369140625000000000e-02 2.468261718750000000e-01
9.755859375000000000e-01 -9.130859375000000000e-02 3.266601562500000000e-01
9.692382812500000000e-01 -9.228515625000000000e-02 3.232421875000000000e-01
1.029541015625000000e+00 -9.301757812500000000e-02 3.227539062500000000e-01
1.028564453125000000e+00 -3.833007812500000000e-02 3.188476562500000000e-01
1.031250000000000000e+00 -3.930664062500000000e-02 3.205566406250000000e-01
9.694824218750000000e-01 -3.466796875000000000e-02 3.227539062500000000e-01
1.028320312500000000e+00 -3.540039062500000000e-02 3.132324218750000000e-01
9.748535156250000000e-01 -3.320312500000000000e-02 3.247070312500000000e-01
9.721679687500000000e-01 -3.393554687500000000e-02 3.178710937500000000e-01
9.758300781250000000e-01 -3.735351562500000000e-02 3.190917968750000000e-01
1.031005859375000000e+00 -3.295898437500000000e-02 3.229980468750000000e-01
1.030761718750000000e+00 -3.491210937500000000e-02 3.210449218750000000e-01
9.748535156250000000e-01 -9.301757812500000000e-02 2.397460937500000000e-01
1.014648437500000000e+00 -1.279296875000000000e-01 2.329101562500000000e-01
1.023925781250000000e+00 -4.003906250000000000e-02 2.426757812500000000e-01
1.030029296875000000e+00 -3.515625000000000000e-02 2.338867187500000000e-01
9.755859375000000000e-01 -3.784179687500000000e-02 3.151855468750000000e-01
9.799804687500000000e-01 -8.935546875000000000e-02 3.164062500000000000e-01
1.028564453125000000e+00 -8.569335937500000000e-02 2.434082031250000000e-01
1.023681640625000000e+00 -8.935546875000000000e-02 3.154296875000000000e-01
9.729003906250000000e-01 -3.222656250000000000e-02 3.144531250000000000e-01
1.028076171875000000e+00 -9.252929687500000000e-02 3.127441406250000000e-01
9.689941406250000000e-01 -3.881835937500000000e-02 3.137207031250000000e-01
1.024902343750000000e+00 -3.613281250000000000e-02 3.132324218750000000e-01
9.689941406250000000e-01 -3.833007812500000000e-02 3.161621093750000000e-01
1.028808593750000000e+00 -3.857421875000000000e-02 3.173828125000000000e-01
9.770507812500000000e-01 -3.710937500000000000e-02 2.443847656250000000e-01
9.692382812500000000e-01 -3.466796875000000000e-02 2.497558593750000000e-01
1.027832031250000000e+00 -3.955078125000000000e-02 2.453613281250000000e-01
9.714355468750000000e-01 -8.813476562500000000e-02 2.480468750000000000e-01
9.748535156250000000e-01 -3.710937500000000000e-02 3.161621093750000000e-01
1.025634765625000000e+00 -3.295898437500000000e-02 3.232421875000000000e-01
