9.772949218750000000e-01 -1.538085937500000000e-02 -4.443359375000000000e-02
9.772949218750000000e-01 -1.538085937500000000e-02 -4.443359375000000000e-02
9.733886718750000000e-01 -1.708984375000000000e-02 -3.857421875000000000e-02
9.733886718750000000e-01 -1.708984375000000000e-02 -3.857421875000000000e-02
9.765625000000000000e-01 -1.220703125000000000e-02 -4.687500000000000000e-02
9.772949218750000000e-01 -1.049804687500000000e-02 -4.394531250000000000e-02
9.729003906250000000e-01 -1.538085937500000000e-02 -3.613281250000000000e-02
9.777832031250000000e-01 -7.812500000000000000e-03 -3.442382812500000000e-02
9.738769531250000000e-01 -1.123046875000000000e-02 -3.662109375000000000e-02
9.755859375000000000e-01 -1.513671875000000000e-02 -3.735351562500000000e-02
9.772949218750000000e-01 -1.293945312500000000e-02 -3.369140625000000000e-02
9.733886718750000000e-01 -1.562500000000000000e-02 -3.881835937500000000e-02
9.743652343750000000e-01 -1.660156250000000000e-02 -3.637695312500000000e-02
9.787597656250000000e-01 -1.049804687500000000e-02 -4.248046875000000000e-02
9.724121093750000000e-01 -2.148437500000000000e-02 -4.443359375000000000e-02
9.772949218750000000e-01 -1.464843750000000000e-02 -4.296875000000000000e-02
9.743652343750000000e-01 -1.318359375000000000e-02 -4.516601562500000000e-02
9.768066406250000000e-01 -1.879882812500000000e-02 -4.980468750000000000e-02
9.738769531250000000e-01 -1.220703125000000000e-02 -5.493164062500000000e-02
9.726562500000000000e-01 -9.765625000000000000e-03 -5.273437500000000000e-02
9.741210937500000000e-01 -1.293945312500000000e-02 -4.711914062500000000e-02
9.746093750000000000e-01 -1.171875000000000000e-02 -5.664062500000000000e-02
9.729003906250000000e-01 -1.660156250000000000e-02 -5.395507812500000000e-02
9.738769531250000000e-01 -1.342773437500000000e-02 -6.079101562500000000e-02
1.031250000000000000e+00 6.640625000000000000e-02 -6.127929687500000000e-02
1.030273437500000000e+00 -8.056640625000000000e-03 -6.152343750000000000e-02
1.031250000000000000e+00 -2.319335937500000000e-02 -4.711914062500000000e-02
9.719238281250000000e-01 -3.051757812500000000e-02 -5.468750000000000000e-02
9.787597656250000000e-01 -2.758789062500000000e-02 -1.311035156250000000e-01
9.697265625000000000e-01 2.905273437500000000e-02 -1.303710937500000000e-01
9.748535156250000000e-01 -2.148437500000000000e-02 -1.264648437500000000e-01
9.750976562500000000e-01 -2.490234375000000000e-02 -1.257324218750000000e-01
9.714355468750000000e-01 -2.783203125000000000e-02 -1.259765625000000000e-01
9.731445312500000000e-01 -1.464843750000000000e-02 -1.252441406250000000e-01
9.768066406250000000e-01 -1.245117187500000000e-02 -1.342773437500000000e-01
9.765625000000000000e-01 -1.220703125000000000e-02 -1.411132812500000000e-01
1.029296875000000000e+00 -9.277343750000000000e-03 -1.520996093750000000e-01
1.026611328125000000e+00 -3.173828125000000000e-03 -1.442871093750000000e-01
9.689941406250000000e-01 -2.026367187500000000e-02 -1.364746093750000000e-01
9.758300781250000000e-01 -2.490234375000000000e-02 -1.374511718750000000e-01
1.030029296875000000e+00 -5.859375000000000000e-03 -1.511230468750000000e-01
1.027343750000000000e+00 2.807617187500000000e-02 -5.517578125000000000e-02
9.738769531250000000e-01 -1.391601562500000000e-02 -1.457519531250000000e-01
1.025878906250000000e+00 1.489257812500000000e-02 -1.286621093750000000e-01
9.790039062500000000e-01 1.782226562500000000e-02 -1.325683593750000000e-01
9.846191406250000000e-01 2.294921875000000000e-02 -1.315917968750000000e-01
1.024169921875000000e+00 7.177734375000000000e-02 -1.477050781250000000e-01
9.760742187500000000e-01 -7.812500000000000000e-02 -1.262207031250000000e-01
9.919433593750000000e-01 -1.684570312500000000e-02 -1.447753906250000000e-01
9.372558593750000000e-01 -2.368164062500000000e-02 -1.296386718750000000e-01
9.958496093750000000e-01 7.080078125000000000e-03 -5.200195312500000000e-02
9.733886718750000000e-01 -8.056640625000000000e-02 -1.335449218750000000e-01
1.009521484375000000e+00 -1.586914062500000000e-02 -1.435546875000000000e-01
9.780273437500000000e-01 -6.591796875000000000e-02 -1.506347656250000000e-01
1.029785156250000000e+00 1.367187500000000000e-02 -9.716796875000000000e-02
9.804687500000000000e-01 -6.616210937500000000e-02 -1.416015625000000000e-01
1.026855468750000000e+00 -8.935546875000000000e-02 -1.379394531250000000e-01
1.025390625000000000e+00 -6.518554687500000000e-02 -1.545410156250000000e-01
9.753417968750000000e-01 1.806640625000000000e-02 -1.020507812500000000e-01
1.024902343750000000e+00 9.277343750000000000e-03 -1.147460937500000000e-01
9.765625000000000000e-01 1.196289062500000000e-02 -1.108398437500000000e-01
9.602050781250000000e-01 1.635742187500000000e-02 -1.208496093750000000e-01
9.846191406250000000e-01 2.001953125000000000e-02 -1.247558593750000000e-01
1.020263671875000000e+00 2.929687500000000000e-03 -1.906738281250000000e-01
9.345703125000000000e-01 -8.300781250000000000e-02 -1.118164062500000000e-01
1.023925781250000000e+00 1.342773437500000000e-02 -2.048339843750000000e-01
9.689941406250000000e-01 1.391601562500000000e-02 -1.972656250000000000e-01
9.899902343750000000e-01 -8.178710937500000000e-02 -1.933593750000000000e-01
1.063232421875000000e+00 -8.618164062500000000e-02 -1.098632812500000000e-01
9.729003906250000000e-01 -2.343750000000000000e-02 -2.072753906250000000e-01
1.017822265625000000e+00 1.269531250000000000e-02 -1.958007812500000000e-01
1.016601562500000000e+00 -3.320312500000000000e-02 -1.096191406250000000e-01
9.296875000000000000e-01 4.882812500000000000e-04 -1.926269531250000000e-01
9.868164062500000000e-01 -3.662109375000000000e-03 -2.058105468750000000e-01
8.508300781250000000e-01 1.982421875000000000e-01 -1.928710937500000000e-01
1.018066406250000000e+00 -1.953125000000000000e-03 -1.894531250000000000e-01
1.000732421875000000e+00 -2.783203125000000000e-02 -2.080078125000000000e-01
9.858398437500000000e-01 -6.909179687500000000e-02 -1.208496093750000000e-01
9.982910156250000000e-01 -7.055664062500000000e-02 -1.225585937500000000e-01
1.001220703125000000e+00 -8.374023437500000000e-02 -1.083984375000000000e-01
1.023681640625000000e+00 -7.226562500000000000e-02 -1.103515625000000000e-01
9.326171875000000000e-01 2.709960937500000000e-02 -1.237792968750000000e-01
1.024169921875000000e+00 -1.928710937500000000e-02 -1.083984375000000000e-01
9.858398437500000000e-01 -2.636718750000000000e-02 -1.076660156250000000e-01
1.010009765625000000e+00 -1.806640625000000000e-02 -1.894531250000000000e-01
1.016357421875000000e+00 -1.977539062500000000e-02 -1.179199218750000000e-01
9.743652343750000000e-01 -4.394531250000000000e-03 -1.132812500000000000e-01
1.025634765625000000e+00 3.930664062500000000e-02 -1.086425781250000000e-01
1.025146484375000000e+00 8.422851562500000000e-02 -1.174316406250000000e-01
9.716796875000000000e-01 -2.441406250000000000e-03 -1.030273437500000000e-01
1.019775390625000000e+00 1.416015625000000000e-02 -9.570312500000000000e-02
1.024658203125000000e+00 3.173828125000000000e-03 -1.416015625000000000e-01
1.030273437500000000e+00 -8.593750000000000000e-02 -1.286621093750000000e-01
1.029541015625000000e+00 -6.713867187500000000e-02 -5.151367187500000000e-02
9.733886718750000000e-01 -6.958007812500000000e-02 -5.834960937500000000e-02
9.809570312500000000e-01 2.685546875000000000e-03 -4.101562500000000000e-02
9.809570312500000000e-01 2.050781250000000000e-02 -5.224609375000000000e-02
9.812011718750000000e-01 -2.783203125000000000e-02 -4.077148437500000000e-02
9.741210937500000000e-01 -7.812500000000000000e-03 -5.029296875000000000e-02
9.770507812500000000e-01 -3.906250000000000000e-03 -4.443359375000000000e-02
1.031005859375000000e+00 -9.765625000000000000e-03 -4.882812500000000000e-02
9.775390625000000000e-01 -1.098632812500000000e-02 -4.492187500000000000e-02
9.812011718750000000e-01 -1.977539062500000000e-02 -4.687500000000000000e-02
9.714355468750000000e-01 -1.123046875000000000e-02 -4.492187500000000000e-02
9.707031250000000000e-01 -8.789062500000000000e-03 -3.784179687500000000e-02
9.772949218750000000e-01 -4.638671875000000000e-03 -5.566406250000000000e-02
9.760742187500000000e-01 -8.789062500000000000e-03 -4.541015625000000000e-02
9.758300781250000000e-01 -1.660156250000000000e-02 -3.881835937500000000e-02
9.763183593750000000e-01 -2.929687500000000000e-03 -4.394531250000000000e-02
9.787597656250000000e-01 6.372070312500000000e-02 -4.272460937500000000e-02
9.780273437500000000e-01 -2.685546875000000000e-03 -3.662109375000000000e-02
9.743652343750000000e-01 -3.906250000000000000e-03 -3.710937500000000000e-02
9.750976562500000000e-01 -2.441406250000000000e-03 -3.955078125000000000e-02
9.763183593750000000e-01 -7.812500000000000000e-03 -3.295898437500000000e-02
9.741210937500000000e-01 6.347656250000000000e-02 -3.442382812500000000e-02
9.777832031250000000e-01 -1.464843750000000000e-03 -9.082031250000000000e-02
9.763183593750000000e-01 -3.662109375000000000e-03 -4.199218750000000000e-02
9.780273437500000000e-01 -5.126953125000000000e-03 -3.662109375000000000e-02
9.775390625000000000e-01 -5.859375000000000000e-03 -3.637695312500000000e-02
9.763183593750000000e-01 -5.371093750000000000e-03 -4.003906250000000000e-02
9.741210937500000000e-01 -4.394531250000000000e-03 -9.252929687500000000e-02
9.729003906250000000e-01 -8.789062500000000000e-03 -4.565429687500000000e-02
9.772949218750000000e-01 -4.394531250000000000e-03 -4.443359375000000000e-02
9.772949218750000000e-01 -7.568359375000000000e-03 -4.321289062500000000e-02
9.760742187500000000e-01 -8.544921875000000000e-03 -4.370117187500000000e-02
9.716796875000000000e-01 -8.056640625000000000e-03 -4.394531250000000000e-02
9.729003906250000000e-01 -1.708984375000000000e-03 -4.931640625000000000e-02
9.697265625000000000e-01 -2.685546875000000000e-03 -5.395507812500000000e-02
9.726562500000000000e-01 -4.394531250000000000e-03 -4.663085937500000000e-02
9.731445312500000000e-01 -2.197265625000000000e-03 -5.175781250000000000e-02
9.748535156250000000e-01 6.420898437500000000e-02 -5.175781250000000000e-02
9.721679687500000000e-01 -7.324218750000000000e-04 -5.664062500000000000e-02
9.709472656250000000e-01 -6.103515625000000000e-03 -5.981445312500000000e-02
9.760742187500000000e-01 -1.196289062500000000e-02 -1.306152343750000000e-01
9.763183593750000000e-01 -2.319335937500000000e-02 -1.276855468750000000e-01
9.792480468750000000e-01 2.319335937500000000e-02 -1.320800781250000000e-01
9.694824218750000000e-01 1.904296875000000000e-02 -5.444335937500000000e-02
9.760742187500000000e-01 3.076171875000000000e-02 -6.201171875000000000e-02
9.768066406250000000e-01 -6.591796875000000000e-03 -1.257324218750000000e-01
9.765625000000000000e-01 -1.831054687500000000e-02 -4.711914062500000000e-02
9.809570312500000000e-01 -7.568359375000000000e-03 -5.834960937500000000e-02
9.743652343750000000e-01 -1.220703125000000000e-02 -8.325195312500000000e-02
1.030517578125000000e+00 -6.591796875000000000e-03 -6.884765625000000000e-02
1.024169921875000000e+00 7.910156250000000000e-02 -7.250976562500000000e-02
1.000488281250000000e+00 1.220703125000000000e-03 -2.612304687500000000e-02
9.904785156250000000e-01 -1.115722656250000000e-01 1.318359375000000000e-01
9.916992187500000000e-01 -8.984375000000000000e-02 6.347656250000000000e-03
1.069824218750000000e+00 -6.542968750000000000e-02 -5.810546875000000000e-02
9.738769531250000000e-01 2.441406250000000000e-03 -1.000976562500000000e-01
9.731445312500000000e-01 -2.685546875000000000e-03 -1.320800781250000000e-01
9.851074218750000000e-01 2.075195312500000000e-02 -3.222656250000000000e-02
9.768066406250000000e-01 -2.783203125000000000e-02 -5.737304687500000000e-02
9.829101562500000000e-01 2.880859375000000000e-02 -1.350097656250000000e-01
9.750976562500000000e-01 2.685546875000000000e-02 -5.395507812500000000e-02
9.775390625000000000e-01 -7.373046875000000000e-02 -4.492187500000000000e-02
9.731445312500000000e-01 -3.613281250000000000e-02 -8.837890625000000000e-02
9.802246093750000000e-01 -5.932617187500000000e-02 -3.442382812500000000e-02
1.009033203125000000e+00 -7.299804687500000000e-02 -6.420898437500000000e-02
9.980468750000000000e-01 1.733398437500000000e-02 -9.155273437500000000e-02
1.023193359375000000e+00 1.489257812500000000e-02 -3.491210937500000000e-02
9.899902343750000000e-01 1.000976562500000000e-02 -3.784179687500000000e-02
9.831542968750000000e-01 6.591796875000000000e-03 -9.277343750000000000e-02
9.702148437500000000e-01 3.662109375000000000e-03 -8.837890625000000000e-02
9.819335937500000000e-01 -6.787109375000000000e-02 -3.491210937500000000e-02
9.831542968750000000e-01 -6.542968750000000000e-02 -8.666992187500000000e-02
9.863281250000000000e-01 -7.470703125000000000e-02 -6.835937500000000000e-02
1.018310546875000000e+00 8.789062500000000000e-03 -6.494140625000000000e-02
9.636230468750000000e-01 1.269531250000000000e-02 -3.784179687500000000e-02
1.127441406250000000e+00 3.417968750000000000e-03 -1.982421875000000000e-01
9.829101562500000000e-01 -7.177734375000000000e-02 -1.320800781250000000e-01
1.012695312500000000e+00 -6.933593750000000000e-02 -1.262207031250000000e-01
9.709472656250000000e-01 1.171875000000000000e-02 -1.433105468750000000e-01
9.733886718750000000e-01 -2.832031250000000000e-02 -1.323242187500000000e-01
1.031250000000000000e+00 2.026367187500000000e-02 -1.472167968750000000e-01
9.877929687500000000e-01 -6.713867187500000000e-02 -9.375000000000000000e-02
1.030273437500000000e+00 -2.832031250000000000e-02 -1.523437500000000000e-01
9.729003906250000000e-01 1.196289062500000000e-02 -1.464843750000000000e-01
9.699707031250000000e-01 1.025390625000000000e-02 -1.555175781250000000e-01
1.019531250000000000e+00 6.347656250000000000e-03 -5.566406250000000000e-02
1.027343750000000000e+00 -7.568359375000000000e-02 -1.372070312500000000e-01
1.030273437500000000e+00 2.929687500000000000e-03 -1.350097656250000000e-01
9.760742187500000000e-01 1.440429687500000000e-02 -1.503906250000000000e-01
9.726562500000000000e-01 -2.978515625000000000e-02 -1.381835937500000000e-01
9.694824218750000000e-01 -2.490234375000000000e-02 -1.374511718750000000e-01
9.719238281250000000e-01 -2.246093750000000000e-02 -1.323242187500000000e-01
9.743652343750000000e-01 -2.929687500000000000e-02 -1.293945312500000000e-01
9.729003906250000000e-01 -2.807617187500000000e-02 -1.333007812500000000e-01
9.731445312500000000e-01 -2.099609375000000000e-02 -5.981445312500000000e-02
9.719238281250000000e-01 -2.465820312500000000e-02 -6.005859375000000000e-02
9.768066406250000000e-01 3.100585937500000000e-02 -6.127929687500000000e-02
9.736328125000000000e-01 2.514648437500000000e-02 -5.810546875000000000e-02
9.716796875000000000e-01 2.197265625000000000e-02 -5.029296875000000000e-02
9.775390625000000000e-01 2.612304687500000000e-02 -6.030273437500000000e-02
9.736328125000000000e-01 2.368164062500000000e-02 -5.615234375000000000e-02
1.030761718750000000e+00 2.563476562500000000e-02 -5.297851562500000000e-02
9.704589843750000000e-01 2.954101562500000000e-02 -5.786132812500000000e-02
9.707031250000000000e-01 2.954101562500000000e-02 -5.761718750000000000e-02
9.755859375000000000e-01 2.392578125000000000e-02 -5.346679687500000000e-02
9.755859375000000000e-01 2.514648437500000000e-02 -6.176757812500000000e-02
9.753417968750000000e-01 3.027343750000000000e-02 -6.127929687500000000e-02
