9.858398437500000000e-01 -6.469726562500000000e-02 2.421875000000000000e-01
9.858398437500000000e-01 -6.469726562500000000e-02 2.421875000000000000e-01
9.775390625000000000e-01 0.000000000000000000e+00 2.431640625000000000e-01
9.775390625000000000e-01 0.000000000000000000e+00 2.431640625000000000e-01
9.775390625000000000e-01 0.000000000000000000e+00 2.431640625000000000e-01
9.775390625000000000e-01 0.000000000000000000e+00 2.431640625000000000e-01
9.797363281250000000e-01 -6.274414062500000000e-02 2.326660156250000000e-01
9.797363281250000000e-01 -6.274414062500000000e-02 2.326660156250000000e-01
9.797363281250000000e-01 -6.274414062500000000e-02 2.326660156250000000e-01
9.855957031250000000e-01 5.615234375000000000e-03 2.387695312500000000e-01
9.812011718750000000e-01 1.708984375000000000e-03 2.380371093750000000e-01
9.704589843750000000e-01 7.080078125000000000e-03 3.168945312500000000e-01
9.731445312500000000e-01 3.173828125000000000e-03 2.849121093750000000e-01
9.750976562500000000e-01 -6.738281250000000000e-02 3.173828125000000000e-01
9.750976562500000000e-01 -6.738281250000000000e-02 3.173828125000000000e-01
9.838867187500000000e-01 -6.420898437500000000e-02 2.500000000000000000e-01
9.777832031250000000e-01 5.615234375000000000e-03 3.266601562500000000e-01
9.694824218750000000e-01 -6.738281250000000000e-02 3.315429687500000000e-01
9.787597656250000000e-01 5.615234375000000000e-03 3.349609375000000000e-01
9.689941406250000000e-01 -6.469726562500000000e-02 3.281250000000000000e-01
9.831542968750000000e-01 -6.909179687500000000e-02 3.161621093750000000e-01
9.741210937500000000e-01 -6.396484375000000000e-02 3.339843750000000000e-01
9.731445312500000000e-01 -6.372070312500000000e-02 3.293457031250000000e-01
9.719238281250000000e-01 -6.982421875000000000e-02 3.251953125000000000e-01
9.719238281250000000e-01 -6.982421875000000000e-02 3.251953125000000000e-01
9.797363281250000000e-01 -8.105468750000000000e-02 3.144531250000000000e-01
9.763183593750000000e-01 -7.592773437500000000e-02 2.370605468750000000e-01
1.027832031250000000e+00 -6.567382812500000000e-02 2.490234375000000000e-01
9.873046875000000000e-01 -7.104492187500000000e-02 2.385253906250000000e-01
9.838867187500000000e-01 -8.447265625000000000e-02 2.226562500000000000e-01
9.838867187500000000e-01 -8.447265625000000000e-02 2.226562500000000000e-01
9.833984375000000000e-01 -8.105468750000000000e-02 2.675781250000000000e-01
9.746093750000000000e-01 -3.295898437500000000e-02 2.590332031250000000e-01
9.799804687500000000e-01 -4.174804687500000000e-02 1.767578125000000000e-01
9.907226562500000000e-01 -5.810546875000000000e-02 1.083984375000000000e-01
9.907226562500000000e-01 -5.810546875000000000e-02 1.083984375000000000e-01
9.775390625000000000e-01 -1.264648437500000000e-01 9.985351562500000000e-02
9.697265625000000000e-01 -1.286621093750000000e-01 9.790039062500000000e-02
9.660644531250000000e-01 -1.435546875000000000e-01 3.979492187500000000e-02
8.730468750000000000e-01 -1.330566406250000000e-01 4.052734375000000000e-02
9.682617187500000000e-01 -6.103515625000000000e-02 8.227539062500000000e-02
8.603515625000000000e-01 -1.511230468750000000e-01 2.954101562500000000e-02
8.103027343750000000e-01 -1.984863281250000000e-01 -8.251953125000000000e-02
8.586425781250000000e-01 -2.739257812500000000e-01 2.392578125000000000e-02
1.080566406250000000e+00 -2.509765625000000000e-01 -1.086425781250000000e-01
1.080566406250000000e+00 -2.509765625000000000e-01 -1.086425781250000000e-01
9.533691406250000000e-01 -2.634277343750000000e-01 -9.448242187500000000e-02
9.377441406250000000e-01 -3.205566406250000000e-01 -2.089843750000000000e-01
9.643554687500000000e-01 -2.749023437500000000e-01 -2.084960937500000000e-01
1.017822265625000000e+00 -3.010253906250000000e-01 -2.529296875000000000e-01
9.394531250000000000e-01 -3.618164062500000000e-01 -2.275390625000000000e-01
8.830566406250000000e-01 -3.596191406250000000e-01 -2.399902343750000000e-01
8.618164062500000000e-01 -3.986816406250000000e-01 -3.945312500000000000e-01
7.194824218750000000e-01 -3.471679687500000000e-01 -2.866210937500000000e-01
7.719726562500000000e-01 -3.996582031250000000e-01 -3.562011718750000000e-01
7.685546875000000000e-01 -3.037109375000000000e-01 -4.265136718750000000e-01
7.187500000000000000e-01 -3.947753906250000000e-01 -5.263671875000000000e-01
7.700195312500000000e-01 -4.421386718750000000e-01 -5.747070312500000000e-01
6.494140625000000000e-01 -3.571777343750000000e-01 -5.556640625000000000e-01
5.375976562500000000e-01 -3.889160156250000000e-01 -6.943359375000000000e-01
5.056152343750000000e-01 -4.113769531250000000e-01 -7.458496093750000000e-01
3.657226562500000000e-01 -4.331054687500000000e-01 -8.525390625000000000e-01
2.927246093750000000e-01 -5.036621093750000000e-01 -8.515625000000000000e-01
2.731933593750000000e-01 -5.097656250000000000e-01 -8.642578125000000000e-01
2.031250000000000000e-01 -5.190429687500000000e-01 -9.550781250000000000e-01
1.171875000000000000e-01 -5.048828125000000000e-01 -8.486328125000000000e-01
1.354980468750000000e-01 -4.719238281250000000e-01 -9.384765625000000000e-01
5.322265625000000000e-02 -4.194335937500000000e-01 -8.066406250000000000e-01
8.740234375000000000e-02 -4.318847656250000000e-01 -7.858886718750000000e-01
-4.638671875000000000e-03 -4.353027343750000000e-01 -8.793945312500000000e-01
7.519531250000000000e-02 -5.173339843750000000e-01 -8.562011718750000000e-01
-1.562500000000000000e-02 -4.235839843750000000e-01 -9.436035156250000000e-01
-6.591796875000000000e-03 -4.599609375000000000e-01 -8.945312500000000000e-01
6.811523437500000000e-02 -4.592285156250000000e-01 -8.073730468750000000e-01
8.251953125000000000e-02 -4.609375000000000000e-01 -7.890625000000000000e-01
4.150390625000000000e-02 -4.541015625000000000e-01 -8.056640625000000000e-01
4.394531250000000000e-02 -4.562988281250000000e-01 -7.814941406250000000e-01
4.882812500000000000e-02 -4.379882812500000000e-01 -8.425292968750000000e-01
5.053710937500000000e-02 -4.379882812500000000e-01 -7.409667968750000000e-01
5.859375000000000000e-02 -3.452148437500000000e-01 -7.556152343750000000e-01
9.667968750000000000e-02 -3.732910156250000000e-01 -7.307128906250000000e-01
9.643554687500000000e-02 -3.693847656250000000e-01 -7.419433593750000000e-01
1.420898437500000000e-01 -4.650878906250000000e-01 -7.995605468750000000e-01
1.242675781250000000e-01 -4.177246093750000000e-01 -8.557128906250000000e-01
1.242675781250000000e-01 -4.177246093750000000e-01 -8.557128906250000000e-01
1.994628906250000000e-01 -4.672851562500000000e-01 -8.637695312500000000e-01
2.097167968750000000e-01 -4.079589843750000000e-01 -8.461914062500000000e-01
2.131347656250000000e-01 -4.086914062500000000e-01 -8.671875000000000000e-01
2.099609375000000000e-01 -4.645996093750000000e-01 -8.808593750000000000e-01
2.097167968750000000e-01 -4.670410156250000000e-01 -8.906250000000000000e-01
1.586914062500000000e-01 -4.560546875000000000e-01 -7.937011718750000000e-01
2.077636718750000000e-01 -4.675292968750000000e-01 -7.934570312500000000e-01
1.896972656250000000e-01 -4.580078125000000000e-01 -8.366699218750000000e-01
1.982421875000000000e-01 -4.584960937500000000e-01 -7.995605468750000000e-01
9.912109375000000000e-02 -4.665527343750000000e-01 -7.995605468750000000e-01
1.206054687500000000e-01 -4.558105468750000000e-01 -8.068847656250000000e-01
1.052246093750000000e-01 -4.204101562500000000e-01 -7.895507812500000000e-01
1.203613281250000000e-01 -4.077148437500000000e-01 -7.888183593750000000e-01
9.985351562500000000e-02 -4.174804687500000000e-01 -7.875976562500000000e-01
1.098632812500000000e-01 -4.670410156250000000e-01 -7.873535156250000000e-01
1.010742187500000000e-01 -4.072265625000000000e-01 -7.851562500000000000e-01
1.069335937500000000e-01 -4.523925781250000000e-01 -8.391113281250000000e-01
9.667968750000000000e-02 -4.533691406250000000e-01 -8.413085937500000000e-01
1.040039062500000000e-01 -4.125976562500000000e-01 -7.871093750000000000e-01
1.560058593750000000e-01 -4.094238281250000000e-01 -7.951660156250000000e-01
1.220703125000000000e-01 -4.462890625000000000e-01 -8.395996093750000000e-01
9.912109375000000000e-02 -4.594726562500000000e-01 -7.988281250000000000e-01
1.069335937500000000e-01 -4.663085937500000000e-01 -8.103027343750000000e-01
1.535644531250000000e-01 -4.570312500000000000e-01 -8.032226562500000000e-01
1.215820312500000000e-01 -3.669433593750000000e-01 -8.376464843750000000e-01
1.052246093750000000e-01 -4.511718750000000000e-01 -7.993164062500000000e-01
1.162109375000000000e-01 -4.489746093750000000e-01 -8.054199218750000000e-01
1.057128906250000000e-01 -4.553222656250000000e-01 -8.103027343750000000e-01
1.108398437500000000e-01 -4.663085937500000000e-01 -7.934570312500000000e-01
1.901855468750000000e-01 -4.606933593750000000e-01 -8.483886718750000000e-01
1.909179687500000000e-01 -4.321289062500000000e-01 -8.833007812500000000e-01
1.679687500000000000e-01 -4.079589843750000000e-01 -8.491210937500000000e-01
1.845703125000000000e-01 -5.109863281250000000e-01 -9.421386718750000000e-01
1.853027343750000000e-01 -5.075683593750000000e-01 -1.014160156250000000e+00
1.237792968750000000e-01 -4.240722656250000000e-01 -9.489746093750000000e-01
2.758789062500000000e-01 -4.221191406250000000e-01 -9.482421875000000000e-01
2.758789062500000000e-01 -4.221191406250000000e-01 -9.482421875000000000e-01
5.634765625000000000e-01 -4.475097656250000000e-01 -8.061523437500000000e-01
5.634765625000000000e-01 -4.475097656250000000e-01 -8.061523437500000000e-01
6.667480468750000000e-01 -4.025878906250000000e-01 -7.583007812500000000e-01
8.903808593750000000e-01 -4.418945312500000000e-01 -6.828613281250000000e-01
8.327636718750000000e-01 -3.076171875000000000e-01 -4.152832031250000000e-01
8.210449218750000000e-01 -3.937988281250000000e-01 -4.045410156250000000e-01
8.271484375000000000e-01 -3.381347656250000000e-01 -3.249511718750000000e-01
7.888183593750000000e-01 -2.568359375000000000e-01 -3.144531250000000000e-01
7.888183593750000000e-01 -2.563476562500000000e-01 -2.678222656250000000e-01
9.267578125000000000e-01 -2.365722656250000000e-01 -2.502441406250000000e-01
9.179687500000000000e-01 -3.227539062500000000e-01 -2.504882812500000000e-01
1.023681640625000000e+00 -3.181152343750000000e-01 -2.636718750000000000e-01
9.887695312500000000e-01 -2.705078125000000000e-01 -1.857910156250000000e-01
9.736328125000000000e-01 -1.691894531250000000e-01 -2.067871093750000000e-01
1.025634765625000000e+00 -1.965332031250000000e-01 -9.838867187500000000e-02
9.504394531250000000e-01 -1.613769531250000000e-01 -1.276855468750000000e-01
8.454589843750000000e-01 -1.726074218750000000e-01 -8.862304687500000000e-02
8.171386718750000000e-01 -4.101562500000000000e-02 -4.882812500000000000e-02
8.239746093750000000e-01 -9.228515625000000000e-02 -1.474609375000000000e-01
9.514160156250000000e-01 -1.342773437500000000e-01 -1.291503906250000000e-01
8.535156250000000000e-01 -1.062011718750000000e-01 -1.467285156250000000e-01
1.021728515625000000e+00 -1.250000000000000000e-01 -4.809570312500000000e-02
9.729003906250000000e-01 -1.149902343750000000e-01 -6.250000000000000000e-02
9.587402343750000000e-01 -1.540527343750000000e-01 -6.347656250000000000e-02
9.633789062500000000e-01 -1.862792968750000000e-01 1.147460937500000000e-02
1.139404296875000000e+00 -1.186523437500000000e-01 2.392578125000000000e-02
1.029296875000000000e+00 -7.006835937500000000e-02 9.008789062500000000e-02
1.012695312500000000e+00 4.394531250000000000e-03 1.430664062500000000e-01
1.049316406250000000e+00 -1.018066406250000000e-01 6.225585937500000000e-02
1.066650390625000000e+00 -1.479492187500000000e-01 1.013183593750000000e-01
9.689941406250000000e-01 -9.057617187500000000e-02 9.863281250000000000e-02
9.912109375000000000e-01 -8.959960937500000000e-02 1.091308593750000000e-01
9.799804687500000000e-01 -5.639648437500000000e-02 1.145019531250000000e-01
1.064941406250000000e+00 -1.289062500000000000e-01 1.901855468750000000e-01
9.890136718750000000e-01 -1.276855468750000000e-01 1.918945312500000000e-01
9.797363281250000000e-01 -1.254882812500000000e-01 2.070312500000000000e-01
9.858398437500000000e-01 -1.313476562500000000e-01 2.019042968750000000e-01
9.985351562500000000e-01 -1.271972656250000000e-01 2.133789062500000000e-01
9.985351562500000000e-01 -1.271972656250000000e-01 2.133789062500000000e-01
9.987792968750000000e-01 -4.736328125000000000e-02 1.962890625000000000e-01
9.746093750000000000e-01 -4.370117187500000000e-02 1.589355468750000000e-01
9.946289062500000000e-01 -5.102539062500000000e-02 1.606445312500000000e-01
9.770507812500000000e-01 -4.296875000000000000e-02 1.635742187500000000e-01
9.965820312500000000e-01 -4.565429687500000000e-02 1.635742187500000000e-01
1.066406250000000000e+00 -1.301269531250000000e-01 2.070312500000000000e-01
9.819335937500000000e-01 -4.711914062500000000e-02 2.519531250000000000e-01
1.087890625000000000e+00 -9.228515625000000000e-02 2.626953125000000000e-01
1.071289062500000000e+00 -4.272460937500000000e-02 2.363281250000000000e-01
9.677734375000000000e-01 -8.227539062500000000e-02 2.338867187500000000e-01
9.721679687500000000e-01 -8.642578125000000000e-02 2.768554687500000000e-01
1.016601562500000000e+00 -3.271484375000000000e-02 3.408203125000000000e-01
1.016357421875000000e+00 -8.422851562500000000e-02 2.797851562500000000e-01
9.992675781250000000e-01 -3.881835937500000000e-02 2.785644531250000000e-01
1.037109375000000000e+00 -5.029296875000000000e-02 2.734375000000000000e-01
9.797363281250000000e-01 -9.008789062500000000e-02 2.722167968750000000e-01
9.853515625000000000e-01 -3.588867187500000000e-02 2.639160156250000000e-01
9.777832031250000000e-01 -3.930664062500000000e-02 2.221679687500000000e-01
9.772949218750000000e-01 -4.394531250000000000e-02 2.253417968750000000e-01
9.768066406250000000e-01 -4.223632812500000000e-02 2.812500000000000000e-01
9.929199218750000000e-01 -3.320312500000000000e-02 2.614746093750000000e-01
9.873046875000000000e-01 -4.223632812500000000e-02 2.670898437500000000e-01
9.848632812500000000e-01 -3.149414062500000000e-02 2.663574218750000000e-01
9.885253906250000000e-01 -9.204101562500000000e-02 2.729492187500000000e-01
9.841308593750000000e-01 -3.710937500000000000e-02 2.626953125000000000e-01
9.914550781250000000e-01 -3.759765625000000000e-02 2.666015625000000000e-01
9.807128906250000000e-01 -3.466796875000000000e-02 2.722167968750000000e-01
9.855957031250000000e-01 -4.638671875000000000e-02 2.741699218750000000e-01
9.885253906250000000e-01 -3.686523437500000000e-02 2.753906250000000000e-01
9.790039062500000000e-01 -4.614257812500000000e-02 2.792968750000000000e-01
9.768066406250000000e-01 -4.785156250000000000e-02 2.705078125000000000e-01
9.902343750000000000e-01 -3.955078125000000000e-02 2.253417968750000000e-01
9.755859375000000000e-01 -9.228515625000000000e-02 2.241210937500000000e-01
9.753417968750000000e-01 -4.248046875000000000e-02 2.321777343750000000e-01
9.838867187500000000e-01 -3.735351562500000000e-02 2.260742187500000000e-01
9.785156250000000000e-01 -4.321289062500000000e-02 2.270507812500000000e-01
9.794921875000000000e-01 -4.077148437500000000e-02 2.255859375000000000e-01
9.804687500000000000e-01 -9.326171875000000000e-02 2.236328125000000000e-01
9.804687500000000000e-01 -9.326171875000000000e-02 2.236328125000000000e-01
