9.829101559999999793e-01 2.734375000000000000e-02 -9.545898399999999673e-02
9.963378910000000310e-01 -2.368164099999999980e-02 -9.545898399999999673e-02
9.963378910000000310e-01 -2.368164099999999980e-02 -9.545898399999999673e-02
9.692382809999999793e-01 -2.734375000000000000e-02 -9.936523399999999673e-02
9.692382809999999793e-01 -2.734375000000000000e-02 -9.936523399999999673e-02
9.692382809999999793e-01 -2.734375000000000000e-02 -9.936523399999999673e-02
9.724121089999999690e-01 -2.587890600000000013e-02 -9.692382800000000354e-02
9.724121089999999690e-01 -2.587890600000000013e-02 -9.692382800000000354e-02
9.689941410000000310e-01 -1.831054699999999993e-02 -1.032714839999999967e-01
9.689941410000000310e-01 -1.831054699999999993e-02 -1.032714839999999967e-01
9.753417970000000103e-01 2.709960900000000020e-02 -2.041015630000000136e-01
9.829101559999999793e-01 1.953125000000000000e-02 -1.052246089999999967e-01
9.692382809999999793e-01 -7.006835899999999673e-02 -7.788085899999999673e-02
9.873046880000000414e-01 -7.641601600000000327e-02 -3.735351600000000327e-02
1.020996094000000021e+00 -6.323242199999999646e-02 -5.224609399999999987e-02
9.831542970000000103e-01 1.708983999999999981e-03 -9.399414100000000327e-02
1.020751952999999990e+00 -6.420898399999999673e-02 -1.372070310000000071e-01
1.030029297000000010e+00 -6.591796900000000681e-02 -9.814453099999999319e-02
1.029541016000000031e+00 -7.666015599999999319e-02 -9.545898399999999673e-02
1.030029297000000010e+00 -8.374023399999999673e-02 -1.921386720000000103e-01
9.804687500000000000e-01 -9.228515599999999319e-02 -1.237792969999999965e-01
1.031005858999999969e+00 -7.543945300000000354e-02 -1.232910160000000033e-01
9.750976559999999793e-01 -6.835937500000000000e-02 -1.223144530000000035e-01
9.702148440000000207e-01 3.173828000000000066e-03 -1.179199219999999965e-01
1.028808594000000021e+00 -8.007812500000000000e-02 -1.135253910000000033e-01
1.030517577999999990e+00 -7.739257800000000354e-02 -1.079101559999999932e-01
1.029785155999999979e+00 -8.178710899999999673e-02 -9.863281299999999974e-02
9.716796880000000414e-01 -7.519531299999999974e-02 -1.057128910000000033e-01
9.724121089999999690e-01 -8.691406299999999974e-02 -1.530761720000000103e-01
9.729003910000000310e-01 -5.493164100000000327e-02 -9.912109400000000681e-02
9.736328130000000414e-01 -4.736328100000000013e-02 -1.535644529999999897e-01
9.704589839999999690e-01 -5.761718799999999974e-02 -1.025390629999999997e-01
1.031250000000000000e+00 -1.259765630000000136e-01 -1.423339839999999967e-01
9.980468750000000000e-01 -4.223632799999999660e-02 -5.981445299999999660e-02
9.851074220000000103e-01 -5.053710899999999673e-02 -3.735351600000000327e-02
9.960937500000000000e-01 -8.642578099999999319e-02 -8.740234400000000681e-02
9.763183589999999690e-01 -1.408691410000000033e-01 -3.759765600000000013e-02
1.028320313000000041e+00 -2.050781250000000000e-01 -4.565429700000000340e-02
1.025390625000000000e+00 -1.525878910000000033e-01 -6.005859399999999987e-02
9.824218750000000000e-01 -1.086425780000000035e-01 -4.907226600000000327e-02
9.719238279999999897e-01 -2.114257810000000071e-01 -1.379394529999999897e-01
9.355468750000000000e-01 -2.143554689999999929e-01 -3.735351600000000327e-02
1.008300780999999979e+00 -2.038574220000000103e-01 -3.735351600000000327e-02
9.101562500000000000e-01 -2.141113279999999897e-01 -1.271972660000000033e-01
9.238281250000000000e-01 -2.229003910000000033e-01 -1.264648439999999929e-01
9.887695309999999793e-01 -2.556152340000000245e-01 -2.521972659999999755e-01
1.270019530999999979e+00 -6.103515999999999803e-03 -4.396972659999999755e-01
8.442382809999999793e-01 2.612304690000000207e-01 -1.003417969999999965e-01
1.078369141000000031e+00 1.643066410000000033e-01 -2.558593750000000000e-01
9.577636720000000103e-01 -2.441406299999999974e-02 -1.811523439999999929e-01
8.774414059999999793e-01 -6.958007800000000354e-02 -1.716308589999999967e-01
8.295898440000000207e-01 1.123046899999999987e-02 -3.410644529999999897e-01
8.583984380000000414e-01 -3.002929699999999993e-02 -3.300781250000000000e-01
7.905273440000000207e-01 -1.123046899999999987e-02 -3.435058590000000245e-01
7.980957029999999897e-01 -9.594726600000000327e-02 -2.387695310000000071e-01
8.071289059999999793e-01 -1.311035160000000033e-01 -2.407226560000000071e-01
9.401855470000000103e-01 -6.787109400000000681e-02 -2.324218750000000000e-01
9.265136720000000103e-01 -5.957031299999999974e-02 -2.741699220000000103e-01
8.034667970000000103e-01 -1.254882810000000071e-01 -1.538085939999999929e-01
1.006835938000000041e+00 -4.565429700000000340e-02 -2.062988279999999897e-01
1.022460938000000041e+00 -6.201171899999999987e-02 -2.128906250000000000e-01
9.389648440000000207e-01 -9.985351600000000327e-02 -1.154785160000000033e-01
9.265136720000000103e-01 -1.643066410000000033e-01 -3.564453100000000013e-02
1.005615233999999969e+00 -1.066894530000000035e-01 3.027343799999999974e-02
1.108886719000000021e+00 -2.556152340000000245e-01 1.345214839999999967e-01
1.195068358999999969e+00 -2.121582029999999897e-01 1.813964839999999967e-01
1.144531250000000000e+00 -1.743164060000000071e-01 3.535156250000000000e-01
1.114746094000000021e+00 -2.685546879999999859e-01 4.162597659999999755e-01
1.213378905999999979e+00 -3.078613279999999897e-01 5.083007809999999793e-01
7.546386720000000103e-01 -3.964843750000000000e-01 4.243164059999999793e-01
8.393554690000000207e-01 -4.431152340000000245e-01 5.520019529999999897e-01
8.393554690000000207e-01 -4.431152340000000245e-01 5.520019529999999897e-01
8.393554690000000207e-01 -4.431152340000000245e-01 5.520019529999999897e-01
8.393554690000000207e-01 -4.431152340000000245e-01 5.520019529999999897e-01
7.778320309999999793e-01 -4.133300779999999897e-01 7.304687500000000000e-01
7.778320309999999793e-01 -4.133300779999999897e-01 7.304687500000000000e-01
7.155761720000000103e-01 -4.553222659999999755e-01 9.050292970000000103e-01
7.155761720000000103e-01 -4.553222659999999755e-01 9.050292970000000103e-01
5.690917970000000103e-01 -3.498535159999999755e-01 8.652343750000000000e-01
5.791015630000000414e-01 -3.681640629999999859e-01 8.735351559999999793e-01
5.117187500000000000e-01 -4.638671879999999859e-01 8.662109380000000414e-01
4.431152340000000245e-01 -3.764648440000000207e-01 9.570312500000000000e-01
3.862304690000000207e-01 -2.648925779999999897e-01 8.642578130000000414e-01
2.890625000000000000e-01 -3.176269529999999897e-01 9.492187500000000000e-01
3.120117190000000207e-01 -2.397460939999999929e-01 9.040527339999999690e-01
4.143066409999999755e-01 -2.460937500000000000e-01 9.316406250000000000e-01
4.531250000000000000e-01 -1.311035160000000033e-01 1.032226563000000041e+00
4.680175779999999897e-01 -6.494140599999999319e-02 9.755859380000000414e-01
4.680175779999999897e-01 -6.494140599999999319e-02 9.755859380000000414e-01
4.157714840000000245e-01 -7.031250000000000000e-02 9.150390630000000414e-01
5.070800779999999897e-01 7.128906299999999974e-02 9.677734380000000414e-01
5.390625000000000000e-01 8.544921900000000681e-02 1.009277344000000021e+00
4.746093750000000000e-01 2.011718750000000000e-01 9.689941410000000310e-01
5.698242190000000207e-01 1.096191410000000033e-01 9.091796880000000414e-01
4.726562500000000000e-01 2.487792970000000103e-01 9.475097660000000310e-01
4.660644529999999897e-01 1.745605470000000103e-01 1.004638672000000010e+00
3.737792970000000103e-01 1.201171879999999997e-01 1.012207030999999979e+00
3.933105470000000103e-01 1.264648439999999929e-01 9.362792970000000103e-01
4.548339840000000245e-01 -3.076171899999999987e-02 1.049072266000000031e+00
3.437500000000000000e-01 -2.490234399999999987e-02 1.137939452999999990e+00
3.833007809999999793e-01 -1.464844000000000085e-03 9.853515630000000414e-01
2.482910160000000033e-01 8.911132800000000354e-02 1.028320313000000041e+00
3.139648440000000207e-01 5.322265600000000013e-02 9.868164059999999793e-01
3.806152340000000245e-01 5.468750000000000000e-02 1.079101563000000041e+00
3.066406250000000000e-01 5.297851600000000327e-02 1.082031250000000000e+00
3.000488279999999897e-01 1.271972660000000033e-01 1.075439452999999990e+00
2.919921879999999859e-01 5.346679700000000340e-02 1.077636719000000021e+00
3.061523440000000207e-01 6.103515600000000013e-02 1.081298827999999990e+00
3.100585940000000207e-01 5.444335899999999673e-02 1.076904297000000010e+00
2.919921879999999859e-01 5.175781299999999974e-02 1.068603516000000031e+00
3.017578129999999859e-01 5.615234399999999987e-02 1.076904297000000010e+00
3.093261720000000103e-01 5.590820299999999660e-02 1.075927733999999969e+00
3.012695309999999793e-01 4.956054700000000340e-02 1.067382813000000041e+00
2.971191409999999755e-01 5.419921899999999987e-02 1.071289063000000041e+00
2.976074220000000103e-01 5.786132799999999660e-02 1.078369141000000031e+00
2.980957029999999897e-01 5.712890600000000013e-02 1.081542969000000021e+00
2.941894529999999897e-01 5.737304700000000340e-02 1.082031250000000000e+00
2.917480470000000103e-01 5.737304700000000340e-02 1.080078125000000000e+00
2.890625000000000000e-01 5.859375000000000000e-02 1.068603516000000031e+00
2.890625000000000000e-01 5.859375000000000000e-02 1.068603516000000031e+00
2.934570309999999793e-01 1.254882810000000071e-01 1.078857422000000010e+00
2.934570309999999793e-01 6.201171899999999987e-02 1.089843750000000000e+00
2.875976559999999793e-01 1.250000000000000000e-01 1.078613280999999979e+00
2.917480470000000103e-01 5.932617200000000340e-02 1.077636719000000021e+00
2.856445309999999793e-01 6.103515600000000013e-02 1.075683594000000021e+00
2.937011720000000103e-01 1.306152339999999967e-01 1.080810547000000010e+00
2.897949220000000103e-01 1.315917970000000103e-01 1.079589844000000021e+00
4.038085940000000207e-01 1.364746089999999967e-01 1.035400391000000031e+00
3.151855470000000103e-01 1.447753910000000033e-01 8.566894529999999897e-01
2.897949220000000103e-01 1.464843750000000000e-01 1.015625000000000000e+00
3.466796879999999859e-01 1.467285160000000033e-01 1.078857422000000010e+00
3.420410159999999755e-01 2.150878910000000033e-01 9.860839839999999690e-01
3.632812500000000000e-01 1.142578129999999997e-01 1.048339844000000021e+00
3.632812500000000000e-01 1.560058589999999967e-01 9.887695309999999793e-01
3.491210940000000207e-01 1.433105470000000103e-01 1.079101563000000041e+00
3.530273440000000207e-01 7.641601600000000327e-02 9.841308589999999690e-01
4.177246090000000245e-01 2.172851599999999980e-02 1.065673827999999990e+00
4.086914059999999793e-01 -1.904296899999999987e-02 1.026123047000000010e+00
5.363769529999999897e-01 1.511230470000000103e-01 9.265136720000000103e-01
5.573730470000000103e-01 2.531738279999999897e-01 8.579101559999999793e-01
5.573730470000000103e-01 2.531738279999999897e-01 8.579101559999999793e-01
6.516113279999999897e-01 2.587890629999999859e-01 8.698730470000000103e-01
6.887207029999999897e-01 2.929687500000000000e-01 9.577636720000000103e-01
5.324707029999999897e-01 1.921386720000000103e-01 8.857421880000000414e-01
5.476074220000000103e-01 3.979492200000000340e-02 7.819824220000000103e-01
6.298828130000000414e-01 9.326171900000000681e-02 7.785644529999999897e-01
7.416992190000000207e-01 1.398925779999999897e-01 7.226562500000000000e-01
6.853027339999999690e-01 1.757812500000000000e-02 7.207031250000000000e-01
8.125000000000000000e-01 -8.227539100000000327e-02 6.623535160000000310e-01
8.330078130000000414e-01 -4.101562500000000000e-02 7.136230470000000103e-01
8.752441410000000310e-01 -1.203613280000000035e-01 6.008300779999999897e-01
8.476562500000000000e-01 -2.250976560000000071e-01 5.690917970000000103e-01
9.479980470000000103e-01 -3.791503909999999755e-01 5.163574220000000103e-01
9.443359380000000414e-01 -3.632812500000000000e-01 4.433593750000000000e-01
9.340820309999999793e-01 -4.619140629999999859e-01 3.608398440000000207e-01
1.030761719000000021e+00 -3.569335940000000207e-01 3.762207029999999897e-01
1.080810547000000010e+00 -2.832031250000000000e-01 3.217773440000000207e-01
1.198486327999999990e+00 -4.338378909999999755e-01 2.707519529999999897e-01
1.280761719000000021e+00 -5.791015630000000414e-01 1.015625000000000000e-01
1.216796875000000000e+00 -2.788085940000000207e-01 -6.030273399999999673e-02
1.181640625000000000e+00 -3.669433590000000245e-01 -1.721191410000000033e-01
1.035644530999999979e+00 -3.845214840000000245e-01 -2.226562500000000000e-01
9.824218750000000000e-01 -3.159179690000000207e-01 -2.539062500000000000e-01
9.699707029999999897e-01 -2.883300779999999897e-01 -2.492675779999999897e-01
9.782714839999999690e-01 -1.936035160000000033e-01 -2.561035159999999755e-01
1.129150391000000031e+00 -1.408691410000000033e-01 -2.507324220000000103e-01
8.920898440000000207e-01 -1.469726560000000071e-01 -2.111816410000000033e-01
8.920898440000000207e-01 -1.469726560000000071e-01 -2.111816410000000033e-01
8.920898440000000207e-01 -1.469726560000000071e-01 -2.111816410000000033e-01
8.789062500000000000e-01 2.246093799999999974e-02 -2.143554689999999929e-01
8.789062500000000000e-01 2.246093799999999974e-02 -2.143554689999999929e-01
8.789062500000000000e-01 2.246093799999999974e-02 -2.143554689999999929e-01
8.789062500000000000e-01 2.246093799999999974e-02 -2.143554689999999929e-01
9.921875000000000000e-01 4.223632799999999660e-02 -2.263183589999999967e-01
1.014160155999999979e+00 -6.762695300000000354e-02 -4.614257799999999660e-02
8.344726559999999793e-01 -2.709960900000000020e-02 -1.684570310000000071e-01
1.133544922000000010e+00 -5.517578100000000013e-02 -1.638183589999999967e-01
9.199218750000000000e-01 -1.096191410000000033e-01 -2.189941410000000033e-01
1.073730469000000021e+00 -1.049804690000000068e-01 -2.583007809999999793e-01
9.235839839999999690e-01 -6.665039100000000327e-02 -1.145019530000000035e-01
9.348144529999999897e-01 -7.202148399999999673e-02 -2.036132810000000071e-01
1.090576172000000010e+00 3.662109000000000197e-03 -1.655273439999999929e-01
9.721679690000000207e-01 -1.345214839999999967e-01 -1.789550779999999897e-01
1.011962891000000031e+00 -6.250000000000000000e-02 -1.137695309999999932e-01
9.787597660000000310e-01 1.538085900000000020e-02 -1.093750000000000000e-01
1.018066405999999979e+00 -6.542968799999999974e-02 -1.242675780000000035e-01
9.689941410000000310e-01 -7.666015599999999319e-02 -1.164550780000000035e-01
9.831542970000000103e-01 -8.593750000000000000e-02 -1.918945310000000071e-01
9.716796880000000414e-01 -6.567382800000000354e-02 -1.230468750000000000e-01
1.031250000000000000e+00 7.320000000000000118e-04 -1.171875000000000000e-01
1.028320313000000041e+00 -7.202148399999999673e-02 -1.135253910000000033e-01
9.689941410000000310e-01 -8.520507800000000354e-02 -1.047363280000000035e-01
9.697265630000000414e-01 -8.642578099999999319e-02 -1.201171879999999997e-01
1.025146483999999969e+00 -6.518554699999999646e-02 -1.906738279999999897e-01
1.022460938000000041e+00 -8.129882800000000354e-02 -1.113281250000000000e-01
1.030029297000000010e+00 -6.958007800000000354e-02 -1.206054690000000068e-01
9.699707029999999897e-01 -7.104492199999999646e-02 -1.914062500000000000e-01
1.028320313000000041e+00 1.171875000000000000e-02 -1.931152339999999967e-01
9.726562500000000000e-01 3.662109000000000197e-03 -1.193847660000000033e-01
9.692382809999999793e-01 3.173828000000000066e-03 -1.198730469999999965e-01
