-0.000000000000000000e+00 0.000000000000000000e+00 -0.000000000000000000e+00
1.029296875000000000e+00 -1.828613281250000000e-01 7.324218750000000000e-02
1.028320312500000000e+00 -2.504882812500000000e-01 7.373046875000000000e-02
1.030517578125000000e+00 -1.865234375000000000e-01 7.031250000000000000e-02
9.709472656250000000e-01 -2.514648437500000000e-01 -1.025390625000000000e-02
1.023437500000000000e+00 -1.801757812500000000e-01 8.520507812500000000e-02
9.824218750000000000e-01 -1.674804687500000000e-01 -2.441406250000000000e-03
9.753417968750000000e-01 -1.755371093750000000e-01 6.640625000000000000e-02
9.731445312500000000e-01 -1.811523437500000000e-01 -5.615234375000000000e-03
1.029541015625000000e+00 -1.782226562500000000e-01 8.178710937500000000e-02
9.741210937500000000e-01 -2.514648437500000000e-01 7.617187500000000000e-02
9.765625000000000000e-01 -2.539062500000000000e-01 -3.173828125000000000e-03
1.030029296875000000e+00 -2.519531250000000000e-01 7.250976562500000000e-02
1.020019531250000000e+00 -2.561035156250000000e-01 3.515625000000000000e-02
1.023193359375000000e+00 -1.645507812500000000e-01 8.691406250000000000e-02
1.018798828125000000e+00 -2.221679687500000000e-01 3.320312500000000000e-02
1.023681640625000000e+00 -1.982421875000000000e-01 6.811523437500000000e-02
9.885253906250000000e-01 -1.677246093750000000e-01 -1.489257812500000000e-02
9.750976562500000000e-01 -1.633300781250000000e-01 8.398437500000000000e-02
9.741210937500000000e-01 -1.772460937500000000e-01 7.812500000000000000e-02
9.226074218750000000e-01 -1.821289062500000000e-01 4.516601562500000000e-02
1.066162109375000000e+00 -1.652832031250000000e-01 -1.391601562500000000e-02
9.782714843750000000e-01 -1.950683593750000000e-01 4.345703125000000000e-02
9.816894531250000000e-01 -2.150878906250000000e-01 7.202148437500000000e-02
9.697265625000000000e-01 -1.757812500000000000e-01 3.637695312500000000e-02
1.020263671875000000e+00 -2.541503906250000000e-01 1.362304687500000000e-01
1.063476562500000000e+00 -2.121582031250000000e-01 6.787109375000000000e-02
9.868164062500000000e-01 -1.103515625000000000e-01 5.444335937500000000e-02
9.829101562500000000e-01 -1.804199218750000000e-01 9.350585937500000000e-02
9.702148437500000000e-01 -2.502441406250000000e-01 8.911132812500000000e-02
1.017578125000000000e+00 -2.070312500000000000e-01 5.249023437500000000e-02
9.853515625000000000e-01 -1.691894531250000000e-01 3.540039062500000000e-02
1.026123046875000000e+00 -1.889648437500000000e-01 3.979492187500000000e-02
1.030517578125000000e+00 -2.514648437500000000e-01 9.057617187500000000e-02
9.858398437500000000e-01 -1.708984375000000000e-01 6.884765625000000000e-02
1.031250000000000000e+00 -2.016601562500000000e-01 9.375000000000000000e-02
1.001953125000000000e+00 -2.080078125000000000e-01 1.298828125000000000e-01
9.785156250000000000e-01 -1.667480468750000000e-01 5.053710937500000000e-02
9.821777343750000000e-01 -1.574707031250000000e-01 3.491210937500000000e-02
9.694824218750000000e-01 -1.799316406250000000e-01 9.155273437500000000e-02
1.025146484375000000e+00 -2.106933593750000000e-01 6.005859375000000000e-02
1.014404296875000000e+00 -1.564941406250000000e-01 4.809570312500000000e-02
9.804687500000000000e-01 -2.067871093750000000e-01 9.252929687500000000e-02
9.809570312500000000e-01 -1.796875000000000000e-01 9.033203125000000000e-02
9.721679687500000000e-01 -2.570800781250000000e-01 3.344726562500000000e-02
1.021728515625000000e+00 -2.182617187500000000e-01 3.930664062500000000e-02
1.015380859375000000e+00 -1.726074218750000000e-01 3.930664062500000000e-02
1.026611328125000000e+00 -2.055664062500000000e-01 6.005859375000000000e-02
9.885253906250000000e-01 -1.679687500000000000e-01 3.613281250000000000e-02
9.782714843750000000e-01 -1.772460937500000000e-01 3.393554687500000000e-02
1.017333984375000000e+00 -2.033691406250000000e-01 5.761718750000000000e-02
1.025390625000000000e+00 -2.177734375000000000e-01 1.428222656250000000e-01
9.699707031250000000e-01 -1.650390625000000000e-01 7.446289062500000000e-02
9.699707031250000000e-01 -1.872558593750000000e-01 9.204101562500000000e-02
9.748535156250000000e-01 -2.690429687500000000e-01 4.296875000000000000e-02
1.010253906250000000e+00 -1.772460937500000000e-01 5.419921875000000000e-02
1.011474609375000000e+00 -2.172851562500000000e-01 1.264648437500000000e-01
9.943847656250000000e-01 -1.770019531250000000e-01 9.179687500000000000e-02
9.729003906250000000e-01 -1.667480468750000000e-01 8.129882812500000000e-02
9.792480468750000000e-01 -2.517089843750000000e-01 3.198242187500000000e-02
1.020751953125000000e+00 -2.138671875000000000e-01 5.639648437500000000e-02
1.021728515625000000e+00 -1.608886718750000000e-01 1.379394531250000000e-01
1.085449218750000000e+00 -1.569824218750000000e-01 9.350585937500000000e-02
9.707031250000000000e-01 -1.975097656250000000e-01 5.200195312500000000e-02
1.023437500000000000e+00 -2.653808593750000000e-01 1.259765625000000000e-01
1.027343750000000000e+00 -1.655273437500000000e-01 5.615234375000000000e-02
1.025390625000000000e+00 -2.145996093750000000e-01 5.517578125000000000e-02
1.067871093750000000e+00 -1.584472656250000000e-01 3.222656250000000000e-02
1.029296875000000000e+00 -2.148437500000000000e-01 4.321289062500000000e-02
9.731445312500000000e-01 -2.788085937500000000e-01 4.833984375000000000e-02
1.028808593750000000e+00 -2.124023437500000000e-01 5.419921875000000000e-02
1.024658203125000000e+00 -1.909179687500000000e-01 1.479492187500000000e-01
9.848632812500000000e-01 -1.655273437500000000e-01 5.102539062500000000e-02
1.026123046875000000e+00 -2.514648437500000000e-01 3.906250000000000000e-02
9.787597656250000000e-01 -1.762695312500000000e-01 8.178710937500000000e-02
1.024169921875000000e+00 -1.220703125000000000e-01 5.932617187500000000e-02
1.020507812500000000e+00 -1.689453125000000000e-01 1.279296875000000000e-01
1.066650390625000000e+00 -2.158203125000000000e-01 3.222656250000000000e-02
9.721679687500000000e-01 -1.672363281250000000e-01 7.885742187500000000e-02
1.026611328125000000e+00 -1.774902343750000000e-01 4.638671875000000000e-02
1.029052734375000000e+00 -1.950683593750000000e-01 5.200195312500000000e-02
1.016357421875000000e+00 -1.833496093750000000e-01 1.315917968750000000e-01
9.868164062500000000e-01 -1.569824218750000000e-01 8.618164062500000000e-02
9.765625000000000000e-01 -1.567382812500000000e-01 7.910156250000000000e-02
9.709472656250000000e-01 -2.512207031250000000e-01 6.372070312500000000e-02
1.015625000000000000e+00 -2.167968750000000000e-01 1.274414062500000000e-01
1.009521484375000000e+00 -1.677246093750000000e-01 1.394042968750000000e-01
1.080078125000000000e+00 -1.582031250000000000e-01 4.736328125000000000e-02
9.875488281250000000e-01 -2.116699218750000000e-01 4.003906250000000000e-02
9.794921875000000000e-01 -2.541503906250000000e-01 7.763671875000000000e-02
1.014892578125000000e+00 -2.043457031250000000e-01 -1.220703125000000000e-03
1.011962890625000000e+00 -1.569824218750000000e-01 5.981445312500000000e-02
9.858398437500000000e-01 -1.823730468750000000e-01 1.486816406250000000e-01
1.018310546875000000e+00 -1.787109375000000000e-01 3.906250000000000000e-02
9.794921875000000000e-01 -1.699218750000000000e-01 5.957031250000000000e-02
9.748535156250000000e-01 -1.584472656250000000e-01 4.418945312500000000e-02
1.014648437500000000e+00 -1.674804687500000000e-01 5.273437500000000000e-02
9.868164062500000000e-01 -1.643066406250000000e-01 7.543945312500000000e-02
1.015380859375000000e+00 -1.782226562500000000e-01 8.642578125000000000e-02
1.020996093750000000e+00 -1.818847656250000000e-01 1.362304687500000000e-01
1.029052734375000000e+00 -1.708984375000000000e-01 1.264648437500000000e-01
1.029785156250000000e+00 -1.574707031250000000e-01 4.833984375000000000e-02
1.066894531250000000e+00 -1.186523437500000000e-01 1.333007812500000000e-01
1.029785156250000000e+00 -1.601562500000000000e-01 3.686523437500000000e-02
9.816894531250000000e-01 -2.670898437500000000e-01 5.786132812500000000e-02
1.016357421875000000e+00 -2.033691406250000000e-01 3.686523437500000000e-02
1.016357421875000000e+00 -1.818847656250000000e-01 7.739257812500000000e-02
1.021972656250000000e+00 -2.050781250000000000e-01 1.315917968750000000e-01
1.030273437500000000e+00 -1.843261718750000000e-01 3.784179687500000000e-02
9.731445312500000000e-01 -1.828613281250000000e-01 5.712890625000000000e-02
1.020507812500000000e+00 -2.126464843750000000e-01 4.565429687500000000e-02
1.027343750000000000e+00 -2.504882812500000000e-01 3.247070312500000000e-02
1.024658203125000000e+00 -1.682128906250000000e-01 3.417968750000000000e-02
9.787597656250000000e-01 -1.867675781250000000e-01 3.417968750000000000e-02
9.689941406250000000e-01 -1.831054687500000000e-01 3.637695312500000000e-02
1.025146484375000000e+00 -1.596679687500000000e-01 4.174804687500000000e-02
9.833984375000000000e-01 -2.536621093750000000e-01 5.102539062500000000e-02
1.027343750000000000e+00 -1.997070312500000000e-01 1.313476562500000000e-01
9.836425781250000000e-01 -1.833496093750000000e-01 3.808593750000000000e-02
9.714355468750000000e-01 -1.791992187500000000e-01 9.008789062500000000e-02
1.018554687500000000e+00 -1.750488281250000000e-01 4.150390625000000000e-02
9.973144531250000000e-01 -1.752929687500000000e-01 3.735351562500000000e-02
1.020507812500000000e+00 -2.136230468750000000e-01 1.330566406250000000e-01
9.721679687500000000e-01 -2.597656250000000000e-01 5.615234375000000000e-02
9.726562500000000000e-01 -1.564941406250000000e-01 4.931640625000000000e-02
1.030761718750000000e+00 -1.706542968750000000e-01 5.737304687500000000e-02
1.067871093750000000e+00 -1.701660156250000000e-01 3.222656250000000000e-02
1.019287109375000000e+00 -2.133789062500000000e-01 3.222656250000000000e-02
1.024658203125000000e+00 -1.774902343750000000e-01 5.786132812500000000e-02
1.019287109375000000e+00 -2.507324218750000000e-01 5.175781250000000000e-02
1.024414062500000000e+00 -1.738281250000000000e-01 1.308593750000000000e-01
1.083740234375000000e+00 -1.689453125000000000e-01 8.764648437500000000e-02
1.027587890625000000e+00 -2.048339843750000000e-01 6.250000000000000000e-02
9.755859375000000000e-01 -1.672363281250000000e-01 3.735351562500000000e-02
1.030029296875000000e+00 -1.665039062500000000e-01 4.711914062500000000e-02
1.026367187500000000e+00 -1.713867187500000000e-01 3.784179687500000000e-02
1.075439453125000000e+00 -1.721191406250000000e-01 3.759765625000000000e-02
1.020751953125000000e+00 -2.089843750000000000e-01 3.955078125000000000e-02
9.799804687500000000e-01 -1.728515625000000000e-01 9.252929687500000000e-02
9.692382812500000000e-01 -1.845703125000000000e-01 3.588867187500000000e-02
9.689941406250000000e-01 -2.163085937500000000e-01 3.466796875000000000e-02
9.797363281250000000e-01 -1.757812500000000000e-01 8.886718750000000000e-02
1.025146484375000000e+00 -2.001953125000000000e-01 4.541015625000000000e-02
1.029541015625000000e+00 -1.689453125000000000e-01 4.321289062500000000e-02
9.804687500000000000e-01 -1.687011718750000000e-01 9.252929687500000000e-02
1.007080078125000000e+00 -2.065429687500000000e-01 4.150390625000000000e-02
9.738769531250000000e-01 -1.862792968750000000e-01 3.710937500000000000e-02
9.697265625000000000e-01 -2.084960937500000000e-01 4.125976562500000000e-02
9.782714843750000000e-01 -1.735839843750000000e-01 3.735351562500000000e-02
9.853515625000000000e-01 -1.645507812500000000e-01 8.959960937500000000e-02
1.026611328125000000e+00 -1.650390625000000000e-01 4.492187500000000000e-02
9.694824218750000000e-01 -1.733398437500000000e-01 3.369140625000000000e-02
9.763183593750000000e-01 -2.153320312500000000e-01 5.468750000000000000e-02
9.750976562500000000e-01 -1.772460937500000000e-01 8.715820312500000000e-02
1.030029296875000000e+00 -1.870117187500000000e-01 7.958984375000000000e-02
1.027343750000000000e+00 -2.153320312500000000e-01 4.882812500000000000e-02
9.707031250000000000e-01 -1.748046875000000000e-01 5.444335937500000000e-02
1.029541015625000000e+00 -1.784667968750000000e-01 3.466796875000000000e-02
1.029296875000000000e+00 -2.504882812500000000e-01 4.565429687500000000e-02
1.030029296875000000e+00 -1.794433593750000000e-01 6.103515625000000000e-02
9.709472656250000000e-01 -1.574707031250000000e-01 3.833007812500000000e-02
1.020751953125000000e+00 -1.684570312500000000e-01 3.393554687500000000e-02
1.030273437500000000e+00 -1.809082031250000000e-01 5.151367187500000000e-02
1.025390625000000000e+00 -1.796875000000000000e-01 4.296875000000000000e-02
1.030273437500000000e+00 -1.665039062500000000e-01 3.417968750000000000e-02
9.736328125000000000e-01 -1.601562500000000000e-01 7.080078125000000000e-02
9.802246093750000000e-01 -1.625976562500000000e-01 -1.489257812500000000e-02
9.726562500000000000e-01 -1.674804687500000000e-01 -4.394531250000000000e-03
9.992675781250000000e-01 -2.014160156250000000e-01 -6.811523437500000000e-02
1.026611328125000000e+00 -1.748046875000000000e-01 1.831054687500000000e-02
1.027832031250000000e+00 -1.796875000000000000e-01 -2.197265625000000000e-02
9.704589843750000000e-01 -2.507324218750000000e-01 2.563476562500000000e-02
9.716796875000000000e-01 -1.757812500000000000e-01 2.539062500000000000e-02
1.020263671875000000e+00 -2.185058593750000000e-01 7.275390625000000000e-02
9.765625000000000000e-01 -1.721191406250000000e-01 -1.171875000000000000e-02
9.707031250000000000e-01 -1.652832031250000000e-01 2.490234375000000000e-02
1.025634765625000000e+00 -1.823730468750000000e-01 2.221679687500000000e-02
1.020507812500000000e+00 -1.633300781250000000e-01 6.762695312500000000e-02
1.030761718750000000e+00 -1.867675781250000000e-01 -3.173828125000000000e-03
1.017578125000000000e+00 -2.038574218750000000e-01 -9.155273437500000000e-02
9.741210937500000000e-01 -1.691894531250000000e-01 -1.611328125000000000e-02
1.022216796875000000e+00 -1.625976562500000000e-01 -1.196289062500000000e-02
1.027099609375000000e+00 -1.608886718750000000e-01 -6.787109375000000000e-02
9.802246093750000000e-01 -1.674804687500000000e-01 -2.661132812500000000e-02
9.702148437500000000e-01 -1.596679687500000000e-01 7.446289062500000000e-02
9.692382812500000000e-01 -1.613769531250000000e-01 2.807617187500000000e-02
1.026367187500000000e+00 -1.806640625000000000e-01 -2.514648437500000000e-02
9.702148437500000000e-01 -1.635742187500000000e-01 -1.098632812500000000e-02
1.018554687500000000e+00 -1.633300781250000000e-01 -2.709960937500000000e-02
1.018554687500000000e+00 -1.633300781250000000e-01 -2.709960937500000000e-02
1.028808593750000000e+00 -2.175292968750000000e-01 -1.757812500000000000e-02
9.912109375000000000e-01 -1.745605468750000000e-01 -8.544921875000000000e-03
1.021240234375000000e+00 -2.023925781250000000e-01 -8.056640625000000000e-02
1.027832031250000000e+00 -1.608886718750000000e-01 -2.880859375000000000e-02
1.021972656250000000e+00 -1.613769531250000000e-01 -6.835937500000000000e-03
9.743652343750000000e-01 -2.114257812500000000e-01 -1.391601562500000000e-02
9.838867187500000000e-01 -1.674804687500000000e-01 -1.684570312500000000e-02
9.760742187500000000e-01 -1.574707031250000000e-01 -2.270507812500000000e-02
9.721679687500000000e-01 -1.647949218750000000e-01 2.954101562500000000e-02
9.697265625000000000e-01 -1.577148437500000000e-01 -1.196289062500000000e-02
