1.018066406250000000e+00 -4.077148437500000000e-02 2.946777343750000000e-01
1.018066406250000000e+00 -4.077148437500000000e-02 2.946777343750000000e-01
1.023681640625000000e+00 -3.637695312500000000e-02 2.871093750000000000e-01
1.023681640625000000e+00 -3.637695312500000000e-02 2.871093750000000000e-01
1.026855468750000000e+00 -9.204101562500000000e-02 2.917480468750000000e-01
9.858398437500000000e-01 -3.662109375000000000e-02 3.000488281250000000e-01
9.768066406250000000e-01 -5.200195312500000000e-02 3.374023437500000000e-01
1.015136718750000000e+00 -4.760742187500000000e-02 2.990722656250000000e-01
1.029541015625000000e+00 -4.296875000000000000e-02 3.007812500000000000e-01
9.711914062500000000e-01 -5.053710937500000000e-02 2.944335937500000000e-01
9.792480468750000000e-01 -4.003906250000000000e-02 2.917480468750000000e-01
9.777832031250000000e-01 -4.101562500000000000e-02 3.142089843750000000e-01
1.023925781250000000e+00 -3.784179687500000000e-02 3.854980468750000000e-01
9.809570312500000000e-01 -4.663085937500000000e-02 2.866210937500000000e-01
1.028564453125000000e+00 -5.908203125000000000e-02 3.376464843750000000e-01
1.068115234375000000e+00 -1.005859375000000000e-01 3.405761718750000000e-01
9.724121093750000000e-01 -1.083984375000000000e-01 2.863769531250000000e-01
9.191894531250000000e-01 -1.486816406250000000e-01 3.078613281250000000e-01
9.675292968750000000e-01 -1.079101562500000000e-01 2.880859375000000000e-01
9.729003906250000000e-01 -1.145019531250000000e-01 3.256835937500000000e-01
1.029052734375000000e+00 -1.552734375000000000e-01 2.448730468750000000e-01
1.029785156250000000e+00 -1.547851562500000000e-01 3.156738281250000000e-01
1.024414062500000000e+00 -1.081542968750000000e-01 3.332519531250000000e-01
1.063964843750000000e+00 -1.103515625000000000e-01 3.256835937500000000e-01
1.059326171875000000e+00 -1.369628906250000000e-01 2.814941406250000000e-01
1.002685546875000000e+00 -8.471679687500000000e-02 2.011718750000000000e-01
8.916015625000000000e-01 1.906738281250000000e-01 2.871093750000000000e-01
9.946289062500000000e-01 2.070312500000000000e-01 4.467773437500000000e-01
1.076904296875000000e+00 -2.556152343750000000e-01 3.889160156250000000e-01
9.099121093750000000e-01 -4.638671875000000000e-03 3.872070312500000000e-01
9.516601562500000000e-01 1.018066406250000000e-01 2.465820312500000000e-01
8.666992187500000000e-01 -6.787109375000000000e-02 2.897949218750000000e-01
9.580078125000000000e-01 -1.020507812500000000e-01 2.878417968750000000e-01
1.050781250000000000e+00 2.441406250000000000e-04 3.022460937500000000e-01
1.003906250000000000e+00 -7.080078125000000000e-03 5.056152343750000000e-01
9.316406250000000000e-01 1.042480468750000000e-01 4.482421875000000000e-01
1.205566406250000000e+00 1.459960937500000000e-01 -1.403808593750000000e-01
9.946289062500000000e-01 -8.935546875000000000e-02 -1.220703125000000000e-03
1.011718750000000000e+00 -9.155273437500000000e-02 1.782226562500000000e-02
1.610839843750000000e+00 -2.255859375000000000e-01 8.837890625000000000e-02
1.832031250000000000e+00 7.714843750000000000e-02 3.391113281250000000e-01
1.536621093750000000e+00 -2.529296875000000000e-01 2.475585937500000000e-01
6.870117187500000000e-01 -4.257812500000000000e-01 1.472167968750000000e-01
5.737304687500000000e-01 -4.040527343750000000e-01 -9.594726562500000000e-02
-6.835937500000000000e-02 2.158203125000000000e-01 -8.471679687500000000e-02
-4.663085937500000000e-02 1.169433593750000000e-01 -1.281738281250000000e-01
8.605957031250000000e-01 0.000000000000000000e+00 -2.043457031250000000e-01
3.524658203125000000e+00 -4.301757812500000000e-01 -1.437988281250000000e-01
1.828613281250000000e+00 -1.230468750000000000e-01 1.870117187500000000e-01
1.207031250000000000e+00 2.565917968750000000e-01 1.013183593750000000e-01
7.495117187500000000e-01 4.614257812500000000e-01 3.581542968750000000e-01
-1.208496093750000000e-01 -2.729492187500000000e-01 -1.342773437500000000e-01
-5.791015625000000000e-01 -3.166503906250000000e-01 -3.322753906250000000e-01
5.600585937500000000e-01 -1.516113281250000000e-01 -3.173828125000000000e-02
1.010742187500000000e+00 5.175781250000000000e-02 3.278808593750000000e-01
3.669433593750000000e+00 4.125976562500000000e-02 -3.339843750000000000e-01
1.575927734375000000e+00 2.546386718750000000e-01 6.423339843750000000e-01
1.650878906250000000e+00 -4.455566406250000000e-01 1.162109375000000000e-01
6.511230468750000000e-01 -8.999023437500000000e-01 -8.813476562500000000e-02
-1.025390625000000000e-01 2.814941406250000000e-01 -1.313476562500000000e-01
-4.624023437500000000e-01 2.153320312500000000e-01 -5.541992187500000000e-02
4.125976562500000000e-02 1.611328125000000000e-02 -1.152343750000000000e-01
2.561523437500000000e+00 -3.427734375000000000e-01 -6.914062500000000000e-01
3.262451171875000000e+00 -5.969238281250000000e-01 4.685058593750000000e-01
1.196777343750000000e+00 2.460937500000000000e-01 4.125976562500000000e-01
1.114990234375000000e+00 3.403320312500000000e-01 2.202148437500000000e-01
2.468261718750000000e-01 -2.075195312500000000e-02 -4.833984375000000000e-02
-7.719726562500000000e-01 -4.096679687500000000e-01 -2.351074218750000000e-01
8.789062500000000000e-03 -1.467285156250000000e-01 1.269531250000000000e-01
-4.052734375000000000e-02 7.885742187500000000e-02 -4.628906250000000000e-01
4.591064453125000000e+00 -8.974609375000000000e-01 -5.600585937500000000e-01
9.943847656250000000e-01 -1.442871093750000000e-01 1.232910156250000000e-01
1.682373046875000000e+00 -4.643554687500000000e-01 3.369140625000000000e-01
5.693359375000000000e-01 -1.713867187500000000e-01 -5.126953125000000000e-02
2.062988281250000000e-01 3.940429687500000000e-01 -3.173828125000000000e-02
-3.674316406250000000e-01 1.342773437500000000e-01 -3.583984375000000000e-01
-3.559570312500000000e-01 -1.372070312500000000e-01 3.347167968750000000e-01
5.522460937500000000e-01 -7.714843750000000000e-02 -1.319091796875000000e+00
6.820800781250000000e+00 -1.000976562500000000e-02 7.084960937500000000e-01
1.340332031250000000e-01 -1.245117187500000000e-01 -2.092285156250000000e-01
1.595458984375000000e+00 1.708984375000000000e-01 4.123535156250000000e-01
6.831054687500000000e-01 3.417968750000000000e-01 1.069335937500000000e-01
-2.695312500000000000e-01 -5.395507812500000000e-01 -3.278808593750000000e-01
-7.375488281250000000e-01 6.787109375000000000e-02 -4.741210937500000000e-01
4.692382812500000000e-01 1.123046875000000000e-01 6.989746093750000000e-01
1.373535156250000000e+00 4.274902343750000000e-01 -5.664062500000000000e-02
3.349121093750000000e+00 -6.384277343750000000e-01 3.173828125000000000e-02
1.211669921875000000e+00 -3.994140625000000000e-01 5.910644531250000000e-01
1.124755859375000000e+00 -4.055175781250000000e-01 1.845703125000000000e-01
5.100097656250000000e-01 -3.039550781250000000e-01 -1.440429687500000000e-01
-2.570800781250000000e-01 4.970703125000000000e-01 -2.709960937500000000e-01
-3.830566406250000000e-01 2.441406250000000000e-02 -3.857421875000000000e-02
3.637695312500000000e-01 -2.604980468750000000e-01 -3.249511718750000000e-01
3.245849609375000000e+00 -7.404785156250000000e-01 -9.575195312500000000e-01
2.018554687500000000e+00 -7.543945312500000000e-02 -1.098632812500000000e-02
1.854980468750000000e+00 3.789062500000000000e-01 7.805175781250000000e-01
9.438476562500000000e-01 1.677246093750000000e-01 -8.300781250000000000e-03
1.623535156250000000e-01 -4.001464843750000000e-01 -6.567382812500000000e-02
-6.992187500000000000e-01 -3.598632812500000000e-01 -2.424316406250000000e-01
1.110839843750000000e-01 1.237792968750000000e-01 1.193847656250000000e-01
9.887695312500000000e-02 1.877441406250000000e-01 7.314453125000000000e-01
6.575195312500000000e+00 -1.416992187500000000e+00 6.694335937500000000e-01
2.836914062500000000e-01 1.699218750000000000e-01 1.113281250000000000e-01
1.660156250000000000e+00 3.149414062500000000e-01 7.182617187500000000e-01
8.671875000000000000e-01 -5.822753906250000000e-01 1.560058593750000000e-01
2.045898437500000000e-01 6.835937500000000000e-03 -1.704101562500000000e-01
-6.049804687500000000e-01 7.568359375000000000e-02 -3.073730468750000000e-01
-2.585449218750000000e-01 6.811523437500000000e-02 3.781738281250000000e-01
8.808593750000000000e-01 -7.812500000000000000e-02 -9.724121093750000000e-01
7.528808593750000000e+00 3.051757812500000000e-01 8.505859375000000000e-01
-2.001953125000000000e-01 1.611328125000000000e-01 -1.579589843750000000e-01
1.560302734375000000e+00 4.272460937500000000e-02 5.993652343750000000e-01
8.771972656250000000e-01 1.486816406250000000e-01 2.810058593750000000e-01
-4.296875000000000000e-02 -5.285644531250000000e-01 -2.807617187500000000e-01
-1.083984375000000000e+00 -1.130371093750000000e-01 -4.943847656250000000e-01
4.504394531250000000e-01 3.767089843750000000e-01 7.307128906250000000e-01
1.556884765625000000e+00 5.305175781250000000e-01 -7.978515625000000000e-01
3.894042968750000000e+00 -5.830078125000000000e-01 -4.277343750000000000e-01
4.648437500000000000e-01 9.033203125000000000e-03 5.871582031250000000e-01
1.421875000000000000e+00 -1.257324218750000000e-01 2.624511718750000000e-01
7.543945312500000000e-01 -6.787109375000000000e-02 1.901855468750000000e-01
-2.133789062500000000e-01 3.930664062500000000e-01 -2.766113281250000000e-01
-5.288085937500000000e-01 -6.225585937500000000e-02 -1.225585937500000000e-01
2.651367187500000000e-01 5.615234375000000000e-02 2.902832031250000000e-01
2.244384765625000000e+00 2.246093750000000000e-01 -6.931152343750000000e-01
3.483398437500000000e+00 -8.222656250000000000e-01 5.781250000000000000e-01
1.133300781250000000e+00 -8.935546875000000000e-02 3.557128906250000000e-01
1.440917968750000000e+00 4.812011718750000000e-01 4.152832031250000000e-01
7.031250000000000000e-01 1.879882812500000000e-01 -1.987304687500000000e-01
-3.781738281250000000e-01 -3.142089843750000000e-01 -7.739257812500000000e-02
-5.178222656250000000e-01 -7.836914062500000000e-02 -1.813964843750000000e-01
3.459472656250000000e-01 2.285156250000000000e-01 -3.173828125000000000e-03
3.595458984375000000e+00 2.800292968750000000e-01 -1.017822265625000000e+00
1.843017578125000000e+00 -3.867187500000000000e-01 3.535156250000000000e-01
1.405517578125000000e+00 5.727539062500000000e-01 4.914550781250000000e-01
1.120361328125000000e+00 1.440429687500000000e-02 1.037597656250000000e-01
3.742675781250000000e-01 -1.337890625000000000e-01 -3.005371093750000000e-01
-3.510742187500000000e-01 1.730957031250000000e-01 -2.573242187500000000e-01
-5.605468750000000000e-01 8.056640625000000000e-03 1.684570312500000000e-02
3.503417968750000000e-01 1.108398437500000000e-01 -2.583007812500000000e-01
4.452636718750000000e+00 -1.254882812500000000e-01 -3.942871093750000000e-01
1.248046875000000000e+00 -3.823242187500000000e-01 3.691406250000000000e-01
8.986816406250000000e-01 5.185546875000000000e-01 5.139160156250000000e-01
7.119140625000000000e-01 5.888671875000000000e-01 2.221679687500000000e-01
-1.489257812500000000e-01 -2.365722656250000000e-01 -9.130859375000000000e-02
-4.323730468750000000e-01 -2.138671875000000000e-01 -1.767578125000000000e-01
6.323242187500000000e-02 7.226562500000000000e-02 3.364257812500000000e-01
1.475097656250000000e+00 1.611328125000000000e-01 -1.111572265625000000e+00
3.812255859375000000e+00 -7.580566406250000000e-01 1.535400390625000000e+00
4.855957031250000000e-01 -1.118164062500000000e-01 2.109375000000000000e-01
9.777832031250000000e-01 3.544921875000000000e-01 3.564453125000000000e-02
7.951660156250000000e-01 4.084472656250000000e-01 3.051757812500000000e-02
1.669921875000000000e-01 -1.513671875000000000e-02 -2.604980468750000000e-01
-1.628417968750000000e-01 -4.003906250000000000e-01 -1.491699218750000000e-01
-6.567382812500000000e-02 -7.153320312500000000e-02 4.536132812500000000e-01
3.002441406250000000e+00 1.625976562500000000e-01 -4.362792968750000000e-01
3.175781250000000000e+00 -7.958984375000000000e-01 4.611816406250000000e-01
9.123535156250000000e-01 4.096679687500000000e-01 3.930664062500000000e-01
8.288574218750000000e-01 5.361328125000000000e-01 3.122558593750000000e-01
6.750488281250000000e-01 -1.416015625000000000e-02 1.096191406250000000e-01
-2.929687500000000000e-02 -9.692382812500000000e-02 -1.052246093750000000e-01
-1.320800781250000000e-01 2.954101562500000000e-02 1.398925781250000000e-01
5.761718750000000000e-02 3.181152343750000000e-01 -3.759765625000000000e-02
4.096191406250000000e+00 -4.533691406250000000e-01 -1.154296875000000000e+00
8.227539062500000000e-01 5.175781250000000000e-02 3.737792968750000000e-01
1.062988281250000000e+00 2.631835937500000000e-01 4.936523437500000000e-01
1.133789062500000000e+00 -9.350585937500000000e-02 1.171875000000000000e-02
7.028808593750000000e-01 -9.912109375000000000e-02 6.835937500000000000e-02
-2.773437500000000000e-01 4.296875000000000000e-02 -1.030273437500000000e-01
-1.721191406250000000e-01 -2.780761718750000000e-01 -6.494140625000000000e-02
3.129882812500000000e-01 1.311035156250000000e-01 -4.890136718750000000e-01
4.062011718750000000e+00 1.362304687500000000e-01 -2.167968750000000000e-01
1.875244140625000000e+00 -9.667968750000000000e-02 4.282226562500000000e-01
1.342041015625000000e+00 4.475097656250000000e-01 4.897460937500000000e-01
1.084228515625000000e+00 1.574707031250000000e-01 2.399902343750000000e-01
4.472656250000000000e-01 -2.802734375000000000e-01 1.528320312500000000e-01
-2.941894531250000000e-01 -1.064453125000000000e-01 -1.376953125000000000e-01
-2.807617187500000000e-01 1.618652343750000000e-01 -2.636718750000000000e-02
1.945800781250000000e-01 2.792968750000000000e-01 2.602539062500000000e-01
4.668701171875000000e+00 -5.476074218750000000e-01 -7.526855468750000000e-01
9.262695312500000000e-01 -9.863281250000000000e-02 5.698242187500000000e-01
1.231689453125000000e+00 2.141113281250000000e-01 5.126953125000000000e-01
8.261718750000000000e-01 -1.562500000000000000e-01 2.416992187500000000e-02
6.252441406250000000e-01 -1.721191406250000000e-01 -3.491210937500000000e-02
-2.666015625000000000e-01 -1.459960937500000000e-01 -2.751464843750000000e-01
-5.012207031250000000e-01 -2.404785156250000000e-01 1.364746093750000000e-01
5.983886718750000000e-01 -3.222656250000000000e-02 -3.906250000000000000e-01
6.902343750000000000e+00 8.972167968750000000e-01 2.746582031250000000e-01
-5.371093750000000000e-03 -2.514648437500000000e-02 -3.881835937500000000e-02
1.471923828125000000e+00 1.459960937500000000e-01 5.141601562500000000e-01
6.743164062500000000e-01 2.563476562500000000e-01 3.178710937500000000e-01
9.082031250000000000e-02 -3.881835937500000000e-01 -7.666015625000000000e-02
-4.311523437500000000e-01 -1.130371093750000000e-01 -2.680664062500000000e-01
2.971191406250000000e-01 1.054687500000000000e-01 4.516601562500000000e-01
1.224609375000000000e+00 5.751953125000000000e-01 -1.354980468750000000e-01
4.387207031250000000e+00 -5.615234375000000000e-01 -1.457519531250000000e-01
6.206054687500000000e-01 2.614746093750000000e-01 4.785156250000000000e-01
1.580078125000000000e+00 7.983398437500000000e-02 5.175781250000000000e-01
9.604492187500000000e-01 -4.509277343750000000e-01 2.392578125000000000e-01
1.586914062500000000e-01 1.486816406250000000e-01 -1.228027343750000000e-01
