9.875488281250000000e-01 -2.490234375000000000e-02 4.052734375000000000e-02
9.875488281250000000e-01 -2.490234375000000000e-02 4.052734375000000000e-02
9.875488281250000000e-01 -2.490234375000000000e-02 4.052734375000000000e-02
9.875488281250000000e-01 -2.490234375000000000e-02 4.052734375000000000e-02
9.802246093750000000e-01 -2.905273437500000000e-02 4.467773437500000000e-02
9.802246093750000000e-01 -2.905273437500000000e-02 4.467773437500000000e-02
9.802246093750000000e-01 -2.905273437500000000e-02 4.467773437500000000e-02
9.892578125000000000e-01 -2.709960937500000000e-02 5.200195312500000000e-02
9.892578125000000000e-01 -2.709960937500000000e-02 5.200195312500000000e-02
9.875488281250000000e-01 -2.587890625000000000e-02 5.126953125000000000e-02
9.875488281250000000e-01 -2.807617187500000000e-02 4.370117187500000000e-02
9.865722656250000000e-01 -2.758789062500000000e-02 4.516601562500000000e-02
9.848632812500000000e-01 -3.002929687500000000e-02 4.760742187500000000e-02
9.848632812500000000e-01 -2.807617187500000000e-02 3.759765625000000000e-02
9.846191406250000000e-01 -2.636718750000000000e-02 4.248046875000000000e-02
9.821777343750000000e-01 -2.978515625000000000e-02 4.541015625000000000e-02
9.885253906250000000e-01 2.709960937500000000e-02 4.125976562500000000e-02
9.824218750000000000e-01 3.100585937500000000e-02 3.881835937500000000e-02
9.853515625000000000e-01 -2.734375000000000000e-02 4.003906250000000000e-02
9.826660156250000000e-01 2.978515625000000000e-02 4.711914062500000000e-02
9.851074218750000000e-01 -2.563476562500000000e-02 4.443359375000000000e-02
9.838867187500000000e-01 -2.465820312500000000e-02 3.320312500000000000e-02
9.885253906250000000e-01 -2.661132812500000000e-02 3.393554687500000000e-02
9.865722656250000000e-01 3.076171875000000000e-02 8.911132812500000000e-02
9.870605468750000000e-01 -2.661132812500000000e-02 3.173828125000000000e-02
9.895019531250000000e-01 -2.905273437500000000e-02 3.369140625000000000e-02
9.890136718750000000e-01 -2.856445312500000000e-02 9.252929687500000000e-02
9.863281250000000000e-01 -2.661132812500000000e-02 9.228515625000000000e-02
9.838867187500000000e-01 -3.076171875000000000e-02 8.764648437500000000e-02
9.887695312500000000e-01 -2.416992187500000000e-02 8.862304687500000000e-02
9.863281250000000000e-01 -2.563476562500000000e-02 9.228515625000000000e-02
9.858398437500000000e-01 -2.734375000000000000e-02 8.007812500000000000e-02
9.892578125000000000e-01 -2.807617187500000000e-02 8.105468750000000000e-02
9.875488281250000000e-01 -2.954101562500000000e-02 7.934570312500000000e-02
9.833984375000000000e-01 -2.807617187500000000e-02 8.398437500000000000e-02
9.851074218750000000e-01 -2.807617187500000000e-02 8.520507812500000000e-02
9.865722656250000000e-01 -2.441406250000000000e-02 8.740234375000000000e-02
9.877929687500000000e-01 -2.685546875000000000e-02 8.935546875000000000e-02
9.841308593750000000e-01 -2.905273437500000000e-02 9.033203125000000000e-02
9.885253906250000000e-01 -2.441406250000000000e-02 9.057617187500000000e-02
9.863281250000000000e-01 -3.100585937500000000e-02 9.130859375000000000e-02
9.895019531250000000e-01 -2.709960937500000000e-02 9.106445312500000000e-02
9.863281250000000000e-01 -2.197265625000000000e-02 3.149414062500000000e-02
9.851074218750000000e-01 -2.392578125000000000e-02 3.295898437500000000e-02
9.819335937500000000e-01 -2.539062500000000000e-02 4.003906250000000000e-02
9.877929687500000000e-01 3.002929687500000000e-02 3.881835937500000000e-02
9.870605468750000000e-01 -2.465820312500000000e-02 3.271484375000000000e-02
9.892578125000000000e-01 2.905273437500000000e-02 3.759765625000000000e-02
9.863281250000000000e-01 -1.440429687500000000e-02 3.735351562500000000e-02
9.875488281250000000e-01 -1.660156250000000000e-02 8.862304687500000000e-02
9.885253906250000000e-01 -2.392578125000000000e-02 8.959960937500000000e-02
9.907226562500000000e-01 -1.977539062500000000e-02 8.374023437500000000e-02
9.863281250000000000e-01 -2.075195312500000000e-02 3.198242187500000000e-02
9.843750000000000000e-01 2.587890625000000000e-02 4.638671875000000000e-02
9.807128906250000000e-01 2.197265625000000000e-02 4.492187500000000000e-02
9.819335937500000000e-01 8.056640625000000000e-03 4.956054687500000000e-02
9.719238281250000000e-01 4.150390625000000000e-03 4.858398437500000000e-02
9.831542968750000000e-01 2.246093750000000000e-02 5.078125000000000000e-02
9.853515625000000000e-01 -2.343750000000000000e-02 4.272460937500000000e-02
9.873046875000000000e-01 -1.123046875000000000e-02 8.911132812500000000e-02
9.753417968750000000e-01 -1.928710937500000000e-02 3.955078125000000000e-02
9.724121093750000000e-01 2.172851562500000000e-02 9.155273437500000000e-02
9.804687500000000000e-01 2.050781250000000000e-02 7.739257812500000000e-02
9.802246093750000000e-01 2.319335937500000000e-02 8.129882812500000000e-02
9.875488281250000000e-01 1.123046875000000000e-02 6.689453125000000000e-02
9.943847656250000000e-01 -2.929687500000000000e-02 -3.002929687500000000e-02
1.030517578125000000e+00 4.882812500000000000e-03 -1.928710937500000000e-02
1.029296875000000000e+00 -6.274414062500000000e-02 -1.806640625000000000e-02
9.934082031250000000e-01 -1.171875000000000000e-02 -3.125000000000000000e-02
9.990234375000000000e-01 8.691406250000000000e-02 -7.373046875000000000e-02
1.145751953125000000e+00 8.691406250000000000e-02 -6.152343750000000000e-02
1.075195312500000000e+00 1.208496093750000000e-01 -4.907226562500000000e-02
1.002929687500000000e+00 1.142578125000000000e-01 -1.362304687500000000e-01
1.014160156250000000e+00 5.566406250000000000e-02 -7.714843750000000000e-02
1.016845703125000000e+00 8.593750000000000000e-02 1.074218750000000000e-02
9.880371093750000000e-01 8.984375000000000000e-02 -1.831054687500000000e-02
1.030517578125000000e+00 6.933593750000000000e-02 -2.563476562500000000e-02
1.007812500000000000e+00 1.357421875000000000e-01 -1.879882812500000000e-02
1.025146484375000000e+00 1.533203125000000000e-01 -5.859375000000000000e-03
1.017089843750000000e+00 1.557617187500000000e-01 -5.371093750000000000e-03
1.018066406250000000e+00 6.176757812500000000e-02 7.031250000000000000e-02
1.030517578125000000e+00 1.357421875000000000e-01 9.326171875000000000e-02
1.028076171875000000e+00 1.481933593750000000e-01 4.736328125000000000e-02
1.021728515625000000e+00 1.206054687500000000e-01 5.664062500000000000e-02
1.056396484375000000e+00 1.413574218750000000e-01 3.784179687500000000e-02
1.049560546875000000e+00 8.984375000000000000e-02 2.001953125000000000e-02
1.203613281250000000e+00 5.249023437500000000e-02 -8.642578125000000000e-02
1.142089843750000000e+00 -1.254882812500000000e-01 -2.587890625000000000e-02
9.689941406250000000e-01 -9.350585937500000000e-02 7.202148437500000000e-02
9.150390625000000000e-01 -8.789062500000000000e-02 7.446289062500000000e-02
9.833984375000000000e-01 -1.892089843750000000e-01 6.958007812500000000e-02
1.000244140625000000e+00 -9.716796875000000000e-02 4.882812500000000000e-02
9.829101562500000000e-01 -9.399414062500000000e-02 1.279296875000000000e-01
1.009033203125000000e+00 -1.174316406250000000e-01 3.295898437500000000e-02
9.162597656250000000e-01 -1.555175781250000000e-01 9.179687500000000000e-02
1.014892578125000000e+00 -1.005859375000000000e-01 6.542968750000000000e-02
1.072265625000000000e+00 -5.468750000000000000e-02 4.736328125000000000e-02
9.841308593750000000e-01 9.765625000000000000e-04 1.508789062500000000e-01
9.333496093750000000e-01 -3.784179687500000000e-02 1.047363281250000000e-01
1.012939453125000000e+00 -4.003906250000000000e-02 1.179199218750000000e-01
1.027587890625000000e+00 -5.126953125000000000e-02 1.894531250000000000e-01
1.007324218750000000e+00 -1.464843750000000000e-01 2.072753906250000000e-01
1.016113281250000000e+00 -1.555175781250000000e-01 1.601562500000000000e-01
1.093017578125000000e+00 -5.566406250000000000e-02 2.597656250000000000e-01
1.145751953125000000e+00 -1.403808593750000000e-01 2.712402343750000000e-01
1.453125000000000000e+00 -2.006835937500000000e-01 -1.447753906250000000e-01
1.103759765625000000e+00 -9.423828125000000000e-02 1.318359375000000000e-02
7.319335937500000000e-01 2.324218750000000000e-01 -4.882812500000000000e-02
9.758300781250000000e-01 -4.663085937500000000e-02 -7.031250000000000000e-02
1.028564453125000000e+00 2.783203125000000000e-02 2.563476562500000000e-02
9.719238281250000000e-01 1.318359375000000000e-01 -1.123046875000000000e-02
8.642578125000000000e-01 8.032226562500000000e-02 3.979492187500000000e-02
9.460449218750000000e-01 4.858398437500000000e-02 5.493164062500000000e-02
8.684082031250000000e-01 3.540039062500000000e-02 1.257324218750000000e-01
9.577636718750000000e-01 3.295898437500000000e-02 1.481933593750000000e-01
9.096679687500000000e-01 -1.977539062500000000e-02 1.420898437500000000e-01
1.010253906250000000e+00 1.708984375000000000e-02 3.955078125000000000e-02
1.038818359375000000e+00 -3.906250000000000000e-03 1.264648437500000000e-01
1.168945312500000000e+00 -1.464843750000000000e-01 3.330078125000000000e-01
1.192138671875000000e+00 1.000976562500000000e-02 9.814453125000000000e-02
1.531494140625000000e+00 2.219238281250000000e-01 -2.656250000000000000e-01
8.183593750000000000e-01 2.392578125000000000e-02 -2.131347656250000000e-01
7.524414062500000000e-01 -1.479492187500000000e-01 -5.712890625000000000e-02
1.134521484375000000e+00 2.609863281250000000e-01 2.465820312500000000e-02
1.008300781250000000e+00 7.177734375000000000e-02 6.591796875000000000e-02
1.088867187500000000e+00 7.812500000000000000e-03 -6.567382812500000000e-02
8.723144531250000000e-01 -4.248046875000000000e-02 -2.880859375000000000e-02
9.077148437500000000e-01 -4.370117187500000000e-02 9.033203125000000000e-03
1.031250000000000000e+00 -4.101562500000000000e-02 1.879882812500000000e-02
9.814453125000000000e-01 -1.308593750000000000e-01 2.294921875000000000e-02
9.853515625000000000e-01 -1.259765625000000000e-01 6.884765625000000000e-02
9.692382812500000000e-01 -4.541015625000000000e-02 1.381835937500000000e-01
9.731445312500000000e-01 -1.884765625000000000e-01 1.296386718750000000e-01
9.858398437500000000e-01 -1.000976562500000000e-01 9.960937500000000000e-02
1.079101562500000000e+00 -1.879882812500000000e-01 1.020507812500000000e-01
1.023193359375000000e+00 -1.032714843750000000e-01 1.118164062500000000e-01
1.028808593750000000e+00 -2.138671875000000000e-01 1.394042968750000000e-01
1.214843750000000000e+00 -6.542968750000000000e-02 1.220703125000000000e-03
1.252441406250000000e+00 -5.126953125000000000e-02 -4.150390625000000000e-02
8.115234375000000000e-01 3.142089843750000000e-01 8.007812500000000000e-02
8.637695312500000000e-01 1.652832031250000000e-01 -3.027343750000000000e-02
9.699707031250000000e-01 8.447265625000000000e-02 1.398925781250000000e-01
1.048828125000000000e+00 9.960937500000000000e-02 1.525878906250000000e-01
8.715820312500000000e-01 1.669921875000000000e-01 9.936523437500000000e-02
9.677734375000000000e-01 1.215820312500000000e-01 9.814453125000000000e-02
9.921875000000000000e-01 1.191406250000000000e-01 3.344726562500000000e-02
1.078369140625000000e+00 1.281738281250000000e-01 7.934570312500000000e-02
1.025390625000000000e+00 4.077148437500000000e-02 8.935546875000000000e-02
9.995117187500000000e-01 1.413574218750000000e-01 5.346679687500000000e-02
1.065917968750000000e+00 -8.789062500000000000e-03 6.665039062500000000e-02
9.855957031250000000e-01 1.855468750000000000e-02 4.199218750000000000e-02
1.022949218750000000e+00 -1.586914062500000000e-02 3.637695312500000000e-02
9.829101562500000000e-01 -2.197265625000000000e-02 5.322265625000000000e-02
9.951171875000000000e-01 6.567382812500000000e-02 5.688476562500000000e-02
9.724121093750000000e-01 -3.906250000000000000e-03 4.980468750000000000e-02
9.938964843750000000e-01 2.441406250000000000e-02 5.395507812500000000e-02
9.907226562500000000e-01 2.612304687500000000e-02 3.198242187500000000e-02
9.882812500000000000e-01 2.612304687500000000e-02 5.322265625000000000e-02
9.826660156250000000e-01 -2.246093750000000000e-02 6.054687500000000000e-02
9.899902343750000000e-01 -2.490234375000000000e-02 5.981445312500000000e-02
9.812011718750000000e-01 -2.197265625000000000e-02 1.257324218750000000e-01
9.895019531250000000e-01 -1.879882812500000000e-02 4.418945312500000000e-02
9.919433593750000000e-01 2.490234375000000000e-02 4.418945312500000000e-02
9.882812500000000000e-01 -1.977539062500000000e-02 5.468750000000000000e-02
9.880371093750000000e-01 -2.001953125000000000e-02 5.517578125000000000e-02
9.858398437500000000e-01 -2.001953125000000000e-02 5.273437500000000000e-02
9.848632812500000000e-01 3.051757812500000000e-02 5.957031250000000000e-02
9.860839843750000000e-01 2.587890625000000000e-02 5.957031250000000000e-02
9.882812500000000000e-01 -3.125000000000000000e-02 5.834960937500000000e-02
9.870605468750000000e-01 -3.125000000000000000e-02 6.201171875000000000e-02
9.865722656250000000e-01 2.929687500000000000e-02 1.271972656250000000e-01
9.897460937500000000e-01 2.978515625000000000e-02 1.315917968750000000e-01
9.853515625000000000e-01 -2.954101562500000000e-02 1.296386718750000000e-01
9.860839843750000000e-01 -2.832031250000000000e-02 6.152343750000000000e-02
9.880371093750000000e-01 -2.612304687500000000e-02 1.308593750000000000e-01
9.826660156250000000e-01 -2.685546875000000000e-02 1.252441406250000000e-01
9.863281250000000000e-01 -2.075195312500000000e-02 5.834960937500000000e-02
9.855957031250000000e-01 -2.587890625000000000e-02 5.395507812500000000e-02
9.868164062500000000e-01 -2.001953125000000000e-02 6.005859375000000000e-02
9.880371093750000000e-01 -2.734375000000000000e-02 5.786132812500000000e-02
9.877929687500000000e-01 -2.734375000000000000e-02 5.981445312500000000e-02
9.890136718750000000e-01 -2.343750000000000000e-02 5.078125000000000000e-02
9.880371093750000000e-01 -2.563476562500000000e-02 5.761718750000000000e-02
9.875488281250000000e-01 -2.685546875000000000e-02 6.201171875000000000e-02
9.846191406250000000e-01 -3.076171875000000000e-02 1.254882812500000000e-01
9.882812500000000000e-01 -2.929687500000000000e-02 5.859375000000000000e-02
9.904785156250000000e-01 -2.929687500000000000e-02 6.152343750000000000e-02
9.853515625000000000e-01 -2.294921875000000000e-02 6.250000000000000000e-02
9.897460937500000000e-01 -2.636718750000000000e-02 1.267089843750000000e-01
9.868164062500000000e-01 -2.490234375000000000e-02 1.254882812500000000e-01
9.873046875000000000e-01 -2.319335937500000000e-02 1.306152343750000000e-01
9.836425781250000000e-01 -2.709960937500000000e-02 1.284179687500000000e-01
9.821777343750000000e-01 -2.612304687500000000e-02 1.252441406250000000e-01
9.863281250000000000e-01 -2.148437500000000000e-02 1.306152343750000000e-01
9.855957031250000000e-01 -2.075195312500000000e-02 1.252441406250000000e-01
9.821777343750000000e-01 -2.441406250000000000e-02 1.293945312500000000e-01
9.865722656250000000e-01 -2.832031250000000000e-02 5.395507812500000000e-02
9.877929687500000000e-01 -2.929687500000000000e-02 5.175781250000000000e-02
9.831542968750000000e-01 -2.954101562500000000e-02 4.663085937500000000e-02
9.829101562500000000e-01 -3.125000000000000000e-02 5.761718750000000000e-02
