3.481445312500000000e-01 5.026855468750000000e-01 8.537597656250000000e-01
3.481445312500000000e-01 5.026855468750000000e-01 8.537597656250000000e-01
3.457031250000000000e-01 4.360351562500000000e-01 8.483886718750000000e-01
3.457031250000000000e-01 4.360351562500000000e-01 8.483886718750000000e-01
4.033203125000000000e-01 4.340820312500000000e-01 8.579101562500000000e-01
4.038085937500000000e-01 5.092773437500000000e-01 8.552246093750000000e-01
3.474121093750000000e-01 4.265136718750000000e-01 8.542480468750000000e-01
4.025878906250000000e-01 4.370117187500000000e-01 8.559570312500000000e-01
4.050292968750000000e-01 5.024414062500000000e-01 8.562011718750000000e-01
4.055175781250000000e-01 4.333496093750000000e-01 8.535156250000000000e-01
4.008789062500000000e-01 4.360351562500000000e-01 8.586425781250000000e-01
4.018554687500000000e-01 4.343261718750000000e-01 8.549804687500000000e-01
4.018554687500000000e-01 4.370117187500000000e-01 8.566894531250000000e-01
3.471679687500000000e-01 5.024414062500000000e-01 8.579101562500000000e-01
3.520507812500000000e-01 5.046386718750000000e-01 8.486328125000000000e-01
3.500976562500000000e-01 5.014648437500000000e-01 9.020996093750000000e-01
4.028320312500000000e-01 4.284667968750000000e-01 8.591308593750000000e-01
3.591308593750000000e-01 5.073242187500000000e-01 8.481445312500000000e-01
3.605957031250000000e-01 5.151367187500000000e-01 8.481445312500000000e-01
3.581542968750000000e-01 4.372558593750000000e-01 9.025878906250000000e-01
3.527832031250000000e-01 5.063476562500000000e-01 8.522949218750000000e-01
3.591308593750000000e-01 5.263671875000000000e-01 8.522949218750000000e-01
3.703613281250000000e-01 5.041503906250000000e-01 8.486328125000000000e-01
4.052734375000000000e-01 5.092773437500000000e-01 9.013671875000000000e-01
3.608398437500000000e-01 4.353027343750000000e-01 8.974609375000000000e-01
3.598632812500000000e-01 5.129394531250000000e-01 9.035644531250000000e-01
3.476562500000000000e-01 4.365234375000000000e-01 9.060058593750000000e-01
3.444824218750000000e-01 4.316406250000000000e-01 9.006347656250000000e-01
3.459472656250000000e-01 4.128417968750000000e-01 9.011230468750000000e-01
3.459472656250000000e-01 4.128417968750000000e-01 9.011230468750000000e-01
3.947753906250000000e-01 4.108886718750000000e-01 8.618164062500000000e-01
3.471679687500000000e-01 4.082031250000000000e-01 9.409179687500000000e-01
3.920898437500000000e-01 4.558105468750000000e-01 9.453125000000000000e-01
3.847656250000000000e-01 4.467773437500000000e-01 9.509277343750000000e-01
3.930664062500000000e-01 4.423828125000000000e-01 9.194335937500000000e-01
3.037109375000000000e-01 3.703613281250000000e-01 1.010742187500000000e+00
3.002929687500000000e-01 3.481445312500000000e-01 9.067382812500000000e-01
3.413085937500000000e-01 3.706054687500000000e-01 9.567871093750000000e-01
2.500000000000000000e-01 4.382324218750000000e-01 9.650878906250000000e-01
3.210449218750000000e-01 4.643554687500000000e-01 9.316406250000000000e-01
3.027343750000000000e-01 4.614257812500000000e-01 9.626464843750000000e-01
2.844238281250000000e-01 3.999023437500000000e-01 1.011230468750000000e+00
3.178710937500000000e-01 3.891601562500000000e-01 9.704589843750000000e-01
3.266601562500000000e-01 3.928222656250000000e-01 1.023193359375000000e+00
2.341308593750000000e-01 3.859863281250000000e-01 9.301757812500000000e-01
2.297363281250000000e-01 4.450683593750000000e-01 1.064941406250000000e+00
2.968750000000000000e-01 6.281738281250000000e-01 9.301757812500000000e-01
2.900390625000000000e-01 5.537109375000000000e-01 9.404296875000000000e-01
2.492675781250000000e-01 5.544433593750000000e-01 9.060058593750000000e-01
2.937011718750000000e-01 5.800781250000000000e-01 7.880859375000000000e-01
3.598632812500000000e-01 5.488281250000000000e-01 7.272949218750000000e-01
2.482910156250000000e-01 6.638183593750000000e-01 7.983398437500000000e-01
2.482910156250000000e-01 6.638183593750000000e-01 7.983398437500000000e-01
3.503417968750000000e-01 5.925292968750000000e-01 6.784667968750000000e-01
3.769531250000000000e-01 4.655761718750000000e-01 6.643066406250000000e-01
4.008789062500000000e-01 3.747558593750000000e-01 7.653808593750000000e-01
6.193847656250000000e-01 3.576660156250000000e-01 7.272949218750000000e-01
6.118164062500000000e-01 2.893066406250000000e-01 9.133300781250000000e-01
5.219726562500000000e-01 5.166015625000000000e-01 9.113769531250000000e-01
3.725585937500000000e-01 9.628906250000000000e-01 1.108398437500000000e+00
4.079589843750000000e-01 7.622070312500000000e-01 7.058105468750000000e-01
2.438964843750000000e-01 4.880371093750000000e-01 7.451171875000000000e-01
6.542968750000000000e-02 6.687011718750000000e-01 8.063964843750000000e-01
3.288574218750000000e-01 5.732421875000000000e-01 8.432617187500000000e-01
3.554687500000000000e-01 5.498046875000000000e-01 9.497070312500000000e-01
1.743164062500000000e-01 4.687500000000000000e-01 8.337402343750000000e-01
3.359375000000000000e-01 3.605957031250000000e-01 8.247070312500000000e-01
3.288574218750000000e-01 5.295410156250000000e-01 8.728027343750000000e-01
3.486328125000000000e-01 5.256347656250000000e-01 9.545898437500000000e-01
3.671875000000000000e-01 3.923339843750000000e-01 9.223632812500000000e-01
3.671875000000000000e-01 3.923339843750000000e-01 9.223632812500000000e-01
4.172363281250000000e-01 3.488769531250000000e-01 9.624023437500000000e-01
4.633789062500000000e-01 2.822265625000000000e-01 9.143066406250000000e-01
4.450683593750000000e-01 3.911132812500000000e-01 1.007080078125000000e+00
4.560546875000000000e-01 3.557128906250000000e-01 9.101562500000000000e-01
2.927246093750000000e-01 5.048828125000000000e-01 9.907226562500000000e-01
3.720703125000000000e-01 5.930175781250000000e-01 8.496093750000000000e-01
3.359375000000000000e-01 4.226074218750000000e-01 8.164062500000000000e-01
2.978515625000000000e-01 4.143066406250000000e-01 7.841796875000000000e-01
3.352050781250000000e-01 5.402832031250000000e-01 9.057617187500000000e-01
3.798828125000000000e-01 6.311035156250000000e-01 9.040527343750000000e-01
3.034667968750000000e-01 5.798339843750000000e-01 8.317871093750000000e-01
2.919921875000000000e-01 4.890136718750000000e-01 7.241210937500000000e-01
3.579101562500000000e-01 4.770507812500000000e-01 6.684570312500000000e-01
3.698730468750000000e-01 5.031738281250000000e-01 7.358398437500000000e-01
5.239257812500000000e-01 6.118164062500000000e-01 7.846679687500000000e-01
4.860839843750000000e-01 6.032714843750000000e-01 8.237304687500000000e-01
3.615722656250000000e-01 7.675781250000000000e-01 1.119384765625000000e+00
4.509277343750000000e-01 4.506835937500000000e-01 8.779296875000000000e-01
2.683105468750000000e-01 3.928222656250000000e-01 9.855957031250000000e-01
1.557617187500000000e-01 2.365722656250000000e-01 1.022705078125000000e+00
1.228027343750000000e-01 3.024902343750000000e-01 1.024414062500000000e+00
3.710937500000000000e-01 4.067382812500000000e-01 1.013183593750000000e+00
4.006347656250000000e-01 2.763671875000000000e-01 9.113769531250000000e-01
3.371582031250000000e-01 1.696777343750000000e-01 8.942871093750000000e-01
3.796386718750000000e-01 2.934570312500000000e-01 9.531250000000000000e-01
4.675292968750000000e-01 3.049316406250000000e-01 1.000488281250000000e+00
4.150390625000000000e-01 5.502929687500000000e-01 1.021484375000000000e+00
1.545410156250000000e-01 5.429687500000000000e-01 7.924804687500000000e-01
3.198242187500000000e-01 2.402343750000000000e-01 9.533691406250000000e-01
5.051269531250000000e-01 3.825683593750000000e-01 1.030273437500000000e+00
2.360839843750000000e-01 6.074218750000000000e-01 1.044677734375000000e+00
4.677734375000000000e-01 4.909667968750000000e-01 9.475097656250000000e-01
3.759765625000000000e-01 4.948730468750000000e-01 7.978515625000000000e-01
2.873535156250000000e-01 4.558105468750000000e-01 7.299804687500000000e-01
1.240234375000000000e-01 6.076660156250000000e-01 9.011230468750000000e-01
1.879882812500000000e-01 5.659179687500000000e-01 8.271484375000000000e-01
2.578125000000000000e-01 7.336425781250000000e-01 1.132812500000000000e+00
2.993164062500000000e-01 4.970703125000000000e-01 1.070068359375000000e+00
3.395996093750000000e-01 3.215332031250000000e-01 7.888183593750000000e-01
3.898925781250000000e-01 1.828613281250000000e-01 1.050781250000000000e+00
3.154296875000000000e-01 2.805175781250000000e-01 1.142333984375000000e+00
4.062500000000000000e-01 4.157714843750000000e-01 9.252929687500000000e-01
3.239746093750000000e-01 4.211425781250000000e-01 9.382324218750000000e-01
2.492675781250000000e-01 3.632812500000000000e-01 8.547363281250000000e-01
2.976074218750000000e-01 3.571777343750000000e-01 9.431152343750000000e-01
3.063964843750000000e-01 4.343261718750000000e-01 9.221191406250000000e-01
2.644042968750000000e-01 4.304199218750000000e-01 9.675292968750000000e-01
2.573242187500000000e-01 5.041503906250000000e-01 9.472656250000000000e-01
1.345214843750000000e-01 3.535156250000000000e-01 1.011230468750000000e+00
3.254394531250000000e-01 5.258789062500000000e-01 9.433593750000000000e-01
3.193359375000000000e-01 5.207519531250000000e-01 7.700195312500000000e-01
5.163574218750000000e-01 6.350097656250000000e-01 8.071289062500000000e-01
4.653320312500000000e-01 6.516113281250000000e-01 9.353027343750000000e-01
4.133300781250000000e-01 5.534667968750000000e-01 8.640136718750000000e-01
6.083984375000000000e-01 3.691406250000000000e-01 7.644042968750000000e-01
6.083984375000000000e-01 3.691406250000000000e-01 7.644042968750000000e-01
5.175781250000000000e-01 5.300292968750000000e-01 8.422851562500000000e-01
4.843750000000000000e-01 4.926757812500000000e-01 8.442382812500000000e-01
4.084472656250000000e-01 4.755859375000000000e-01 7.968750000000000000e-01
4.377441406250000000e-01 4.343261718750000000e-01 8.356933593750000000e-01
4.587402343750000000e-01 4.282226562500000000e-01 8.395996093750000000e-01
4.396972656250000000e-01 4.755859375000000000e-01 8.457031250000000000e-01
3.947753906250000000e-01 4.833984375000000000e-01 8.645019531250000000e-01
3.493652343750000000e-01 5.678710937500000000e-01 9.450683593750000000e-01
3.793945312500000000e-01 4.282226562500000000e-01 8.388671875000000000e-01
3.903808593750000000e-01 4.123535156250000000e-01 8.803710937500000000e-01
3.696289062500000000e-01 5.031738281250000000e-01 9.201660156250000000e-01
3.464355468750000000e-01 4.348144531250000000e-01 9.487304687500000000e-01
3.095703125000000000e-01 4.265136718750000000e-01 8.894042968750000000e-01
3.095703125000000000e-01 4.265136718750000000e-01 8.894042968750000000e-01
3.881835937500000000e-01 4.111328125000000000e-01 8.901367187500000000e-01
2.944335937500000000e-01 4.101562500000000000e-01 8.581542968750000000e-01
3.041992187500000000e-01 4.282226562500000000e-01 9.580078125000000000e-01
4.553222656250000000e-01 4.250488281250000000e-01 9.550781250000000000e-01
5.095214843750000000e-01 4.641113281250000000e-01 8.684082031250000000e-01
4.624023437500000000e-01 3.654785156250000000e-01 9.628906250000000000e-01
3.696289062500000000e-01 3.684082031250000000e-01 9.594726562500000000e-01
4.658203125000000000e-01 4.619140625000000000e-01 8.981933593750000000e-01
4.663085937500000000e-01 5.004882812500000000e-01 8.640136718750000000e-01
3.823242187500000000e-01 5.222167968750000000e-01 1.010986328125000000e+00
3.437500000000000000e-01 3.742675781250000000e-01 8.793945312500000000e-01
3.256835937500000000e-01 4.533691406250000000e-01 9.055175781250000000e-01
4.450683593750000000e-01 5.832519531250000000e-01 9.577636718750000000e-01
3.515625000000000000e-01 4.243164062500000000e-01 8.686523437500000000e-01
3.007812500000000000e-01 5.168457031250000000e-01 8.923339843750000000e-01
3.081054687500000000e-01 5.148925781250000000e-01 8.593750000000000000e-01
3.984375000000000000e-01 5.273437500000000000e-01 9.060058593750000000e-01
3.027343750000000000e-01 4.211425781250000000e-01 8.486328125000000000e-01
3.879394531250000000e-01 4.311523437500000000e-01 8.583984375000000000e-01
3.767089843750000000e-01 5.246582031250000000e-01 8.601074218750000000e-01
3.898925781250000000e-01 5.136718750000000000e-01 8.549804687500000000e-01
3.906250000000000000e-01 4.306640625000000000e-01 8.688964843750000000e-01
3.781738281250000000e-01 5.065917968750000000e-01 8.601074218750000000e-01
3.911132812500000000e-01 5.004882812500000000e-01 8.540039062500000000e-01
4.008789062500000000e-01 5.048828125000000000e-01 8.635253906250000000e-01
3.898925781250000000e-01 4.367675781250000000e-01 8.605957031250000000e-01
3.061523437500000000e-01 4.238281250000000000e-01 8.974609375000000000e-01
3.120117187500000000e-01 4.636230468750000000e-01 9.042968750000000000e-01
3.215332031250000000e-01 5.012207031250000000e-01 9.140625000000000000e-01
2.954101562500000000e-01 5.861816406250000000e-01 8.581542968750000000e-01
3.491210937500000000e-01 4.660644531250000000e-01 8.459472656250000000e-01
3.593750000000000000e-01 4.279785156250000000e-01 9.409179687500000000e-01
3.051757812500000000e-01 4.343261718750000000e-01 9.477539062500000000e-01
3.889160156250000000e-01 4.362792968750000000e-01 8.666992187500000000e-01
3.889160156250000000e-01 4.362792968750000000e-01 8.666992187500000000e-01
3.889160156250000000e-01 4.362792968750000000e-01 8.666992187500000000e-01
3.957519531250000000e-01 4.345703125000000000e-01 8.686523437500000000e-01
3.793945312500000000e-01 5.043945312500000000e-01 8.654785156250000000e-01
3.764648437500000000e-01 5.112304687500000000e-01 8.593750000000000000e-01
3.764648437500000000e-01 5.112304687500000000e-01 8.593750000000000000e-01
3.068847656250000000e-01 5.144042968750000000e-01 8.627929687500000000e-01
3.073730468750000000e-01 5.129394531250000000e-01 8.642578125000000000e-01
3.867187500000000000e-01 5.139160156250000000e-01 8.471679687500000000e-01
3.100585937500000000e-01 5.175781250000000000e-01 8.583984375000000000e-01
3.054199218750000000e-01 5.256347656250000000e-01 8.537597656250000000e-01
3.083496093750000000e-01 4.768066406250000000e-01 8.488769531250000000e-01
3.112792968750000000e-01 4.853515625000000000e-01 8.525390625000000000e-01
3.806152343750000000e-01 4.963378906250000000e-01 9.023437500000000000e-01
3.110351562500000000e-01 4.836425781250000000e-01 8.862304687500000000e-01
3.869628906250000000e-01 4.851074218750000000e-01 8.859863281250000000e-01
3.994140625000000000e-01 4.938964843750000000e-01 8.991699218750000000e-01
3.466796875000000000e-01 4.885253906250000000e-01 8.940429687500000000e-01
3.593750000000000000e-01 4.772949218750000000e-01 8.974609375000000000e-01
3.562011718750000000e-01 4.108886718750000000e-01 8.793945312500000000e-01
4.033203125000000000e-01 3.613281250000000000e-01 8.452148437500000000e-01
3.820800781250000000e-01 4.213867187500000000e-01 9.472656250000000000e-01
3.518066406250000000e-01 5.192871093750000000e-01 9.675292968750000000e-01
2.907714843750000000e-01 3.608398437500000000e-01 9.296875000000000000e-01
3.869628906250000000e-01 4.460449218750000000e-01 9.570312500000000000e-01
