1.002929687500000000e+00 -1.535644531250000000e-01 -1.687011718750000000e-01
1.002929687500000000e+00 -1.535644531250000000e-01 -1.687011718750000000e-01
1.008300781250000000e+00 -1.477050781250000000e-01 -1.713867187500000000e-01
1.008300781250000000e+00 -1.477050781250000000e-01 -1.713867187500000000e-01
1.004638671875000000e+00 -1.513671875000000000e-01 -1.733398437500000000e-01
1.005859375000000000e+00 -1.555175781250000000e-01 -1.733398437500000000e-01
1.002441406250000000e+00 -1.535644531250000000e-01 -1.848144531250000000e-01
1.005126953125000000e+00 -9.497070312500000000e-02 -1.704101562500000000e-01
9.296875000000000000e-01 -1.445312500000000000e-01 -1.757812500000000000e-01
1.002685546875000000e+00 -1.447753906250000000e-01 -2.507324218750000000e-01
9.357910156250000000e-01 -1.489257812500000000e-01 -1.867675781250000000e-01
9.357910156250000000e-01 -1.447753906250000000e-01 -2.600097656250000000e-01
9.304199218750000000e-01 -1.462402343750000000e-01 -2.631835937500000000e-01
9.243164062500000000e-01 -1.496582031250000000e-01 -2.644042968750000000e-01
9.086914062500000000e-01 -1.562500000000000000e-01 -2.805175781250000000e-01
9.187011718750000000e-01 -1.547851562500000000e-01 -2.331542968750000000e-01
9.160156250000000000e-01 -1.337890625000000000e-01 -2.434082031250000000e-01
9.113769531250000000e-01 -1.333007812500000000e-01 -2.290039062500000000e-01
9.704589843750000000e-01 -1.379394531250000000e-01 -2.778320312500000000e-01
9.360351562500000000e-01 -1.008300781250000000e-01 -2.556152343750000000e-01
9.289550781250000000e-01 -9.521484375000000000e-02 -2.746582031250000000e-01
9.360351562500000000e-01 -1.457519531250000000e-01 -2.399902343750000000e-01
9.289550781250000000e-01 -1.379394531250000000e-01 -3.254394531250000000e-01
9.685058593750000000e-01 -1.398925781250000000e-01 -3.254394531250000000e-01
9.121093750000000000e-01 -1.437988281250000000e-01 -3.244628906250000000e-01
9.079589843750000000e-01 -1.516113281250000000e-01 -3.232421875000000000e-01
9.101562500000000000e-01 -9.887695312500000000e-02 -3.256835937500000000e-01
9.165039062500000000e-01 -1.135253906250000000e-01 -3.330078125000000000e-01
9.260253906250000000e-01 -1.088867187500000000e-01 -3.256835937500000000e-01
9.150390625000000000e-01 -1.157226562500000000e-01 -3.295898437500000000e-01
9.680175781250000000e-01 -1.115722656250000000e-01 -3.342285156250000000e-01
9.067382812500000000e-01 -9.423828125000000000e-02 -3.391113281250000000e-01
9.614257812500000000e-01 -1.501464843750000000e-01 -3.410644531250000000e-01
9.079589843750000000e-01 -1.450195312500000000e-01 -3.369140625000000000e-01
9.130859375000000000e-01 -1.384277343750000000e-01 -3.435058593750000000e-01
9.145507812500000000e-01 -4.589843750000000000e-02 -2.836914062500000000e-01
9.643554687500000000e-01 -8.837890625000000000e-02 -3.232421875000000000e-01
9.135742187500000000e-01 4.882812500000000000e-04 -3.190917968750000000e-01
9.077148437500000000e-01 1.757812500000000000e-02 -2.348632812500000000e-01
9.370117187500000000e-01 1.879882812500000000e-02 -3.178710937500000000e-01
9.279785156250000000e-01 8.544921875000000000e-03 -2.421875000000000000e-01
1.008789062500000000e+00 -8.300781250000000000e-02 -2.722167968750000000e-01
9.304199218750000000e-01 -6.494140625000000000e-02 -2.653808593750000000e-01
9.228515625000000000e-01 -6.298828125000000000e-02 -2.551269531250000000e-01
1.002441406250000000e+00 2.685546875000000000e-02 -2.673339843750000000e-01
9.182128906250000000e-01 -1.586914062500000000e-02 -2.187500000000000000e-01
1.001464843750000000e+00 -9.521484375000000000e-03 -2.773437500000000000e-01
9.277343750000000000e-01 -6.347656250000000000e-03 -2.773437500000000000e-01
1.002197265625000000e+00 -2.709960937500000000e-02 -2.753906250000000000e-01
9.174804687500000000e-01 -3.027343750000000000e-02 -2.709960937500000000e-01
9.287109375000000000e-01 -1.147460937500000000e-02 -2.619628906250000000e-01
1.022705078125000000e+00 2.563476562500000000e-02 -2.456054687500000000e-01
1.030029296875000000e+00 -5.322265625000000000e-02 -2.868652343750000000e-01
7.824707031250000000e-01 -1.701660156250000000e-01 -3.481445312500000000e-01
7.824707031250000000e-01 -1.701660156250000000e-01 -3.481445312500000000e-01
7.436523437500000000e-01 -3.271484375000000000e-01 -4.033203125000000000e-01
1.066894531250000000e+00 -1.555175781250000000e-01 -2.333984375000000000e-01
9.858398437500000000e-01 -1.442871093750000000e-01 -3.820800781250000000e-01
7.148437500000000000e-01 -1.975097656250000000e-01 -3.049316406250000000e-01
6.667480468750000000e-01 -2.109375000000000000e-01 -2.431640625000000000e-01
5.957031250000000000e-01 -1.166992187500000000e-01 -2.934570312500000000e-01
5.822753906250000000e-01 -2.624511718750000000e-01 -3.964843750000000000e-01
7.333984375000000000e-01 -2.304687500000000000e-01 -2.988281250000000000e-01
7.514648437500000000e-01 2.661132812500000000e-02 -4.687500000000000000e-01
7.084960937500000000e-01 -1.035156250000000000e-01 -2.346191406250000000e-01
5.935058593750000000e-01 -1.394042968750000000e-01 -4.787597656250000000e-01
7.121582031250000000e-01 -2.194824218750000000e-01 -4.790039062500000000e-01
6.359863281250000000e-01 2.929687500000000000e-03 -6.875000000000000000e-01
6.523437500000000000e-01 -2.165527343750000000e-01 -6.669921875000000000e-01
6.782226562500000000e-01 -4.736328125000000000e-02 -7.724609375000000000e-01
5.498046875000000000e-01 -2.211914062500000000e-01 -8.286132812500000000e-01
6.484375000000000000e-01 -8.935546875000000000e-02 -8.947753906250000000e-01
6.433105468750000000e-01 -1.584472656250000000e-01 -9.055175781250000000e-01
6.452636718750000000e-01 -8.105468750000000000e-02 -8.557128906250000000e-01
7.739257812500000000e-01 -3.237304687500000000e-01 -1.039794921875000000e+00
8.200683593750000000e-01 -2.724609375000000000e-01 -1.075927734375000000e+00
7.800292968750000000e-01 -2.724609375000000000e-01 -1.199462890625000000e+00
7.011718750000000000e-01 -2.727050781250000000e-01 -1.127929687500000000e+00
5.971679687500000000e-01 -2.180175781250000000e-01 -8.659667968750000000e-01
5.363769531250000000e-01 -1.606445312500000000e-01 -7.070312500000000000e-01
4.758300781250000000e-01 -2.182617187500000000e-01 -6.367187500000000000e-01
5.166015625000000000e-01 -2.180175781250000000e-01 -5.888671875000000000e-01
4.763183593750000000e-01 -1.579589843750000000e-01 -6.401367187500000000e-01
5.908203125000000000e-01 -1.647949218750000000e-01 -7.058105468750000000e-01
6.271972656250000000e-01 -2.648925781250000000e-01 -8.432617187500000000e-01
6.501464843750000000e-01 -2.263183593750000000e-01 -9.562988281250000000e-01
6.472167968750000000e-01 -2.509765625000000000e-01 -8.466796875000000000e-01
5.449218750000000000e-01 -1.706542968750000000e-01 -7.749023437500000000e-01
5.405273437500000000e-01 -1.616210937500000000e-01 -6.420898437500000000e-01
5.375976562500000000e-01 -2.099609375000000000e-01 -5.373535156250000000e-01
5.622558593750000000e-01 -2.058105468750000000e-01 -6.315917968750000000e-01
6.467285156250000000e-01 -2.131347656250000000e-01 -6.677246093750000000e-01
6.166992187500000000e-01 -1.645507812500000000e-01 -7.302246093750000000e-01
7.109375000000000000e-01 -2.617187500000000000e-01 -8.481445312500000000e-01
6.914062500000000000e-01 -2.761230468750000000e-01 -9.291992187500000000e-01
6.940917968750000000e-01 -1.669921875000000000e-01 -9.970703125000000000e-01
6.772460937500000000e-01 -1.767578125000000000e-01 -1.131347656250000000e+00
6.743164062500000000e-01 -2.570800781250000000e-01 -9.780273437500000000e-01
7.128906250000000000e-01 -1.884765625000000000e-01 -8.422851562500000000e-01
7.224121093750000000e-01 -1.896972656250000000e-01 -6.416015625000000000e-01
8.259277343750000000e-01 -1.159667968750000000e-01 -6.057128906250000000e-01
7.294921875000000000e-01 -1.186523437500000000e-01 -7.568359375000000000e-01
8.249511718750000000e-01 -1.091308593750000000e-01 -7.807617187500000000e-01
7.980957031250000000e-01 -1.179199218750000000e-01 -7.507324218750000000e-01
8.308105468750000000e-01 -2.050781250000000000e-01 -6.779785156250000000e-01
8.015136718750000000e-01 -1.936035156250000000e-01 -5.969238281250000000e-01
7.792968750000000000e-01 -1.027832031250000000e-01 -4.958496093750000000e-01
6.816406250000000000e-01 -1.096191406250000000e-01 -3.625488281250000000e-01
6.489257812500000000e-01 -1.262207031250000000e-01 -2.849121093750000000e-01
7.597656250000000000e-01 -1.130371093750000000e-01 -2.211914062500000000e-01
6.757812500000000000e-01 -5.786132812500000000e-02 -3.183593750000000000e-01
6.740722656250000000e-01 -1.354980468750000000e-01 -2.360839843750000000e-01
7.670898437500000000e-01 -1.518554687500000000e-01 -3.427734375000000000e-01
6.794433593750000000e-01 -1.125488281250000000e-01 -2.282714843750000000e-01
7.941894531250000000e-01 -1.020507812500000000e-01 -2.885742187500000000e-01
8.945312500000000000e-01 -2.023925781250000000e-01 -3.002929687500000000e-01
8.630371093750000000e-01 -1.506347656250000000e-01 -3.383789062500000000e-01
8.454589843750000000e-01 -9.619140625000000000e-02 -3.359375000000000000e-01
8.476562500000000000e-01 -1.235351562500000000e-01 -3.288574218750000000e-01
1.020263671875000000e+00 -1.137695312500000000e-01 -2.949218750000000000e-01
1.020263671875000000e+00 -1.137695312500000000e-01 -2.949218750000000000e-01
9.133300781250000000e-01 -1.059570312500000000e-01 -3.305664062500000000e-01
9.345703125000000000e-01 -2.036132812500000000e-01 -2.792968750000000000e-01
9.069824218750000000e-01 -1.364746093750000000e-01 -1.762695312500000000e-01
9.672851562500000000e-01 -1.083984375000000000e-01 -2.568359375000000000e-01
9.672851562500000000e-01 -1.083984375000000000e-01 -2.568359375000000000e-01
1.023193359375000000e+00 -1.093750000000000000e-01 -2.141113281250000000e-01
1.023681640625000000e+00 -1.105957031250000000e-01 -1.923828125000000000e-01
1.005859375000000000e+00 -1.015625000000000000e-01 -1.035156250000000000e-01
1.000732421875000000e+00 -9.838867187500000000e-02 -1.074218750000000000e-01
1.020263671875000000e+00 -9.521484375000000000e-02 -1.176757812500000000e-01
1.016601562500000000e+00 -1.035156250000000000e-01 -1.953125000000000000e-01
1.011718750000000000e+00 -1.171875000000000000e-01 -2.055664062500000000e-01
1.006591796875000000e+00 -1.159667968750000000e-01 -1.936035156250000000e-01
1.009765625000000000e+00 -1.040039062500000000e-01 -1.977539062500000000e-01
1.013671875000000000e+00 -9.448242187500000000e-02 -2.177734375000000000e-01
1.012695312500000000e+00 -9.838867187500000000e-02 -2.114257812500000000e-01
1.011718750000000000e+00 -1.027832031250000000e-01 -2.099609375000000000e-01
1.018310546875000000e+00 -1.069335937500000000e-01 -2.014160156250000000e-01
1.020263671875000000e+00 -9.619140625000000000e-02 -2.019042968750000000e-01
1.010009765625000000e+00 -9.545898437500000000e-02 -2.070312500000000000e-01
1.009033203125000000e+00 -1.533203125000000000e-01 -2.067871093750000000e-01
1.016601562500000000e+00 -1.562500000000000000e-01 -1.931152343750000000e-01
1.008300781250000000e+00 -1.027832031250000000e-01 -2.080078125000000000e-01
1.004638671875000000e+00 -1.010742187500000000e-01 -2.163085937500000000e-01
1.003906250000000000e+00 -1.015625000000000000e-01 -2.089843750000000000e-01
1.010009765625000000e+00 -1.000976562500000000e-01 -2.182617187500000000e-01
1.007812500000000000e+00 -1.074218750000000000e-01 -2.170410156250000000e-01
1.005615234375000000e+00 -1.052246093750000000e-01 -2.128906250000000000e-01
1.012207031250000000e+00 -9.667968750000000000e-02 -2.153320312500000000e-01
1.009521484375000000e+00 -9.423828125000000000e-02 -2.141113281250000000e-01
1.008544921875000000e+00 -9.985351562500000000e-02 -2.128906250000000000e-01
1.008544921875000000e+00 -1.010742187500000000e-01 -2.150878906250000000e-01
1.008056640625000000e+00 -1.062011718750000000e-01 -1.582031250000000000e-01
1.010498046875000000e+00 -1.035156250000000000e-01 -2.163085937500000000e-01
1.008300781250000000e+00 -1.035156250000000000e-01 -1.608886718750000000e-01
1.005615234375000000e+00 -1.020507812500000000e-01 -1.613769531250000000e-01
1.004150390625000000e+00 -1.005859375000000000e-01 -1.677246093750000000e-01
1.002441406250000000e+00 -9.448242187500000000e-02 -1.625976562500000000e-01
1.005615234375000000e+00 -9.399414062500000000e-02 -2.136230468750000000e-01
1.008544921875000000e+00 -9.472656250000000000e-02 -1.589355468750000000e-01
1.006591796875000000e+00 -9.936523437500000000e-02 -2.177734375000000000e-01
1.007324218750000000e+00 -9.594726562500000000e-02 -2.138671875000000000e-01
1.004882812500000000e+00 -9.619140625000000000e-02 -1.582031250000000000e-01
1.012207031250000000e+00 -9.765625000000000000e-02 -1.591796875000000000e-01
1.007080078125000000e+00 -1.010742187500000000e-01 -1.569824218750000000e-01
1.007080078125000000e+00 -1.010742187500000000e-01 -1.569824218750000000e-01
1.010009765625000000e+00 -1.008300781250000000e-01 -1.574707031250000000e-01
1.011230468750000000e+00 -1.015625000000000000e-01 -2.167968750000000000e-01
1.007080078125000000e+00 -1.049804687500000000e-01 -1.616210937500000000e-01
1.007080078125000000e+00 -1.049804687500000000e-01 -1.616210937500000000e-01
1.010498046875000000e+00 -1.020507812500000000e-01 -1.628417968750000000e-01
1.012695312500000000e+00 -9.814453125000000000e-02 -1.567382812500000000e-01
1.006103515625000000e+00 -1.059570312500000000e-01 -1.572265625000000000e-01
1.011230468750000000e+00 -9.985351562500000000e-02 -1.577148437500000000e-01
1.008056640625000000e+00 -1.059570312500000000e-01 -1.601562500000000000e-01
1.006103515625000000e+00 -1.052246093750000000e-01 -2.182617187500000000e-01
1.009277343750000000e+00 -1.015625000000000000e-01 -1.569824218750000000e-01
1.007812500000000000e+00 -9.545898437500000000e-02 -1.586914062500000000e-01
1.004394531250000000e+00 -9.936523437500000000e-02 -1.594238281250000000e-01
1.006347656250000000e+00 -9.667968750000000000e-02 -2.182617187500000000e-01
1.012207031250000000e+00 -1.005859375000000000e-01 -2.160644531250000000e-01
1.009277343750000000e+00 -1.003417968750000000e-01 -1.601562500000000000e-01
1.007080078125000000e+00 -9.863281250000000000e-02 -1.579589843750000000e-01
1.006103515625000000e+00 -9.765625000000000000e-02 -1.572265625000000000e-01
1.007324218750000000e+00 -9.497070312500000000e-02 -1.608886718750000000e-01
1.001708984375000000e+00 -1.035156250000000000e-01 -1.650390625000000000e-01
1.004394531250000000e+00 -9.521484375000000000e-02 -1.706542968750000000e-01
1.008789062500000000e+00 -1.020507812500000000e-01 -1.606445312500000000e-01
1.006835937500000000e+00 -1.027832031250000000e-01 -1.645507812500000000e-01
1.005371093750000000e+00 -1.008300781250000000e-01 -1.589355468750000000e-01
1.007568359375000000e+00 -1.008300781250000000e-01 -1.611328125000000000e-01
1.010253906250000000e+00 -9.692382812500000000e-02 -1.630859375000000000e-01
1.001953125000000000e+00 -1.027832031250000000e-01 -1.594238281250000000e-01
1.008789062500000000e+00 -1.035156250000000000e-01 -1.616210937500000000e-01
1.007080078125000000e+00 -1.054687500000000000e-01 -1.657714843750000000e-01
1.006347656250000000e+00 -1.052246093750000000e-01 -1.669921875000000000e-01
1.013183593750000000e+00 -9.497070312500000000e-02 -1.582031250000000000e-01
1.007080078125000000e+00 -1.020507812500000000e-01 -2.170410156250000000e-01
1.006103515625000000e+00 -1.040039062500000000e-01 -1.638183593750000000e-01
