7.663574218750000000e-01 -4.882812500000000000e-04 -5.952148437500000000e-01
7.663574218750000000e-01 -1.708984375000000000e-03 -6.547851562500000000e-01
7.663574218750000000e-01 -1.708984375000000000e-03 -6.547851562500000000e-01
7.651367187500000000e-01 6.250000000000000000e-02 -6.528320312500000000e-01
7.651367187500000000e-01 6.250000000000000000e-02 -6.528320312500000000e-01
7.705078125000000000e-01 6.323242187500000000e-02 -6.538085937500000000e-01
7.709960937500000000e-01 -2.197265625000000000e-03 -6.535644531250000000e-01
7.753906250000000000e-01 -4.638671875000000000e-03 -6.540527343750000000e-01
7.700195312500000000e-01 -8.544921875000000000e-03 -6.538085937500000000e-01
7.641601562500000000e-01 -1.708984375000000000e-03 -6.545410156250000000e-01
7.622070312500000000e-01 6.323242187500000000e-02 -5.939941406250000000e-01
7.690429687500000000e-01 -5.126953125000000000e-03 -5.954589843750000000e-01
7.670898437500000000e-01 -7.080078125000000000e-03 -6.555175781250000000e-01
7.634277343750000000e-01 -4.394531250000000000e-03 -6.047363281250000000e-01
7.651367187500000000e-01 -5.859375000000000000e-03 -6.010742187500000000e-01
7.636718750000000000e-01 -1.025390625000000000e-02 -5.966796875000000000e-01
7.534179687500000000e-01 -9.521484375000000000e-03 -5.983886718750000000e-01
7.561035156250000000e-01 -3.662109375000000000e-03 -6.560058593750000000e-01
7.585449218750000000e-01 -1.953125000000000000e-03 -6.000976562500000000e-01
7.556152343750000000e-01 -6.103515625000000000e-03 -6.037597656250000000e-01
7.548828125000000000e-01 -2.197265625000000000e-03 -6.086425781250000000e-01
6.835937500000000000e-01 7.348632812500000000e-02 -6.013183593750000000e-01
6.845703125000000000e-01 -2.050781250000000000e-02 -6.208496093750000000e-01
6.748046875000000000e-01 -2.905273437500000000e-02 -7.072753906250000000e-01
6.660156250000000000e-01 2.636718750000000000e-02 -7.099609375000000000e-01
6.628417968750000000e-01 -2.832031250000000000e-02 -7.104492187500000000e-01
7.124023437500000000e-01 -2.685546875000000000e-02 -7.102050781250000000e-01
7.126464843750000000e-01 -2.636718750000000000e-02 -6.713867187500000000e-01
6.166992187500000000e-01 8.056640625000000000e-03 -7.026367187500000000e-01
6.645507812500000000e-01 -4.565429687500000000e-02 -5.461425781250000000e-01
8.774414062500000000e-01 1.293945312500000000e-02 -6.105957031250000000e-01
7.629394531250000000e-01 -1.491699218750000000e-01 -6.271972656250000000e-01
7.600097656250000000e-01 -1.628417968750000000e-01 -5.732421875000000000e-01
7.753906250000000000e-01 -1.452636718750000000e-01 -6.206054687500000000e-01
6.125488281250000000e-01 6.884765625000000000e-02 -7.873535156250000000e-01
6.237792968750000000e-01 4.638671875000000000e-03 -7.048339843750000000e-01
6.206054687500000000e-01 9.619140625000000000e-02 -7.331542968750000000e-01
6.562500000000000000e-01 1.218261718750000000e-01 -7.426757812500000000e-01
5.976562500000000000e-01 1.311035156250000000e-01 -7.792968750000000000e-01
5.529785156250000000e-01 3.391113281250000000e-01 -7.546386718750000000e-01
6.394042968750000000e-01 3.833007812500000000e-01 -6.005859375000000000e-01
6.506347656250000000e-01 2.031250000000000000e-01 -6.948242187500000000e-01
5.341796875000000000e-01 1.137695312500000000e-01 -6.564941406250000000e-01
4.902343750000000000e-01 1.865234375000000000e-01 -6.813964843750000000e-01
4.902343750000000000e-01 1.865234375000000000e-01 -6.813964843750000000e-01
5.598144531250000000e-01 2.558593750000000000e-01 -6.865234375000000000e-01
6.291503906250000000e-01 2.104492187500000000e-01 -6.740722656250000000e-01
5.515136718750000000e-01 1.630859375000000000e-01 -6.923828125000000000e-01
6.462402343750000000e-01 1.879882812500000000e-01 -7.153320312500000000e-01
6.972656250000000000e-01 2.006835937500000000e-01 -7.102050781250000000e-01
6.916503906250000000e-01 1.071777343750000000e-01 -8.767089843750000000e-01
7.038574218750000000e-01 1.503906250000000000e-01 -9.201660156250000000e-01
5.998535156250000000e-01 1.960449218750000000e-01 -7.187500000000000000e-01
5.476074218750000000e-01 1.391601562500000000e-02 -7.241210937500000000e-01
5.480957031250000000e-01 -8.813476562500000000e-02 -6.643066406250000000e-01
6.328125000000000000e-01 -8.764648437500000000e-02 -6.787109375000000000e-01
6.037597656250000000e-01 -1.254882812500000000e-01 -6.777343750000000000e-01
5.966796875000000000e-01 -5.590820312500000000e-02 -6.633300781250000000e-01
6.345214843750000000e-01 -1.320800781250000000e-01 -6.596679687500000000e-01
7.092285156250000000e-01 -4.541015625000000000e-02 -6.520996093750000000e-01
6.933593750000000000e-01 -1.315917968750000000e-01 -7.150878906250000000e-01
6.086425781250000000e-01 -5.712890625000000000e-02 -5.581054687500000000e-01
7.072753906250000000e-01 -4.589843750000000000e-02 -5.346679687500000000e-01
6.679687500000000000e-01 2.685546875000000000e-02 -5.549316406250000000e-01
7.211914062500000000e-01 -1.274414062500000000e-01 -5.998535156250000000e-01
8.232421875000000000e-01 -1.289062500000000000e-01 -6.906738281250000000e-01
7.856445312500000000e-01 -8.837890625000000000e-02 -6.467285156250000000e-01
7.390136718750000000e-01 -1.450195312500000000e-01 -5.903320312500000000e-01
7.919921875000000000e-01 -1.152343750000000000e-01 -8.610839843750000000e-01
7.924804687500000000e-01 -4.736328125000000000e-02 -8.364257812500000000e-01
6.396484375000000000e-01 -1.459960937500000000e-01 -5.429687500000000000e-01
5.729980468750000000e-01 -1.166992187500000000e-01 -6.376953125000000000e-01
6.213378906250000000e-01 1.440429687500000000e-01 -7.143554687500000000e-01
7.570800781250000000e-01 1.748046875000000000e-01 -7.770996093750000000e-01
6.750488281250000000e-01 5.737304687500000000e-02 -6.660156250000000000e-01
5.610351562500000000e-01 7.543945312500000000e-02 -6.459960937500000000e-01
5.566406250000000000e-01 2.082519531250000000e-01 -5.583496093750000000e-01
6.953125000000000000e-01 2.697753906250000000e-01 -6.110839843750000000e-01
5.954589843750000000e-01 2.751464843750000000e-01 -6.306152343750000000e-01
6.000976562500000000e-01 3.210449218750000000e-01 -4.929199218750000000e-01
7.685546875000000000e-01 2.307128906250000000e-01 -4.873046875000000000e-01
6.948242187500000000e-01 1.352539062500000000e-01 -7.229003906250000000e-01
8.757324218750000000e-01 9.326171875000000000e-02 -1.024902343750000000e+00
8.920898437500000000e-01 2.153320312500000000e-01 -8.029785156250000000e-01
7.541503906250000000e-01 1.210937500000000000e-01 -8.271484375000000000e-01
4.899902343750000000e-01 -2.612304687500000000e-02 -6.433105468750000000e-01
7.604980468750000000e-01 -8.618164062500000000e-02 -6.823730468750000000e-01
7.604980468750000000e-01 -8.618164062500000000e-02 -6.823730468750000000e-01
7.612304687500000000e-01 -7.812500000000000000e-02 -7.229003906250000000e-01
6.489257812500000000e-01 -2.001953125000000000e-01 -5.947265625000000000e-01
5.368652343750000000e-01 -1.362304687500000000e-01 -5.705566406250000000e-01
6.118164062500000000e-01 -4.394531250000000000e-02 -6.455078125000000000e-01
6.689453125000000000e-01 -1.560058593750000000e-01 -6.457519531250000000e-01
6.843261718750000000e-01 -1.127929687500000000e-01 -5.876464843750000000e-01
6.860351562500000000e-01 -1.669921875000000000e-01 -6.103515625000000000e-01
8.872070312500000000e-01 -1.325683593750000000e-01 -6.938476562500000000e-01
9.443359375000000000e-01 -5.981445312500000000e-02 -7.124023437500000000e-01
7.368164062500000000e-01 -3.100585937500000000e-02 -8.256835937500000000e-01
6.865234375000000000e-01 2.441406250000000000e-03 -7.434082031250000000e-01
6.484375000000000000e-01 -1.049804687500000000e-01 -6.975097656250000000e-01
5.761718750000000000e-01 9.204101562500000000e-02 -6.169433593750000000e-01
6.279296875000000000e-01 2.561035156250000000e-01 -6.066894531250000000e-01
7.104492187500000000e-01 1.166992187500000000e-01 -7.004394531250000000e-01
7.104492187500000000e-01 1.166992187500000000e-01 -7.004394531250000000e-01
6.374511718750000000e-01 2.595214843750000000e-01 -6.069335937500000000e-01
6.542968750000000000e-01 2.614746093750000000e-01 -5.532226562500000000e-01
6.174316406250000000e-01 1.621093750000000000e-01 -5.971679687500000000e-01
6.901855468750000000e-01 1.945800781250000000e-01 -6.062011718750000000e-01
6.127929687500000000e-01 1.079101562500000000e-01 -5.502929687500000000e-01
7.094726562500000000e-01 1.208496093750000000e-01 -6.376953125000000000e-01
6.613769531250000000e-01 2.001953125000000000e-01 -6.911621093750000000e-01
8.330078125000000000e-01 -1.831054687500000000e-02 -6.599121093750000000e-01
8.088378906250000000e-01 -2.954101562500000000e-02 -6.406250000000000000e-01
7.236328125000000000e-01 1.184082031250000000e-01 -4.787597656250000000e-01
8.337402343750000000e-01 1.906738281250000000e-01 -8.212890625000000000e-01
8.034667968750000000e-01 4.882812500000000000e-02 -8.754882812500000000e-01
7.099609375000000000e-01 2.338867187500000000e-01 -6.591796875000000000e-01
6.931152343750000000e-01 5.322265625000000000e-02 -6.401367187500000000e-01
7.167968750000000000e-01 1.928710937500000000e-02 -6.323242187500000000e-01
7.773437500000000000e-01 -8.764648437500000000e-02 -5.529785156250000000e-01
7.602539062500000000e-01 1.440429687500000000e-02 -5.998535156250000000e-01
6.804199218750000000e-01 -8.740234375000000000e-02 -6.359863281250000000e-01
7.153320312500000000e-01 -3.686523437500000000e-02 -5.876464843750000000e-01
7.648925781250000000e-01 -7.690429687500000000e-02 -5.361328125000000000e-01
7.604980468750000000e-01 6.103515625000000000e-03 -4.963378906250000000e-01
6.845703125000000000e-01 -4.492187500000000000e-02 -5.981445312500000000e-01
7.656250000000000000e-01 -1.486816406250000000e-01 -7.075195312500000000e-01
7.995605468750000000e-01 9.277343750000000000e-03 -6.591796875000000000e-01
8.247070312500000000e-01 -8.886718750000000000e-02 -6.269531250000000000e-01
6.860351562500000000e-01 -1.245117187500000000e-01 -5.744628906250000000e-01
6.718750000000000000e-01 -1.188964843750000000e-01 -5.332031250000000000e-01
6.984863281250000000e-01 -1.499023437500000000e-01 -5.517578125000000000e-01
7.116699218750000000e-01 -1.477050781250000000e-01 -6.005859375000000000e-01
7.155761718750000000e-01 -1.384277343750000000e-01 -5.961914062500000000e-01
6.147460937500000000e-01 6.347656250000000000e-03 -8.149414062500000000e-01
6.140136718750000000e-01 9.033203125000000000e-02 -9.135742187500000000e-01
6.877441406250000000e-01 3.955078125000000000e-02 -8.020019531250000000e-01
5.339355468750000000e-01 -1.342773437500000000e-02 -6.149902343750000000e-01
5.920410156250000000e-01 1.855468750000000000e-02 -6.643066406250000000e-01
6.110839843750000000e-01 1.469726562500000000e-01 -7.512207031250000000e-01
6.911621093750000000e-01 1.860351562500000000e-01 -7.421875000000000000e-01
6.398925781250000000e-01 1.921386718750000000e-01 -6.916503906250000000e-01
6.518554687500000000e-01 1.984863281250000000e-01 -7.517089843750000000e-01
6.186523437500000000e-01 1.093750000000000000e-01 -7.211914062500000000e-01
6.513671875000000000e-01 1.057128906250000000e-01 -7.502441406250000000e-01
7.109375000000000000e-01 1.257324218750000000e-01 -7.084960937500000000e-01
6.628417968750000000e-01 6.787109375000000000e-02 -7.163085937500000000e-01
7.116699218750000000e-01 1.474609375000000000e-01 -6.506347656250000000e-01
6.892089843750000000e-01 1.748046875000000000e-01 -6.159667968750000000e-01
6.645507812500000000e-01 1.784667968750000000e-01 -6.127929687500000000e-01
7.077636718750000000e-01 1.928710937500000000e-01 -6.152343750000000000e-01
7.033691406250000000e-01 1.450195312500000000e-01 -6.970214843750000000e-01
6.823730468750000000e-01 5.175781250000000000e-02 -6.621093750000000000e-01
6.635742187500000000e-01 1.437988281250000000e-01 -6.940917968750000000e-01
7.280273437500000000e-01 5.590820312500000000e-02 -5.998535156250000000e-01
6.853027343750000000e-01 3.320312500000000000e-02 -6.384277343750000000e-01
7.236328125000000000e-01 8.300781250000000000e-02 -6.350097656250000000e-01
7.812500000000000000e-01 3.344726562500000000e-02 -6.533203125000000000e-01
7.631835937500000000e-01 8.544921875000000000e-02 -6.079101562500000000e-01
7.807617187500000000e-01 -8.300781250000000000e-03 -6.140136718750000000e-01
7.768554687500000000e-01 -7.934570312500000000e-02 -6.030273437500000000e-01
7.255859375000000000e-01 -1.354980468750000000e-01 -5.417480468750000000e-01
7.407226562500000000e-01 -1.496582031250000000e-01 -5.888671875000000000e-01
7.221679687500000000e-01 -1.547851562500000000e-01 -6.499023437500000000e-01
7.673339843750000000e-01 -5.834960937500000000e-02 -5.410156250000000000e-01
7.736816406250000000e-01 -3.735351562500000000e-02 -5.705566406250000000e-01
6.689453125000000000e-01 -4.174804687500000000e-02 -5.747070312500000000e-01
7.678222656250000000e-01 -1.093750000000000000e-01 -7.768554687500000000e-01
7.956542968750000000e-01 -7.641601562500000000e-02 -7.519531250000000000e-01
7.634277343750000000e-01 -6.542968750000000000e-02 -6.303710937500000000e-01
6.225585937500000000e-01 -2.343750000000000000e-02 -5.598144531250000000e-01
8.132324218750000000e-01 9.008789062500000000e-02 -5.593261718750000000e-01
7.412109375000000000e-01 8.129882812500000000e-02 -5.957031250000000000e-01
7.763671875000000000e-01 7.104492187500000000e-02 -5.966796875000000000e-01
7.409667968750000000e-01 3.588867187500000000e-02 -5.539550781250000000e-01
7.434082031250000000e-01 8.178710937500000000e-02 -6.481933593750000000e-01
8.259277343750000000e-01 8.642578125000000000e-02 -6.323242187500000000e-01
8.144531250000000000e-01 5.004882812500000000e-02 -5.451660156250000000e-01
7.463378906250000000e-01 1.547851562500000000e-01 -5.820312500000000000e-01
8.186035156250000000e-01 5.639648437500000000e-02 -5.795898437500000000e-01
7.817382812500000000e-01 6.201171875000000000e-02 -4.741210937500000000e-01
8.330078125000000000e-01 6.079101562500000000e-02 -5.703125000000000000e-01
8.032226562500000000e-01 4.101562500000000000e-02 -5.776367187500000000e-01
8.237304687500000000e-01 4.931640625000000000e-02 -4.912109375000000000e-01
7.434082031250000000e-01 1.428222656250000000e-01 -5.268554687500000000e-01
7.927246093750000000e-01 1.152343750000000000e-01 -5.446777343750000000e-01
7.927246093750000000e-01 1.152343750000000000e-01 -5.446777343750000000e-01
8.789062500000000000e-01 4.907226562500000000e-02 -5.910644531250000000e-01
7.275390625000000000e-01 5.810546875000000000e-02 -4.746093750000000000e-01
8.073730468750000000e-01 9.301757812500000000e-02 -5.036621093750000000e-01
8.808593750000000000e-01 -4.882812500000000000e-04 -5.126953125000000000e-01
7.963867187500000000e-01 7.202148437500000000e-02 -5.258789062500000000e-01
8.071289062500000000e-01 8.349609375000000000e-02 -5.644531250000000000e-01
8.959960937500000000e-01 8.129882812500000000e-02 -4.990234375000000000e-01
8.090820312500000000e-01 -1.708984375000000000e-03 -4.812011718750000000e-01
7.844238281250000000e-01 6.909179687500000000e-02 -5.063476562500000000e-01
8.369140625000000000e-01 6.323242187500000000e-02 -5.090332031250000000e-01
7.849121093750000000e-01 7.983398437500000000e-02 -5.166015625000000000e-01
7.849121093750000000e-01 6.640625000000000000e-02 -5.236816406250000000e-01
8.845214843750000000e-01 -2.441406250000000000e-03 -5.356445312500000000e-01
