9.316406250000000000e-01 -1.901855468750000000e-01 -2.634277343750000000e-01
9.321289062500000000e-01 -1.936035156250000000e-01 -2.727050781250000000e-01
9.321289062500000000e-01 -1.936035156250000000e-01 -2.727050781250000000e-01
1.000244140625000000e+00 -1.960449218750000000e-01 -2.780761718750000000e-01
9.313964843750000000e-01 -1.933593750000000000e-01 -2.685546875000000000e-01
9.296875000000000000e-01 -1.887207031250000000e-01 -2.683105468750000000e-01
9.348144531250000000e-01 -1.975097656250000000e-01 -2.700195312500000000e-01
9.316406250000000000e-01 -1.892089843750000000e-01 -2.792968750000000000e-01
9.333496093750000000e-01 -1.884765625000000000e-01 -2.736816406250000000e-01
9.316406250000000000e-01 -1.157226562500000000e-01 -2.785644531250000000e-01
9.316406250000000000e-01 -1.052246093750000000e-01 -2.773437500000000000e-01
9.289550781250000000e-01 -1.083984375000000000e-01 -2.766113281250000000e-01
9.299316406250000000e-01 -9.936523437500000000e-02 -2.775878906250000000e-01
9.365234375000000000e-01 -9.985351562500000000e-02 -2.807617187500000000e-01
1.003417968750000000e+00 -9.594726562500000000e-02 -2.233886718750000000e-01
9.243164062500000000e-01 -1.503906250000000000e-01 -1.826171875000000000e-01
9.213867187500000000e-01 -1.555175781250000000e-01 -2.705078125000000000e-01
9.213867187500000000e-01 -1.555175781250000000e-01 -2.705078125000000000e-01
9.265136718750000000e-01 -1.560058593750000000e-01 -2.775878906250000000e-01
9.331054687500000000e-01 -1.542968750000000000e-01 -2.211914062500000000e-01
1.002441406250000000e+00 -1.464843750000000000e-01 -2.736816406250000000e-01
9.277343750000000000e-01 -1.096191406250000000e-01 -2.702636718750000000e-01
9.265136718750000000e-01 -1.237792968750000000e-01 -2.687988281250000000e-01
9.274902343750000000e-01 -1.958007812500000000e-01 -2.695312500000000000e-01
1.004394531250000000e+00 -1.989746093750000000e-01 -2.683105468750000000e-01
1.001220703125000000e+00 -2.062988281250000000e-01 -2.661132812500000000e-01
9.692382812500000000e-01 -1.752929687500000000e-01 -2.192382812500000000e-01
9.863281250000000000e-01 -2.470703125000000000e-01 -2.888183593750000000e-01
1.109375000000000000e+00 -3.757324218750000000e-01 -3.691406250000000000e-01
1.041992187500000000e+00 -3.725585937500000000e-01 -3.823242187500000000e-01
9.089355468750000000e-01 -2.973632812500000000e-01 -1.831054687500000000e-01
7.258300781250000000e-01 -2.497558593750000000e-01 -1.599121093750000000e-01
6.237792968750000000e-01 -2.143554687500000000e-01 -1.269531250000000000e-01
7.712402343750000000e-01 -1.757812500000000000e-01 -1.396484375000000000e-01
9.433593750000000000e-01 -2.670898437500000000e-01 -1.496582031250000000e-01
1.092529296875000000e+00 -1.879882812500000000e-01 -6.079101562500000000e-02
1.173339843750000000e+00 -1.872558593750000000e-01 -1.325683593750000000e-01
1.046142578125000000e+00 -4.470214843750000000e-01 -1.264648437500000000e-01
1.125244140625000000e+00 -4.853515625000000000e-01 -2.392578125000000000e-01
9.794921875000000000e-01 -4.819335937500000000e-01 -7.805175781250000000e-01
7.199707031250000000e-01 -1.970214843750000000e-01 -4.526367187500000000e-01
1.058593750000000000e+00 -1.528320312500000000e-01 -3.041992187500000000e-01
8.801269531250000000e-01 -3.093261718750000000e-01 -2.763671875000000000e-01
7.961425781250000000e-01 -2.209472656250000000e-01 -1.613769531250000000e-01
8.432617187500000000e-01 -9.472656250000000000e-02 -2.607421875000000000e-01
8.740234375000000000e-01 -9.155273437500000000e-02 -2.058105468750000000e-01
8.740234375000000000e-01 -9.155273437500000000e-02 -2.058105468750000000e-01
9.064941406250000000e-01 2.465820312500000000e-02 -2.031250000000000000e-01
8.698730468750000000e-01 -7.177734375000000000e-02 -4.589843750000000000e-02
1.013183593750000000e+00 -3.149414062500000000e-02 -5.395507812500000000e-02
1.202148437500000000e+00 -1.936035156250000000e-01 -6.103515625000000000e-02
1.142089843750000000e+00 -3.271484375000000000e-02 -2.734375000000000000e-02
1.488769531250000000e+00 -1.489257812500000000e-01 -4.697265625000000000e-01
7.905273437500000000e-01 5.664062500000000000e-02 -5.021972656250000000e-01
8.564453125000000000e-01 -4.084472656250000000e-01 -4.501953125000000000e-01
9.694824218750000000e-01 -1.806640625000000000e-02 -2.822265625000000000e-01
8.181152343750000000e-01 -1.311035156250000000e-01 -1.159667968750000000e-01
8.493652343750000000e-01 -2.744140625000000000e-01 -1.726074218750000000e-01
8.266601562500000000e-01 -1.430664062500000000e-01 -9.204101562500000000e-02
7.915039062500000000e-01 -2.612304687500000000e-01 -1.201171875000000000e-01
8.237304687500000000e-01 -2.084960937500000000e-01 -4.516601562500000000e-02
9.135742187500000000e-01 -1.220703125000000000e-01 -1.374511718750000000e-01
1.181884765625000000e+00 -6.469726562500000000e-02 -1.967773437500000000e-01
1.179199218750000000e+00 -2.292480468750000000e-01 -1.091308593750000000e-01
1.451904296875000000e+00 -4.409179687500000000e-01 -2.871093750000000000e-01
8.876953125000000000e-01 -6.462402343750000000e-01 -5.742187500000000000e-01
7.067871093750000000e-01 -9.277343750000000000e-02 -3.925781250000000000e-01
1.197998046875000000e+00 -2.145996093750000000e-01 -4.396972656250000000e-01
8.784179687500000000e-01 -2.319335937500000000e-01 -2.714843750000000000e-01
6.767578125000000000e-01 -8.496093750000000000e-02 -1.384277343750000000e-01
8.662109375000000000e-01 -1.489257812500000000e-01 -1.103515625000000000e-01
7.822265625000000000e-01 -1.289062500000000000e-01 -1.281738281250000000e-01
7.480468750000000000e-01 -3.100585937500000000e-02 -1.403808593750000000e-01
9.260253906250000000e-01 -1.418457031250000000e-01 -1.408691406250000000e-01
1.185546875000000000e+00 7.080078125000000000e-03 -2.441406250000000000e-01
1.283935546875000000e+00 -2.023925781250000000e-01 -1.806640625000000000e-02
1.307373046875000000e+00 -2.731933593750000000e-01 -4.038085937500000000e-01
1.083984375000000000e+00 1.462402343750000000e-01 -6.635742187500000000e-01
7.697753906250000000e-01 -2.956542968750000000e-01 -4.511718750000000000e-01
9.780273437500000000e-01 -9.252929687500000000e-02 -3.288574218750000000e-01
8.359375000000000000e-01 -1.660156250000000000e-02 -2.097167968750000000e-01
7.180175781250000000e-01 -1.201171875000000000e-01 -2.009277343750000000e-01
8.391113281250000000e-01 -1.035156250000000000e-01 -8.032226562500000000e-02
7.319335937500000000e-01 -2.810058593750000000e-01 -5.810546875000000000e-02
8.310546875000000000e-01 -1.628417968750000000e-01 -1.269531250000000000e-01
9.243164062500000000e-01 -2.158203125000000000e-01 -1.433105468750000000e-01
1.358154296875000000e+00 -5.322265625000000000e-02 -2.060546875000000000e-01
1.212646484375000000e+00 -3.808593750000000000e-01 -5.102539062500000000e-02
1.526123046875000000e+00 -4.702148437500000000e-01 -7.446289062500000000e-01
4.138183593750000000e-01 -4.550781250000000000e-01 -4.660644531250000000e-01
1.145263671875000000e+00 -2.783203125000000000e-02 -3.210449218750000000e-01
8.898925781250000000e-01 -2.358398437500000000e-01 -2.841796875000000000e-01
7.250976562500000000e-01 -1.408691406250000000e-01 -1.987304687500000000e-01
8.784179687500000000e-01 -1.315917968750000000e-01 -1.647949218750000000e-01
7.917480468750000000e-01 -1.359863281250000000e-01 -6.030273437500000000e-02
6.740722656250000000e-01 -6.713867187500000000e-02 -8.447265625000000000e-02
7.929687500000000000e-01 -1.442871093750000000e-01 -9.228515625000000000e-02
1.200195312500000000e+00 -1.311035156250000000e-01 -2.121582031250000000e-01
1.335937500000000000e+00 -3.247070312500000000e-02 -1.359863281250000000e-01
1.331054687500000000e+00 -1.696777343750000000e-01 -1.701660156250000000e-01
1.103759765625000000e+00 -1.904296875000000000e-02 -7.370605468750000000e-01
7.270507812500000000e-01 -2.221679687500000000e-01 -5.241699218750000000e-01
1.061279296875000000e+00 -1.706542968750000000e-01 -3.696289062500000000e-01
8.630371093750000000e-01 6.420898437500000000e-02 -1.577148437500000000e-01
7.138671875000000000e-01 -1.022949218750000000e-01 -9.765625000000000000e-02
8.989257812500000000e-01 -1.833496093750000000e-01 -4.125976562500000000e-02
8.322753906250000000e-01 -1.569824218750000000e-01 -5.664062500000000000e-02
7.812500000000000000e-01 -1.616210937500000000e-01 -1.259765625000000000e-01
1.063720703125000000e+00 -1.286621093750000000e-01 -1.499023437500000000e-01
1.191894531250000000e+00 -1.762695312500000000e-01 -2.087402343750000000e-01
1.114746093750000000e+00 -3.474121093750000000e-01 -1.293945312500000000e-02
1.394042968750000000e+00 -3.891601562500000000e-01 -8.217773437500000000e-01
9.255371093750000000e-01 -2.878417968750000000e-01 -5.373535156250000000e-01
9.990234375000000000e-01 1.791992187500000000e-01 -2.846679687500000000e-01
9.594726562500000000e-01 -1.887207031250000000e-01 -2.844238281250000000e-01
7.563476562500000000e-01 -2.138671875000000000e-01 -1.594238281250000000e-01
7.770996093750000000e-01 -2.036132812500000000e-01 -1.894531250000000000e-01
8.728027343750000000e-01 1.489257812500000000e-02 -1.430664062500000000e-01
8.703613281250000000e-01 7.617187500000000000e-02 -7.495117187500000000e-02
8.569335937500000000e-01 -1.245117187500000000e-02 -9.130859375000000000e-02
9.973144531250000000e-01 -1.425781250000000000e-01 -1.777343750000000000e-01
1.225585937500000000e+00 -6.372070312500000000e-02 -2.597656250000000000e-01
1.279052734375000000e+00 2.441406250000000000e-04 -1.718750000000000000e-01
1.107421875000000000e+00 1.486816406250000000e-01 -8.688964843750000000e-01
6.513671875000000000e-01 -1.672363281250000000e-01 -3.125000000000000000e-01
1.103515625000000000e+00 -2.170410156250000000e-01 -5.163574218750000000e-01
9.719238281250000000e-01 1.115722656250000000e-01 -2.221679687500000000e-01
7.375488281250000000e-01 -1.113281250000000000e-01 -2.719726562500000000e-01
9.296875000000000000e-01 -1.545410156250000000e-01 -2.443847656250000000e-01
7.717285156250000000e-01 -2.790527343750000000e-01 -2.102050781250000000e-01
8.935546875000000000e-01 -3.415527343750000000e-01 -2.121582031250000000e-01
9.296875000000000000e-01 -1.435546875000000000e-01 -4.687500000000000000e-02
1.096191406250000000e+00 7.153320312500000000e-02 -4.614257812500000000e-02
1.266845703125000000e+00 -1.923828125000000000e-01 -6.835937500000000000e-02
1.500244140625000000e+00 -2.055664062500000000e-01 -5.659179687500000000e-01
6.235351562500000000e-01 -5.107421875000000000e-01 -4.926757812500000000e-01
1.019531250000000000e+00 -8.691406250000000000e-02 -3.312988281250000000e-01
9.301757812500000000e-01 -2.675781250000000000e-01 -2.956542968750000000e-01
7.941894531250000000e-01 -5.664062500000000000e-02 -2.573242187500000000e-01
6.840820312500000000e-01 -5.200195312500000000e-02 -1.630859375000000000e-01
7.958984375000000000e-01 -1.557617187500000000e-01 -1.479492187500000000e-01
8.151855468750000000e-01 -5.029296875000000000e-02 -3.295898437500000000e-02
8.537597656250000000e-01 -5.883789062500000000e-02 -1.921386718750000000e-01
1.220947265625000000e+00 -1.137695312500000000e-01 -1.921386718750000000e-01
1.118408203125000000e+00 -8.007812500000000000e-02 -1.350097656250000000e-01
1.316162109375000000e+00 8.276367187500000000e-02 -1.247558593750000000e-01
1.208007812500000000e+00 7.666015625000000000e-02 -8.247070312500000000e-01
6.977539062500000000e-01 -1.840820312500000000e-01 -4.602050781250000000e-01
1.046875000000000000e+00 -1.633300781250000000e-01 -3.737792968750000000e-01
9.467773437500000000e-01 7.202148437500000000e-02 -2.661132812500000000e-01
7.299804687500000000e-01 -6.225585937500000000e-02 -2.009277343750000000e-01
9.050292968750000000e-01 -1.679687500000000000e-01 -1.889648437500000000e-01
8.208007812500000000e-01 -1.838378906250000000e-01 -1.433105468750000000e-01
7.778320312500000000e-01 -1.574707031250000000e-01 -9.838867187500000000e-02
1.028076171875000000e+00 -1.420898437500000000e-01 -1.464843750000000000e-01
1.203857421875000000e+00 -1.591796875000000000e-01 -2.043457031250000000e-01
1.227050781250000000e+00 -2.519531250000000000e-01 -8.764648437500000000e-02
1.298095703125000000e+00 -2.795410156250000000e-01 -3.535156250000000000e-01
1.036132812500000000e+00 -6.301269531250000000e-01 -8.325195312500000000e-01
5.590820312500000000e-01 1.757812500000000000e-02 -3.010253906250000000e-01
9.423828125000000000e-01 -2.805175781250000000e-01 -2.314453125000000000e-01
9.423828125000000000e-01 -2.805175781250000000e-01 -2.314453125000000000e-01
6.843261718750000000e-01 -9.423828125000000000e-02 -1.154785156250000000e-01
8.979492187500000000e-01 -4.663085937500000000e-02 -1.049804687500000000e-01
8.105468750000000000e-01 1.245117187500000000e-02 -1.335449218750000000e-01
7.470703125000000000e-01 3.002929687500000000e-02 -3.662109375000000000e-02
1.065185546875000000e+00 -9.667968750000000000e-02 -3.906250000000000000e-02
1.197265625000000000e+00 -1.657714843750000000e-01 -1.174316406250000000e-01
1.101806640625000000e+00 -1.374511718750000000e-01 1.733398437500000000e-02
1.342529296875000000e+00 -1.364746093750000000e-01 -2.834472656250000000e-01
1.180175781250000000e+00 6.713867187500000000e-02 -7.534179687500000000e-01
6.245117187500000000e-01 -3.300781250000000000e-01 -3.247070312500000000e-01
1.252441406250000000e+00 -2.485351562500000000e-01 -3.115234375000000000e-01
8.974609375000000000e-01 8.544921875000000000e-02 -1.164550781250000000e-01
6.789550781250000000e-01 -9.472656250000000000e-02 -1.396484375000000000e-01
8.068847656250000000e-01 -2.475585937500000000e-01 -1.477050781250000000e-01
8.549804687500000000e-01 -2.766113281250000000e-01 -6.005859375000000000e-02
7.744140625000000000e-01 -2.536621093750000000e-01 -4.809570312500000000e-02
9.299316406250000000e-01 -1.196289062500000000e-01 -1.281738281250000000e-01
1.173828125000000000e+00 -1.401367187500000000e-01 -1.625976562500000000e-01
1.171875000000000000e+00 -1.943359375000000000e-01 -4.785156250000000000e-02
1.250000000000000000e+00 -4.970703125000000000e-01 -4.426269531250000000e-01
9.482421875000000000e-01 -6.967773437500000000e-01 -5.895996093750000000e-01
7.849121093750000000e-01 6.787109375000000000e-02 -1.862792968750000000e-01
1.151367187500000000e+00 -2.021484375000000000e-01 -3.320312500000000000e-01
7.583007812500000000e-01 -3.225097656250000000e-01 -1.809082031250000000e-01
7.763671875000000000e-01 -2.031250000000000000e-01 -2.290039062500000000e-01
9.111328125000000000e-01 -1.298828125000000000e-01 -2.165527343750000000e-01
8.115234375000000000e-01 2.465820312500000000e-02 -2.145996093750000000e-01
9.477539062500000000e-01 2.636718750000000000e-02 -1.928710937500000000e-01
9.863281250000000000e-01 -9.692382812500000000e-02 -6.054687500000000000e-02
1.162597656250000000e+00 -2.043457031250000000e-01 -7.006835937500000000e-02
1.296630859375000000e+00 -2.243652343750000000e-01 -4.057617187500000000e-01
9.763183593750000000e-01 -8.837890625000000000e-02 -6.740722656250000000e-01
6.735839843750000000e-01 -3.378906250000000000e-01 -3.403320312500000000e-01
1.051513671875000000e+00 -2.856445312500000000e-02 -3.283691406250000000e-01
1.051513671875000000e+00 -2.856445312500000000e-02 -3.283691406250000000e-01
9.538574218750000000e-01 -8.862304687500000000e-02 -1.579589843750000000e-01
6.577148437500000000e-01 -3.315429687500000000e-01 -2.080078125000000000e-01
9.514160156250000000e-01 -1.796875000000000000e-01 -4.980468750000000000e-02
