9.726562500000000000e-01 -1.040039062500000000e-01 1.435546875000000000e-01
9.726562500000000000e-01 -1.040039062500000000e-01 1.435546875000000000e-01
1.030273437500000000e+00 -1.076660156250000000e-01 1.086425781250000000e-01
1.030273437500000000e+00 -1.076660156250000000e-01 1.086425781250000000e-01
1.014648437500000000e+00 -1.059570312500000000e-01 1.120605468750000000e-01
9.912109375000000000e-01 -9.692382812500000000e-02 1.936035156250000000e-01
9.792480468750000000e-01 -2.502441406250000000e-01 6.079101562500000000e-02
9.838867187500000000e-01 -1.735839843750000000e-01 1.032714843750000000e-01
9.892578125000000000e-01 -2.065429687500000000e-01 1.088867187500000000e-01
9.704589843750000000e-01 -1.091308593750000000e-01 1.877441406250000000e-01
1.029541015625000000e+00 -1.423339843750000000e-01 1.970214843750000000e-01
9.855957031250000000e-01 -1.501464843750000000e-01 1.154785156250000000e-01
9.936523437500000000e-01 -1.491699218750000000e-01 1.223144531250000000e-01
9.799804687500000000e-01 -1.123046875000000000e-01 1.125488281250000000e-01
9.711914062500000000e-01 -1.928710937500000000e-01 1.176757812500000000e-01
9.758300781250000000e-01 -1.152343750000000000e-01 1.040039062500000000e-01
9.902343750000000000e-01 -1.071777343750000000e-01 1.550292968750000000e-01
9.755859375000000000e-01 -1.108398437500000000e-01 1.008300781250000000e-01
1.031005859375000000e+00 -1.562500000000000000e-01 1.101074218750000000e-01
9.873046875000000000e-01 -9.863281250000000000e-02 1.933593750000000000e-01
9.780273437500000000e-01 -1.032714843750000000e-01 1.088867187500000000e-01
9.824218750000000000e-01 -1.049804687500000000e-01 1.145019531250000000e-01
9.816894531250000000e-01 -1.086425781250000000e-01 1.184082031250000000e-01
9.726562500000000000e-01 -1.000976562500000000e-01 1.115722656250000000e-01
9.812011718750000000e-01 -9.790039062500000000e-02 1.145019531250000000e-01
9.919433593750000000e-01 -1.511230468750000000e-01 1.191406250000000000e-01
9.802246093750000000e-01 -1.550292968750000000e-01 1.103515625000000000e-01
9.812011718750000000e-01 -1.484375000000000000e-01 1.218261718750000000e-01
9.816894531250000000e-01 -1.479492187500000000e-01 1.147460937500000000e-01
9.860839843750000000e-01 -1.306152343750000000e-01 1.118164062500000000e-01
9.899902343750000000e-01 -1.347656250000000000e-01 1.931152343750000000e-01
9.802246093750000000e-01 -1.362304687500000000e-01 1.228027343750000000e-01
9.797363281250000000e-01 -5.004882812500000000e-02 2.045898437500000000e-01
9.748535156250000000e-01 -1.555175781250000000e-01 2.077636718750000000e-01
9.855957031250000000e-01 -1.328125000000000000e-01 2.028808593750000000e-01
9.965820312500000000e-01 -1.398925781250000000e-01 9.838867187500000000e-02
9.985351562500000000e-01 -1.120605468750000000e-01 9.985351562500000000e-02
1.086181640625000000e+00 -1.152343750000000000e-01 1.013183593750000000e-01
9.863281250000000000e-01 -2.185058593750000000e-01 1.059570312500000000e-01
1.023193359375000000e+00 -2.583007812500000000e-01 1.130371093750000000e-01
1.012939453125000000e+00 -3.298339843750000000e-01 1.354980468750000000e-01
9.890136718750000000e-01 -2.324218750000000000e-01 2.109375000000000000e-01
1.016845703125000000e+00 -2.314453125000000000e-01 1.796875000000000000e-01
1.023193359375000000e+00 -2.387695312500000000e-01 2.556152343750000000e-01
9.177246093750000000e-01 -2.822265625000000000e-01 2.626953125000000000e-01
9.184570312500000000e-01 -3.393554687500000000e-01 2.265625000000000000e-01
9.638671875000000000e-01 -3.327636718750000000e-01 2.434082031250000000e-01
9.309082031250000000e-01 -2.995605468750000000e-01 1.843261718750000000e-01
9.316406250000000000e-01 -2.900390625000000000e-01 2.363281250000000000e-01
9.667968750000000000e-01 -2.434082031250000000e-01 2.316894531250000000e-01
9.133300781250000000e-01 -1.718750000000000000e-01 2.636718750000000000e-01
1.007080078125000000e+00 -2.651367187500000000e-01 3.354492187500000000e-01
1.017578125000000000e+00 -1.816406250000000000e-01 2.729492187500000000e-01
1.063720703125000000e+00 -1.767578125000000000e-01 3.161621093750000000e-01
1.054199218750000000e+00 -2.221679687500000000e-01 3.398437500000000000e-01
1.201660156250000000e+00 -4.663085937500000000e-01 2.509765625000000000e-01
1.059814453125000000e+00 -3.269042968750000000e-01 2.351074218750000000e-01
9.868164062500000000e-01 -1.665039062500000000e-01 3.291015625000000000e-01
1.023193359375000000e+00 -3.847656250000000000e-01 2.324218750000000000e-01
1.132324218750000000e+00 -4.101562500000000000e-02 1.447753906250000000e-01
8.940429687500000000e-01 1.855468750000000000e-02 1.621093750000000000e-01
1.014160156250000000e+00 -1.308593750000000000e-01 1.003417968750000000e-01
9.614257812500000000e-01 -4.931640625000000000e-02 2.065429687500000000e-01
9.284667968750000000e-01 -4.638671875000000000e-02 1.542968750000000000e-01
1.004150390625000000e+00 -7.275390625000000000e-02 1.350097656250000000e-01
1.021240234375000000e+00 -1.972656250000000000e-01 2.917480468750000000e-01
9.824218750000000000e-01 -6.005859375000000000e-02 1.223144531250000000e-01
9.462890625000000000e-01 -1.381835937500000000e-01 1.767578125000000000e-01
1.069091796875000000e+00 -1.977539062500000000e-01 2.353515625000000000e-01
1.029296875000000000e+00 -4.248046875000000000e-02 2.175292968750000000e-01
9.863281250000000000e-01 -1.503906250000000000e-01 1.425781250000000000e-01
1.025146484375000000e+00 -1.630859375000000000e-01 9.594726562500000000e-02
9.973144531250000000e-01 -1.015625000000000000e-01 1.120605468750000000e-01
1.020996093750000000e+00 -1.989746093750000000e-01 1.975097656250000000e-01
1.016845703125000000e+00 -9.985351562500000000e-02 1.997070312500000000e-01
1.010742187500000000e+00 -1.430664062500000000e-01 1.621093750000000000e-01
1.082275390625000000e+00 -9.497070312500000000e-02 1.591796875000000000e-01
1.069824218750000000e+00 -1.113281250000000000e-01 1.943359375000000000e-01
9.699707031250000000e-01 -1.184082031250000000e-01 2.180175781250000000e-01
1.012207031250000000e+00 -9.741210937500000000e-02 1.701660156250000000e-01
1.008056640625000000e+00 -1.025390625000000000e-01 1.638183593750000000e-01
1.026367187500000000e+00 -1.228027343750000000e-01 2.634277343750000000e-01
1.070556640625000000e+00 -9.643554687500000000e-02 1.567382812500000000e-01
1.026367187500000000e+00 -1.069335937500000000e-01 1.210937500000000000e-01
1.012207031250000000e+00 -1.962890625000000000e-01 1.467285156250000000e-01
9.699707031250000000e-01 -9.472656250000000000e-02 1.188964843750000000e-01
9.851074218750000000e-01 -1.418457031250000000e-01 1.975097656250000000e-01
9.814453125000000000e-01 -1.508789062500000000e-01 1.879882812500000000e-01
9.873046875000000000e-01 -1.118164062500000000e-01 2.067871093750000000e-01
9.880371093750000000e-01 -1.003417968750000000e-01 2.089843750000000000e-01
9.309082031250000000e-01 -1.250000000000000000e-01 1.459960937500000000e-01
9.809570312500000000e-01 -1.140136718750000000e-01 1.926269531250000000e-01
1.023437500000000000e+00 -1.384277343750000000e-01 1.403808593750000000e-01
1.014160156250000000e+00 -1.501464843750000000e-01 1.359863281250000000e-01
1.017089843750000000e+00 -1.501464843750000000e-01 1.071777343750000000e-01
9.726562500000000000e-01 -1.120605468750000000e-01 4.687500000000000000e-02
9.189453125000000000e-01 -1.000976562500000000e-02 5.322265625000000000e-02
7.954101562500000000e-01 -2.741699218750000000e-01 1.284179687500000000e-01
9.226074218750000000e-01 -2.976074218750000000e-01 1.408691406250000000e-01
9.975585937500000000e-01 -3.212890625000000000e-01 -2.099609375000000000e-02
1.104980468750000000e+00 -2.805175781250000000e-01 -4.150390625000000000e-03
1.092041015625000000e+00 -3.466796875000000000e-01 -6.103515625000000000e-02
1.217529296875000000e+00 -2.153320312500000000e-01 2.060546875000000000e-01
1.226318359375000000e+00 -1.154785156250000000e-01 5.590820312500000000e-02
1.072509765625000000e+00 -1.110839843750000000e-01 1.323242187500000000e-01
9.968261718750000000e-01 -1.904296875000000000e-01 1.945800781250000000e-01
8.559570312500000000e-01 -2.565917968750000000e-01 1.630859375000000000e-01
1.003906250000000000e+00 -2.841796875000000000e-01 1.135253906250000000e-01
1.013427734375000000e+00 -2.478027343750000000e-01 4.394531250000000000e-02
1.015380859375000000e+00 -3.361816406250000000e-01 6.225585937500000000e-02
9.331054687500000000e-01 -2.873535156250000000e-01 1.418457031250000000e-01
9.265136718750000000e-01 -3.317871093750000000e-01 5.932617187500000000e-02
9.184570312500000000e-01 -3.427734375000000000e-01 4.101562500000000000e-02
9.265136718750000000e-01 -3.364257812500000000e-01 5.883789062500000000e-02
9.296875000000000000e-01 -2.236328125000000000e-01 1.660156250000000000e-02
1.213378906250000000e+00 1.074218750000000000e-02 -4.394531250000000000e-03
9.741210937500000000e-01 -9.228515625000000000e-02 -6.274414062500000000e-02
8.559570312500000000e-01 -1.406250000000000000e-01 4.516601562500000000e-02
1.053710937500000000e+00 -6.103515625000000000e-02 -1.416015625000000000e-02
9.726562500000000000e-01 -1.457519531250000000e-01 3.076171875000000000e-02
9.719238281250000000e-01 -3.344726562500000000e-02 8.032226562500000000e-02
9.980468750000000000e-01 -2.563476562500000000e-02 9.179687500000000000e-02
1.055419921875000000e+00 -3.442382812500000000e-02 -2.709960937500000000e-02
1.090820312500000000e+00 1.464843750000000000e-03 -3.002929687500000000e-02
9.877929687500000000e-01 5.615234375000000000e-03 5.175781250000000000e-02
1.009521484375000000e+00 -3.759765625000000000e-02 3.588867187500000000e-02
9.758300781250000000e-01 -8.007812500000000000e-02 7.739257812500000000e-02
1.126464843750000000e+00 -1.904296875000000000e-01 -2.050781250000000000e-02
9.692382812500000000e-01 -1.342773437500000000e-01 8.618164062500000000e-02
1.027587890625000000e+00 -1.279296875000000000e-01 4.003906250000000000e-02
9.736328125000000000e-01 -1.037597656250000000e-01 3.369140625000000000e-02
1.029052734375000000e+00 -1.022949218750000000e-01 9.179687500000000000e-02
9.816894531250000000e-01 -9.692382812500000000e-02 8.276367187500000000e-02
9.829101562500000000e-01 -1.064453125000000000e-01 7.714843750000000000e-02
9.760742187500000000e-01 -1.040039062500000000e-01 5.395507812500000000e-02
9.794921875000000000e-01 -1.228027343750000000e-01 6.201171875000000000e-02
9.799804687500000000e-01 -1.186523437500000000e-01 1.264648437500000000e-01
9.694824218750000000e-01 -1.242675781250000000e-01 5.810546875000000000e-02
9.785156250000000000e-01 -1.931152343750000000e-01 4.687500000000000000e-02
9.841308593750000000e-01 -2.038574218750000000e-01 1.313476562500000000e-01
9.868164062500000000e-01 -1.906738281250000000e-01 4.370117187500000000e-02
9.741210937500000000e-01 -1.943359375000000000e-01 6.176757812500000000e-02
9.865722656250000000e-01 -1.901855468750000000e-01 6.152343750000000000e-02
9.787597656250000000e-01 -1.210937500000000000e-01 5.908203125000000000e-02
9.826660156250000000e-01 -1.203613281250000000e-01 1.318359375000000000e-01
9.838867187500000000e-01 -1.152343750000000000e-01 5.444335937500000000e-02
9.787597656250000000e-01 -1.157226562500000000e-01 1.257324218750000000e-01
9.831542968750000000e-01 -1.105957031250000000e-01 5.102539062500000000e-02
9.790039062500000000e-01 -1.088867187500000000e-01 5.859375000000000000e-02
9.848632812500000000e-01 -1.088867187500000000e-01 5.834960937500000000e-02
9.804687500000000000e-01 -1.071777343750000000e-01 5.371093750000000000e-02
9.851074218750000000e-01 -1.005859375000000000e-01 5.761718750000000000e-02
9.748535156250000000e-01 -1.062011718750000000e-01 5.395507812500000000e-02
9.829101562500000000e-01 -1.101074218750000000e-01 5.615234375000000000e-02
9.855957031250000000e-01 -9.545898437500000000e-02 4.638671875000000000e-02
9.780273437500000000e-01 -1.088867187500000000e-01 5.395507812500000000e-02
9.855957031250000000e-01 -1.040039062500000000e-01 4.980468750000000000e-02
9.875488281250000000e-01 -9.838867187500000000e-02 5.688476562500000000e-02
9.841308593750000000e-01 -1.008300781250000000e-01 5.493164062500000000e-02
9.748535156250000000e-01 -9.692382812500000000e-02 6.176757812500000000e-02
9.855957031250000000e-01 -9.936523437500000000e-02 6.225585937500000000e-02
9.868164062500000000e-01 -1.523437500000000000e-01 4.248046875000000000e-02
9.851074218750000000e-01 -9.887695312500000000e-02 4.052734375000000000e-02
9.853515625000000000e-01 -9.985351562500000000e-02 4.003906250000000000e-02
9.787597656250000000e-01 -9.472656250000000000e-02 4.858398437500000000e-02
9.821777343750000000e-01 -1.015625000000000000e-01 4.711914062500000000e-02
9.855957031250000000e-01 -9.497070312500000000e-02 4.028320312500000000e-02
9.714355468750000000e-01 -1.557617187500000000e-01 3.564453125000000000e-02
9.870605468750000000e-01 -1.010742187500000000e-01 3.710937500000000000e-02
9.829101562500000000e-01 -1.550292968750000000e-01 4.443359375000000000e-02
9.880371093750000000e-01 -9.497070312500000000e-02 3.857421875000000000e-02
9.838867187500000000e-01 -9.448242187500000000e-02 4.565429687500000000e-02
9.799804687500000000e-01 -1.540527343750000000e-01 3.662109375000000000e-02
9.855957031250000000e-01 -9.521484375000000000e-02 4.223632812500000000e-02
9.829101562500000000e-01 -1.552734375000000000e-01 4.150390625000000000e-02
9.875488281250000000e-01 -1.557617187500000000e-01 4.809570312500000000e-02
9.792480468750000000e-01 -1.560058593750000000e-01 4.223632812500000000e-02
9.809570312500000000e-01 -9.545898437500000000e-02 5.664062500000000000e-02
9.833984375000000000e-01 -9.887695312500000000e-02 4.101562500000000000e-02
9.716796875000000000e-01 -9.912109375000000000e-02 5.102539062500000000e-02
9.836425781250000000e-01 -9.472656250000000000e-02 5.468750000000000000e-02
9.899902343750000000e-01 -1.013183593750000000e-01 3.930664062500000000e-02
9.799804687500000000e-01 -1.027832031250000000e-01 5.932617187500000000e-02
9.799804687500000000e-01 -9.936523437500000000e-02 5.566406250000000000e-02
9.851074218750000000e-01 -9.521484375000000000e-02 5.419921875000000000e-02
9.763183593750000000e-01 -9.399414062500000000e-02 5.810546875000000000e-02
9.768066406250000000e-01 -1.025390625000000000e-01 5.249023437500000000e-02
9.836425781250000000e-01 -9.619140625000000000e-02 5.297851562500000000e-02
9.826660156250000000e-01 -1.010742187500000000e-01 5.493164062500000000e-02
9.809570312500000000e-01 -9.912109375000000000e-02 4.882812500000000000e-02
9.865722656250000000e-01 -9.790039062500000000e-02 6.152343750000000000e-02
9.775390625000000000e-01 -9.570312500000000000e-02 5.761718750000000000e-02
9.851074218750000000e-01 -1.013183593750000000e-01 6.225585937500000000e-02
9.753417968750000000e-01 -9.521484375000000000e-02 5.224609375000000000e-02
9.741210937500000000e-01 -1.547851562500000000e-01 5.981445312500000000e-02
9.826660156250000000e-01 -9.985351562500000000e-02 5.322265625000000000e-02
9.826660156250000000e-01 -1.030273437500000000e-01 5.419921875000000000e-02
9.843750000000000000e-01 -9.887695312500000000e-02 5.419921875000000000e-02
9.851074218750000000e-01 -1.042480468750000000e-01 5.908203125000000000e-02
9.853515625000000000e-01 -9.790039062500000000e-02 5.346679687500000000e-02
