9.492187500000000000e-01 1.928710937500000000e-02 -2.766113281250000000e-01
9.042968750000000000e-01 -1.953125000000000000e-03 -2.785644531250000000e-01
9.042968750000000000e-01 -1.953125000000000000e-03 -2.785644531250000000e-01
9.042968750000000000e-01 -1.953125000000000000e-03 -2.785644531250000000e-01
9.069824218750000000e-01 -6.689453125000000000e-02 -2.780761718750000000e-01
9.196777343750000000e-01 -1.503906250000000000e-01 -2.548828125000000000e-01
9.282226562500000000e-01 -1.989746093750000000e-01 -1.030273437500000000e-01
1.134277343750000000e+00 -4.858398437500000000e-02 -1.662597656250000000e-01
8.652343750000000000e-01 -1.130371093750000000e-01 -1.176757812500000000e-01
8.652343750000000000e-01 -1.130371093750000000e-01 -1.176757812500000000e-01
9.472656250000000000e-01 -1.103515625000000000e-01 -9.960937500000000000e-02
9.201660156250000000e-01 -1.928710937500000000e-01 -2.592773437500000000e-01
9.990234375000000000e-01 -3.466796875000000000e-02 -2.487792968750000000e-01
1.034423828125000000e+00 6.616210937500000000e-02 -3.332519531250000000e-01
9.555664062500000000e-01 -5.517578125000000000e-02 -2.636718750000000000e-01
9.201660156250000000e-01 -6.030273437500000000e-02 -2.365722656250000000e-01
9.289550781250000000e-01 -7.641601562500000000e-02 -2.224121093750000000e-01
1.007324218750000000e+00 -7.568359375000000000e-02 -2.482910156250000000e-01
9.665527343750000000e-01 -1.464843750000000000e-03 -2.238769531250000000e-01
9.165039062500000000e-01 7.104492187500000000e-02 -2.282714843750000000e-01
9.340820312500000000e-01 -2.246093750000000000e-02 -2.409667968750000000e-01
1.016601562500000000e+00 6.616210937500000000e-02 -2.189941406250000000e-01
9.367675781250000000e-01 5.834960937500000000e-02 -2.780761718750000000e-01
9.230957031250000000e-01 1.350097656250000000e-01 -2.556152343750000000e-01
1.002197265625000000e+00 4.296875000000000000e-02 -2.224121093750000000e-01
9.240722656250000000e-01 7.983398437500000000e-02 -2.255859375000000000e-01
9.096679687500000000e-01 8.520507812500000000e-02 -2.187500000000000000e-01
9.287109375000000000e-01 1.264648437500000000e-01 -2.441406250000000000e-01
9.626464843750000000e-01 1.315917968750000000e-01 -3.168945312500000000e-01
9.643554687500000000e-01 1.333007812500000000e-01 -3.278808593750000000e-01
9.650878906250000000e-01 1.215820312500000000e-01 -2.490234375000000000e-01
9.150390625000000000e-01 1.235351562500000000e-01 -2.331542968750000000e-01
9.204101562500000000e-01 2.116699218750000000e-01 -2.507324218750000000e-01
9.658203125000000000e-01 1.975097656250000000e-01 -2.326660156250000000e-01
9.580078125000000000e-01 1.228027343750000000e-01 -2.770996093750000000e-01
8.530273437500000000e-01 1.931152343750000000e-01 -2.634277343750000000e-01
9.208984375000000000e-01 1.457519531250000000e-01 -2.287597656250000000e-01
9.758300781250000000e-01 1.164550781250000000e-01 -2.241210937500000000e-01
1.022460937500000000e+00 1.965332031250000000e-01 -2.182617187500000000e-01
8.073730468750000000e-01 1.687011718750000000e-01 -4.409179687500000000e-01
1.080078125000000000e+00 1.320800781250000000e-01 -4.985351562500000000e-01
1.107421875000000000e+00 1.933593750000000000e-01 -6.691894531250000000e-01
6.806640625000000000e-01 -1.040039062500000000e-01 -3.859863281250000000e-01
8.356933593750000000e-01 -8.105468750000000000e-02 -3.149414062500000000e-01
8.754882812500000000e-01 -6.005859375000000000e-02 -3.911132812500000000e-01
8.574218750000000000e-01 -2.507324218750000000e-01 -3.369140625000000000e-01
8.215332031250000000e-01 -1.394042968750000000e-01 -2.238769531250000000e-01
8.215332031250000000e-01 -1.394042968750000000e-01 -2.238769531250000000e-01
9.094238281250000000e-01 -4.663085937500000000e-02 -2.463378906250000000e-01
9.094238281250000000e-01 -4.663085937500000000e-02 -2.463378906250000000e-01
9.479980468750000000e-01 1.489257812500000000e-02 -2.321777343750000000e-01
1.000000000000000000e+00 5.126953125000000000e-03 -2.390136718750000000e-01
1.131591796875000000e+00 -1.252441406250000000e-01 -1.887207031250000000e-01
9.709472656250000000e-01 -6.152343750000000000e-02 -2.062988281250000000e-01
1.376220703125000000e+00 7.275390625000000000e-02 -3.081054687500000000e-01
9.353027343750000000e-01 -3.071289062500000000e-01 -4.824218750000000000e-01
5.861816406250000000e-01 -4.394531250000000000e-02 -1.547851562500000000e-01
1.088623046875000000e+00 1.528320312500000000e-01 -2.958984375000000000e-01
8.596191406250000000e-01 -4.516601562500000000e-02 -3.781738281250000000e-01
9.719238281250000000e-01 7.470703125000000000e-02 -3.322753906250000000e-01
6.667480468750000000e-01 1.562500000000000000e-02 -9.912109375000000000e-02
8.493652343750000000e-01 4.907226562500000000e-02 -2.082519531250000000e-01
1.138427734375000000e+00 1.086425781250000000e-01 -3.190917968750000000e-01
8.569335937500000000e-01 6.127929687500000000e-02 -1.032714843750000000e-01
9.916992187500000000e-01 5.761718750000000000e-02 -2.792968750000000000e-01
1.118408203125000000e+00 1.970214843750000000e-01 -3.571777343750000000e-01
1.386474609375000000e+00 1.652832031250000000e-01 -4.726562500000000000e-01
9.611816406250000000e-01 -9.326171875000000000e-02 -3.034667968750000000e-01
6.325683593750000000e-01 -3.085937500000000000e-01 -1.733398437500000000e-01
8.767089843750000000e-01 -5.615234375000000000e-02 -2.517089843750000000e-01
1.073730468750000000e+00 2.636718750000000000e-02 -3.273925781250000000e-01
9.177246093750000000e-01 -1.230468750000000000e-01 -2.673339843750000000e-01
8.273925781250000000e-01 -1.660156250000000000e-01 -2.045898437500000000e-01
8.439941406250000000e-01 -2.026367187500000000e-01 -1.750488281250000000e-01
1.013183593750000000e+00 -1.096191406250000000e-01 -2.163085937500000000e-01
1.018798828125000000e+00 -1.066894531250000000e-01 -1.123046875000000000e-01
9.843750000000000000e-01 -7.714843750000000000e-02 -9.838867187500000000e-02
1.068359375000000000e+00 -5.712890625000000000e-02 -1.423339843750000000e-01
1.046142578125000000e+00 -2.062988281250000000e-01 -7.861328125000000000e-02
1.068847656250000000e+00 -3.308105468750000000e-01 -1.347656250000000000e-01
1.431396484375000000e+00 2.050781250000000000e-02 -2.770996093750000000e-01
9.645996093750000000e-01 -3.349609375000000000e-01 -4.116210937500000000e-01
6.074218750000000000e-01 9.985351562500000000e-02 -2.653808593750000000e-01
9.272460937500000000e-01 1.040039062500000000e-01 -2.714843750000000000e-01
1.054931640625000000e+00 -4.150390625000000000e-02 -3.190917968750000000e-01
7.707519531250000000e-01 1.166992187500000000e-01 -5.761718750000000000e-02
7.707519531250000000e-01 1.166992187500000000e-01 -5.761718750000000000e-02
9.831542968750000000e-01 1.184082031250000000e-01 -1.562500000000000000e-01
9.831542968750000000e-01 1.184082031250000000e-01 -1.562500000000000000e-01
8.908691406250000000e-01 1.491699218750000000e-01 7.812500000000000000e-03
1.078857421875000000e+00 -2.807617187500000000e-02 -9.521484375000000000e-02
1.256835937500000000e+00 8.032226562500000000e-02 -1.413574218750000000e-01
1.140136718750000000e+00 1.530761718750000000e-01 -1.806640625000000000e-02
1.292724609375000000e+00 1.044921875000000000e-01 -1.569824218750000000e-01
9.965820312500000000e-01 2.316894531250000000e-01 -3.696289062500000000e-01
6.557617187500000000e-01 -2.578125000000000000e-01 -3.156738281250000000e-01
9.985351562500000000e-01 1.271972656250000000e-01 -1.174316406250000000e-01
1.058593750000000000e+00 1.123046875000000000e-01 -2.905273437500000000e-01
7.617187500000000000e-01 -1.235351562500000000e-01 -1.166992187500000000e-01
7.604980468750000000e-01 -1.767578125000000000e-01 -7.763671875000000000e-02
9.255371093750000000e-01 -2.221679687500000000e-01 -1.994628906250000000e-01
1.065429687500000000e+00 -3.515625000000000000e-02 -1.987304687500000000e-01
9.853515625000000000e-01 2.099609375000000000e-02 -1.250000000000000000e-01
1.009277343750000000e+00 -8.642578125000000000e-02 -1.550292968750000000e-01
1.130615234375000000e+00 -1.413574218750000000e-01 -2.148437500000000000e-01
1.203125000000000000e+00 8.862304687500000000e-02 8.740234375000000000e-02
1.227539062500000000e+00 1.831054687500000000e-02 -1.513671875000000000e-01
1.341308593750000000e+00 -3.054199218750000000e-01 -4.001464843750000000e-01
6.025390625000000000e-01 -1.403808593750000000e-01 -2.312011718750000000e-01
7.414550781250000000e-01 2.177734375000000000e-01 -2.683105468750000000e-01
1.146728515625000000e+00 -7.714843750000000000e-02 -2.683105468750000000e-01
8.657226562500000000e-01 -2.075195312500000000e-02 -2.629394531250000000e-01
8.310546875000000000e-01 9.448242187500000000e-02 -1.147460937500000000e-01
8.874511718750000000e-01 1.638183593750000000e-01 -1.503906250000000000e-01
1.137695312500000000e+00 1.074218750000000000e-01 -1.970214843750000000e-01
8.483886718750000000e-01 4.321289062500000000e-02 -3.955078125000000000e-02
9.260253906250000000e-01 1.318359375000000000e-02 -9.887695312500000000e-02
1.112548828125000000e+00 1.259765625000000000e-01 -1.574707031250000000e-01
1.210937500000000000e+00 3.129882812500000000e-01 -1.286621093750000000e-01
1.309082031250000000e+00 -2.783203125000000000e-02 -2.595214843750000000e-01
1.039794921875000000e+00 3.256835937500000000e-01 -3.291015625000000000e-01
6.564941406250000000e-01 -1.997070312500000000e-01 -2.836914062500000000e-01
1.005126953125000000e+00 -1.240234375000000000e-01 -2.875976562500000000e-01
1.085205078125000000e+00 2.675781250000000000e-01 -2.900390625000000000e-01
7.204589843750000000e-01 -2.141113281250000000e-01 -2.016601562500000000e-01
7.204589843750000000e-01 -2.141113281250000000e-01 -2.016601562500000000e-01
9.299316406250000000e-01 -1.271972656250000000e-01 -2.114257812500000000e-01
9.299316406250000000e-01 -1.271972656250000000e-01 -2.114257812500000000e-01
9.541015625000000000e-01 -5.664062500000000000e-02 -2.072753906250000000e-01
1.016845703125000000e+00 -2.685546875000000000e-02 -1.081542968750000000e-01
1.155517578125000000e+00 -1.489257812500000000e-02 -2.570800781250000000e-01
1.105224609375000000e+00 -2.524414062500000000e-01 -1.979980468750000000e-01
1.460693359375000000e+00 -8.129882812500000000e-02 -5.175781250000000000e-01
7.915039062500000000e-01 -3.833007812500000000e-01 -1.867675781250000000e-01
6.069335937500000000e-01 -2.075195312500000000e-02 -2.854003906250000000e-01
1.078613281250000000e+00 2.373046875000000000e-01 -3.254394531250000000e-01
1.084716796875000000e+00 -8.593750000000000000e-02 -3.312988281250000000e-01
8.603515625000000000e-01 6.909179687500000000e-02 -3.085937500000000000e-01
8.356933593750000000e-01 1.262207031250000000e-01 -1.594238281250000000e-01
8.962402343750000000e-01 1.638183593750000000e-01 -2.600097656250000000e-01
9.802246093750000000e-01 1.936035156250000000e-01 -2.216796875000000000e-01
8.325195312500000000e-01 1.394042968750000000e-01 -1.198730468750000000e-01
9.611816406250000000e-01 8.666992187500000000e-02 -1.311035156250000000e-01
9.951171875000000000e-01 7.495117187500000000e-02 -2.600097656250000000e-01
1.213623046875000000e+00 9.399414062500000000e-02 -5.834960937500000000e-02
1.249755859375000000e+00 -5.004882812500000000e-02 -5.085449218750000000e-01
9.838867187500000000e-01 3.247070312500000000e-01 -4.450683593750000000e-01
6.875000000000000000e-01 -3.012695312500000000e-01 -2.998046875000000000e-01
1.159667968750000000e+00 -6.835937500000000000e-03 -4.536132812500000000e-01
8.557128906250000000e-01 1.125488281250000000e-01 -3.369140625000000000e-01
5.981445312500000000e-01 -1.909179687500000000e-01 -2.045898437500000000e-01
6.889648437500000000e-01 -3.386230468750000000e-01 -1.154785156250000000e-01
9.138183593750000000e-01 -3.166503906250000000e-01 -2.465820312500000000e-01
1.081542968750000000e+00 -2.104492187500000000e-01 -3.227539062500000000e-01
1.024902343750000000e+00 -1.113281250000000000e-01 -5.102539062500000000e-02
9.885253906250000000e-01 -1.904296875000000000e-02 -2.956542968750000000e-01
1.315673828125000000e+00 -5.273437500000000000e-02 5.981445312500000000e-02
1.074462890625000000e+00 -5.249023437500000000e-02 -3.134765625000000000e-01
1.260009765625000000e+00 -1.794433593750000000e-01 -5.683593750000000000e-01
7.075195312500000000e-01 -1.657714843750000000e-01 -3.173828125000000000e-01
7.561035156250000000e-01 1.718750000000000000e-01 -1.892089843750000000e-01
1.106445312500000000e+00 1.418457031250000000e-01 -2.893066406250000000e-01
1.148925781250000000e+00 2.221679687500000000e-02 -2.468261718750000000e-01
7.199707031250000000e-01 1.359863281250000000e-01 -7.983398437500000000e-02
7.199707031250000000e-01 1.359863281250000000e-01 -7.983398437500000000e-02
9.467773437500000000e-01 1.435546875000000000e-01 -5.273437500000000000e-02
9.467773437500000000e-01 1.435546875000000000e-01 -5.273437500000000000e-02
9.606933593750000000e-01 1.486816406250000000e-01 -4.809570312500000000e-02
1.042724609375000000e+00 8.129882812500000000e-02 -1.284179687500000000e-01
1.158447265625000000e+00 1.494140625000000000e-01 -0.000000000000000000e+00
1.096679687500000000e+00 -3.564453125000000000e-02 -3.879394531250000000e-01
1.225830078125000000e+00 1.696777343750000000e-01 -3.085937500000000000e-01
7.006835937500000000e-01 -2.700195312500000000e-01 -1.579589843750000000e-01
9.470214843750000000e-01 -1.496582031250000000e-01 -1.950683593750000000e-01
1.093017578125000000e+00 2.155761718750000000e-01 -1.108398437500000000e-01
7.961425781250000000e-01 -1.459960937500000000e-01 -1.247558593750000000e-01
7.497558593750000000e-01 -3.811035156250000000e-01 -1.276855468750000000e-01
9.975585937500000000e-01 -2.487792968750000000e-01 -2.136230468750000000e-01
1.016357421875000000e+00 -1.201171875000000000e-01 -1.359863281250000000e-01
9.396972656250000000e-01 -1.484375000000000000e-01 9.277343750000000000e-03
1.008056640625000000e+00 -5.273437500000000000e-02 -8.154296875000000000e-02
1.136474609375000000e+00 1.977539062500000000e-02 -1.577148437500000000e-01
1.227539062500000000e+00 -1.296386718750000000e-01 1.948242187500000000e-01
1.062744140625000000e+00 -2.541503906250000000e-01 -3.103027343750000000e-01
1.446044921875000000e+00 -1.994628906250000000e-01 -5.124511718750000000e-01
4.914550781250000000e-01 -1.030273437500000000e-01 -1.396484375000000000e-01
8.942871093750000000e-01 1.604003906250000000e-01 -9.765625000000000000e-02
1.146972656250000000e+00 -7.055664062500000000e-02 -3.925781250000000000e-01
1.017822265625000000e+00 -2.441406250000000000e-03 -1.083984375000000000e-01
8.095703125000000000e-01 1.911621093750000000e-01 -1.914062500000000000e-01
9.050292968750000000e-01 1.677246093750000000e-01 -3.930664062500000000e-02
1.018798828125000000e+00 1.188964843750000000e-01 -1.164550781250000000e-01
9.218750000000000000e-01 6.762695312500000000e-02 1.171875000000000000e-02
9.479980468750000000e-01 -1.855468750000000000e-02 -9.179687500000000000e-02
1.060791015625000000e+00 1.520996093750000000e-01 -1.530761718750000000e-01
1.168457031250000000e+00 8.740234375000000000e-02 -2.685546875000000000e-03
9.521484375000000000e-01 7.543945312500000000e-02 1.188964843750000000e-01
9.250488281250000000e-01 9.301757812500000000e-02 -6.345214843750000000e-01
1.180908203125000000e+00 5.444335937500000000e-02 -5.798339843750000000e-01
6.740722656250000000e-01 1.611328125000000000e-02 -2.019042968750000000e-01
