9.858398437500000000e-01 -1.000976562500000000e-01 7.788085937500000000e-02
9.858398437500000000e-01 -1.000976562500000000e-01 7.788085937500000000e-02
9.802246093750000000e-01 -1.000976562500000000e-01 8.251953125000000000e-02
9.802246093750000000e-01 -1.000976562500000000e-01 8.251953125000000000e-02
9.897460937500000000e-01 -1.054687500000000000e-01 7.812500000000000000e-02
9.758300781250000000e-01 -1.010742187500000000e-01 7.666015625000000000e-02
9.963378906250000000e-01 -1.049804687500000000e-01 8.496093750000000000e-02
9.797363281250000000e-01 -9.912109375000000000e-02 8.666992187500000000e-02
9.846191406250000000e-01 -1.071777343750000000e-01 7.788085937500000000e-02
9.841308593750000000e-01 -1.022949218750000000e-01 3.295898437500000000e-02
9.836425781250000000e-01 -1.062011718750000000e-01 8.715820312500000000e-02
9.916992187500000000e-01 -9.985351562500000000e-02 9.301757812500000000e-02
9.841308593750000000e-01 -1.040039062500000000e-01 3.491210937500000000e-02
9.904785156250000000e-01 -9.887695312500000000e-02 3.979492187500000000e-02
9.819335937500000000e-01 -1.020507812500000000e-01 4.516601562500000000e-02
9.899902343750000000e-01 -1.005859375000000000e-01 5.761718750000000000e-02
9.824218750000000000e-01 -9.741210937500000000e-02 5.737304687500000000e-02
9.860839843750000000e-01 -9.545898437500000000e-02 4.736328125000000000e-02
9.987792968750000000e-01 -1.384277343750000000e-01 4.418945312500000000e-02
1.030029296875000000e+00 -1.213378906250000000e-01 1.323242187500000000e-01
9.960937500000000000e-01 -1.044921875000000000e-01 1.347656250000000000e-01
9.792480468750000000e-01 -1.076660156250000000e-01 1.491699218750000000e-01
9.770507812500000000e-01 -1.887207031250000000e-01 1.437988281250000000e-01
9.890136718750000000e-01 -1.086425781250000000e-01 9.399414062500000000e-02
9.819335937500000000e-01 -1.442871093750000000e-01 1.083984375000000000e-01
9.880371093750000000e-01 -1.503906250000000000e-01 1.003417968750000000e-01
9.831542968750000000e-01 -1.013183593750000000e-01 1.093750000000000000e-01
9.807128906250000000e-01 -9.814453125000000000e-02 1.093750000000000000e-01
9.921875000000000000e-01 -1.381835937500000000e-01 1.020507812500000000e-01
9.829101562500000000e-01 -1.054687500000000000e-01 1.899414062500000000e-01
9.746093750000000000e-01 -1.601562500000000000e-01 1.254882812500000000e-01
9.926757812500000000e-01 -9.838867187500000000e-02 1.074218750000000000e-01
9.858398437500000000e-01 -1.352539062500000000e-01 1.940917968750000000e-01
9.748535156250000000e-01 -1.015625000000000000e-01 9.887695312500000000e-02
9.946289062500000000e-01 -1.013183593750000000e-01 1.044921875000000000e-01
1.019042968750000000e+00 -1.516113281250000000e-01 2.131347656250000000e-01
9.863281250000000000e-01 -2.126464843750000000e-01 1.384277343750000000e-01
9.978027343750000000e-01 -1.486816406250000000e-01 1.130371093750000000e-01
1.018554687500000000e+00 -6.250000000000000000e-02 1.225585937500000000e-01
1.030029296875000000e+00 -1.445312500000000000e-01 9.741210937500000000e-02
1.076904296875000000e+00 -9.399414062500000000e-02 1.462402343750000000e-01
9.838867187500000000e-01 -1.225585937500000000e-01 1.135253906250000000e-01
9.846191406250000000e-01 -2.126464843750000000e-01 4.125976562500000000e-02
9.787597656250000000e-01 -1.025390625000000000e-01 1.518554687500000000e-01
9.912109375000000000e-01 -1.479492187500000000e-01 1.306152343750000000e-01
1.029785156250000000e+00 -9.814453125000000000e-02 1.303710937500000000e-01
9.990234375000000000e-01 -1.547851562500000000e-01 1.301269531250000000e-01
9.799804687500000000e-01 -1.977539062500000000e-01 1.496582031250000000e-01
1.066406250000000000e+00 -1.186523437500000000e-01 8.129882812500000000e-02
9.716796875000000000e-01 -1.447753906250000000e-01 1.306152343750000000e-01
9.733886718750000000e-01 -1.000976562500000000e-01 5.493164062500000000e-02
9.833984375000000000e-01 -1.032714843750000000e-01 3.271484375000000000e-02
1.064697265625000000e+00 -1.052246093750000000e-01 3.247070312500000000e-02
9.716796875000000000e-01 -1.901855468750000000e-01 1.269531250000000000e-01
1.067871093750000000e+00 -1.201171875000000000e-01 7.250976562500000000e-02
9.838867187500000000e-01 -1.530761718750000000e-01 3.857421875000000000e-02
9.689941406250000000e-01 -1.032714843750000000e-01 4.028320312500000000e-02
9.992675781250000000e-01 -1.103515625000000000e-01 -1.220703125000000000e-03
9.909667968750000000e-01 -1.474609375000000000e-01 6.958007812500000000e-02
1.015869140625000000e+00 -1.889648437500000000e-01 5.224609375000000000e-02
9.958496093750000000e-01 -1.975097656250000000e-01 2.832031250000000000e-02
9.895019531250000000e-01 -1.428222656250000000e-01 5.126953125000000000e-02
9.858398437500000000e-01 -1.354980468750000000e-01 3.588867187500000000e-02
9.970703125000000000e-01 -1.110839843750000000e-01 8.447265625000000000e-02
9.882812500000000000e-01 -9.619140625000000000e-02 3.198242187500000000e-02
1.005859375000000000e+00 -1.235351562500000000e-01 1.542968750000000000e-01
1.077636718750000000e+00 -2.023925781250000000e-01 6.469726562500000000e-02
9.868164062500000000e-01 -1.520996093750000000e-01 5.810546875000000000e-02
9.738769531250000000e-01 -1.357421875000000000e-01 1.350097656250000000e-01
9.995117187500000000e-01 -1.020507812500000000e-01 4.589843750000000000e-02
9.943847656250000000e-01 -1.110839843750000000e-01 5.371093750000000000e-02
1.011474609375000000e+00 -1.909179687500000000e-01 1.054687500000000000e-01
1.066894531250000000e+00 -2.053222656250000000e-01 -1.367187500000000000e-02
9.772949218750000000e-01 -9.497070312500000000e-02 9.423828125000000000e-02
9.855957031250000000e-01 -1.516113281250000000e-01 5.786132812500000000e-02
1.063232421875000000e+00 -1.027832031250000000e-01 4.614257812500000000e-02
9.873046875000000000e-01 -1.069335937500000000e-01 1.523437500000000000e-01
1.028076171875000000e+00 -1.149902343750000000e-01 1.481933593750000000e-01
9.929199218750000000e-01 -2.180175781250000000e-01 5.078125000000000000e-02
9.931640625000000000e-01 -1.066894531250000000e-01 1.411132812500000000e-01
9.780273437500000000e-01 -1.457519531250000000e-01 1.044921875000000000e-01
9.934082031250000000e-01 -1.523437500000000000e-01 1.501464843750000000e-01
9.868164062500000000e-01 -1.542968750000000000e-01 1.047363281250000000e-01
1.029541015625000000e+00 -9.570312500000000000e-02 1.052246093750000000e-01
9.797363281250000000e-01 -2.165527343750000000e-01 1.452636718750000000e-01
1.067626953125000000e+00 -1.237792968750000000e-01 1.459960937500000000e-01
9.699707031250000000e-01 -1.513671875000000000e-01 1.142578125000000000e-01
9.829101562500000000e-01 -1.005859375000000000e-01 1.535644531250000000e-01
9.812011718750000000e-01 -9.716796875000000000e-02 1.240234375000000000e-01
1.069335937500000000e+00 -1.062011718750000000e-01 1.003417968750000000e-01
1.020751953125000000e+00 -1.940917968750000000e-01 1.218261718750000000e-01
9.819335937500000000e-01 -1.069335937500000000e-01 1.955566406250000000e-01
1.014160156250000000e+00 -1.325683593750000000e-01 2.014160156250000000e-01
9.870605468750000000e-01 -9.838867187500000000e-02 1.184082031250000000e-01
1.063232421875000000e+00 -1.123046875000000000e-01 1.040039062500000000e-01
1.068359375000000000e+00 -1.501464843750000000e-01 1.018066406250000000e-01
9.897460937500000000e-01 -1.977539062500000000e-01 1.552734375000000000e-01
1.015869140625000000e+00 -1.958007812500000000e-01 1.489257812500000000e-01
9.750976562500000000e-01 -1.032714843750000000e-01 1.098632812500000000e-01
1.072753906250000000e+00 -1.511230468750000000e-01 5.737304687500000000e-02
9.965820312500000000e-01 -1.020507812500000000e-01 5.761718750000000000e-02
1.024169921875000000e+00 -1.333007812500000000e-01 1.560058593750000000e-01
9.943847656250000000e-01 -1.931152343750000000e-01 1.337890625000000000e-01
9.814453125000000000e-01 -1.923828125000000000e-01 5.493164062500000000e-02
9.802246093750000000e-01 -1.455078125000000000e-01 1.435546875000000000e-01
9.956054687500000000e-01 -1.486816406250000000e-01 4.199218750000000000e-02
9.826660156250000000e-01 -1.096191406250000000e-01 5.224609375000000000e-02
9.790039062500000000e-01 -1.010742187500000000e-01 5.932617187500000000e-02
9.741210937500000000e-01 -2.106933593750000000e-01 6.127929687500000000e-02
9.982910156250000000e-01 -1.232910156250000000e-01 3.149414062500000000e-02
9.714355468750000000e-01 -1.437988281250000000e-01 6.079101562500000000e-02
9.960937500000000000e-01 -9.936523437500000000e-02 3.271484375000000000e-02
9.838867187500000000e-01 -9.545898437500000000e-02 3.662109375000000000e-02
9.833984375000000000e-01 -1.520996093750000000e-01 5.737304687500000000e-02
9.724121093750000000e-01 -1.955566406250000000e-01 1.303710937500000000e-01
1.062744140625000000e+00 -2.006835937500000000e-01 7.739257812500000000e-02
1.029296875000000000e+00 -1.486816406250000000e-01 6.103515625000000000e-02
1.063232421875000000e+00 -1.525878906250000000e-01 4.077148437500000000e-02
9.997558593750000000e-01 -9.472656250000000000e-02 4.907226562500000000e-02
9.738769531250000000e-01 -1.354980468750000000e-01 1.257324218750000000e-01
1.029785156250000000e+00 -1.203613281250000000e-01 1.499023437500000000e-01
1.075195312500000000e+00 -2.094726562500000000e-01 7.397460937500000000e-02
9.729003906250000000e-01 -1.027832031250000000e-01 1.376953125000000000e-01
9.804687500000000000e-01 -1.540527343750000000e-01 1.462402343750000000e-01
1.066162109375000000e+00 -9.838867187500000000e-02 1.333007812500000000e-01
9.863281250000000000e-01 -1.435546875000000000e-01 1.459960937500000000e-01
9.804687500000000000e-01 -1.093750000000000000e-01 1.088867187500000000e-01
9.841308593750000000e-01 -2.031250000000000000e-01 1.284179687500000000e-01
9.782714843750000000e-01 -1.040039062500000000e-01 1.086425781250000000e-01
1.024658203125000000e+00 -1.486816406250000000e-01 1.193847656250000000e-01
9.865722656250000000e-01 -9.912109375000000000e-02 1.042480468750000000e-01
9.780273437500000000e-01 -1.008300781250000000e-01 1.057128906250000000e-01
9.833984375000000000e-01 -9.643554687500000000e-02 1.179199218750000000e-01
9.931640625000000000e-01 -1.916503906250000000e-01 1.164550781250000000e-01
9.897460937500000000e-01 -1.201171875000000000e-01 1.437988281250000000e-01
9.736328125000000000e-01 -9.667968750000000000e-02 1.201171875000000000e-01
9.902343750000000000e-01 -1.494140625000000000e-01 1.049804687500000000e-01
9.963378906250000000e-01 -9.643554687500000000e-02 1.008300781250000000e-01
9.709472656250000000e-01 -1.445312500000000000e-01 1.191406250000000000e-01
9.741210937500000000e-01 -1.132812500000000000e-01 1.181640625000000000e-01
1.063476562500000000e+00 -2.009277343750000000e-01 1.450195312500000000e-01
9.704589843750000000e-01 -1.125488281250000000e-01 1.152343750000000000e-01
9.799804687500000000e-01 -1.459960937500000000e-01 1.176757812500000000e-01
9.936523437500000000e-01 -1.008300781250000000e-01 1.086425781250000000e-01
9.804687500000000000e-01 -1.428222656250000000e-01 2.006835937500000000e-01
9.707031250000000000e-01 -1.013183593750000000e-01 1.887207031250000000e-01
9.970703125000000000e-01 -2.041015625000000000e-01 1.457519531250000000e-01
9.726562500000000000e-01 -1.083984375000000000e-01 1.069335937500000000e-01
9.743652343750000000e-01 -1.437988281250000000e-01 1.201171875000000000e-01
9.985351562500000000e-01 -1.005859375000000000e-01 1.547851562500000000e-01
9.809570312500000000e-01 -9.448242187500000000e-02 1.118164062500000000e-01
9.833984375000000000e-01 -1.013183593750000000e-01 1.059570312500000000e-01
9.958496093750000000e-01 -2.009277343750000000e-01 1.494140625000000000e-01
9.802246093750000000e-01 -1.093750000000000000e-01 9.716796875000000000e-02
1.031005859375000000e+00 -1.462402343750000000e-01 1.105957031250000000e-01
1.067626953125000000e+00 -1.013183593750000000e-01 1.389160156250000000e-01
9.846191406250000000e-01 -1.494140625000000000e-01 1.481933593750000000e-01
1.030761718750000000e+00 -9.594726562500000000e-02 9.814453125000000000e-02
9.860839843750000000e-01 -1.958007812500000000e-01 1.293945312500000000e-01
1.073486328125000000e+00 -1.201171875000000000e-01 4.516601562500000000e-02
1.029052734375000000e+00 -1.486816406250000000e-01 1.411132812500000000e-01
9.938964843750000000e-01 -9.863281250000000000e-02 6.201171875000000000e-02
9.953613281250000000e-01 -1.535644531250000000e-01 4.736328125000000000e-02
9.711914062500000000e-01 -1.538085937500000000e-01 1.267089843750000000e-01
9.785156250000000000e-01 -1.887207031250000000e-01 1.330566406250000000e-01
9.956054687500000000e-01 -1.955566406250000000e-01 9.033203125000000000e-02
9.838867187500000000e-01 -1.052246093750000000e-01 1.428222656250000000e-01
9.890136718750000000e-01 -9.863281250000000000e-02 1.462402343750000000e-01
1.074218750000000000e+00 -1.516113281250000000e-01 1.313476562500000000e-01
9.782714843750000000e-01 -1.401367187500000000e-01 1.010742187500000000e-01
1.007324218750000000e+00 -1.159667968750000000e-01 1.057128906250000000e-01
9.929199218750000000e-01 -1.933593750000000000e-01 1.433105468750000000e-01
9.914550781250000000e-01 -1.096191406250000000e-01 1.018066406250000000e-01
9.770507812500000000e-01 -9.692382812500000000e-02 1.108398437500000000e-01
9.941406250000000000e-01 -1.115722656250000000e-01 9.960937500000000000e-02
9.819335937500000000e-01 -1.447753906250000000e-01 1.176757812500000000e-01
1.019531250000000000e+00 -1.110839843750000000e-01 1.118164062500000000e-01
1.079101562500000000e+00 -1.088867187500000000e-01 1.513671875000000000e-01
1.026611328125000000e+00 -9.594726562500000000e-02 1.176757812500000000e-01
9.924316406250000000e-01 -1.025390625000000000e-01 9.497070312500000000e-02
1.064208984375000000e+00 -9.619140625000000000e-02 1.040039062500000000e-01
1.025146484375000000e+00 -1.025390625000000000e-01 1.914062500000000000e-01
9.865722656250000000e-01 -1.967773437500000000e-01 1.442871093750000000e-01
9.956054687500000000e-01 -1.066894531250000000e-01 1.032714843750000000e-01
1.026855468750000000e+00 -1.547851562500000000e-01 2.016601562500000000e-01
9.885253906250000000e-01 -1.003417968750000000e-01 1.044921875000000000e-01
9.968261718750000000e-01 -9.667968750000000000e-02 1.206054687500000000e-01
1.030517578125000000e+00 -1.445312500000000000e-01 1.965332031250000000e-01
9.741210937500000000e-01 -1.958007812500000000e-01 1.188964843750000000e-01
1.067138671875000000e+00 -1.142578125000000000e-01 1.105957031250000000e-01
1.026855468750000000e+00 -9.399414062500000000e-02 2.021484375000000000e-01
9.819335937500000000e-01 -9.570312500000000000e-02 1.198730468750000000e-01
1.063964843750000000e+00 -1.003417968750000000e-01 1.247558593750000000e-01
1.027343750000000000e+00 -1.538085937500000000e-01 2.053222656250000000e-01
9.724121093750000000e-01 -1.997070312500000000e-01 1.940917968750000000e-01
1.065917968750000000e+00 -1.105957031250000000e-01 1.179199218750000000e-01
1.022949218750000000e+00 -9.497070312500000000e-02 2.072753906250000000e-01
9.941406250000000000e-01 -9.814453125000000000e-02 1.174316406250000000e-01
9.858398437500000000e-01 -9.863281250000000000e-02 1.022949218750000000e-01
1.019287109375000000e+00 -1.044921875000000000e-01 2.065429687500000000e-01
