9.702148437500000000e-01 -1.804199218750000000e-01 -1.391601562500000000e-02
1.030273437500000000e+00 -1.782226562500000000e-01 -1.660156250000000000e-02
1.031005859375000000e+00 -2.543945312500000000e-01 -2.539062500000000000e-02
1.029296875000000000e+00 -1.840820312500000000e-01 -1.831054687500000000e-02
1.029296875000000000e+00 -1.840820312500000000e-01 -1.831054687500000000e-02
9.711914062500000000e-01 -1.843261718750000000e-01 -2.148437500000000000e-02
1.029052734375000000e+00 -1.816406250000000000e-01 -2.221679687500000000e-02
1.030029296875000000e+00 -1.865234375000000000e-01 -1.708984375000000000e-02
9.702148437500000000e-01 -1.848144531250000000e-01 -1.879882812500000000e-02
1.028076171875000000e+00 -1.845703125000000000e-01 -2.368164062500000000e-02
1.029052734375000000e+00 -1.862792968750000000e-01 -1.538085937500000000e-02
1.028320312500000000e+00 -1.816406250000000000e-01 -1.586914062500000000e-02
1.030029296875000000e+00 -1.848144531250000000e-01 -2.441406250000000000e-02
1.026367187500000000e+00 -1.835937500000000000e-01 -2.978515625000000000e-02
1.024169921875000000e+00 -2.521972656250000000e-01 -1.831054687500000000e-02
9.692382812500000000e-01 -1.799316406250000000e-01 -1.855468750000000000e-02
1.028564453125000000e+00 -1.853027343750000000e-01 -1.513671875000000000e-02
1.031250000000000000e+00 -1.845703125000000000e-01 -1.806640625000000000e-02
9.724121093750000000e-01 -1.767578125000000000e-01 -1.342773437500000000e-02
1.020751953125000000e+00 -1.738281250000000000e-01 -1.586914062500000000e-02
9.721679687500000000e-01 -1.779785156250000000e-01 -2.172851562500000000e-02
1.027832031250000000e+00 -1.782226562500000000e-01 6.494140625000000000e-02
1.022949218750000000e+00 -1.875000000000000000e-01 -2.490234375000000000e-02
9.699707031250000000e-01 -1.567382812500000000e-01 -2.416992187500000000e-02
1.010009765625000000e+00 -1.166992187500000000e-01 -1.220703125000000000e-02
1.010009765625000000e+00 -1.166992187500000000e-01 -1.220703125000000000e-02
1.065673828125000000e+00 -1.635742187500000000e-01 1.586914062500000000e-02
9.787597656250000000e-01 -1.794433593750000000e-01 -7.739257812500000000e-02
9.858398437500000000e-01 -2.666015625000000000e-01 -1.269531250000000000e-01
1.026855468750000000e+00 -2.656250000000000000e-01 -3.320312500000000000e-02
1.019775390625000000e+00 -2.360839843750000000e-01 -7.446289062500000000e-02
1.011962890625000000e+00 -2.229003906250000000e-01 1.098632812500000000e-02
1.029541015625000000e+00 -2.165527343750000000e-01 -1.252441406250000000e-01
9.997558593750000000e-01 -1.384277343750000000e-01 -5.004882812500000000e-02
9.846191406250000000e-01 -7.275390625000000000e-02 -6.738281250000000000e-02
9.814453125000000000e-01 -9.057617187500000000e-02 5.859375000000000000e-03
1.085693359375000000e+00 3.417968750000000000e-03 2.026367187500000000e-02
1.015869140625000000e+00 -1.501464843750000000e-01 -1.049804687500000000e-02
1.020507812500000000e+00 -2.341308593750000000e-01 -4.394531250000000000e-03
9.824218750000000000e-01 -2.763671875000000000e-01 3.588867187500000000e-02
9.929199218750000000e-01 -1.828613281250000000e-01 1.274414062500000000e-01
1.024169921875000000e+00 -2.949218750000000000e-01 2.128906250000000000e-01
7.661132812500000000e-01 -2.878417968750000000e-01 -1.286621093750000000e-01
9.489746093750000000e-01 -2.534179687500000000e-01 -5.029296875000000000e-02
9.741210937500000000e-01 -2.089843750000000000e-01 -7.812500000000000000e-02
9.909667968750000000e-01 -1.389160156250000000e-01 -1.508789062500000000e-01
1.003662109375000000e+00 -1.242675781250000000e-01 -1.435546875000000000e-01
9.497070312500000000e-01 -1.787109375000000000e-01 -1.892089843750000000e-01
1.021972656250000000e+00 -2.392578125000000000e-01 -1.525878906250000000e-01
9.934082031250000000e-01 -9.130859375000000000e-02 -4.736328125000000000e-02
9.313964843750000000e-01 -1.589355468750000000e-01 -6.225585937500000000e-02
9.216308593750000000e-01 -1.499023437500000000e-01 -1.391601562500000000e-01
1.026123046875000000e+00 -1.828613281250000000e-01 -3.735351562500000000e-02
1.010253906250000000e+00 -1.892089843750000000e-01 -9.179687500000000000e-02
9.709472656250000000e-01 -1.545410156250000000e-01 6.518554687500000000e-02
1.034667968750000000e+00 -1.269531250000000000e-01 2.294921875000000000e-02
9.257812500000000000e-01 -1.416015625000000000e-01 1.025390625000000000e-02
1.019775390625000000e+00 -2.590332031250000000e-01 2.099609375000000000e-02
1.065185546875000000e+00 -3.361816406250000000e-01 -3.540039062500000000e-02
1.020751953125000000e+00 -3.259277343750000000e-01 -8.984375000000000000e-02
9.965820312500000000e-01 -2.014160156250000000e-01 -1.291503906250000000e-01
9.333496093750000000e-01 -1.889648437500000000e-01 -8.959960937500000000e-02
9.858398437500000000e-01 -1.755371093750000000e-01 -6.079101562500000000e-02
1.022216796875000000e+00 -1.032714843750000000e-01 -4.077148437500000000e-02
1.023437500000000000e+00 -1.931152343750000000e-01 -1.457519531250000000e-01
1.016113281250000000e+00 -1.706542968750000000e-01 -4.418945312500000000e-02
9.726562500000000000e-01 -1.604003906250000000e-01 -1.472167968750000000e-01
1.017822265625000000e+00 -2.563476562500000000e-01 -1.276855468750000000e-01
9.694824218750000000e-01 -1.804199218750000000e-01 -6.225585937500000000e-02
1.027343750000000000e+00 -2.109375000000000000e-01 -5.981445312500000000e-02
9.738769531250000000e-01 -2.116699218750000000e-01 -1.440429687500000000e-01
1.010253906250000000e+00 -1.894531250000000000e-01 -1.389160156250000000e-01
1.016845703125000000e+00 -1.718750000000000000e-01 -5.859375000000000000e-02
1.023193359375000000e+00 -1.586914062500000000e-01 -5.468750000000000000e-02
1.017578125000000000e+00 -2.187500000000000000e-01 -5.224609375000000000e-02
1.030029296875000000e+00 -1.958007812500000000e-01 -4.101562500000000000e-02
1.025878906250000000e+00 -2.033691406250000000e-01 -4.174804687500000000e-02
9.763183593750000000e-01 -1.181640625000000000e-01 -4.321289062500000000e-02
1.023681640625000000e+00 -1.989746093750000000e-01 -8.813476562500000000e-02
1.031250000000000000e+00 -2.070312500000000000e-01 -8.227539062500000000e-02
1.030761718750000000e+00 -2.062988281250000000e-01 -7.324218750000000000e-02
9.709472656250000000e-01 -2.075195312500000000e-01 -7.250976562500000000e-02
1.022460937500000000e+00 -2.106933593750000000e-01 -8.276367187500000000e-02
1.022949218750000000e+00 -2.089843750000000000e-01 -7.421875000000000000e-02
9.726562500000000000e-01 -2.119140625000000000e-01 -7.739257812500000000e-02
1.024658203125000000e+00 -2.133789062500000000e-01 -7.714843750000000000e-02
9.743652343750000000e-01 -2.062988281250000000e-01 -7.666015625000000000e-02
9.743652343750000000e-01 -2.136230468750000000e-01 -7.739257812500000000e-02
9.716796875000000000e-01 -2.099609375000000000e-01 -6.762695312500000000e-02
9.692382812500000000e-01 -2.075195312500000000e-01 5.859375000000000000e-03
9.743652343750000000e-01 -2.097167968750000000e-01 1.367187500000000000e-02
1.029296875000000000e+00 -2.070312500000000000e-01 9.521484375000000000e-03
9.758300781250000000e-01 -2.084960937500000000e-01 1.464843750000000000e-02
1.030273437500000000e+00 -2.031250000000000000e-01 5.126953125000000000e-03
9.750976562500000000e-01 -2.102050781250000000e-01 -6.713867187500000000e-02
9.697265625000000000e-01 -2.145996093750000000e-01 -6.713867187500000000e-02
1.029785156250000000e+00 -2.067871093750000000e-01 5.126953125000000000e-03
9.736328125000000000e-01 -1.579589843750000000e-01 7.324218750000000000e-03
9.697265625000000000e-01 -2.116699218750000000e-01 2.929687500000000000e-02
9.746093750000000000e-01 -1.589355468750000000e-01 1.586914062500000000e-02
1.022705078125000000e+00 -2.158203125000000000e-01 1.171875000000000000e-02
9.809570312500000000e-01 -2.038574218750000000e-01 2.416992187500000000e-02
9.731445312500000000e-01 -2.124023437500000000e-01 -2.905273437500000000e-02
1.025146484375000000e+00 -1.247558593750000000e-01 -1.953125000000000000e-02
9.882812500000000000e-01 -2.128906250000000000e-01 2.636718750000000000e-02
1.024169921875000000e+00 -2.102050781250000000e-01 2.270507812500000000e-02
9.694824218750000000e-01 -1.687011718750000000e-01 2.343750000000000000e-02
9.755859375000000000e-01 -1.694335937500000000e-01 1.708984375000000000e-02
9.721679687500000000e-01 -2.114257812500000000e-01 1.440429687500000000e-02
1.019042968750000000e+00 -1.564941406250000000e-01 2.612304687500000000e-02
9.841308593750000000e-01 -1.594238281250000000e-01 1.367187500000000000e-02
9.689941406250000000e-01 -2.060546875000000000e-01 -6.738281250000000000e-02
9.721679687500000000e-01 -1.596679687500000000e-01 3.662109375000000000e-03
1.027832031250000000e+00 -2.026367187500000000e-01 -6.494140625000000000e-02
9.711914062500000000e-01 -1.582031250000000000e-01 -8.837890625000000000e-02
1.030029296875000000e+00 -2.041015625000000000e-01 -6.640625000000000000e-02
9.868164062500000000e-01 -1.242675781250000000e-01 -3.613281250000000000e-02
9.702148437500000000e-01 -2.065429687500000000e-01 -7.177734375000000000e-02
1.030517578125000000e+00 -2.080078125000000000e-01 -7.934570312500000000e-02
1.024902343750000000e+00 -1.594238281250000000e-01 -6.347656250000000000e-02
9.707031250000000000e-01 -1.618652343750000000e-01 -8.325195312500000000e-02
1.025146484375000000e+00 -2.055664062500000000e-01 -8.056640625000000000e-02
1.027343750000000000e+00 -1.623535156250000000e-01 -7.592773437500000000e-02
1.030517578125000000e+00 -2.185058593750000000e-01 -7.299804687500000000e-02
9.692382812500000000e-01 -2.170410156250000000e-01 -7.080078125000000000e-02
1.028808593750000000e+00 -1.599121093750000000e-01 -6.933593750000000000e-02
9.731445312500000000e-01 -1.582031250000000000e-01 -6.567382812500000000e-02
1.028320312500000000e+00 -1.586914062500000000e-01 -6.542968750000000000e-02
1.027587890625000000e+00 -1.604003906250000000e-01 -6.372070312500000000e-02
1.030761718750000000e+00 -1.591796875000000000e-01 -7.080078125000000000e-02
1.026611328125000000e+00 -1.596679687500000000e-01 -7.543945312500000000e-02
1.031005859375000000e+00 -1.611328125000000000e-01 -7.690429687500000000e-02
1.031005859375000000e+00 -1.569824218750000000e-01 -7.983398437500000000e-02
1.017822265625000000e+00 -2.097167968750000000e-01 1.831054687500000000e-02
9.736328125000000000e-01 -1.696777343750000000e-01 4.882812500000000000e-03
1.022216796875000000e+00 -1.618652343750000000e-01 8.056640625000000000e-03
9.750976562500000000e-01 -2.163085937500000000e-01 -6.518554687500000000e-02
1.029785156250000000e+00 -2.170410156250000000e-01 2.929687500000000000e-03
9.702148437500000000e-01 -1.713867187500000000e-01 8.300781250000000000e-03
1.031005859375000000e+00 -1.611328125000000000e-01 -6.445312500000000000e-02
1.025146484375000000e+00 -1.728515625000000000e-01 7.812500000000000000e-03
1.028320312500000000e+00 -1.708984375000000000e-01 -6.396484375000000000e-02
1.022949218750000000e+00 -1.730957031250000000e-01 -6.542968750000000000e-02
1.029296875000000000e+00 -1.679687500000000000e-01 -6.591796875000000000e-02
9.750976562500000000e-01 -1.616210937500000000e-01 -6.762695312500000000e-02
1.030517578125000000e+00 -1.643066406250000000e-01 2.197265625000000000e-03
9.714355468750000000e-01 -1.669921875000000000e-01 3.417968750000000000e-03
1.030761718750000000e+00 -1.694335937500000000e-01 4.394531250000000000e-03
1.028320312500000000e+00 -1.733398437500000000e-01 3.906250000000000000e-03
9.738769531250000000e-01 -1.811523437500000000e-01 -6.396484375000000000e-02
9.697265625000000000e-01 -1.687011718750000000e-01 -6.347656250000000000e-02
1.025878906250000000e+00 -1.665039062500000000e-01 8.056640625000000000e-03
9.707031250000000000e-01 -1.789550781250000000e-01 7.324218750000000000e-04
1.023681640625000000e+00 -1.726074218750000000e-01 4.882812500000000000e-04
1.025390625000000000e+00 -1.843261718750000000e-01 1.708984375000000000e-03
1.021240234375000000e+00 -1.726074218750000000e-01 3.906250000000000000e-03
9.692382812500000000e-01 -2.514648437500000000e-01 1.220703125000000000e-03
1.027832031250000000e+00 -1.757812500000000000e-01 1.416015625000000000e-02
1.025634765625000000e+00 -1.696777343750000000e-01 2.685546875000000000e-03
1.024658203125000000e+00 -1.735839843750000000e-01 2.929687500000000000e-03
1.030761718750000000e+00 -1.730957031250000000e-01 7.080078125000000000e-03
1.026611328125000000e+00 -1.787109375000000000e-01 2.148437500000000000e-02
9.707031250000000000e-01 -1.840820312500000000e-01 1.220703125000000000e-03
1.024169921875000000e+00 -1.728515625000000000e-01 7.812500000000000000e-03
9.704589843750000000e-01 -1.689453125000000000e-01 1.025390625000000000e-02
1.030029296875000000e+00 -1.691894531250000000e-01 1.220703125000000000e-02
1.030029296875000000e+00 -1.745605468750000000e-01 2.001953125000000000e-02
1.029785156250000000e+00 -1.799316406250000000e-01 1.000976562500000000e-02
1.024169921875000000e+00 -1.682128906250000000e-01 1.611328125000000000e-02
9.716796875000000000e-01 -1.718750000000000000e-01 6.591796875000000000e-03
1.030761718750000000e+00 -1.762695312500000000e-01 1.928710937500000000e-02
1.025878906250000000e+00 -1.757812500000000000e-01 1.025390625000000000e-02
1.028808593750000000e+00 -1.738281250000000000e-01 1.684570312500000000e-02
1.029296875000000000e+00 -1.738281250000000000e-01 2.416992187500000000e-02
9.719238281250000000e-01 -1.723632812500000000e-01 1.367187500000000000e-02
1.028320312500000000e+00 -1.765136718750000000e-01 1.708984375000000000e-02
1.028564453125000000e+00 -1.701660156250000000e-01 1.611328125000000000e-02
1.028808593750000000e+00 -1.733398437500000000e-01 2.221679687500000000e-02
1.030029296875000000e+00 -1.694335937500000000e-01 1.757812500000000000e-02
1.028808593750000000e+00 -1.767578125000000000e-01 1.977539062500000000e-02
9.694824218750000000e-01 -1.682128906250000000e-01 1.635742187500000000e-02
1.030029296875000000e+00 -1.743164062500000000e-01 1.489257812500000000e-02
9.697265625000000000e-01 -1.679687500000000000e-01 2.197265625000000000e-02
9.711914062500000000e-01 -1.721191406250000000e-01 2.221679687500000000e-02
1.028076171875000000e+00 -1.735839843750000000e-01 1.416015625000000000e-02
1.030761718750000000e+00 -1.696777343750000000e-01 1.806640625000000000e-02
9.709472656250000000e-01 -1.762695312500000000e-01 2.636718750000000000e-02
1.030273437500000000e+00 -1.718750000000000000e-01 1.342773437500000000e-02
1.030029296875000000e+00 -1.745605468750000000e-01 2.172851562500000000e-02
1.026367187500000000e+00 -1.696777343750000000e-01 2.319335937500000000e-02
1.030273437500000000e+00 -1.716308593750000000e-01 1.733398437500000000e-02
1.029052734375000000e+00 -1.708984375000000000e-01 2.441406250000000000e-02
1.027099609375000000e+00 -1.679687500000000000e-01 2.124023437500000000e-02
1.030273437500000000e+00 -1.674804687500000000e-01 2.661132812500000000e-02
9.721679687500000000e-01 -1.691894531250000000e-01 1.782226562500000000e-02
1.025634765625000000e+00 -1.726074218750000000e-01 2.441406250000000000e-02
1.030029296875000000e+00 -1.748046875000000000e-01 1.513671875000000000e-02
1.030273437500000000e+00 -1.699218750000000000e-01 1.879882812500000000e-02
9.724121093750000000e-01 -1.699218750000000000e-01 1.953125000000000000e-02
1.026367187500000000e+00 -1.694335937500000000e-01 2.172851562500000000e-02
