1.010742187500000000e+00 2.053222656250000000e-01 -9.790039062500000000e-02
1.018066406250000000e+00 2.009277343750000000e-01 -1.115722656250000000e-01
1.018066406250000000e+00 2.009277343750000000e-01 -1.115722656250000000e-01
1.014648437500000000e+00 2.070312500000000000e-01 -1.127929687500000000e-01
1.009277343750000000e+00 2.021484375000000000e-01 -1.127929687500000000e-01
1.009277343750000000e+00 2.019042968750000000e-01 -1.083984375000000000e-01
1.014160156250000000e+00 2.016601562500000000e-01 -1.176757812500000000e-01
1.015136718750000000e+00 2.087402343750000000e-01 -2.016601562500000000e-01
1.015136718750000000e+00 2.087402343750000000e-01 -2.016601562500000000e-01
9.748535156250000000e-01 2.082519531250000000e-01 -1.196289062500000000e-01
1.021484375000000000e+00 2.055664062500000000e-01 -2.021484375000000000e-01
9.855957031250000000e-01 2.058105468750000000e-01 -1.130371093750000000e-01
9.602050781250000000e-01 1.247558593750000000e-01 -1.528320312500000000e-01
9.338378906250000000e-01 1.904296875000000000e-01 -1.008300781250000000e-01
8.742675781250000000e-01 1.032714843750000000e-01 -2.163085937500000000e-01
5.568847656250000000e-01 1.210937500000000000e-01 -3.166503906250000000e-01
3.649902343750000000e-01 -4.199218750000000000e-02 -1.694335937500000000e-01
1.512451171875000000e+00 3.833007812500000000e-01 2.319335937500000000e-01
1.082519531250000000e+00 3.405761718750000000e-01 6.762695312500000000e-02
2.363037109375000000e+00 6.416015625000000000e-01 -2.778320312500000000e-01
6.704101562500000000e-01 1.394042968750000000e-01 -1.713867187500000000e-01
-8.056640625000000000e-02 -2.905273437500000000e-02 4.638671875000000000e-03
-2.165527343750000000e-01 -1.315917968750000000e-01 -1.110839843750000000e-01
1.887207031250000000e-01 9.545898437500000000e-02 3.857421875000000000e-02
1.887207031250000000e-01 9.545898437500000000e-02 3.857421875000000000e-02
1.557617187500000000e-01 1.096191406250000000e-01 1.096191406250000000e-01
1.814697265625000000e+00 4.538574218750000000e-01 -1.679687500000000000e-01
3.258056640625000000e+00 7.185058593750000000e-01 -1.245117187500000000e-01
2.076660156250000000e+00 4.897460937500000000e-01 -3.911132812500000000e-01
-3.452148437500000000e-01 -2.524414062500000000e-01 -1.557617187500000000e-01
-3.452148437500000000e-01 -2.524414062500000000e-01 -1.557617187500000000e-01
1.245117187500000000e-01 1.469726562500000000e-01 2.734375000000000000e-02
-6.347656250000000000e-03 7.763671875000000000e-02 -4.882812500000000000e-04
1.650390625000000000e-01 -1.953125000000000000e-03 3.881835937500000000e-02
1.382812500000000000e+00 -2.392578125000000000e-02 -9.008789062500000000e-02
3.241943359375000000e+00 1.197509765625000000e+00 6.054687500000000000e-02
2.911132812500000000e+00 4.562988281250000000e-01 -1.416015625000000000e-01
1.537841796875000000e+00 3.620605468750000000e-01 -1.914062500000000000e-01
-5.761718750000000000e-02 -2.314453125000000000e-01 -7.104492187500000000e-02
-3.671875000000000000e-01 -1.635742187500000000e-02 8.203125000000000000e-02
2.382812500000000000e-01 5.932617187500000000e-02 -2.172851562500000000e-02
3.400878906250000000e-01 2.722167968750000000e-01 -2.895507812500000000e-01
3.014160156250000000e+00 3.188476562500000000e-01 3.107910156250000000e-01
3.014160156250000000e+00 3.188476562500000000e-01 3.107910156250000000e-01
2.386962890625000000e+00 3.471679687500000000e-01 -3.261718750000000000e-01
2.010742187500000000e+00 3.742675781250000000e-01 -3.525390625000000000e-01
2.419433593750000000e-01 1.374511718750000000e-01 1.123046875000000000e-02
-5.915527343750000000e-01 -1.455078125000000000e-01 -1.887207031250000000e-01
2.751464843750000000e-01 9.521484375000000000e-03 1.306152343750000000e-01
4.394531250000000000e-02 -6.591796875000000000e-02 8.374023437500000000e-02
5.249023437500000000e-02 1.281738281250000000e-01 8.105468750000000000e-02
1.469970703125000000e+00 1.569824218750000000e-01 1.665039062500000000e-01
3.423095703125000000e+00 7.895507812500000000e-01 -1.835937500000000000e-01
2.843017578125000000e+00 4.704589843750000000e-01 -3.874511718750000000e-01
7.238769531250000000e-01 -1.342773437500000000e-02 7.714843750000000000e-02
-6.979980468750000000e-01 -2.597656250000000000e-01 8.789062500000000000e-03
2.670898437500000000e-01 7.543945312500000000e-02 -3.417968750000000000e-03
8.959960937500000000e-02 -4.638671875000000000e-02 1.457519531250000000e-01
8.959960937500000000e-02 -4.638671875000000000e-02 1.457519531250000000e-01
5.527343750000000000e-01 1.242675781250000000e-01 -3.916015625000000000e-01
4.300048828125000000e+00 7.072753906250000000e-01 1.375244140625000000e+00
3.199951171875000000e+00 3.796386718750000000e-01 -6.884765625000000000e-02
1.363281250000000000e+00 2.954101562500000000e-01 -1.855468750000000000e-01
-2.768554687500000000e-01 -2.604980468750000000e-01 -5.175781250000000000e-02
-7.055664062500000000e-02 3.281250000000000000e-01 5.395507812500000000e-02
3.193359375000000000e-01 -2.001953125000000000e-02 1.264648437500000000e-01
-1.416015625000000000e-02 -1.501464843750000000e-01 7.666015625000000000e-02
2.546386718750000000e-01 2.019042968750000000e-01 9.082031250000000000e-02
2.239746093750000000e+00 3.767089843750000000e-01 -1.152343750000000000e-01
2.776855468750000000e+00 7.697753906250000000e-01 -2.490234375000000000e-02
2.115478515625000000e+00 3.078613281250000000e-01 -4.040527343750000000e-01
3.037109375000000000e-01 7.031250000000000000e-02 7.275390625000000000e-02
-5.729980468750000000e-01 -3.051757812500000000e-02 1.684570312500000000e-02
3.156738281250000000e-01 -3.247070312500000000e-02 -1.196289062500000000e-02
3.295898437500000000e-02 2.343750000000000000e-02 4.882812500000000000e-02
-1.074218750000000000e-02 5.786132812500000000e-02 1.926269531250000000e-01
1.431152343750000000e+00 2.026367187500000000e-01 -1.708984375000000000e-03
3.036865234375000000e+00 9.597167968750000000e-01 -2.890625000000000000e-01
2.550537109375000000e+00 2.834472656250000000e-01 -4.479980468750000000e-01
3.017578125000000000e-01 -5.102539062500000000e-02 2.368164062500000000e-02
-7.341308593750000000e-01 -1.206054687500000000e-01 -9.057617187500000000e-02
2.973632812500000000e-01 4.443359375000000000e-02 -5.566406250000000000e-02
6.347656250000000000e-02 -8.081054687500000000e-02 7.543945312500000000e-02
-1.147460937500000000e-02 -4.223632812500000000e-02 4.516601562500000000e-02
9.421386718750000000e-01 2.880859375000000000e-01 1.899414062500000000e-01
3.433349609375000000e+00 1.293945312500000000e-01 8.063964843750000000e-01
3.105224609375000000e+00 7.736816406250000000e-01 -1.909179687500000000e-01
1.294433593750000000e+00 1.853027343750000000e-01 -1.499023437500000000e-01
-5.075683593750000000e-01 -2.011718750000000000e-01 -1.420898437500000000e-01
4.565429687500000000e-02 5.200195312500000000e-02 -2.172851562500000000e-02
2.814941406250000000e-01 -8.032226562500000000e-02 -1.416015625000000000e-02
2.976074218750000000e-01 -2.001953125000000000e-02 6.347656250000000000e-03
1.965576171875000000e+00 4.067382812500000000e-01 1.025390625000000000e-02
2.728759765625000000e+00 5.407714843750000000e-01 -4.199218750000000000e-02
2.376220703125000000e+00 3.750000000000000000e-01 -3.613281250000000000e-01
2.376220703125000000e+00 3.750000000000000000e-01 -3.613281250000000000e-01
4.069824218750000000e-01 9.765625000000000000e-03 -6.298828125000000000e-02
1.618652343750000000e-01 1.560058593750000000e-01 2.197265625000000000e-02
7.421875000000000000e-02 -1.298828125000000000e-01 1.540527343750000000e-01
9.934082031250000000e-01 -8.520507812500000000e-02 -4.118652343750000000e-01
3.311523437500000000e+00 7.412109375000000000e-01 1.309570312500000000e+00
3.311523437500000000e+00 7.412109375000000000e-01 1.309570312500000000e+00
2.936767578125000000e+00 3.884277343750000000e-01 3.051757812500000000e-02
1.487304687500000000e+00 1.447753906250000000e-01 -1.103515625000000000e-01
-1.977539062500000000e-02 -1.176757812500000000e-01 -1.640625000000000000e-01
-2.624511718750000000e-01 1.093750000000000000e-01 -4.956054687500000000e-02
3.186035156250000000e-01 -9.082031250000000000e-02 5.615234375000000000e-02
3.186035156250000000e-01 -9.082031250000000000e-02 5.615234375000000000e-02
6.274414062500000000e-02 2.197265625000000000e-02 9.619140625000000000e-02
3.747558593750000000e-01 5.126953125000000000e-02 -5.126953125000000000e-03
4.368408203125000000e+00 9.709472656250000000e-01 9.863281250000000000e-01
3.044921875000000000e+00 5.488281250000000000e-01 -1.127929687500000000e-01
1.244628906250000000e+00 -8.349609375000000000e-02 -1.569824218750000000e-01
-1.462402343750000000e-01 -2.719726562500000000e-01 -1.865234375000000000e-01
1.201171875000000000e-01 9.252929687500000000e-02 7.836914062500000000e-02
1.201171875000000000e-01 9.252929687500000000e-02 7.836914062500000000e-02
9.277343750000000000e-02 9.252929687500000000e-02 -4.150390625000000000e-03
4.152832031250000000e-01 -1.733398437500000000e-02 -3.142089843750000000e-01
4.313476562500000000e+00 4.382324218750000000e-01 7.102050781250000000e-01
3.137207031250000000e+00 6.696777343750000000e-01 -1.054687500000000000e-01
1.281738281250000000e+00 1.181640625000000000e-01 -5.981445312500000000e-02
-1.569824218750000000e-01 -1.547851562500000000e-01 1.447753906250000000e-01
-1.228027343750000000e-01 -2.319335937500000000e-02 -6.835937500000000000e-03
3.745117187500000000e-01 8.056640625000000000e-02 -1.904296875000000000e-02
1.318359375000000000e-02 -1.733398437500000000e-02 1.269531250000000000e-01
1.887207031250000000e-01 1.472167968750000000e-01 6.665039062500000000e-02
6.072509765625000000e+00 2.595214843750000000e-01 6.799316406250000000e-01
6.354980468750000000e-01 -3.759765625000000000e-02 -1.472167968750000000e-01
-3.635253906250000000e-01 -3.784179687500000000e-02 -1.152343750000000000e-01
1.931152343750000000e-01 1.562500000000000000e-02 -3.784179687500000000e-02
1.931152343750000000e-01 1.562500000000000000e-02 -3.784179687500000000e-02
8.398437500000000000e-02 -1.513671875000000000e-02 -1.247558593750000000e-01
2.131347656250000000e-01 1.469726562500000000e-01 -2.685546875000000000e-02
2.007812500000000000e+00 2.392578125000000000e-01 2.172851562500000000e-01
3.089111328125000000e+00 8.986816406250000000e-01 -1.538085937500000000e-01
2.036376953125000000e+00 2.416992187500000000e-01 -2.368164062500000000e-01
1.062011718750000000e-01 -1.906738281250000000e-01 -1.049804687500000000e-02
-5.859375000000000000e-01 -5.371093750000000000e-03 -1.345214843750000000e-01
2.326660156250000000e-01 1.303710937500000000e-01 5.664062500000000000e-02
1.318359375000000000e-02 -1.462402343750000000e-01 3.100585937500000000e-02
1.806640625000000000e-01 1.318359375000000000e-02 2.783203125000000000e-02
1.487304687500000000e+00 3.933105468750000000e-01 1.081542968750000000e-01
3.402587890625000000e+00 7.614746093750000000e-01 -6.787109375000000000e-02
2.487304687500000000e+00 3.698730468750000000e-01 -2.521972656250000000e-01
6.560058593750000000e-01 1.088867187500000000e-01 -1.879882812500000000e-02
-5.476074218750000000e-01 -1.523437500000000000e-01 -1.557617187500000000e-01
1.723632812500000000e-01 3.173828125000000000e-02 2.197265625000000000e-02
1.801757812500000000e-01 -6.542968750000000000e-02 -6.347656250000000000e-03
2.490234375000000000e-02 7.641601562500000000e-02 4.003906250000000000e-02
9.699707031250000000e-01 1.127929687500000000e-01 -5.151367187500000000e-02
3.598388671875000000e+00 8.066406250000000000e-01 8.640136718750000000e-01
2.726318359375000000e+00 1.965332031250000000e-01 -8.789062500000000000e-03
1.340576171875000000e+00 9.057617187500000000e-02 -3.295898437500000000e-02
-6.982421875000000000e-02 -4.003906250000000000e-02 -2.758789062500000000e-02
-1.315917968750000000e-01 2.324218750000000000e-01 -8.544921875000000000e-02
1.682128906250000000e-01 -1.220703125000000000e-03 -2.197265625000000000e-02
1.115722656250000000e-01 -2.185058593750000000e-01 1.096191406250000000e-01
3.955078125000000000e-01 -6.591796875000000000e-03 -1.147460937500000000e-01
2.707275390625000000e+00 6.000976562500000000e-01 1.931152343750000000e-01
2.706542968750000000e+00 5.068359375000000000e-01 2.197265625000000000e-01
2.277587890625000000e+00 2.890625000000000000e-01 -3.891601562500000000e-01
6.472167968750000000e-01 7.763671875000000000e-02 1.511230468750000000e-01
-6.455078125000000000e-01 2.416992187500000000e-02 -5.664062500000000000e-02
1.569824218750000000e-01 -1.323242187500000000e-01 8.642578125000000000e-02
1.149902343750000000e-01 7.568359375000000000e-02 2.246093750000000000e-02
1.357421875000000000e-01 9.082031250000000000e-02 2.368164062500000000e-02
1.962402343750000000e+00 4.633789062500000000e-01 2.697753906250000000e-01
2.417236328125000000e+00 6.181640625000000000e-01 2.453613281250000000e-01
2.190429687500000000e+00 2.036132812500000000e-01 -3.422851562500000000e-01
6.267089843750000000e-01 -4.882812500000000000e-04 -2.929687500000000000e-02
-3.735351562500000000e-01 9.252929687500000000e-02 -1.047363281250000000e-01
1.604003906250000000e-01 -5.371093750000000000e-02 -4.882812500000000000e-04
8.203125000000000000e-02 -3.149414062500000000e-02 3.393554687500000000e-02
1.140136718750000000e-01 1.093750000000000000e-01 3.125000000000000000e-02
1.376708984375000000e+00 3.007812500000000000e-01 -1.098632812500000000e-02
3.163085937500000000e+00 9.179687500000000000e-01 3.640136718750000000e-01
2.717285156250000000e+00 2.175292968750000000e-01 -2.536621093750000000e-01
8.405761718750000000e-01 1.313476562500000000e-01 1.291503906250000000e-01
-4.592285156250000000e-01 -8.422851562500000000e-02 -3.369140625000000000e-02
2.546386718750000000e-01 -2.685546875000000000e-02 2.929687500000000000e-03
1.154785156250000000e-01 -7.958984375000000000e-02 5.224609375000000000e-02
-2.954101562500000000e-02 -1.342773437500000000e-02 1.325683593750000000e-01
9.626464843750000000e-01 2.153320312500000000e-01 -1.054687500000000000e-01
3.815185546875000000e+00 7.470703125000000000e-01 6.904296875000000000e-01
2.860351562500000000e+00 1.564941406250000000e-01 -2.182617187500000000e-01
-1.201171875000000000e-01 -6.347656250000000000e-02 -4.614257812500000000e-02
-1.147460937500000000e-01 1.333007812500000000e-01 8.422851562500000000e-02
3.186035156250000000e-01 -1.452636718750000000e-01 -2.441406250000000000e-02
1.440429687500000000e-01 -7.421875000000000000e-02 -4.638671875000000000e-03
4.006347656250000000e-01 2.910156250000000000e-01 -3.339843750000000000e-01
2.303466796875000000e+00 5.810546875000000000e-01 5.979003906250000000e-01
-6.137695312500000000e-01 -6.616210937500000000e-02 -4.467773437500000000e-02
3.183593750000000000e-01 8.520507812500000000e-02 -6.323242187500000000e-02
1.882324218750000000e-01 -1.506347656250000000e-01 5.249023437500000000e-02
4.003906250000000000e-02 7.470703125000000000e-02 -9.692382812500000000e-02
2.677490234375000000e+00 6.281738281250000000e-01 1.088867187500000000e-01
2.436523437500000000e+00 3.083496093750000000e-01 -2.380371093750000000e-01
8.327636718750000000e-01 1.787109375000000000e-01 4.052734375000000000e-02
-5.661621093750000000e-01 -2.705078125000000000e-01 -5.834960937500000000e-02
1.000976562500000000e-01 1.286621093750000000e-01 1.953125000000000000e-03
