9.860839843750000000e-01 -6.420898437500000000e-02 9.252929687500000000e-02
9.941406250000000000e-01 -6.298828125000000000e-02 9.179687500000000000e-02
9.941406250000000000e-01 -6.298828125000000000e-02 9.179687500000000000e-02
9.792480468750000000e-01 -6.811523437500000000e-02 4.956054687500000000e-02
9.841308593750000000e-01 -6.542968750000000000e-02 4.345703125000000000e-02
9.907226562500000000e-01 -6.323242187500000000e-02 3.784179687500000000e-02
9.848632812500000000e-01 -6.884765625000000000e-02 4.760742187500000000e-02
9.907226562500000000e-01 -6.518554687500000000e-02 4.443359375000000000e-02
9.916992187500000000e-01 -6.884765625000000000e-02 5.200195312500000000e-02
9.946289062500000000e-01 -7.177734375000000000e-02 5.737304687500000000e-02
9.897460937500000000e-01 -7.299804687500000000e-02 4.492187500000000000e-02
9.919433593750000000e-01 -6.860351562500000000e-02 5.175781250000000000e-02
9.887695312500000000e-01 9.765625000000000000e-04 4.858398437500000000e-02
9.916992187500000000e-01 -6.665039062500000000e-02 5.639648437500000000e-02
9.946289062500000000e-01 7.324218750000000000e-04 5.419921875000000000e-02
9.938964843750000000e-01 -6.787109375000000000e-02 5.541992187500000000e-02
9.841308593750000000e-01 -6.738281250000000000e-02 5.664062500000000000e-02
9.870605468750000000e-01 -7.812500000000000000e-02 5.859375000000000000e-02
9.877929687500000000e-01 -7.177734375000000000e-02 1.306152343750000000e-01
9.968261718750000000e-01 -6.689453125000000000e-02 5.151367187500000000e-02
1.063232421875000000e+00 -7.324218750000000000e-02 5.541992187500000000e-02
9.836425781250000000e-01 2.441406250000000000e-04 6.030273437500000000e-02
9.885253906250000000e-01 -6.298828125000000000e-02 6.127929687500000000e-02
9.882812500000000000e-01 9.521484375000000000e-03 5.566406250000000000e-02
9.885253906250000000e-01 -7.202148437500000000e-02 5.712890625000000000e-02
1.063720703125000000e+00 -6.372070312500000000e-02 5.322265625000000000e-02
9.956054687500000000e-01 -7.128906250000000000e-02 4.858398437500000000e-02
9.873046875000000000e-01 -7.788085937500000000e-02 6.176757812500000000e-02
9.880371093750000000e-01 -8.300781250000000000e-02 1.411132812500000000e-01
9.748535156250000000e-01 -6.445312500000000000e-02 1.416015625000000000e-01
1.065185546875000000e+00 5.126953125000000000e-03 1.520996093750000000e-01
1.070556640625000000e+00 -8.618164062500000000e-02 1.008300781250000000e-01
1.018066406250000000e+00 -3.735351562500000000e-02 4.443359375000000000e-02
1.023193359375000000e+00 2.661132812500000000e-02 6.665039062500000000e-02
1.086914062500000000e+00 -5.468750000000000000e-02 1.430664062500000000e-01
1.089599609375000000e+00 1.586914062500000000e-02 1.352539062500000000e-01
1.015625000000000000e+00 -4.345703125000000000e-02 1.442871093750000000e-01
1.007324218750000000e+00 -7.128906250000000000e-02 7.666015625000000000e-02
9.790039062500000000e-01 -2.832031250000000000e-02 5.053710937500000000e-02
1.035156250000000000e+00 -8.105468750000000000e-02 8.276367187500000000e-02
9.919433593750000000e-01 -3.784179687500000000e-02 1.123046875000000000e-01
9.709472656250000000e-01 -4.223632812500000000e-02 1.428222656250000000e-01
1.030517578125000000e+00 -9.106445312500000000e-02 1.303710937500000000e-01
9.743652343750000000e-01 5.615234375000000000e-03 1.345214843750000000e-01
9.809570312500000000e-01 8.544921875000000000e-03 4.077148437500000000e-02
1.057861328125000000e+00 -9.277343750000000000e-02 1.501464843750000000e-01
9.941406250000000000e-01 -6.811523437500000000e-02 1.884765625000000000e-01
1.007812500000000000e+00 -5.493164062500000000e-02 1.520996093750000000e-01
1.014648437500000000e+00 -7.836914062500000000e-02 1.354980468750000000e-01
1.026855468750000000e+00 1.220703125000000000e-02 1.430664062500000000e-01
1.071777343750000000e+00 -6.762695312500000000e-02 6.030273437500000000e-02
1.059082031250000000e+00 -3.320312500000000000e-02 2.021484375000000000e-01
1.019287109375000000e+00 -7.690429687500000000e-02 9.814453125000000000e-02
1.020996093750000000e+00 -8.715820312500000000e-02 1.474609375000000000e-01
9.724121093750000000e-01 -7.470703125000000000e-02 1.459960937500000000e-01
1.029541015625000000e+00 1.953125000000000000e-03 1.364746093750000000e-01
1.052001953125000000e+00 -8.935546875000000000e-02 1.538085937500000000e-01
1.072753906250000000e+00 1.220703125000000000e-03 1.149902343750000000e-01
1.015625000000000000e+00 -3.857421875000000000e-02 1.540527343750000000e-01
1.018066406250000000e+00 -6.787109375000000000e-02 1.008300781250000000e-01
9.826660156250000000e-01 -7.080078125000000000e-02 1.530761718750000000e-01
9.916992187500000000e-01 -8.862304687500000000e-02 5.517578125000000000e-02
1.043701171875000000e+00 -3.637695312500000000e-02 2.128906250000000000e-01
9.777832031250000000e-01 -7.397460937500000000e-02 1.105957031250000000e-01
9.365234375000000000e-01 -9.033203125000000000e-02 1.513671875000000000e-01
9.794921875000000000e-01 -7.250976562500000000e-02 1.528320312500000000e-01
9.853515625000000000e-01 -8.325195312500000000e-02 1.108398437500000000e-01
1.086181640625000000e+00 -8.520507812500000000e-02 5.786132812500000000e-02
1.032714843750000000e+00 -7.714843750000000000e-02 1.230468750000000000e-01
1.025146484375000000e+00 -8.593750000000000000e-02 9.838867187500000000e-02
1.020751953125000000e+00 -7.226562500000000000e-02 1.545410156250000000e-01
9.875488281250000000e-01 -6.787109375000000000e-02 9.667968750000000000e-02
9.694824218750000000e-01 -6.933593750000000000e-02 4.321289062500000000e-02
1.091552734375000000e+00 -3.149414062500000000e-02 1.159667968750000000e-01
1.064697265625000000e+00 -6.323242187500000000e-02 1.152343750000000000e-01
1.018310546875000000e+00 -8.398437500000000000e-02 1.533203125000000000e-01
9.748535156250000000e-01 -7.373046875000000000e-02 1.516113281250000000e-01
9.902343750000000000e-01 -7.031250000000000000e-02 1.511230468750000000e-01
1.072998046875000000e+00 -7.861328125000000000e-02 6.152343750000000000e-02
1.041015625000000000e+00 -6.738281250000000000e-02 1.965332031250000000e-01
1.024902343750000000e+00 -3.320312500000000000e-02 9.521484375000000000e-02
1.018310546875000000e+00 -7.666015625000000000e-02 1.494140625000000000e-01
9.875488281250000000e-01 -6.933593750000000000e-02 1.040039062500000000e-01
9.997558593750000000e-01 -6.689453125000000000e-02 5.224609375000000000e-02
1.093505859375000000e+00 -5.078125000000000000e-02 2.041015625000000000e-01
9.858398437500000000e-01 -4.125976562500000000e-02 1.516113281250000000e-01
1.001220703125000000e+00 -9.057617187500000000e-02 1.396484375000000000e-01
9.890136718750000000e-01 -6.860351562500000000e-02 1.513671875000000000e-01
9.987792968750000000e-01 7.812500000000000000e-03 9.057617187500000000e-02
1.076171875000000000e+00 -4.980468750000000000e-02 1.950683593750000000e-01
1.072509765625000000e+00 -8.398437500000000000e-02 1.345214843750000000e-01
1.007568359375000000e+00 -8.789062500000000000e-02 1.486816406250000000e-01
9.721679687500000000e-01 6.591796875000000000e-03 1.328125000000000000e-01
9.812011718750000000e-01 -6.689453125000000000e-02 5.053710937500000000e-02
1.086669921875000000e+00 -9.082031250000000000e-02 1.015625000000000000e-01
9.975585937500000000e-01 -8.398437500000000000e-02 1.047363281250000000e-01
1.023925781250000000e+00 -8.642578125000000000e-02 1.440429687500000000e-01
1.023193359375000000e+00 -6.372070312500000000e-02 1.516113281250000000e-01
9.929199218750000000e-01 -7.397460937500000000e-02 1.442871093750000000e-01
1.078613281250000000e+00 -6.762695312500000000e-02 4.785156250000000000e-02
1.032714843750000000e+00 -8.251953125000000000e-02 1.999511718750000000e-01
1.024169921875000000e+00 -9.130859375000000000e-02 9.399414062500000000e-02
1.028564453125000000e+00 6.347656250000000000e-03 1.364746093750000000e-01
9.804687500000000000e-01 -6.372070312500000000e-02 1.464843750000000000e-01
1.068847656250000000e+00 -6.909179687500000000e-02 3.930664062500000000e-02
1.093505859375000000e+00 -8.886718750000000000e-02 1.677246093750000000e-01
9.799804687500000000e-01 -8.520507812500000000e-02 1.481933593750000000e-01
1.022460937500000000e+00 -8.862304687500000000e-02 1.323242187500000000e-01
9.858398437500000000e-01 -7.495117187500000000e-02 1.520996093750000000e-01
9.797363281250000000e-01 -8.154296875000000000e-02 1.311035156250000000e-01
1.088378906250000000e+00 -3.393554687500000000e-02 9.887695312500000000e-02
9.948730468750000000e-01 -7.470703125000000000e-02 1.018066406250000000e-01
9.763183593750000000e-01 -3.686523437500000000e-02 1.486816406250000000e-01
9.692382812500000000e-01 -6.835937500000000000e-02 9.545898437500000000e-02
9.880371093750000000e-01 -6.445312500000000000e-02 9.912109375000000000e-02
9.975585937500000000e-01 2.441406250000000000e-04 1.259765625000000000e-01
1.075927734375000000e+00 -3.320312500000000000e-02 2.177734375000000000e-01
9.843750000000000000e-01 -7.763671875000000000e-02 1.071777343750000000e-01
1.022460937500000000e+00 -8.618164062500000000e-02 9.912109375000000000e-02
9.819335937500000000e-01 -6.616210937500000000e-02 1.098632812500000000e-01
9.990234375000000000e-01 -8.203125000000000000e-02 4.443359375000000000e-02
1.078369140625000000e+00 -4.809570312500000000e-02 2.180175781250000000e-01
9.980468750000000000e-01 -7.275390625000000000e-02 1.010742187500000000e-01
1.030517578125000000e+00 -8.325195312500000000e-02 1.372070312500000000e-01
1.025878906250000000e+00 7.324218750000000000e-04 1.076660156250000000e-01
9.992675781250000000e-01 -8.325195312500000000e-02 1.486816406250000000e-01
1.078857421875000000e+00 -4.736328125000000000e-02 1.103515625000000000e-01
9.995117187500000000e-01 -7.446289062500000000e-02 1.916503906250000000e-01
9.768066406250000000e-01 -8.789062500000000000e-02 1.503906250000000000e-01
1.019775390625000000e+00 -6.542968750000000000e-02 1.171875000000000000e-01
9.790039062500000000e-01 -6.787109375000000000e-02 1.015625000000000000e-01
1.077148437500000000e+00 -9.155273437500000000e-02 1.345214843750000000e-01
1.074218750000000000e+00 -8.227539062500000000e-02 1.611328125000000000e-01
9.765625000000000000e-01 -7.934570312500000000e-02 1.132812500000000000e-01
1.016357421875000000e+00 -6.591796875000000000e-02 1.086425781250000000e-01
9.904785156250000000e-01 8.056640625000000000e-03 1.154785156250000000e-01
1.067871093750000000e+00 -7.226562500000000000e-02 1.259765625000000000e-01
9.943847656250000000e-01 -3.564453125000000000e-02 1.574707031250000000e-01
9.858398437500000000e-01 -8.032226562500000000e-02 1.169433593750000000e-01
1.017333984375000000e+00 -7.983398437500000000e-02 1.562500000000000000e-01
9.907226562500000000e-01 1.953125000000000000e-03 1.025390625000000000e-01
9.956054687500000000e-01 -8.203125000000000000e-02 6.005859375000000000e-02
1.066406250000000000e+00 -4.077148437500000000e-02 1.093750000000000000e-01
1.066406250000000000e+00 -6.860351562500000000e-02 1.057128906250000000e-01
9.716796875000000000e-01 -8.154296875000000000e-02 9.448242187500000000e-02
9.731445312500000000e-01 -6.884765625000000000e-02 9.960937500000000000e-02
9.895019531250000000e-01 -7.275390625000000000e-02 1.501464843750000000e-01
1.073974609375000000e+00 -9.057617187500000000e-02 1.486816406250000000e-01
1.069335937500000000e+00 -7.714843750000000000e-02 1.994628906250000000e-01
9.692382812500000000e-01 -9.326171875000000000e-02 1.042480468750000000e-01
9.719238281250000000e-01 -8.203125000000000000e-02 1.030273437500000000e-01
1.063232421875000000e+00 -6.738281250000000000e-02 1.152343750000000000e-01
1.000000000000000000e+00 -6.665039062500000000e-02 1.469726562500000000e-01
1.065673828125000000e+00 -7.495117187500000000e-02 1.584472656250000000e-01
9.768066406250000000e-01 -3.466796875000000000e-02 1.210937500000000000e-01
1.017578125000000000e+00 -8.032226562500000000e-02 1.130371093750000000e-01
9.948730468750000000e-01 -7.226562500000000000e-02 1.250000000000000000e-01
1.063232421875000000e+00 9.765625000000000000e-04 9.985351562500000000e-02
9.951171875000000000e-01 -9.155273437500000000e-02 1.638183593750000000e-01
9.880371093750000000e-01 -7.592773437500000000e-02 1.958007812500000000e-01
9.880371093750000000e-01 -7.617187500000000000e-02 9.594726562500000000e-02
9.809570312500000000e-01 -6.567382812500000000e-02 1.101074218750000000e-01
9.775390625000000000e-01 -7.250976562500000000e-02 1.550292968750000000e-01
1.083740234375000000e+00 -8.593750000000000000e-02 1.066894531250000000e-01
9.877929687500000000e-01 -7.202148437500000000e-02 1.916503906250000000e-01
1.026367187500000000e+00 -9.008789062500000000e-02 1.193847656250000000e-01
9.758300781250000000e-01 -7.568359375000000000e-02 9.594726562500000000e-02
9.733886718750000000e-01 -6.811523437500000000e-02 1.093750000000000000e-01
1.081054687500000000e+00 -6.542968750000000000e-02 1.486816406250000000e-01
1.066650390625000000e+00 -7.763671875000000000e-02 1.191406250000000000e-01
9.746093750000000000e-01 -3.564453125000000000e-02 1.005859375000000000e-01
9.692382812500000000e-01 -7.250976562500000000e-02 1.315917968750000000e-01
9.916992187500000000e-01 9.765625000000000000e-04 1.540527343750000000e-01
1.087158203125000000e+00 2.929687500000000000e-03 4.663085937500000000e-02
9.909667968750000000e-01 -7.934570312500000000e-02 1.186523437500000000e-01
9.726562500000000000e-01 -8.447265625000000000e-02 1.530761718750000000e-01
9.750976562500000000e-01 2.441406250000000000e-04 6.127929687500000000e-02
9.880371093750000000e-01 1.293945312500000000e-02 1.320800781250000000e-01
1.085449218750000000e+00 4.882812500000000000e-03 6.005859375000000000e-02
9.887695312500000000e-01 -8.276367187500000000e-02 1.118164062500000000e-01
9.758300781250000000e-01 -3.637695312500000000e-02 1.464843750000000000e-01
1.027832031250000000e+00 -7.446289062500000000e-02 1.257324218750000000e-01
9.868164062500000000e-01 2.197265625000000000e-02 1.403808593750000000e-01
1.084228515625000000e+00 8.300781250000000000e-03 5.493164062500000000e-02
9.899902343750000000e-01 -8.642578125000000000e-02 1.899414062500000000e-01
9.816894531250000000e-01 -3.979492187500000000e-02 1.027832031250000000e-01
9.790039062500000000e-01 -7.983398437500000000e-02 5.981445312500000000e-02
9.882812500000000000e-01 2.490234375000000000e-02 1.262207031250000000e-01
1.067138671875000000e+00 1.953125000000000000e-02 5.737304687500000000e-02
1.076416015625000000e+00 -3.222656250000000000e-02 1.079101562500000000e-01
9.738769531250000000e-01 -7.617187500000000000e-02 1.513671875000000000e-01
9.799804687500000000e-01 -8.154296875000000000e-02 1.306152343750000000e-01
9.943847656250000000e-01 8.056640625000000000e-03 6.079101562500000000e-02
9.860839843750000000e-01 2.587890625000000000e-02 4.565429687500000000e-02
1.076416015625000000e+00 -8.081054687500000000e-02 9.716796875000000000e-02
9.902343750000000000e-01 -7.128906250000000000e-02 1.442871093750000000e-01
9.692382812500000000e-01 -7.519531250000000000e-02 1.337890625000000000e-01
9.904785156250000000e-01 6.347656250000000000e-03 5.810546875000000000e-02
9.821777343750000000e-01 6.591796875000000000e-03 1.264648437500000000e-01
1.069335937500000000e+00 -7.739257812500000000e-02 1.394042968750000000e-01
