9.777832031250000000e-01 6.298828125000000000e-02 -1.328125000000000000e-01
9.777832031250000000e-01 6.298828125000000000e-02 -1.328125000000000000e-01
9.760742187500000000e-01 6.640625000000000000e-02 -1.252441406250000000e-01
9.760742187500000000e-01 6.640625000000000000e-02 -1.252441406250000000e-01
9.777832031250000000e-01 6.640625000000000000e-02 -1.264648437500000000e-01
9.748535156250000000e-01 6.762695312500000000e-02 -6.152343750000000000e-02
9.802246093750000000e-01 6.665039062500000000e-02 -1.269531250000000000e-01
9.772949218750000000e-01 6.591796875000000000e-02 -5.834960937500000000e-02
9.782714843750000000e-01 -2.197265625000000000e-03 -1.271972656250000000e-01
9.790039062500000000e-01 6.396484375000000000e-02 -1.337890625000000000e-01
9.733886718750000000e-01 -2.441406250000000000e-03 -1.293945312500000000e-01
9.733886718750000000e-01 -2.441406250000000000e-03 -1.293945312500000000e-01
9.770507812500000000e-01 -7.324218750000000000e-04 -1.303710937500000000e-01
9.787597656250000000e-01 6.250000000000000000e-02 -1.259765625000000000e-01
9.775390625000000000e-01 -2.685546875000000000e-03 -5.981445312500000000e-02
9.775390625000000000e-01 -2.685546875000000000e-03 -5.981445312500000000e-02
9.768066406250000000e-01 6.494140625000000000e-02 -6.005859375000000000e-02
9.768066406250000000e-01 6.494140625000000000e-02 -6.005859375000000000e-02
9.770507812500000000e-01 -1.953125000000000000e-03 -5.810546875000000000e-02
9.765625000000000000e-01 6.689453125000000000e-02 -1.298828125000000000e-01
9.804687500000000000e-01 6.689453125000000000e-02 -1.318359375000000000e-01
9.812011718750000000e-01 6.420898437500000000e-02 -1.254882812500000000e-01
9.897460937500000000e-01 -2.685546875000000000e-03 -1.489257812500000000e-01
1.062988281250000000e+00 -1.416015625000000000e-02 -1.496582031250000000e-01
9.995117187500000000e-01 6.298828125000000000e-02 -1.010742187500000000e-01
9.982910156250000000e-01 -2.929687500000000000e-02 -1.525878906250000000e-01
9.807128906250000000e-01 1.074218750000000000e-02 -1.342773437500000000e-01
9.792480468750000000e-01 -8.593750000000000000e-02 -5.566406250000000000e-02
1.021972656250000000e+00 -9.252929687500000000e-02 -7.812500000000000000e-02
9.765625000000000000e-01 4.882812500000000000e-04 2.832031250000000000e-02
1.013671875000000000e+00 -6.518554687500000000e-02 7.519531250000000000e-02
1.019042968750000000e+00 -9.375000000000000000e-02 -1.123046875000000000e-02
9.829101562500000000e-01 -1.518554687500000000e-01 9.033203125000000000e-03
1.008544921875000000e+00 -1.257324218750000000e-01 -7.519531250000000000e-02
1.022705078125000000e+00 -1.254882812500000000e-01 -1.286621093750000000e-01
1.134277343750000000e+00 1.652832031250000000e-01 -7.958984375000000000e-02
1.016601562500000000e+00 1.191406250000000000e-01 6.835937500000000000e-02
1.244628906250000000e+00 1.086425781250000000e-01 1.530761718750000000e-01
9.426269531250000000e-01 2.165527343750000000e-01 7.324218750000000000e-02
1.074707031250000000e+00 1.474609375000000000e-01 5.932617187500000000e-02
1.041015625000000000e+00 1.247558593750000000e-01 1.127929687500000000e-01
1.012207031250000000e+00 -3.051757812500000000e-02 1.472167968750000000e-01
1.026367187500000000e+00 5.053710937500000000e-02 4.321289062500000000e-02
9.399414062500000000e-01 1.618652343750000000e-01 -7.568359375000000000e-03
9.545898437500000000e-01 1.198730468750000000e-01 -6.372070312500000000e-02
1.073486328125000000e+00 1.975097656250000000e-01 6.445312500000000000e-02
1.011962890625000000e+00 2.050781250000000000e-01 -1.245117187500000000e-02
9.829101562500000000e-01 4.443359375000000000e-02 -1.464843750000000000e-02
8.684082031250000000e-01 5.541992187500000000e-02 1.635742187500000000e-02
9.724121093750000000e-01 1.135253906250000000e-01 -2.180175781250000000e-01
1.063476562500000000e+00 8.666992187500000000e-02 1.223144531250000000e-01
8.527832031250000000e-01 1.311035156250000000e-01 -7.885742187500000000e-02
9.750976562500000000e-01 -1.538085937500000000e-02 9.057617187500000000e-02
9.350585937500000000e-01 1.684570312500000000e-02 3.247070312500000000e-02
1.003906250000000000e+00 -9.155273437500000000e-02 -7.324218750000000000e-02
1.023925781250000000e+00 1.005859375000000000e-01 1.635742187500000000e-02
9.248046875000000000e-01 4.760742187500000000e-02 2.148437500000000000e-02
1.019287109375000000e+00 3.491210937500000000e-02 1.481933593750000000e-01
1.015625000000000000e+00 2.294921875000000000e-02 1.533203125000000000e-01
8.017578125000000000e-01 -8.666992187500000000e-02 6.030273437500000000e-02
1.084960937500000000e+00 -6.616210937500000000e-02 1.584472656250000000e-01
9.802246093750000000e-01 1.401367187500000000e-01 1.186523437500000000e-01
7.829589843750000000e-01 3.662109375000000000e-03 3.227539062500000000e-01
7.829589843750000000e-01 3.662109375000000000e-03 3.227539062500000000e-01
5.974121093750000000e-01 -4.467773437500000000e-02 2.995605468750000000e-01
6.630859375000000000e-01 -9.814453125000000000e-02 5.825195312500000000e-01
9.177246093750000000e-01 -7.836914062500000000e-02 7.143554687500000000e-01
1.318847656250000000e+00 -3.510742187500000000e-01 1.080810546875000000e+00
1.377685546875000000e+00 -5.754394531250000000e-01 1.246093750000000000e+00
1.062988281250000000e+00 -5.375976562500000000e-01 1.061523437500000000e+00
7.656250000000000000e-01 -3.083496093750000000e-01 8.525390625000000000e-01
1.059570312500000000e-01 -5.229492187500000000e-01 7.495117187500000000e-01
5.810546875000000000e-02 -6.840820312500000000e-01 8.901367187500000000e-01
4.541015625000000000e-02 -8.098144531250000000e-01 9.562988281250000000e-01
6.591796875000000000e-02 -6.472167968750000000e-01 9.973144531250000000e-01
6.591796875000000000e-02 -6.472167968750000000e-01 9.973144531250000000e-01
6.591796875000000000e-02 -6.472167968750000000e-01 9.973144531250000000e-01
-4.052734375000000000e-02 -1.967773437500000000e-01 1.039306640625000000e+00
-4.052734375000000000e-02 -1.967773437500000000e-01 1.039306640625000000e+00
2.050781250000000000e-02 2.243652343750000000e-01 1.082275390625000000e+00
3.417968750000000000e-01 3.193359375000000000e-01 1.189453125000000000e+00
3.417968750000000000e-01 3.193359375000000000e-01 1.189453125000000000e+00
3.417968750000000000e-01 3.193359375000000000e-01 1.189453125000000000e+00
2.424316406250000000e-01 1.589355468750000000e-01 1.195068359375000000e+00
2.424316406250000000e-01 1.589355468750000000e-01 1.195068359375000000e+00
2.424316406250000000e-01 1.589355468750000000e-01 1.195068359375000000e+00
2.424316406250000000e-01 1.589355468750000000e-01 1.195068359375000000e+00
8.056640625000000000e-02 2.558593750000000000e-01 9.575195312500000000e-01
-8.300781250000000000e-02 2.612304687500000000e-01 9.580078125000000000e-01
-8.300781250000000000e-02 2.612304687500000000e-01 9.580078125000000000e-01
-1.042480468750000000e-01 2.575683593750000000e-01 9.423828125000000000e-01
-1.042480468750000000e-01 2.575683593750000000e-01 9.423828125000000000e-01
-1.672363281250000000e-01 2.399902343750000000e-01 1.147216796875000000e+00
-1.672363281250000000e-01 2.399902343750000000e-01 1.147216796875000000e+00
-1.672363281250000000e-01 2.399902343750000000e-01 1.147216796875000000e+00
-7.592773437500000000e-02 2.543945312500000000e-01 1.182128906250000000e+00
-7.592773437500000000e-02 2.543945312500000000e-01 1.182128906250000000e+00
-9.765625000000000000e-03 2.539062500000000000e-01 1.123046875000000000e+00
6.591796875000000000e-02 2.285156250000000000e-01 9.179687500000000000e-01
-1.953125000000000000e-02 1.865234375000000000e-01 8.508300781250000000e-01
-2.465820312500000000e-02 2.304687500000000000e-01 9.838867187500000000e-01
-1.464843750000000000e-02 2.390136718750000000e-01 1.103027343750000000e+00
2.343750000000000000e-02 3.164062500000000000e-01 1.141601562500000000e+00
-2.783203125000000000e-02 2.751464843750000000e-01 9.714355468750000000e-01
-8.544921875000000000e-03 2.617187500000000000e-01 9.934082031250000000e-01
-8.544921875000000000e-03 2.617187500000000000e-01 9.934082031250000000e-01
-1.367187500000000000e-02 2.670898437500000000e-01 1.041259765625000000e+00
-1.953125000000000000e-02 2.651367187500000000e-01 1.059814453125000000e+00
2.221679687500000000e-02 2.736816406250000000e-01 1.051269531250000000e+00
2.978515625000000000e-02 2.810058593750000000e-01 1.088134765625000000e+00
-2.490234375000000000e-02 2.785644531250000000e-01 1.076660156250000000e+00
-2.709960937500000000e-02 2.785644531250000000e-01 1.083984375000000000e+00
-2.929687500000000000e-02 2.207031250000000000e-01 1.089599609375000000e+00
-2.734375000000000000e-02 2.241210937500000000e-01 1.033935546875000000e+00
2.612304687500000000e-02 2.209472656250000000e-01 1.089111328125000000e+00
3.002929687500000000e-02 2.739257812500000000e-01 1.088623046875000000e+00
2.978515625000000000e-02 2.763671875000000000e-01 1.084472656250000000e+00
2.343750000000000000e-02 2.756347656250000000e-01 1.085449218750000000e+00
2.270507812500000000e-02 2.702636718750000000e-01 1.037353515625000000e+00
2.294921875000000000e-02 2.768554687500000000e-01 1.093505859375000000e+00
1.977539062500000000e-02 2.785644531250000000e-01 1.084472656250000000e+00
2.392578125000000000e-02 2.763671875000000000e-01 1.093017578125000000e+00
1.635742187500000000e-02 2.697753906250000000e-01 1.090576171875000000e+00
1.806640625000000000e-02 2.687988281250000000e-01 1.032958984375000000e+00
1.953125000000000000e-02 2.729492187500000000e-01 1.036376953125000000e+00
1.831054687500000000e-02 2.675781250000000000e-01 1.035888671875000000e+00
1.782226562500000000e-02 2.727050781250000000e-01 1.090820312500000000e+00
1.513671875000000000e-02 2.612304687500000000e-01 1.093017578125000000e+00
1.562500000000000000e-02 2.712402343750000000e-01 1.092285156250000000e+00
2.124023437500000000e-02 2.695312500000000000e-01 1.034667968750000000e+00
1.513671875000000000e-02 2.790527343750000000e-01 1.033447265625000000e+00
1.391601562500000000e-02 2.731933593750000000e-01 1.082763671875000000e+00
1.757812500000000000e-02 2.614746093750000000e-01 1.033935546875000000e+00
1.269531250000000000e-02 2.639160156250000000e-01 1.034912109375000000e+00
1.269531250000000000e-02 2.639160156250000000e-01 1.034912109375000000e+00
1.171875000000000000e-02 2.666015625000000000e-01 1.033447265625000000e+00
1.098632812500000000e-02 2.685546875000000000e-01 1.031738281250000000e+00
1.074218750000000000e-02 2.666015625000000000e-01 1.032714843750000000e+00
1.440429687500000000e-02 2.656250000000000000e-01 1.092773437500000000e+00
1.245117187500000000e-02 2.639160156250000000e-01 1.032226562500000000e+00
1.660156250000000000e-02 2.622070312500000000e-01 1.093261718750000000e+00
1.782226562500000000e-02 2.619628906250000000e-01 1.093750000000000000e+00
1.586914062500000000e-02 2.636718750000000000e-01 1.033447265625000000e+00
1.000976562500000000e-02 2.707519531250000000e-01 1.091308593750000000e+00
2.270507812500000000e-02 2.653808593750000000e-01 1.032470703125000000e+00
1.684570312500000000e-02 2.666015625000000000e-01 1.035644531250000000e+00
1.635742187500000000e-02 2.624511718750000000e-01 1.092285156250000000e+00
1.367187500000000000e-02 2.670898437500000000e-01 1.093261718750000000e+00
1.806640625000000000e-02 2.666015625000000000e-01 1.090576171875000000e+00
1.538085937500000000e-02 2.734375000000000000e-01 1.031738281250000000e+00
1.123046875000000000e-02 2.624511718750000000e-01 1.084228515625000000e+00
1.196289062500000000e-02 2.678222656250000000e-01 1.034912109375000000e+00
-6.494140625000000000e-02 2.631835937500000000e-01 1.065673828125000000e+00
1.196289062500000000e-02 2.800292968750000000e-01 1.083984375000000000e+00
-7.763671875000000000e-02 1.857910156250000000e-01 1.058593750000000000e+00
2.954101562500000000e-02 2.158203125000000000e-01 1.038085937500000000e+00
-9.301757812500000000e-02 1.853027343750000000e-01 9.316406250000000000e-01
-6.762695312500000000e-02 2.805175781250000000e-01 1.087646484375000000e+00
-4.638671875000000000e-02 2.290039062500000000e-01 9.968261718750000000e-01
-4.443359375000000000e-02 2.258300781250000000e-01 1.001708984375000000e+00
-9.716796875000000000e-02 2.199707031250000000e-01 1.065429687500000000e+00
-1.342773437500000000e-01 2.951660156250000000e-01 1.013183593750000000e+00
-1.337890625000000000e-01 2.753906250000000000e-01 1.080566406250000000e+00
5.615234375000000000e-03 2.058105468750000000e-01 1.051513671875000000e+00
2.856445312500000000e-02 1.254882812500000000e-01 1.104003906250000000e+00
-4.882812500000000000e-04 -8.032226562500000000e-02 1.212402343750000000e+00
1.284179687500000000e-01 3.442382812500000000e-02 1.118408203125000000e+00
1.735839843750000000e-01 2.929687500000000000e-01 1.046386718750000000e+00
3.293457031250000000e-01 3.989257812500000000e-01 1.012939453125000000e+00
2.282714843750000000e-01 4.677734375000000000e-01 9.807128906250000000e-01
2.851562500000000000e-01 4.648437500000000000e-01 7.998046875000000000e-01
3.674316406250000000e-01 3.361816406250000000e-01 9.394531250000000000e-01
3.957519531250000000e-01 3.984375000000000000e-01 9.753417968750000000e-01
4.514160156250000000e-01 2.714843750000000000e-01 9.621582031250000000e-01
3.723144531250000000e-01 2.185058593750000000e-01 1.023193359375000000e+00
3.679199218750000000e-01 1.330566406250000000e-01 9.570312500000000000e-01
5.119628906250000000e-01 -1.635742187500000000e-02 9.604492187500000000e-01
5.854492187500000000e-01 -3.369140625000000000e-02 8.708496093750000000e-01
6.455078125000000000e-01 -1.301269531250000000e-01 8.552246093750000000e-01
7.797851562500000000e-01 -1.848144531250000000e-01 8.535156250000000000e-01
8.166503906250000000e-01 -3.400878906250000000e-01 7.333984375000000000e-01
7.514648437500000000e-01 -2.917480468750000000e-01 7.502441406250000000e-01
7.272949218750000000e-01 -3.569335937500000000e-01 5.778808593750000000e-01
8.029785156250000000e-01 -3.640136718750000000e-01 4.709472656250000000e-01
9.099121093750000000e-01 -3.986816406250000000e-01 5.219726562500000000e-01
9.672851562500000000e-01 -2.197265625000000000e-01 4.697265625000000000e-01
9.472656250000000000e-01 -2.136230468750000000e-01 6.323242187500000000e-01
8.596191406250000000e-01 -1.616210937500000000e-01 6.254882812500000000e-01
8.615722656250000000e-01 -1.254882812500000000e-01 6.098632812500000000e-01
9.750976562500000000e-01 -1.352539062500000000e-01 6.303710937500000000e-01
1.140869140625000000e+00 -1.442871093750000000e-01 5.227050781250000000e-01
1.370605468750000000e+00 -2.641601562500000000e-01 4.541015625000000000e-01
1.329345703125000000e+00 9.765625000000000000e-04 2.871093750000000000e-01
1.211669921875000000e+00 -1.340332031250000000e-01 2.736816406250000000e-01
1.142578125000000000e+00 -4.003906250000000000e-02 1.220703125000000000e-01
9.985351562500000000e-01 -7.592773437500000000e-02 1.369628906250000000e-01
9.689941406250000000e-01 7.324218750000000000e-03 4.833984375000000000e-02
1.001464843750000000e+00 -8.789062500000000000e-03 6.347656250000000000e-02
9.284667968750000000e-01 -4.638671875000000000e-03 8.520507812500000000e-02
9.365234375000000000e-01 2.221679687500000000e-02 1.708984375000000000e-03
