9.765625000000000000e-01 9.912109375000000000e-02 1.098632812500000000e-02
9.765625000000000000e-01 9.912109375000000000e-02 1.098632812500000000e-02
9.868164062500000000e-01 1.159667968750000000e-01 1.953125000000000000e-03
9.868164062500000000e-01 1.159667968750000000e-01 1.953125000000000000e-03
9.855957031250000000e-01 1.135253906250000000e-01 4.394531250000000000e-03
9.741210937500000000e-01 1.118164062500000000e-01 -7.495117187500000000e-02
9.714355468750000000e-01 1.081542968750000000e-01 -8.325195312500000000e-02
1.029785156250000000e+00 1.042480468750000000e-01 -3.491210937500000000e-02
1.024658203125000000e+00 1.379394531250000000e-01 -5.493164062500000000e-02
9.907226562500000000e-01 1.523437500000000000e-01 -4.809570312500000000e-02
1.069824218750000000e+00 9.814453125000000000e-02 -3.564453125000000000e-02
9.719238281250000000e-01 1.533203125000000000e-01 -8.837890625000000000e-02
9.780273437500000000e-01 1.027832031250000000e-01 -7.617187500000000000e-02
9.936523437500000000e-01 9.667968750000000000e-02 -3.198242187500000000e-02
1.029785156250000000e+00 1.918945312500000000e-01 -3.857421875000000000e-02
1.025390625000000000e+00 2.036132812500000000e-01 2.880859375000000000e-02
9.919433593750000000e-01 1.035156250000000000e-01 5.249023437500000000e-02
1.011230468750000000e+00 2.006835937500000000e-01 7.763671875000000000e-02
1.017822265625000000e+00 1.665039062500000000e-01 4.248046875000000000e-02
1.013427734375000000e+00 1.059570312500000000e-01 7.714843750000000000e-02
1.029296875000000000e+00 1.408691406250000000e-01 4.833984375000000000e-02
9.309082031250000000e-01 1.308593750000000000e-01 1.103515625000000000e-01
8.574218750000000000e-01 1.115722656250000000e-01 -7.568359375000000000e-03
1.084716796875000000e+00 1.555175781250000000e-01 -3.330078125000000000e-01
1.145507812500000000e+00 1.982421875000000000e-01 -2.155761718750000000e-01
8.356933593750000000e-01 -8.715820312500000000e-02 -2.929687500000000000e-03
1.269042968750000000e+00 1.455078125000000000e-01 8.911132812500000000e-02
8.500976562500000000e-01 7.934570312500000000e-02 1.308593750000000000e-01
1.003173828125000000e+00 6.640625000000000000e-02 1.562500000000000000e-02
9.289550781250000000e-01 -1.435546875000000000e-01 8.251953125000000000e-02
8.647460937500000000e-01 7.128906250000000000e-02 -1.196289062500000000e-02
1.037353515625000000e+00 1.708984375000000000e-02 3.320312500000000000e-02
9.589843750000000000e-01 2.980957031250000000e-01 2.270507812500000000e-02
9.926757812500000000e-01 8.422851562500000000e-02 4.418945312500000000e-02
9.309082031250000000e-01 1.018066406250000000e-01 1.323242187500000000e-01
9.677734375000000000e-01 2.475585937500000000e-01 3.100585937500000000e-02
1.050048828125000000e+00 1.035156250000000000e-01 -7.324218750000000000e-04
1.142333984375000000e+00 1.232910156250000000e-01 7.031250000000000000e-02
9.055175781250000000e-01 1.103515625000000000e-01 9.765625000000000000e-02
8.703613281250000000e-01 1.354980468750000000e-01 2.758789062500000000e-01
7.751464843750000000e-01 8.642578125000000000e-02 1.789550781250000000e-01
7.590332031250000000e-01 3.149414062500000000e-02 2.224121093750000000e-01
7.814941406250000000e-01 7.006835937500000000e-02 3.840332031250000000e-01
9.711914062500000000e-01 1.435546875000000000e-01 5.129394531250000000e-01
1.239013671875000000e+00 -7.812500000000000000e-03 7.536621093750000000e-01
1.464599609375000000e+00 -2.036132812500000000e-01 9.184570312500000000e-01
1.325683593750000000e+00 -2.084960937500000000e-01 9.248046875000000000e-01
1.017333984375000000e+00 -1.271972656250000000e-01 9.519042968750000000e-01
8.435058593750000000e-01 -1.379394531250000000e-01 6.640625000000000000e-01
7.629394531250000000e-01 -1.523437500000000000e-01 4.868164062500000000e-01
7.961425781250000000e-01 -9.448242187500000000e-02 4.433593750000000000e-01
9.008789062500000000e-01 -1.457519531250000000e-01 3.601074218750000000e-01
8.439941406250000000e-01 -1.223144531250000000e-01 4.514160156250000000e-01
9.514160156250000000e-01 -2.221679687500000000e-01 5.681152343750000000e-01
8.015136718750000000e-01 -3.012695312500000000e-01 6.650390625000000000e-01
7.453613281250000000e-01 -2.883300781250000000e-01 7.080078125000000000e-01
6.689453125000000000e-01 -3.757324218750000000e-01 6.398925781250000000e-01
6.909179687500000000e-01 -5.004882812500000000e-01 6.562500000000000000e-01
5.893554687500000000e-01 -6.997070312500000000e-01 6.232910156250000000e-01
5.073242187500000000e-01 -7.236328125000000000e-01 6.826171875000000000e-01
5.073242187500000000e-01 -7.236328125000000000e-01 6.826171875000000000e-01
3.444824218750000000e-01 -7.509765625000000000e-01 7.243652343750000000e-01
3.444824218750000000e-01 -7.509765625000000000e-01 7.243652343750000000e-01
3.359375000000000000e-01 -7.175292968750000000e-01 7.307128906250000000e-01
3.791503906250000000e-01 -6.970214843750000000e-01 7.236328125000000000e-01
3.034667968750000000e-01 -6.887207031250000000e-01 7.309570312500000000e-01
2.282714843750000000e-01 -5.551757812500000000e-01 7.954101562500000000e-01
1.787109375000000000e-01 -4.916992187500000000e-01 8.833007812500000000e-01
2.651367187500000000e-01 -4.177246093750000000e-01 9.592285156250000000e-01
1.982421875000000000e-01 -4.611816406250000000e-01 1.085693359375000000e+00
1.735839843750000000e-01 -3.527832031250000000e-01 1.089599609375000000e+00
1.325683593750000000e-01 -1.499023437500000000e-01 9.909667968750000000e-01
1.164550781250000000e-01 -1.181640625000000000e-01 1.014892578125000000e+00
5.322265625000000000e-02 7.592773437500000000e-02 9.909667968750000000e-01
2.509765625000000000e-01 -7.812500000000000000e-02 1.129150390625000000e+00
2.768554687500000000e-01 -1.904296875000000000e-01 1.109130859375000000e+00
1.457519531250000000e-01 -7.836914062500000000e-02 1.062500000000000000e+00
2.119140625000000000e-01 -3.369140625000000000e-02 1.050292968750000000e+00
6.323242187500000000e-02 -6.347656250000000000e-03 1.132324218750000000e+00
1.606445312500000000e-01 7.421875000000000000e-02 1.115478515625000000e+00
2.558593750000000000e-01 1.123046875000000000e-02 1.182861328125000000e+00
1.318359375000000000e-02 -1.147460937500000000e-02 1.082519531250000000e+00
1.643066406250000000e-01 5.615234375000000000e-03 1.062500000000000000e+00
-5.493164062500000000e-02 -8.715820312500000000e-02 1.025634765625000000e+00
-8.251953125000000000e-02 1.245117187500000000e-02 1.075195312500000000e+00
-6.689453125000000000e-02 -7.128906250000000000e-02 1.193603515625000000e+00
-6.689453125000000000e-02 -7.128906250000000000e-02 1.193603515625000000e+00
8.056640625000000000e-03 -7.299804687500000000e-02 1.047119140625000000e+00
7.690429687500000000e-02 -1.953125000000000000e-02 1.048828125000000000e+00
-2.197265625000000000e-03 6.518554687500000000e-02 1.040039062500000000e+00
6.713867187500000000e-02 -1.196289062500000000e-02 1.052734375000000000e+00
-3.173828125000000000e-03 2.026367187500000000e-02 1.128173828125000000e+00
-2.416992187500000000e-02 1.660156250000000000e-02 1.130371093750000000e+00
-2.197265625000000000e-02 -2.563476562500000000e-02 1.136962890625000000e+00
-1.977539062500000000e-02 6.347656250000000000e-02 1.060058593750000000e+00
-5.615234375000000000e-03 -5.371093750000000000e-03 1.135498046875000000e+00
-5.615234375000000000e-03 -1.391601562500000000e-02 1.052978515625000000e+00
-3.417968750000000000e-03 3.051757812500000000e-02 1.059814453125000000e+00
-3.662109375000000000e-03 2.392578125000000000e-02 1.048583984375000000e+00
-7.324218750000000000e-04 -1.513671875000000000e-02 1.059082031250000000e+00
-8.300781250000000000e-03 -5.615234375000000000e-03 1.127929687500000000e+00
-1.123046875000000000e-02 6.250000000000000000e-02 1.127441406250000000e+00
-7.812500000000000000e-03 -1.245117187500000000e-02 1.130859375000000000e+00
-7.812500000000000000e-03 -1.245117187500000000e-02 1.130859375000000000e+00
-8.300781250000000000e-03 -1.391601562500000000e-02 1.127685546875000000e+00
-5.615234375000000000e-03 -1.416015625000000000e-02 1.125732421875000000e+00
-1.367187500000000000e-02 -1.220703125000000000e-02 1.052978515625000000e+00
-2.050781250000000000e-02 -1.831054687500000000e-02 1.134521484375000000e+00
-2.124023437500000000e-02 -1.269531250000000000e-02 1.128662109375000000e+00
-1.611328125000000000e-02 -1.293945312500000000e-02 1.054443359375000000e+00
-1.562500000000000000e-02 -1.245117187500000000e-02 1.134277343750000000e+00
-1.782226562500000000e-02 -1.147460937500000000e-02 1.126953125000000000e+00
-1.782226562500000000e-02 -9.765625000000000000e-03 1.129638671875000000e+00
-1.831054687500000000e-02 -1.269531250000000000e-02 1.129638671875000000e+00
-1.757812500000000000e-02 -8.544921875000000000e-03 1.057861328125000000e+00
-1.757812500000000000e-02 -8.544921875000000000e-03 1.057861328125000000e+00
-1.635742187500000000e-02 -6.103515625000000000e-03 1.135986328125000000e+00
-1.000976562500000000e-02 -9.033203125000000000e-03 1.126464843750000000e+00
-1.513671875000000000e-02 -1.171875000000000000e-02 1.060791015625000000e+00
-1.000976562500000000e-02 -1.245117187500000000e-02 1.130859375000000000e+00
-8.300781250000000000e-03 -8.056640625000000000e-03 1.061279296875000000e+00
-1.782226562500000000e-02 -1.489257812500000000e-02 1.061767578125000000e+00
-2.270507812500000000e-02 -1.489257812500000000e-02 1.135009765625000000e+00
-1.367187500000000000e-02 -5.859375000000000000e-03 1.125976562500000000e+00
-1.513671875000000000e-02 -9.521484375000000000e-03 1.126708984375000000e+00
-8.300781250000000000e-03 -2.685546875000000000e-03 1.126464843750000000e+00
-1.708984375000000000e-03 -5.859375000000000000e-03 1.151611328125000000e+00
-6.347656250000000000e-03 -1.611328125000000000e-02 1.126953125000000000e+00
-2.490234375000000000e-02 -2.685546875000000000e-03 1.135253906250000000e+00
-1.123046875000000000e-02 6.347656250000000000e-02 1.133789062500000000e+00
-1.074218750000000000e-02 -1.000976562500000000e-02 1.044433593750000000e+00
-2.319335937500000000e-02 6.689453125000000000e-02 1.058593750000000000e+00
1.953125000000000000e-03 8.666992187500000000e-02 1.088623046875000000e+00
-4.663085937500000000e-02 6.738281250000000000e-02 1.066162109375000000e+00
8.789062500000000000e-03 7.080078125000000000e-02 9.997558593750000000e-01
-3.344726562500000000e-02 3.076171875000000000e-02 1.084960937500000000e+00
5.615234375000000000e-03 -6.323242187500000000e-02 1.025146484375000000e+00
-5.468750000000000000e-02 -6.518554687500000000e-02 1.051757812500000000e+00
-3.442382812500000000e-02 -8.349609375000000000e-02 9.882812500000000000e-01
4.956054687500000000e-02 -2.619628906250000000e-01 1.039062500000000000e+00
1.928710937500000000e-01 -1.123046875000000000e-01 1.172851562500000000e+00
2.138671875000000000e-01 -1.716308593750000000e-01 1.188720703125000000e+00
2.343750000000000000e-01 -2.441406250000000000e-03 1.098632812500000000e+00
3.952636718750000000e-01 -3.930664062500000000e-02 1.017333984375000000e+00
3.449707031250000000e-01 -6.738281250000000000e-02 9.260253906250000000e-01
5.031738281250000000e-01 -2.148437500000000000e-02 1.012207031250000000e+00
4.597167968750000000e-01 1.850585937500000000e-01 1.012207031250000000e+00
4.108886718750000000e-01 2.165527343750000000e-01 9.079589843750000000e-01
4.511718750000000000e-01 5.859375000000000000e-03 9.831542968750000000e-01
4.042968750000000000e-01 -1.196289062500000000e-01 1.069091796875000000e+00
4.484863281250000000e-01 -1.311035156250000000e-01 9.458007812500000000e-01
4.531250000000000000e-01 -5.957031250000000000e-02 9.392089843750000000e-01
5.703125000000000000e-01 -9.350585937500000000e-02 8.913574218750000000e-01
5.478515625000000000e-01 -5.957031250000000000e-02 9.060058593750000000e-01
6.887207031250000000e-01 -2.187500000000000000e-01 8.229980468750000000e-01
7.666015625000000000e-01 -2.636718750000000000e-01 7.634277343750000000e-01
8.906250000000000000e-01 -2.912597656250000000e-01 6.669921875000000000e-01
9.045410156250000000e-01 -2.934570312500000000e-01 6.135253906250000000e-01
9.560546875000000000e-01 -3.771972656250000000e-01 5.427246093750000000e-01
8.544921875000000000e-01 -2.568359375000000000e-01 4.118652343750000000e-01
9.348144531250000000e-01 -2.434082031250000000e-01 4.143066406250000000e-01
9.309082031250000000e-01 -2.607421875000000000e-01 4.389648437500000000e-01
9.431152343750000000e-01 -1.538085937500000000e-01 4.936523437500000000e-01
9.316406250000000000e-01 -1.398925781250000000e-01 5.039062500000000000e-01
1.074462890625000000e+00 -9.912109375000000000e-02 3.906250000000000000e-01
1.215087890625000000e+00 -2.663574218750000000e-01 2.929687500000000000e-01
1.423095703125000000e+00 -2.233886718750000000e-01 1.591796875000000000e-01
1.304443359375000000e+00 -4.492187500000000000e-02 -1.708984375000000000e-03
1.195068359375000000e+00 4.638671875000000000e-03 -8.666992187500000000e-02
1.146484375000000000e+00 -9.277343750000000000e-03 -1.484375000000000000e-01
9.819335937500000000e-01 9.033203125000000000e-03 -7.348632812500000000e-02
1.023681640625000000e+00 1.318359375000000000e-01 -1.735839843750000000e-01
9.372558593750000000e-01 4.663085937500000000e-02 -1.616210937500000000e-01
8.718261718750000000e-01 8.740234375000000000e-02 -1.486816406250000000e-01
8.718261718750000000e-01 8.740234375000000000e-02 -1.486816406250000000e-01
8.837890625000000000e-01 5.810546875000000000e-02 5.859375000000000000e-03
9.445800781250000000e-01 5.444335937500000000e-02 1.220703125000000000e-02
9.445800781250000000e-01 5.444335937500000000e-02 1.220703125000000000e-02
9.682617187500000000e-01 -1.245117187500000000e-02 -1.928710937500000000e-01
8.908691406250000000e-01 5.664062500000000000e-02 -1.171875000000000000e-02
7.297363281250000000e-01 -1.391601562500000000e-02 -2.685546875000000000e-03
9.096679687500000000e-01 1.909179687500000000e-01 2.270507812500000000e-02
1.025878906250000000e+00 1.791992187500000000e-01 -6.640625000000000000e-02
8.010253906250000000e-01 9.228515625000000000e-02 -8.251953125000000000e-02
8.586425781250000000e-01 1.140136718750000000e-01 1.953125000000000000e-02
8.469238281250000000e-01 1.247558593750000000e-01 -1.286621093750000000e-01
1.077148437500000000e+00 2.741699218750000000e-01 7.055664062500000000e-02
1.197753906250000000e+00 2.846679687500000000e-01 5.078125000000000000e-02
1.407470703125000000e+00 3.417968750000000000e-03 -2.539062500000000000e-01
8.540039062500000000e-01 9.765625000000000000e-03 -1.379394531250000000e-01
1.009765625000000000e+00 -5.078125000000000000e-02 -1.535644531250000000e-01
9.147949218750000000e-01 -5.395507812500000000e-02 -1.403808593750000000e-01
9.731445312500000000e-01 -1.333007812500000000e-01 -5.004882812500000000e-02
9.343261718750000000e-01 -1.538085937500000000e-01 -6.176757812500000000e-02
8.637695312500000000e-01 1.074218750000000000e-02 -1.335449218750000000e-01
1.130859375000000000e+00 -2.050781250000000000e-02 -1.518554687500000000e-01
1.052734375000000000e+00 5.859375000000000000e-03 -6.420898437500000000e-02
9.353027343750000000e-01 -5.908203125000000000e-02 -8.349609375000000000e-02
1.010986328125000000e+00 -5.395507812500000000e-02 -5.151367187500000000e-02
9.980468750000000000e-01 -1.025390625000000000e-02 -1.022949218750000000e-01
