7.216796875000000000e-01 6.274414062500000000e-02 -6.313476562500000000e-01
7.216796875000000000e-01 6.274414062500000000e-02 -6.313476562500000000e-01
7.194824218750000000e-01 -4.882812500000000000e-04 -6.291503906250000000e-01
7.258300781250000000e-01 6.445312500000000000e-02 -6.328125000000000000e-01
7.280273437500000000e-01 6.713867187500000000e-02 -6.362304687500000000e-01
7.243652343750000000e-01 6.762695312500000000e-02 -6.411132812500000000e-01
7.263183593750000000e-01 6.738281250000000000e-02 -6.320800781250000000e-01
7.209472656250000000e-01 6.933593750000000000e-02 -6.323242187500000000e-01
7.807617187500000000e-01 6.982421875000000000e-02 -6.364746093750000000e-01
7.231445312500000000e-01 6.445312500000000000e-02 -6.328125000000000000e-01
7.197265625000000000e-01 6.933593750000000000e-02 -6.325683593750000000e-01
7.248535156250000000e-01 6.811523437500000000e-02 -6.347656250000000000e-01
7.224121093750000000e-01 7.031250000000000000e-02 -6.394042968750000000e-01
7.236328125000000000e-01 6.567382812500000000e-02 -6.337890625000000000e-01
7.211914062500000000e-01 6.640625000000000000e-02 -6.320800781250000000e-01
7.221679687500000000e-01 6.591796875000000000e-02 -6.345214843750000000e-01
7.231445312500000000e-01 6.958007812500000000e-02 -6.389160156250000000e-01
7.231445312500000000e-01 6.738281250000000000e-02 -6.389160156250000000e-01
7.260742187500000000e-01 6.542968750000000000e-02 -6.398925781250000000e-01
7.329101562500000000e-01 -9.765625000000000000e-04 -6.486816406250000000e-01
7.246093750000000000e-01 -4.882812500000000000e-04 -6.472167968750000000e-01
6.784667968750000000e-01 -1.928710937500000000e-02 -6.533203125000000000e-01
6.765136718750000000e-01 -1.953125000000000000e-02 -6.108398437500000000e-01
7.236328125000000000e-01 6.982421875000000000e-02 -6.052246093750000000e-01
7.646484375000000000e-01 -1.416015625000000000e-02 -5.976562500000000000e-01
7.419433593750000000e-01 -1.171875000000000000e-02 -6.450195312500000000e-01
7.363281250000000000e-01 6.762695312500000000e-02 -6.269531250000000000e-01
7.375488281250000000e-01 6.445312500000000000e-02 -5.393066406250000000e-01
7.470703125000000000e-01 6.469726562500000000e-02 -5.866699218750000000e-01
8.227539062500000000e-01 -7.324218750000000000e-04 -5.390625000000000000e-01
7.470703125000000000e-01 6.445312500000000000e-02 -5.324707031250000000e-01
7.424316406250000000e-01 -1.879882812500000000e-02 -5.341796875000000000e-01
8.154296875000000000e-01 -1.953125000000000000e-02 -5.769042968750000000e-01
8.334960937500000000e-01 -2.709960937500000000e-02 -5.810546875000000000e-01
7.861328125000000000e-01 3.002929687500000000e-02 -5.839843750000000000e-01
7.905273437500000000e-01 -2.661132812500000000e-02 -5.695800781250000000e-01
8.398437500000000000e-01 -2.416992187500000000e-02 -5.529785156250000000e-01
8.420410156250000000e-01 -1.831054687500000000e-02 -5.695800781250000000e-01
8.427734375000000000e-01 -1.098632812500000000e-02 -4.907226562500000000e-01
8.410644531250000000e-01 -7.568359375000000000e-03 -5.649414062500000000e-01
7.915039062500000000e-01 7.495117187500000000e-02 -4.982910156250000000e-01
7.902832031250000000e-01 7.617187500000000000e-02 -4.914550781250000000e-01
7.890625000000000000e-01 -5.859375000000000000e-03 -4.694824218750000000e-01
7.883300781250000000e-01 -2.465820312500000000e-02 -4.846191406250000000e-01
8.027343750000000000e-01 2.856445312500000000e-02 -5.695800781250000000e-01
7.863769531250000000e-01 3.076171875000000000e-02 -5.769042968750000000e-01
7.824707031250000000e-01 -2.539062500000000000e-02 -4.875488281250000000e-01
7.888183593750000000e-01 -1.245117187500000000e-02 -4.909667968750000000e-01
7.836914062500000000e-01 6.884765625000000000e-02 -4.736328125000000000e-01
8.833007812500000000e-01 6.616210937500000000e-02 -4.799804687500000000e-01
8.757324218750000000e-01 7.226562500000000000e-02 -4.921875000000000000e-01
8.754882812500000000e-01 -3.173828125000000000e-03 -4.694824218750000000e-01
8.752441406250000000e-01 -1.977539062500000000e-02 -5.209960937500000000e-01
8.103027343750000000e-01 2.685546875000000000e-02 -4.758300781250000000e-01
7.868652343750000000e-01 -1.904296875000000000e-02 -5.068359375000000000e-01
8.762207031250000000e-01 -9.765625000000000000e-03 -5.229492187500000000e-01
7.971191406250000000e-01 7.641601562500000000e-02 -5.168457031250000000e-01
8.918457031250000000e-01 7.836914062500000000e-02 -4.719238281250000000e-01
8.820800781250000000e-01 8.129882812500000000e-02 -5.207519531250000000e-01
9.001464843750000000e-01 6.933593750000000000e-02 -5.073242187500000000e-01
8.811035156250000000e-01 2.685546875000000000e-02 -4.370117187500000000e-01
8.896484375000000000e-01 1.538085937500000000e-02 -4.975585937500000000e-01
7.973632812500000000e-01 -4.882812500000000000e-04 -4.196777343750000000e-01
8.789062500000000000e-01 -1.953125000000000000e-03 -4.372558593750000000e-01
8.083496093750000000e-01 6.616210937500000000e-02 -5.083007812500000000e-01
9.062500000000000000e-01 -1.782226562500000000e-02 -4.746093750000000000e-01
8.762207031250000000e-01 6.787109375000000000e-02 -4.733886718750000000e-01
8.986816406250000000e-01 -7.568359375000000000e-03 -4.291992187500000000e-01
8.103027343750000000e-01 -5.371093750000000000e-03 -5.258789062500000000e-01
8.759765625000000000e-01 -7.324218750000000000e-03 -5.117187500000000000e-01
8.005371093750000000e-01 -2.832031250000000000e-02 -5.080566406250000000e-01
8.078613281250000000e-01 -1.074218750000000000e-02 -5.043945312500000000e-01
8.789062500000000000e-01 -2.026367187500000000e-02 -4.694824218750000000e-01
8.117675781250000000e-01 6.396484375000000000e-02 -5.202636718750000000e-01
8.798828125000000000e-01 7.128906250000000000e-02 -4.694824218750000000e-01
8.801269531250000000e-01 3.369140625000000000e-02 -5.222167968750000000e-01
8.925781250000000000e-01 -5.615234375000000000e-03 -5.063476562500000000e-01
8.835449218750000000e-01 -2.685546875000000000e-03 -4.794921875000000000e-01
7.990722656250000000e-01 2.661132812500000000e-02 -5.366210937500000000e-01
7.937011718750000000e-01 2.685546875000000000e-03 -5.017089843750000000e-01
8.110351562500000000e-01 -2.880859375000000000e-02 -4.311523437500000000e-01
8.767089843750000000e-01 -7.812500000000000000e-03 -5.310058593750000000e-01
8.759765625000000000e-01 8.056640625000000000e-02 -5.214843750000000000e-01
8.071289062500000000e-01 8.471679687500000000e-02 -4.741210937500000000e-01
8.764648437500000000e-01 7.275390625000000000e-02 -5.083007812500000000e-01
8.850097656250000000e-01 -1.953125000000000000e-03 -4.816894531250000000e-01
8.027343750000000000e-01 -2.587890625000000000e-02 -5.280761718750000000e-01
7.963867187500000000e-01 -6.689453125000000000e-02 -4.853515625000000000e-01
7.958984375000000000e-01 -1.416015625000000000e-02 -5.119628906250000000e-01
8.789062500000000000e-01 -1.342773437500000000e-02 -4.704589843750000000e-01
8.798828125000000000e-01 6.811523437500000000e-02 -5.148925781250000000e-01
8.801269531250000000e-01 -2.441406250000000000e-03 -4.790039062500000000e-01
8.122558593750000000e-01 -9.765625000000000000e-04 -4.689941406250000000e-01
9.008789062500000000e-01 -7.812500000000000000e-03 -5.144042968750000000e-01
8.090820312500000000e-01 -9.033203125000000000e-03 -5.068359375000000000e-01
7.949218750000000000e-01 -1.269531250000000000e-02 -4.763183593750000000e-01
7.912597656250000000e-01 6.738281250000000000e-02 -5.056152343750000000e-01
8.840332031250000000e-01 -1.538085937500000000e-02 -5.168457031250000000e-01
8.803710937500000000e-01 7.836914062500000000e-02 -5.031738281250000000e-01
8.056640625000000000e-01 -1.367187500000000000e-02 -5.290527343750000000e-01
8.801269531250000000e-01 7.397460937500000000e-02 -4.829101562500000000e-01
8.789062500000000000e-01 -2.685546875000000000e-03 -4.731445312500000000e-01
8.044433593750000000e-01 2.636718750000000000e-02 -5.800781250000000000e-01
8.044433593750000000e-01 2.636718750000000000e-02 -5.800781250000000000e-01
7.875976562500000000e-01 -3.051757812500000000e-02 -5.117187500000000000e-01
7.956542968750000000e-01 -2.685546875000000000e-03 -4.699707031250000000e-01
7.907714843750000000e-01 -1.049804687500000000e-02 -4.851074218750000000e-01
8.049316406250000000e-01 -1.220703125000000000e-02 -4.836425781250000000e-01
8.813476562500000000e-01 -6.835937500000000000e-03 -5.732421875000000000e-01
7.939453125000000000e-01 -1.391601562500000000e-02 -4.733886718750000000e-01
7.927246093750000000e-01 2.905273437500000000e-02 -4.948730468750000000e-01
7.851562500000000000e-01 3.100585937500000000e-02 -4.892578125000000000e-01
7.946777343750000000e-01 -2.612304687500000000e-02 -5.017089843750000000e-01
7.941894531250000000e-01 7.543945312500000000e-02 -4.848632812500000000e-01
7.912597656250000000e-01 -1.318359375000000000e-02 -5.703125000000000000e-01
7.995605468750000000e-01 -2.416992187500000000e-02 -4.987792968750000000e-01
7.978515625000000000e-01 -2.001953125000000000e-02 -5.629882812500000000e-01
8.007812500000000000e-01 -5.615234375000000000e-03 -4.741210937500000000e-01
7.919921875000000000e-01 -2.856445312500000000e-02 -4.848632812500000000e-01
8.020019531250000000e-01 -2.026367187500000000e-02 -4.770507812500000000e-01
7.822265625000000000e-01 2.709960937500000000e-02 -5.673828125000000000e-01
7.858886718750000000e-01 7.031250000000000000e-02 -4.738769531250000000e-01
7.966308593750000000e-01 -4.882812500000000000e-03 -4.794921875000000000e-01
7.988281250000000000e-01 -1.953125000000000000e-03 -5.236816406250000000e-01
8.078613281250000000e-01 -5.615234375000000000e-03 -4.912109375000000000e-01
8.088378906250000000e-01 6.323242187500000000e-02 -4.799804687500000000e-01
8.867187500000000000e-01 -2.612304687500000000e-02 -4.699707031250000000e-01
7.971191406250000000e-01 -1.367187500000000000e-02 -4.863281250000000000e-01
7.885742187500000000e-01 2.001953125000000000e-02 -4.941406250000000000e-01
8.408203125000000000e-01 -8.056640625000000000e-03 -5.202636718750000000e-01
8.037109375000000000e-01 -2.319335937500000000e-02 -4.819335937500000000e-01
8.769531250000000000e-01 -3.417968750000000000e-03 -5.224609375000000000e-01
8.044433593750000000e-01 6.250000000000000000e-02 -4.943847656250000000e-01
8.115234375000000000e-01 -5.126953125000000000e-03 -4.763183593750000000e-01
8.103027343750000000e-01 -1.440429687500000000e-02 -4.758300781250000000e-01
7.973632812500000000e-01 -1.977539062500000000e-02 -5.170898437500000000e-01
7.900390625000000000e-01 -2.612304687500000000e-02 -5.722656250000000000e-01
7.890625000000000000e-01 -3.662109375000000000e-03 -5.275878906250000000e-01
8.068847656250000000e-01 2.709960937500000000e-02 -5.639648437500000000e-01
7.983398437500000000e-01 -1.879882812500000000e-02 -5.253906250000000000e-01
8.041992187500000000e-01 -1.025390625000000000e-02 -4.916992187500000000e-01
7.980957031250000000e-01 7.397460937500000000e-02 -4.697265625000000000e-01
8.779296875000000000e-01 -5.615234375000000000e-03 -4.743652343750000000e-01
7.985839843750000000e-01 -1.489257812500000000e-02 -4.770507812500000000e-01
8.002929687500000000e-01 2.734375000000000000e-02 -5.773925781250000000e-01
7.851562500000000000e-01 -1.074218750000000000e-02 -4.799804687500000000e-01
7.922363281250000000e-01 -8.056640625000000000e-03 -4.802246093750000000e-01
7.934570312500000000e-01 -9.277343750000000000e-03 -4.689941406250000000e-01
8.041992187500000000e-01 3.051757812500000000e-02 -4.987792968750000000e-01
8.059082031250000000e-01 -8.789062500000000000e-03 -4.809570312500000000e-01
8.093261718750000000e-01 -2.490234375000000000e-02 -4.919433593750000000e-01
8.034667968750000000e-01 -2.050781250000000000e-02 -5.300292968750000000e-01
7.971191406250000000e-01 -1.464843750000000000e-03 -5.688476562500000000e-01
8.022460937500000000e-01 -1.269531250000000000e-02 -4.343261718750000000e-01
7.912597656250000000e-01 8.154296875000000000e-02 -4.716796875000000000e-01
7.929687500000000000e-01 -2.807617187500000000e-02 -4.921875000000000000e-01
8.088378906250000000e-01 -2.001953125000000000e-02 -4.841308593750000000e-01
8.022460937500000000e-01 -5.859375000000000000e-03 -4.775390625000000000e-01
8.056640625000000000e-01 6.738281250000000000e-02 -4.731445312500000000e-01
7.924804687500000000e-01 -2.709960937500000000e-02 -4.914550781250000000e-01
8.017578125000000000e-01 -1.782226562500000000e-02 -5.209960937500000000e-01
8.378906250000000000e-01 2.807617187500000000e-02 -5.764160156250000000e-01
7.834472656250000000e-01 7.104492187500000000e-02 -4.797363281250000000e-01
7.968750000000000000e-01 -2.319335937500000000e-02 -4.987792968750000000e-01
7.998046875000000000e-01 -6.591796875000000000e-03 -4.729003906250000000e-01
8.015136718750000000e-01 -1.147460937500000000e-02 -4.887695312500000000e-01
7.924804687500000000e-01 7.055664062500000000e-02 -4.824218750000000000e-01
8.764648437500000000e-01 6.274414062500000000e-02 -4.951171875000000000e-01
7.893066406250000000e-01 -1.293945312500000000e-02 -4.724121093750000000e-01
8.000488281250000000e-01 -2.563476562500000000e-02 -5.688476562500000000e-01
8.010253906250000000e-01 -2.929687500000000000e-02 -5.144042968750000000e-01
8.015136718750000000e-01 -2.148437500000000000e-02 -4.841308593750000000e-01
7.958984375000000000e-01 -1.904296875000000000e-02 -4.882812500000000000e-01
8.034667968750000000e-01 -8.300781250000000000e-03 -4.863281250000000000e-01
8.854980468750000000e-01 7.592773437500000000e-02 -4.689941406250000000e-01
8.911132812500000000e-01 7.666015625000000000e-02 -4.987792968750000000e-01
8.850097656250000000e-01 -1.245117187500000000e-02 -4.370117187500000000e-01
8.122558593750000000e-01 2.319335937500000000e-02 -4.321289062500000000e-01
8.830566406250000000e-01 -6.616210937500000000e-02 -3.666992187500000000e-01
8.684082031250000000e-01 -1.049804687500000000e-02 -4.287109375000000000e-01
8.464355468750000000e-01 7.080078125000000000e-02 -4.584960937500000000e-01
8.874511718750000000e-01 -2.197265625000000000e-03 -4.663085937500000000e-01
9.245605468750000000e-01 6.494140625000000000e-02 -3.071289062500000000e-01
8.898925781250000000e-01 -3.076171875000000000e-02 -4.270019531250000000e-01
8.842773437500000000e-01 3.002929687500000000e-02 -3.693847656250000000e-01
8.535156250000000000e-01 -1.293945312500000000e-02 -4.418945312500000000e-01
1.010009765625000000e+00 7.568359375000000000e-03 -3.916015625000000000e-01
8.811035156250000000e-01 -9.277343750000000000e-03 -4.677734375000000000e-01
8.525390625000000000e-01 -1.000976562500000000e-02 -4.538574218750000000e-01
8.654785156250000000e-01 -1.708984375000000000e-03 -4.108886718750000000e-01
8.696289062500000000e-01 8.007812500000000000e-02 -4.631347656250000000e-01
8.979492187500000000e-01 7.739257812500000000e-02 -4.104003906250000000e-01
8.464355468750000000e-01 -2.783203125000000000e-02 -4.284667968750000000e-01
8.525390625000000000e-01 -2.929687500000000000e-02 -5.114746093750000000e-01
8.925781250000000000e-01 1.757812500000000000e-02 -3.681640625000000000e-01
8.923339843750000000e-01 7.202148437500000000e-02 -4.165039062500000000e-01
8.444824218750000000e-01 -9.765625000000000000e-03 -4.160156250000000000e-01
9.030761718750000000e-01 -4.638671875000000000e-03 -4.294433593750000000e-01
8.493652343750000000e-01 -1.123046875000000000e-02 -5.068359375000000000e-01
9.038085937500000000e-01 -6.591796875000000000e-03 -4.101562500000000000e-01
