9.782714843750000000e-01 -1.538085937500000000e-01 -3.710937500000000000e-02
9.782714843750000000e-01 -1.538085937500000000e-01 -3.710937500000000000e-02
9.782714843750000000e-01 -1.538085937500000000e-01 -3.710937500000000000e-02
9.782714843750000000e-01 -1.538085937500000000e-01 -3.710937500000000000e-02
9.858398437500000000e-01 -1.503906250000000000e-01 -3.955078125000000000e-02
9.775390625000000000e-01 -9.594726562500000000e-02 -4.321289062500000000e-02
9.731445312500000000e-01 -1.540527343750000000e-01 -3.808593750000000000e-02
9.711914062500000000e-01 -1.523437500000000000e-01 -3.393554687500000000e-02
9.838867187500000000e-01 -9.521484375000000000e-02 -5.273437500000000000e-02
9.782714843750000000e-01 -9.423828125000000000e-02 -5.224609375000000000e-02
9.851074218750000000e-01 -9.448242187500000000e-02 -4.052734375000000000e-02
1.026367187500000000e+00 -9.570312500000000000e-02 -4.394531250000000000e-02
9.846191406250000000e-01 -1.535644531250000000e-01 -4.614257812500000000e-02
1.030517578125000000e+00 -1.467285156250000000e-01 -4.345703125000000000e-02
9.775390625000000000e-01 -1.516113281250000000e-01 -5.078125000000000000e-02
9.785156250000000000e-01 -1.474609375000000000e-01 -4.296875000000000000e-02
9.738769531250000000e-01 -9.472656250000000000e-02 -5.249023437500000000e-02
9.819335937500000000e-01 -1.511230468750000000e-01 -5.273437500000000000e-02
9.772949218750000000e-01 -9.472656250000000000e-02 -4.907226562500000000e-02
9.758300781250000000e-01 -1.523437500000000000e-01 -5.419921875000000000e-02
9.770507812500000000e-01 -1.530761718750000000e-01 -5.908203125000000000e-02
9.777832031250000000e-01 -1.533203125000000000e-01 -5.615234375000000000e-02
9.729003906250000000e-01 -1.542968750000000000e-01 -1.250000000000000000e-01
9.743652343750000000e-01 -1.552734375000000000e-01 -3.979492187500000000e-02
9.797363281250000000e-01 -1.542968750000000000e-01 -4.663085937500000000e-02
9.755859375000000000e-01 -1.560058593750000000e-01 -3.344726562500000000e-02
9.775390625000000000e-01 -1.535644531250000000e-01 -8.129882812500000000e-02
9.733886718750000000e-01 -1.411132812500000000e-01 -8.154296875000000000e-02
9.912109375000000000e-01 -9.619140625000000000e-02 -8.862304687500000000e-02
9.702148437500000000e-01 -1.525878906250000000e-01 -3.369140625000000000e-02
9.836425781250000000e-01 -9.716796875000000000e-02 -9.252929687500000000e-02
9.809570312500000000e-01 -1.550292968750000000e-01 -8.935546875000000000e-02
9.719238281250000000e-01 -9.790039062500000000e-02 -3.344726562500000000e-02
9.768066406250000000e-01 -9.863281250000000000e-02 -3.662109375000000000e-02
9.755859375000000000e-01 -1.540527343750000000e-01 -3.466796875000000000e-02
9.807128906250000000e-01 -9.814453125000000000e-02 -3.369140625000000000e-02
9.748535156250000000e-01 -1.525878906250000000e-01 -3.881835937500000000e-02
9.809570312500000000e-01 -1.494140625000000000e-01 -3.613281250000000000e-02
9.826660156250000000e-01 -9.570312500000000000e-02 -5.493164062500000000e-02
9.816894531250000000e-01 -9.545898437500000000e-02 -1.523437500000000000e-01
9.816894531250000000e-01 -9.545898437500000000e-02 -1.523437500000000000e-01
1.029785156250000000e+00 -1.525878906250000000e-01 -1.533203125000000000e-01
1.029785156250000000e+00 -1.525878906250000000e-01 -1.533203125000000000e-01
1.024658203125000000e+00 -1.472167968750000000e-01 -1.005859375000000000e-01
9.306640625000000000e-01 -9.838867187500000000e-02 -1.064453125000000000e-01
9.685058593750000000e-01 -1.538085937500000000e-01 -1.306152343750000000e-01
9.685058593750000000e-01 -9.765625000000000000e-02 -1.325683593750000000e-01
8.715820312500000000e-01 -1.481933593750000000e-01 -4.931640625000000000e-02
9.626464843750000000e-01 -1.276855468750000000e-01 -4.052734375000000000e-02
9.501953125000000000e-01 -4.760742187500000000e-02 -4.638671875000000000e-02
1.080078125000000000e+00 -2.106933593750000000e-01 -6.420898437500000000e-02
9.299316406250000000e-01 -2.182617187500000000e-01 1.586914062500000000e-02
9.543457031250000000e-01 -1.464843750000000000e-01 3.027343750000000000e-02
9.133300781250000000e-01 -1.999511718750000000e-01 -2.050781250000000000e-02
9.621582031250000000e-01 -1.069335937500000000e-01 -5.371093750000000000e-03
1.087158203125000000e+00 -1.650390625000000000e-01 5.786132812500000000e-02
1.057617187500000000e+00 -1.120605468750000000e-01 5.615234375000000000e-02
1.040771484375000000e+00 -1.308593750000000000e-01 1.218261718750000000e-01
9.992675781250000000e-01 -1.928710937500000000e-01 1.911621093750000000e-01
1.079833984375000000e+00 -1.655273437500000000e-01 2.514648437500000000e-01
1.014648437500000000e+00 -1.254882812500000000e-01 2.602539062500000000e-01
9.208984375000000000e-01 -1.726074218750000000e-01 2.949218750000000000e-01
1.065917968750000000e+00 -1.289062500000000000e-01 3.508300781250000000e-01
1.078369140625000000e+00 -1.169433593750000000e-01 5.124511718750000000e-01
1.039306640625000000e+00 -1.979980468750000000e-01 5.136718750000000000e-01
9.145507812500000000e-01 -2.563476562500000000e-01 4.248046875000000000e-01
9.387207031250000000e-01 -2.075195312500000000e-01 4.831542968750000000e-01
8.566894531250000000e-01 -1.523437500000000000e-01 5.183105468750000000e-01
8.481445312500000000e-01 -1.503906250000000000e-01 5.471191406250000000e-01
8.100585937500000000e-01 -1.469726562500000000e-01 5.417480468750000000e-01
8.417968750000000000e-01 -1.303710937500000000e-01 6.489257812500000000e-01
7.297363281250000000e-01 -9.594726562500000000e-02 7.116699218750000000e-01
8.171386718750000000e-01 -4.516601562500000000e-02 6.989746093750000000e-01
8.017578125000000000e-01 -1.027832031250000000e-01 7.795410156250000000e-01
7.797851562500000000e-01 -1.909179687500000000e-01 7.370605468750000000e-01
8.259277343750000000e-01 -9.545898437500000000e-02 8.254394531250000000e-01
7.534179687500000000e-01 -1.440429687500000000e-01 8.784179687500000000e-01
7.719726562500000000e-01 -1.318359375000000000e-01 9.440917968750000000e-01
7.719726562500000000e-01 -1.318359375000000000e-01 9.440917968750000000e-01
8.686523437500000000e-01 -4.028320312500000000e-02 1.206298828125000000e+00
6.508789062500000000e-01 -3.857421875000000000e-02 6.757812500000000000e-01
1.618652343750000000e-01 3.564453125000000000e-02 1.041992187500000000e+00
1.076660156250000000e-01 5.786132812500000000e-02 1.202880859375000000e+00
1.125488281250000000e-01 8.984375000000000000e-02 1.076416015625000000e+00
2.314453125000000000e-01 6.762695312500000000e-02 1.063964843750000000e+00
3.776855468750000000e-01 7.934570312500000000e-02 1.075195312500000000e+00
3.503417968750000000e-01 2.978515625000000000e-02 1.078125000000000000e+00
3.535156250000000000e-01 -1.123046875000000000e-02 9.743652343750000000e-01
4.543457031250000000e-01 6.909179687500000000e-02 9.914550781250000000e-01
3.552246093750000000e-01 1.503906250000000000e-01 1.068115234375000000e+00
3.471679687500000000e-01 -5.859375000000000000e-03 1.028320312500000000e+00
5.134277343750000000e-01 -2.197265625000000000e-02 1.007568359375000000e+00
5.874023437500000000e-01 9.130859375000000000e-02 9.323730468750000000e-01
5.632324218750000000e-01 1.054687500000000000e-01 9.240722656250000000e-01
4.226074218750000000e-01 9.399414062500000000e-02 1.010742187500000000e+00
4.592285156250000000e-01 -1.171875000000000000e-02 1.028808593750000000e+00
4.379882812500000000e-01 -6.542968750000000000e-02 1.075683593750000000e+00
4.104003906250000000e-01 -2.929687500000000000e-03 9.780273437500000000e-01
4.143066406250000000e-01 3.125000000000000000e-02 1.029785156250000000e+00
4.604492187500000000e-01 9.033203125000000000e-02 1.024658203125000000e+00
4.636230468750000000e-01 5.004882812500000000e-02 9.780273437500000000e-01
3.701171875000000000e-01 7.836914062500000000e-02 9.782714843750000000e-01
3.620605468750000000e-01 5.468750000000000000e-02 1.065429687500000000e+00
3.679199218750000000e-01 1.545410156250000000e-01 9.833984375000000000e-01
3.676757812500000000e-01 1.455078125000000000e-01 9.782714843750000000e-01
4.006347656250000000e-01 4.199218750000000000e-02 1.076660156250000000e+00
4.077148437500000000e-01 3.588867187500000000e-02 9.873046875000000000e-01
3.525390625000000000e-01 5.908203125000000000e-02 9.816894531250000000e-01
3.837890625000000000e-01 4.125976562500000000e-02 1.088134765625000000e+00
4.597167968750000000e-01 5.151367187500000000e-02 1.019287109375000000e+00
3.498535156250000000e-01 3.906250000000000000e-02 1.068603515625000000e+00
4.042968750000000000e-01 7.958984375000000000e-02 1.085449218750000000e+00
3.974609375000000000e-01 3.710937500000000000e-02 1.075195312500000000e+00
3.784179687500000000e-01 1.459960937500000000e-01 1.083740234375000000e+00
3.881835937500000000e-01 1.284179687500000000e-01 1.063720703125000000e+00
3.796386718750000000e-01 4.638671875000000000e-02 1.063232421875000000e+00
3.813476562500000000e-01 5.664062500000000000e-02 1.071289062500000000e+00
3.093261718750000000e-01 5.688476562500000000e-02 9.899902343750000000e-01
3.093261718750000000e-01 5.688476562500000000e-02 9.899902343750000000e-01
3.815917968750000000e-01 4.394531250000000000e-02 1.069335937500000000e+00
3.815917968750000000e-01 4.394531250000000000e-02 1.069335937500000000e+00
3.786621093750000000e-01 5.712890625000000000e-02 1.072998046875000000e+00
3.833007812500000000e-01 1.252441406250000000e-01 1.067382812500000000e+00
3.107910156250000000e-01 1.362304687500000000e-01 1.075927734375000000e+00
3.093261718750000000e-01 1.262207031250000000e-01 1.068603515625000000e+00
3.784179687500000000e-01 1.267089843750000000e-01 1.066406250000000000e+00
3.757324218750000000e-01 6.054687500000000000e-02 1.066162109375000000e+00
3.100585937500000000e-01 1.269531250000000000e-01 1.068603515625000000e+00
3.103027343750000000e-01 5.346679687500000000e-02 1.069824218750000000e+00
3.078613281250000000e-01 6.152343750000000000e-02 1.075195312500000000e+00
3.757324218750000000e-01 5.810546875000000000e-02 9.995117187500000000e-01
3.774414062500000000e-01 6.005859375000000000e-02 1.069580078125000000e+00
3.090820312500000000e-01 1.252441406250000000e-01 1.070068359375000000e+00
3.774414062500000000e-01 1.274414062500000000e-01 1.071044921875000000e+00
3.085937500000000000e-01 6.152343750000000000e-02 1.071044921875000000e+00
3.103027343750000000e-01 5.957031250000000000e-02 1.080566406250000000e+00
3.041992187500000000e-01 1.315917968750000000e-01 1.072021484375000000e+00
3.117675781250000000e-01 1.291503906250000000e-01 1.072509765625000000e+00
3.032226562500000000e-01 5.541992187500000000e-02 1.072021484375000000e+00
3.061523437500000000e-01 1.281738281250000000e-01 1.072753906250000000e+00
3.049316406250000000e-01 1.257324218750000000e-01 1.071533203125000000e+00
3.063964843750000000e-01 5.957031250000000000e-02 1.068115234375000000e+00
3.007812500000000000e-01 1.250000000000000000e-01 1.073730468750000000e+00
3.100585937500000000e-01 6.127929687500000000e-02 1.064941406250000000e+00
3.061523437500000000e-01 1.257324218750000000e-01 1.071044921875000000e+00
3.034667968750000000e-01 1.311035156250000000e-01 1.074951171875000000e+00
3.098144531250000000e-01 1.252441406250000000e-01 1.074218750000000000e+00
3.759765625000000000e-01 1.252441406250000000e-01 9.997558593750000000e-01
2.998046875000000000e-01 6.201171875000000000e-02 1.078369140625000000e+00
2.912597656250000000e-01 1.284179687500000000e-01 1.091064453125000000e+00
3.076171875000000000e-01 5.883789062500000000e-02 1.068847656250000000e+00
3.828125000000000000e-01 4.931640625000000000e-02 9.982910156250000000e-01
3.774414062500000000e-01 6.127929687500000000e-02 1.072021484375000000e+00
3.083496093750000000e-01 5.224609375000000000e-02 1.063964843750000000e+00
2.954101562500000000e-01 6.030273437500000000e-02 9.990234375000000000e-01
3.046875000000000000e-01 1.298828125000000000e-01 1.066650390625000000e+00
4.018554687500000000e-01 4.687500000000000000e-02 1.008300781250000000e+00
4.018554687500000000e-01 4.687500000000000000e-02 1.008300781250000000e+00
3.630371093750000000e-01 3.833007812500000000e-02 1.075439453125000000e+00
3.630371093750000000e-01 3.833007812500000000e-02 1.075439453125000000e+00
2.895507812500000000e-01 3.613281250000000000e-02 1.035156250000000000e+00
3.237304687500000000e-01 4.296875000000000000e-02 1.053222656250000000e+00
1.826171875000000000e-01 5.297851562500000000e-02 1.049804687500000000e+00
2.587890625000000000e-01 1.547851562500000000e-01 1.131103515625000000e+00
2.504882812500000000e-01 7.690429687500000000e-02 1.151123046875000000e+00
9.179687500000000000e-02 1.442871093750000000e-01 1.126464843750000000e+00
1.020507812500000000e-01 -9.765625000000000000e-03 1.151855468750000000e+00
-3.710937500000000000e-02 1.291503906250000000e-01 9.501953125000000000e-01
-1.533203125000000000e-01 -2.294921875000000000e-02 9.975585937500000000e-01
-1.711425781250000000e-01 -2.441406250000000000e-04 1.048583984375000000e+00
-1.284179687500000000e-01 8.544921875000000000e-02 1.113037109375000000e+00
-1.369628906250000000e-01 1.735839843750000000e-01 1.186035156250000000e+00
3.564453125000000000e-02 7.495117187500000000e-02 1.098632812500000000e+00
1.127929687500000000e-01 1.992187500000000000e-01 1.206542968750000000e+00
1.530761718750000000e-01 1.555175781250000000e-01 1.170410156250000000e+00
1.621093750000000000e-01 7.446289062500000000e-02 1.197021484375000000e+00
3.605957031250000000e-01 2.441406250000000000e-03 1.144287109375000000e+00
4.619140625000000000e-01 6.445312500000000000e-02 1.091308593750000000e+00
5.524902343750000000e-01 5.126953125000000000e-03 1.052490234375000000e+00
6.286621093750000000e-01 -8.300781250000000000e-03 9.487304687500000000e-01
6.408691406250000000e-01 -7.568359375000000000e-02 8.588867187500000000e-01
6.652832031250000000e-01 -7.690429687500000000e-02 8.220214843750000000e-01
7.426757812500000000e-01 -1.684570312500000000e-01 8.256835937500000000e-01
8.376464843750000000e-01 -1.960449218750000000e-01 7.485351562500000000e-01
8.105468750000000000e-01 -1.130371093750000000e-01 8.293457031250000000e-01
9.108886718750000000e-01 -1.098632812500000000e-01 6.652832031250000000e-01
9.321289062500000000e-01 -1.928710937500000000e-01 6.552734375000000000e-01
9.235839843750000000e-01 -1.975097656250000000e-01 4.963378906250000000e-01
9.150390625000000000e-01 -1.965332031250000000e-01 4.482421875000000000e-01
8.889160156250000000e-01 -1.994628906250000000e-01 3.129882812500000000e-01
8.403320312500000000e-01 -1.879882812500000000e-01 1.582031250000000000e-01
8.950195312500000000e-01 -1.899414062500000000e-01 1.337890625000000000e-01
8.527832031250000000e-01 -1.000976562500000000e-01 -1.098632812500000000e-02
8.666992187500000000e-01 -1.027832031250000000e-01 6.860351562500000000e-02
9.455566406250000000e-01 -1.020507812500000000e-01 1.635742187500000000e-02
9.931640625000000000e-01 -1.804199218750000000e-01 7.495117187500000000e-02
9.931640625000000000e-01 -1.804199218750000000e-01 7.495117187500000000e-02
9.113769531250000000e-01 -1.142578125000000000e-01 -0.000000000000000000e+00
9.113769531250000000e-01 -1.142578125000000000e-01 -0.000000000000000000e+00
9.719238281250000000e-01 -1.479492187500000000e-01 2.343750000000000000e-02
