9.750976562500000000e-01 -2.221679687500000000e-02 2.172851562500000000e-02
9.750976562500000000e-01 -2.221679687500000000e-02 2.172851562500000000e-02
1.066162109375000000e+00 8.496093750000000000e-02 8.935546875000000000e-02
9.792480468750000000e-01 -2.587890625000000000e-02 -6.591796875000000000e-03
9.912109375000000000e-01 -2.050781250000000000e-02 6.762695312500000000e-02
9.731445312500000000e-01 -1.782226562500000000e-02 7.080078125000000000e-02
9.731445312500000000e-01 -1.782226562500000000e-02 7.080078125000000000e-02
9.992675781250000000e-01 4.101562500000000000e-02 -2.783203125000000000e-02
9.992675781250000000e-01 4.101562500000000000e-02 -2.783203125000000000e-02
9.838867187500000000e-01 3.613281250000000000e-02 3.027343750000000000e-02
9.848632812500000000e-01 8.837890625000000000e-02 2.392578125000000000e-02
1.062988281250000000e+00 3.222656250000000000e-02 -2.587890625000000000e-02
9.997558593750000000e-01 -2.758789062500000000e-02 2.661132812500000000e-02
1.073242187500000000e+00 2.685546875000000000e-03 2.514648437500000000e-02
9.772949218750000000e-01 -5.590820312500000000e-02 -1.440429687500000000e-02
9.313964843750000000e-01 -7.275390625000000000e-02 8.764648437500000000e-02
1.075439453125000000e+00 -6.494140625000000000e-02 -1.464843750000000000e-03
9.855957031250000000e-01 2.368164062500000000e-02 -7.568359375000000000e-03
9.355468750000000000e-01 6.640625000000000000e-02 -8.764648437500000000e-02
9.472656250000000000e-01 1.918945312500000000e-01 2.929687500000000000e-02
1.188232421875000000e+00 8.276367187500000000e-02 9.155273437500000000e-02
1.110595703125000000e+00 3.295898437500000000e-02 1.472167968750000000e-01
1.000732421875000000e+00 1.413574218750000000e-01 -6.250000000000000000e-02
9.340820312500000000e-01 1.159667968750000000e-01 -9.228515625000000000e-02
1.026123046875000000e+00 1.765136718750000000e-01 -8.959960937500000000e-02
9.089355468750000000e-01 2.595214843750000000e-01 1.733398437500000000e-02
8.527832031250000000e-01 3.222656250000000000e-01 -2.929687500000000000e-02
9.685058593750000000e-01 2.956542968750000000e-01 -8.129882812500000000e-02
9.748535156250000000e-01 3.117675781250000000e-01 -2.763671875000000000e-01
1.115478515625000000e+00 1.987304687500000000e-01 -2.736816406250000000e-01
1.111083984375000000e+00 -2.067871093750000000e-01 -3.862304687500000000e-01
1.123779296875000000e+00 -1.821289062500000000e-01 6.103515625000000000e-03
9.016113281250000000e-01 2.124023437500000000e-02 1.879882812500000000e-02
9.567871093750000000e-01 -1.289062500000000000e-01 -3.002929687500000000e-02
9.626464843750000000e-01 -1.262207031250000000e-01 1.357421875000000000e-01
1.130859375000000000e+00 -6.420898437500000000e-02 8.056640625000000000e-02
9.714355468750000000e-01 -5.224609375000000000e-02 -3.149414062500000000e-02
1.025634765625000000e+00 -3.662109375000000000e-03 -1.264648437500000000e-01
9.208984375000000000e-01 4.711914062500000000e-02 -3.637695312500000000e-02
9.199218750000000000e-01 8.959960937500000000e-02 -2.060546875000000000e-01
9.250488281250000000e-01 5.029296875000000000e-02 -2.558593750000000000e-01
8.627929687500000000e-01 2.019042968750000000e-01 -2.612304687500000000e-01
1.923095703125000000e+00 3.930664062500000000e-01 3.002929687500000000e-02
7.832031250000000000e-01 1.601562500000000000e-01 3.129882812500000000e-01
1.060791015625000000e+00 5.566406250000000000e-02 1.330566406250000000e-01
1.060791015625000000e+00 5.566406250000000000e-02 1.330566406250000000e-01
9.624023437500000000e-01 9.716796875000000000e-02 8.984375000000000000e-02
9.624023437500000000e-01 9.716796875000000000e-02 8.984375000000000000e-02
1.008544921875000000e+00 2.233886718750000000e-01 1.262207031250000000e-01
9.885253906250000000e-01 2.114257812500000000e-01 1.486816406250000000e-01
1.007324218750000000e+00 1.328125000000000000e-01 6.127929687500000000e-02
1.003662109375000000e+00 1.911621093750000000e-01 -4.882812500000000000e-03
9.992675781250000000e-01 1.066894531250000000e-01 -3.076171875000000000e-02
9.104003906250000000e-01 5.834960937500000000e-02 -6.372070312500000000e-02
1.062988281250000000e+00 -3.051757812500000000e-02 -1.042480468750000000e-01
8.481445312500000000e-01 -1.091308593750000000e-01 1.586914062500000000e-02
9.060058593750000000e-01 -3.955078125000000000e-02 9.960937500000000000e-02
1.214111328125000000e+00 1.955566406250000000e-01 -2.563476562500000000e-02
8.586425781250000000e-01 -5.468750000000000000e-02 -1.030273437500000000e-01
9.152832031250000000e-01 -4.980468750000000000e-02 6.958007812500000000e-02
9.460449218750000000e-01 7.788085937500000000e-02 -7.275390625000000000e-02
8.867187500000000000e-01 2.150878906250000000e-01 5.322265625000000000e-02
1.000488281250000000e+00 9.448242187500000000e-02 8.496093750000000000e-02
9.470214843750000000e-01 1.413574218750000000e-01 1.015625000000000000e-01
1.143798828125000000e+00 2.365722656250000000e-01 1.274414062500000000e-01
9.235839843750000000e-01 2.265625000000000000e-01 1.447753906250000000e-01
1.083251953125000000e+00 1.694335937500000000e-01 1.989746093750000000e-01
9.296875000000000000e-01 1.843261718750000000e-01 1.220703125000000000e-01
1.136962890625000000e+00 1.828613281250000000e-01 1.638183593750000000e-01
9.768066406250000000e-01 2.062988281250000000e-01 1.206054687500000000e-01
1.021728515625000000e+00 1.667480468750000000e-01 1.684570312500000000e-01
9.948730468750000000e-01 2.407226562500000000e-01 1.984863281250000000e-01
1.078857421875000000e+00 1.601562500000000000e-01 2.639160156250000000e-01
9.831542968750000000e-01 2.661132812500000000e-01 2.370605468750000000e-01
1.075927734375000000e+00 3.237304687500000000e-01 2.468261718750000000e-01
1.066406250000000000e+00 2.624511718750000000e-01 4.106445312500000000e-01
9.609375000000000000e-01 2.507324218750000000e-01 5.056152343750000000e-01
1.131591796875000000e+00 1.799316406250000000e-01 5.866699218750000000e-01
9.279785156250000000e-01 1.201171875000000000e-01 4.765625000000000000e-01
8.559570312500000000e-01 2.172851562500000000e-01 5.273437500000000000e-01
8.447265625000000000e-01 3.352050781250000000e-01 4.870605468750000000e-01
8.903808593750000000e-01 2.319335937500000000e-01 6.406250000000000000e-01
7.939453125000000000e-01 1.716308593750000000e-01 6.008300781250000000e-01
8.393554687500000000e-01 1.037597656250000000e-01 7.514648437500000000e-01
8.393554687500000000e-01 1.037597656250000000e-01 7.514648437500000000e-01
8.935546875000000000e-01 2.265625000000000000e-01 6.206054687500000000e-01
8.935546875000000000e-01 2.265625000000000000e-01 6.206054687500000000e-01
8.232421875000000000e-01 2.438964843750000000e-01 6.025390625000000000e-01
7.817382812500000000e-01 2.873535156250000000e-01 6.315917968750000000e-01
8.103027343750000000e-01 2.365722656250000000e-01 6.425781250000000000e-01
7.958984375000000000e-01 1.708984375000000000e-01 6.520996093750000000e-01
8.835449218750000000e-01 2.067871093750000000e-01 6.547851562500000000e-01
9.033203125000000000e-01 2.126464843750000000e-01 5.510253906250000000e-01
8.461914062500000000e-01 1.826171875000000000e-01 5.385742187500000000e-01
8.488769531250000000e-01 2.604980468750000000e-01 5.351562500000000000e-01
8.684082031250000000e-01 1.247558593750000000e-01 5.490722656250000000e-01
8.461914062500000000e-01 1.533203125000000000e-01 5.544433593750000000e-01
8.984375000000000000e-01 1.926269531250000000e-01 6.462402343750000000e-01
8.881835937500000000e-01 1.748046875000000000e-01 6.484375000000000000e-01
8.898925781250000000e-01 1.723632812500000000e-01 6.420898437500000000e-01
8.859863281250000000e-01 1.777343750000000000e-01 6.271972656250000000e-01
8.867187500000000000e-01 1.750488281250000000e-01 6.308593750000000000e-01
8.020019531250000000e-01 1.677246093750000000e-01 5.981445312500000000e-01
8.820800781250000000e-01 2.119140625000000000e-01 6.088867187500000000e-01
8.786621093750000000e-01 1.223144531250000000e-01 6.010742187500000000e-01
8.120117187500000000e-01 2.124023437500000000e-01 6.123046875000000000e-01
8.413085937500000000e-01 1.752929687500000000e-01 6.059570312500000000e-01
7.949218750000000000e-01 1.628417968750000000e-01 6.188964843750000000e-01
8.083496093750000000e-01 2.080078125000000000e-01 6.054687500000000000e-01
8.891601562500000000e-01 1.669921875000000000e-01 6.499023437500000000e-01
8.891601562500000000e-01 1.669921875000000000e-01 6.499023437500000000e-01
8.854980468750000000e-01 1.818847656250000000e-01 6.379394531250000000e-01
8.803710937500000000e-01 1.682128906250000000e-01 5.573730468750000000e-01
8.859863281250000000e-01 2.153320312500000000e-01 6.481933593750000000e-01
8.923339843750000000e-01 2.058105468750000000e-01 6.550292968750000000e-01
8.850097656250000000e-01 2.104492187500000000e-01 6.445312500000000000e-01
8.835449218750000000e-01 1.660156250000000000e-01 5.957031250000000000e-01
8.781738281250000000e-01 1.621093750000000000e-01 6.066894531250000000e-01
8.041992187500000000e-01 1.215820312500000000e-01 6.423339843750000000e-01
8.925781250000000000e-01 2.014160156250000000e-01 6.494140625000000000e-01
8.974609375000000000e-01 1.718750000000000000e-01 6.457519531250000000e-01
8.957519531250000000e-01 1.633300781250000000e-01 6.257324218750000000e-01
8.068847656250000000e-01 1.767578125000000000e-01 5.988769531250000000e-01
8.068847656250000000e-01 1.767578125000000000e-01 5.988769531250000000e-01
8.857421875000000000e-01 2.084960937500000000e-01 6.455078125000000000e-01
8.857421875000000000e-01 2.084960937500000000e-01 6.455078125000000000e-01
8.818359375000000000e-01 1.599121093750000000e-01 6.284179687500000000e-01
8.786621093750000000e-01 2.541503906250000000e-01 6.423339843750000000e-01
8.776855468750000000e-01 2.507324218750000000e-01 6.025390625000000000e-01
7.978515625000000000e-01 2.595214843750000000e-01 6.542968750000000000e-01
9.001464843750000000e-01 1.831054687500000000e-01 6.350097656250000000e-01
8.857421875000000000e-01 1.591796875000000000e-01 6.020507812500000000e-01
8.830566406250000000e-01 1.989746093750000000e-01 6.381835937500000000e-01
8.083496093750000000e-01 2.026367187500000000e-01 6.499023437500000000e-01
8.793945312500000000e-01 1.992187500000000000e-01 6.040039062500000000e-01
8.000488281250000000e-01 2.177734375000000000e-01 6.020507812500000000e-01
8.100585937500000000e-01 2.570800781250000000e-01 6.508789062500000000e-01
8.105468750000000000e-01 2.224121093750000000e-01 6.455078125000000000e-01
8.808593750000000000e-01 2.263183593750000000e-01 5.385742187500000000e-01
8.110351562500000000e-01 2.622070312500000000e-01 6.315917968750000000e-01
8.784179687500000000e-01 1.704101562500000000e-01 6.435546875000000000e-01
9.055175781250000000e-01 2.175292968750000000e-01 5.559082031250000000e-01
8.586425781250000000e-01 2.546386718750000000e-01 5.700683593750000000e-01
9.450683593750000000e-01 2.221679687500000000e-01 5.869140625000000000e-01
8.891601562500000000e-01 1.755371093750000000e-01 5.454101562500000000e-01
8.891601562500000000e-01 1.601562500000000000e-01 6.315917968750000000e-01
8.872070312500000000e-01 2.143554687500000000e-01 6.394042968750000000e-01
8.884277343750000000e-01 1.589355468750000000e-01 6.264648437500000000e-01
8.969726562500000000e-01 1.853027343750000000e-01 5.612792968750000000e-01
8.879394531250000000e-01 2.580566406250000000e-01 5.573730468750000000e-01
8.505859375000000000e-01 2.526855468750000000e-01 5.451660156250000000e-01
8.100585937500000000e-01 1.828613281250000000e-01 5.593261718750000000e-01
8.459472656250000000e-01 2.590332031250000000e-01 5.546875000000000000e-01
8.793945312500000000e-01 1.867675781250000000e-01 5.878906250000000000e-01
9.035644531250000000e-01 1.821289062500000000e-01 5.336914062500000000e-01
8.010253906250000000e-01 3.227539062500000000e-01 6.440429687500000000e-01
8.063964843750000000e-01 1.618652343750000000e-01 6.164550781250000000e-01
8.918457031250000000e-01 1.591796875000000000e-01 6.286621093750000000e-01
7.880859375000000000e-01 2.541503906250000000e-01 4.904785156250000000e-01
9.504394531250000000e-01 3.247070312500000000e-01 6.899414062500000000e-01
1.071044921875000000e+00 4.147949218750000000e-01 7.038574218750000000e-01
1.149902343750000000e+00 2.749023437500000000e-01 3.322753906250000000e-01
1.149902343750000000e+00 2.749023437500000000e-01 3.322753906250000000e-01
1.063964843750000000e+00 2.998046875000000000e-01 3.330078125000000000e-01
1.063964843750000000e+00 2.998046875000000000e-01 3.330078125000000000e-01
1.071777343750000000e+00 1.701660156250000000e-01 1.838378906250000000e-01
1.217285156250000000e+00 2.072753906250000000e-01 3.339843750000000000e-01
1.095947265625000000e+00 2.744140625000000000e-01 2.226562500000000000e-01
1.009765625000000000e+00 4.882812500000000000e-02 1.181640625000000000e-01
8.869628906250000000e-01 -3.955078125000000000e-02 -1.464843750000000000e-02
1.002197265625000000e+00 -1.440429687500000000e-01 6.542968750000000000e-02
6.516113281250000000e-01 -3.164062500000000000e-01 8.032226562500000000e-02
6.530761718750000000e-01 -1.079101562500000000e-01 1.357421875000000000e-01
8.168945312500000000e-01 -7.861328125000000000e-02 1.914062500000000000e-01
9.331054687500000000e-01 -8.789062500000000000e-03 2.504882812500000000e-01
9.382324218750000000e-01 -7.031250000000000000e-02 1.762695312500000000e-01
9.289550781250000000e-01 -4.687500000000000000e-02 3.227539062500000000e-01
1.045166015625000000e+00 -1.291503906250000000e-01 3.037109375000000000e-01
1.066894531250000000e+00 4.199218750000000000e-02 1.757812500000000000e-01
1.354980468750000000e+00 6.298828125000000000e-02 -3.835449218750000000e-01
1.167968750000000000e+00 -3.298339843750000000e-01 -1.455078125000000000e-01
6.220703125000000000e-01 -1.364746093750000000e-01 -6.225585937500000000e-02
1.269042968750000000e+00 -1.782226562500000000e-01 5.786132812500000000e-02
1.046142578125000000e+00 -1.423339843750000000e-01 7.080078125000000000e-03
9.602050781250000000e-01 1.862792968750000000e-01 3.369140625000000000e-02
8.544921875000000000e-01 2.333984375000000000e-01 7.275390625000000000e-02
9.479980468750000000e-01 1.308593750000000000e-01 2.041015625000000000e-01
9.047851562500000000e-01 -9.277343750000000000e-03 1.540527343750000000e-01
1.077392578125000000e+00 2.163085937500000000e-01 2.011718750000000000e-01
1.010253906250000000e+00 1.701660156250000000e-01 4.687500000000000000e-02
1.078369140625000000e+00 -2.441406250000000000e-03 1.208496093750000000e-01
1.281494140625000000e+00 2.409667968750000000e-01 -2.526855468750000000e-01
1.166992187500000000e+00 2.512207031250000000e-01 1.684570312500000000e-02
4.873046875000000000e-01 4.003906250000000000e-02 -1.523437500000000000e-01
8.352050781250000000e-01 1.308593750000000000e-01 9.326171875000000000e-02
1.390625000000000000e+00 -5.126953125000000000e-03 -3.176269531250000000e-01
9.011230468750000000e-01 1.340332031250000000e-01 -1.591796875000000000e-01
1.141601562500000000e+00 1.411132812500000000e-01 -1.462402343750000000e-01
1.124267578125000000e+00 1.296386718750000000e-01 -7.714843750000000000e-02
9.023437500000000000e-01 9.008789062500000000e-02 -5.810546875000000000e-02
