9.892578125000000000e-01 -6.176757812500000000e-02 4.272460937500000000e-02
9.892578125000000000e-01 -6.176757812500000000e-02 4.272460937500000000e-02
9.899902343750000000e-01 -5.810546875000000000e-02 4.248046875000000000e-02
9.899902343750000000e-01 -5.810546875000000000e-02 4.248046875000000000e-02
9.860839843750000000e-01 -6.030273437500000000e-02 3.564453125000000000e-02
9.831542968750000000e-01 -6.250000000000000000e-02 4.492187500000000000e-02
9.838867187500000000e-01 -6.225585937500000000e-02 4.150390625000000000e-02
9.877929687500000000e-01 -6.225585937500000000e-02 4.541015625000000000e-02
9.899902343750000000e-01 -1.320800781250000000e-01 4.223632812500000000e-02
9.880371093750000000e-01 -6.127929687500000000e-02 4.370117187500000000e-02
9.846191406250000000e-01 -1.259765625000000000e-01 3.759765625000000000e-02
9.855957031250000000e-01 -1.293945312500000000e-01 3.808593750000000000e-02
9.902343750000000000e-01 -1.298828125000000000e-01 5.395507812500000000e-02
9.890136718750000000e-01 -1.264648437500000000e-01 5.249023437500000000e-02
9.855957031250000000e-01 -1.271972656250000000e-01 5.224609375000000000e-02
9.843750000000000000e-01 -1.284179687500000000e-01 5.078125000000000000e-02
9.870605468750000000e-01 -1.271972656250000000e-01 5.688476562500000000e-02
9.855957031250000000e-01 -1.269531250000000000e-01 5.834960937500000000e-02
9.858398437500000000e-01 -1.301269531250000000e-01 6.103515625000000000e-02
9.873046875000000000e-01 -1.269531250000000000e-01 1.276855468750000000e-01
9.958496093750000000e-01 -6.201171875000000000e-02 5.249023437500000000e-02
9.880371093750000000e-01 -5.249023437500000000e-02 5.273437500000000000e-02
9.899902343750000000e-01 -6.176757812500000000e-02 4.614257812500000000e-02
9.921875000000000000e-01 -1.252441406250000000e-01 5.395507812500000000e-02
9.794921875000000000e-01 -5.957031250000000000e-02 4.101562500000000000e-02
9.863281250000000000e-01 -5.029296875000000000e-02 4.907226562500000000e-02
1.065917968750000000e+00 -5.810546875000000000e-02 9.106445312500000000e-02
9.772949218750000000e-01 -1.335449218750000000e-01 4.516601562500000000e-02
9.953613281250000000e-01 -1.274414062500000000e-01 5.126953125000000000e-02
9.904785156250000000e-01 -1.284179687500000000e-01 5.932617187500000000e-02
9.943847656250000000e-01 -1.293945312500000000e-01 4.956054687500000000e-02
9.924316406250000000e-01 -1.303710937500000000e-01 1.447753906250000000e-01
9.924316406250000000e-01 -1.303710937500000000e-01 1.447753906250000000e-01
1.074707031250000000e+00 -1.267089843750000000e-01 5.981445312500000000e-02
1.086669921875000000e+00 -1.469726562500000000e-01 5.541992187500000000e-02
1.092773437500000000e+00 -6.225585937500000000e-02 5.444335937500000000e-02
1.089599609375000000e+00 -5.102539062500000000e-02 1.279296875000000000e-01
9.958496093750000000e-01 -5.102539062500000000e-02 1.379394531250000000e-01
9.770507812500000000e-01 -1.271972656250000000e-01 1.418457031250000000e-01
9.750976562500000000e-01 -1.259765625000000000e-01 1.452636718750000000e-01
9.694824218750000000e-01 -5.761718750000000000e-02 1.020507812500000000e-01
9.729003906250000000e-01 -3.710937500000000000e-02 1.171875000000000000e-01
1.024902343750000000e+00 -4.663085937500000000e-02 1.188964843750000000e-01
1.021240234375000000e+00 -5.761718750000000000e-02 1.245117187500000000e-01
1.026611328125000000e+00 -5.151367187500000000e-02 1.879882812500000000e-01
9.858398437500000000e-01 -3.247070312500000000e-02 1.975097656250000000e-01
1.021972656250000000e+00 -8.740234375000000000e-02 1.987304687500000000e-01
9.794921875000000000e-01 -9.082031250000000000e-02 1.218261718750000000e-01
9.807128906250000000e-01 -9.057617187500000000e-02 2.009277343750000000e-01
9.848632812500000000e-01 -8.618164062500000000e-02 1.245117187500000000e-01
9.736328125000000000e-01 -8.789062500000000000e-02 1.987304687500000000e-01
9.836425781250000000e-01 -8.886718750000000000e-02 1.989746093750000000e-01
9.768066406250000000e-01 -3.466796875000000000e-02 2.050781250000000000e-01
9.780273437500000000e-01 -3.710937500000000000e-02 2.058105468750000000e-01
9.853515625000000000e-01 -9.252929687500000000e-02 1.230468750000000000e-01
9.843750000000000000e-01 -9.033203125000000000e-02 1.923828125000000000e-01
9.890136718750000000e-01 -9.375000000000000000e-02 2.011718750000000000e-01
9.760742187500000000e-01 -3.735351562500000000e-02 2.021484375000000000e-01
9.853515625000000000e-01 -3.710937500000000000e-02 1.992187500000000000e-01
9.804687500000000000e-01 -3.759765625000000000e-02 2.023925781250000000e-01
9.873046875000000000e-01 -3.222656250000000000e-02 1.882324218750000000e-01
9.724121093750000000e-01 -3.173828125000000000e-02 2.072753906250000000e-01
9.787597656250000000e-01 -3.686523437500000000e-02 2.028808593750000000e-01
9.851074218750000000e-01 -8.886718750000000000e-02 1.948242187500000000e-01
9.826660156250000000e-01 -3.588867187500000000e-02 1.899414062500000000e-01
9.741210937500000000e-01 -8.911132812500000000e-02 1.181640625000000000e-01
1.031005859375000000e+00 -3.588867187500000000e-02 2.167968750000000000e-01
1.029785156250000000e+00 -9.326171875000000000e-02 1.096191406250000000e-01
9.790039062500000000e-01 -3.369140625000000000e-02 2.016601562500000000e-01
9.697265625000000000e-01 -3.808593750000000000e-02 1.030273437500000000e-01
9.853515625000000000e-01 -9.106445312500000000e-02 1.247558593750000000e-01
9.797363281250000000e-01 -5.908203125000000000e-02 1.098632812500000000e-01
1.026123046875000000e+00 -5.322265625000000000e-02 1.965332031250000000e-01
9.819335937500000000e-01 -3.881835937500000000e-02 1.047363281250000000e-01
1.071777343750000000e+00 -5.053710937500000000e-02 1.467285156250000000e-01
1.080322265625000000e+00 -4.296875000000000000e-02 9.741210937500000000e-02
9.916992187500000000e-01 -1.323242187500000000e-01 1.049804687500000000e-01
9.951171875000000000e-01 -1.313476562500000000e-01 5.444335937500000000e-02
1.069091796875000000e+00 -4.516601562500000000e-02 5.957031250000000000e-02
9.985351562500000000e-01 -1.286621093750000000e-01 1.315917968750000000e-01
1.064453125000000000e+00 -3.808593750000000000e-02 4.589843750000000000e-02
9.929199218750000000e-01 -5.078125000000000000e-02 1.276855468750000000e-01
1.067382812500000000e+00 -8.398437500000000000e-02 1.333007812500000000e-01
1.063964843750000000e+00 -5.639648437500000000e-02 1.318359375000000000e-01
9.770507812500000000e-01 -4.321289062500000000e-02 1.425781250000000000e-01
9.748535156250000000e-01 -4.565429687500000000e-02 1.425781250000000000e-01
9.982910156250000000e-01 -8.789062500000000000e-02 1.494140625000000000e-01
9.985351562500000000e-01 -4.711914062500000000e-02 1.474609375000000000e-01
9.943847656250000000e-01 -3.613281250000000000e-02 9.497070312500000000e-02
9.816894531250000000e-01 -4.614257812500000000e-02 9.863281250000000000e-02
9.731445312500000000e-01 -4.028320312500000000e-02 9.545898437500000000e-02
9.948730468750000000e-01 -4.614257812500000000e-02 9.814453125000000000e-02
9.924316406250000000e-01 -1.406250000000000000e-01 1.528320312500000000e-01
9.836425781250000000e-01 -1.340332031250000000e-01 1.088867187500000000e-01
9.843750000000000000e-01 -6.005859375000000000e-02 1.027832031250000000e-01
9.851074218750000000e-01 -5.053710937500000000e-02 1.057128906250000000e-01
9.829101562500000000e-01 -5.908203125000000000e-02 1.127929687500000000e-01
9.831542968750000000e-01 -5.126953125000000000e-02 1.035156250000000000e-01
9.902343750000000000e-01 -4.785156250000000000e-02 1.025390625000000000e-01
9.897460937500000000e-01 -4.418945312500000000e-02 1.491699218750000000e-01
9.865722656250000000e-01 -4.785156250000000000e-02 1.486816406250000000e-01
9.831542968750000000e-01 -4.858398437500000000e-02 1.428222656250000000e-01
9.880371093750000000e-01 -4.418945312500000000e-02 1.372070312500000000e-01
9.912109375000000000e-01 -4.199218750000000000e-02 1.381835937500000000e-01
9.921875000000000000e-01 -4.199218750000000000e-02 1.259765625000000000e-01
9.897460937500000000e-01 -4.687500000000000000e-02 5.957031250000000000e-02
9.858398437500000000e-01 -4.321289062500000000e-02 1.308593750000000000e-01
9.909667968750000000e-01 -4.541015625000000000e-02 1.264648437500000000e-01
9.880371093750000000e-01 -5.200195312500000000e-02 5.834960937500000000e-02
9.885253906250000000e-01 -4.956054687500000000e-02 5.664062500000000000e-02
9.936523437500000000e-01 -5.004882812500000000e-02 5.957031250000000000e-02
9.853515625000000000e-01 -4.687500000000000000e-02 5.639648437500000000e-02
9.860839843750000000e-01 -4.687500000000000000e-02 1.254882812500000000e-01
9.838867187500000000e-01 -4.589843750000000000e-02 5.883789062500000000e-02
9.843750000000000000e-01 -4.882812500000000000e-02 6.176757812500000000e-02
9.865722656250000000e-01 -4.907226562500000000e-02 1.264648437500000000e-01
9.868164062500000000e-01 -4.663085937500000000e-02 6.079101562500000000e-02
9.868164062500000000e-01 -4.394531250000000000e-02 6.005859375000000000e-02
9.865722656250000000e-01 -4.956054687500000000e-02 5.859375000000000000e-02
9.841308593750000000e-01 -4.882812500000000000e-02 5.371093750000000000e-02
9.885253906250000000e-01 -4.907226562500000000e-02 5.395507812500000000e-02
9.880371093750000000e-01 -4.858398437500000000e-02 6.250000000000000000e-02
9.887695312500000000e-01 -4.736328125000000000e-02 6.103515625000000000e-02
9.924316406250000000e-01 -4.248046875000000000e-02 5.590820312500000000e-02
9.904785156250000000e-01 -4.370117187500000000e-02 5.004882812500000000e-02
9.934082031250000000e-01 -4.760742187500000000e-02 1.279296875000000000e-01
9.821777343750000000e-01 -4.614257812500000000e-02 5.273437500000000000e-02
9.860839843750000000e-01 -4.272460937500000000e-02 5.737304687500000000e-02
9.916992187500000000e-01 -4.443359375000000000e-02 5.932617187500000000e-02
9.875488281250000000e-01 -4.882812500000000000e-02 6.127929687500000000e-02
9.890136718750000000e-01 -4.418945312500000000e-02 1.318359375000000000e-01
9.875488281250000000e-01 -4.174804687500000000e-02 6.103515625000000000e-02
9.904785156250000000e-01 -4.516601562500000000e-02 6.030273437500000000e-02
9.934082031250000000e-01 -4.492187500000000000e-02 1.262207031250000000e-01
9.846191406250000000e-01 -4.272460937500000000e-02 1.279296875000000000e-01
9.882812500000000000e-01 -4.321289062500000000e-02 1.298828125000000000e-01
9.897460937500000000e-01 -4.028320312500000000e-02 1.289062500000000000e-01
9.892578125000000000e-01 -4.833984375000000000e-02 1.267089843750000000e-01
9.865722656250000000e-01 -4.785156250000000000e-02 1.267089843750000000e-01
9.895019531250000000e-01 -4.418945312500000000e-02 1.264648437500000000e-01
9.858398437500000000e-01 -4.296875000000000000e-02 1.257324218750000000e-01
9.885253906250000000e-01 -4.272460937500000000e-02 1.274414062500000000e-01
9.882812500000000000e-01 -4.638671875000000000e-02 1.274414062500000000e-01
9.882812500000000000e-01 -4.516601562500000000e-02 6.250000000000000000e-02
9.880371093750000000e-01 -4.467773437500000000e-02 1.279296875000000000e-01
9.838867187500000000e-01 -4.565429687500000000e-02 1.328125000000000000e-01
9.912109375000000000e-01 -4.174804687500000000e-02 1.362304687500000000e-01
9.916992187500000000e-01 -4.052734375000000000e-02 1.298828125000000000e-01
9.921875000000000000e-01 -4.443359375000000000e-02 1.311035156250000000e-01
9.902343750000000000e-01 -4.199218750000000000e-02 1.330566406250000000e-01
9.870605468750000000e-01 -4.296875000000000000e-02 1.293945312500000000e-01
9.846191406250000000e-01 -4.223632812500000000e-02 1.298828125000000000e-01
9.851074218750000000e-01 -4.956054687500000000e-02 1.306152343750000000e-01
9.907226562500000000e-01 -4.565429687500000000e-02 1.345214843750000000e-01
9.897460937500000000e-01 -4.858398437500000000e-02 1.306152343750000000e-01
9.916992187500000000e-01 -4.809570312500000000e-02 1.269531250000000000e-01
9.865722656250000000e-01 -4.907226562500000000e-02 1.276855468750000000e-01
9.880371093750000000e-01 -4.785156250000000000e-02 5.712890625000000000e-02
9.863281250000000000e-01 -4.956054687500000000e-02 1.354980468750000000e-01
9.829101562500000000e-01 -5.151367187500000000e-02 1.320800781250000000e-01
9.865722656250000000e-01 -4.663085937500000000e-02 1.279296875000000000e-01
9.887695312500000000e-01 -5.322265625000000000e-02 1.254882812500000000e-01
9.919433593750000000e-01 -5.078125000000000000e-02 6.005859375000000000e-02
9.870605468750000000e-01 -5.273437500000000000e-02 6.201171875000000000e-02
9.821777343750000000e-01 -5.078125000000000000e-02 5.200195312500000000e-02
9.912109375000000000e-01 -4.931640625000000000e-02 5.737304687500000000e-02
9.851074218750000000e-01 -5.029296875000000000e-02 4.785156250000000000e-02
9.890136718750000000e-01 -4.711914062500000000e-02 5.297851562500000000e-02
9.873046875000000000e-01 -5.004882812500000000e-02 5.004882812500000000e-02
9.826660156250000000e-01 -4.785156250000000000e-02 5.395507812500000000e-02
9.909667968750000000e-01 -4.687500000000000000e-02 3.906250000000000000e-02
9.865722656250000000e-01 -4.492187500000000000e-02 4.956054687500000000e-02
9.858398437500000000e-01 -4.785156250000000000e-02 4.980468750000000000e-02
9.904785156250000000e-01 -4.711914062500000000e-02 4.370117187500000000e-02
9.897460937500000000e-01 -4.223632812500000000e-02 3.857421875000000000e-02
9.907226562500000000e-01 -4.174804687500000000e-02 3.881835937500000000e-02
9.816894531250000000e-01 -4.467773437500000000e-02 3.588867187500000000e-02
9.873046875000000000e-01 -3.955078125000000000e-02 3.613281250000000000e-02
9.892578125000000000e-01 -3.857421875000000000e-02 3.710937500000000000e-02
9.848632812500000000e-01 -4.003906250000000000e-02 3.662109375000000000e-02
9.916992187500000000e-01 -4.150390625000000000e-02 3.759765625000000000e-02
9.882812500000000000e-01 -4.199218750000000000e-02 4.003906250000000000e-02
9.890136718750000000e-01 -4.101562500000000000e-02 3.369140625000000000e-02
9.875488281250000000e-01 -4.003906250000000000e-02 3.955078125000000000e-02
9.887695312500000000e-01 -4.101562500000000000e-02 4.760742187500000000e-02
9.887695312500000000e-01 -4.199218750000000000e-02 3.759765625000000000e-02
9.904785156250000000e-01 -4.199218750000000000e-02 4.394531250000000000e-02
9.960937500000000000e-01 -3.857421875000000000e-02 4.785156250000000000e-02
9.892578125000000000e-01 -4.150390625000000000e-02 5.346679687500000000e-02
9.887695312500000000e-01 -4.467773437500000000e-02 4.833984375000000000e-02
9.887695312500000000e-01 -4.248046875000000000e-02 6.079101562500000000e-02
9.882812500000000000e-01 -4.638671875000000000e-02 5.590820312500000000e-02
9.848632812500000000e-01 -4.760742187500000000e-02 6.005859375000000000e-02
9.892578125000000000e-01 -4.614257812500000000e-02 1.279296875000000000e-01
9.885253906250000000e-01 -5.419921875000000000e-02 6.103515625000000000e-02
9.882812500000000000e-01 -4.882812500000000000e-02 1.286621093750000000e-01
9.868164062500000000e-01 -5.322265625000000000e-02 5.737304687500000000e-02
9.875488281250000000e-01 -5.029296875000000000e-02 1.279296875000000000e-01
9.865722656250000000e-01 -4.614257812500000000e-02 5.688476562500000000e-02
9.855957031250000000e-01 -5.151367187500000000e-02 6.176757812500000000e-02
