9.370117187500000000e-01 -1.789550781250000000e-01 -4.443359375000000000e-02
1.003417968750000000e+00 -1.865234375000000000e-01 -5.908203125000000000e-02
9.162597656250000000e-01 -1.791992187500000000e-01 -8.178710937500000000e-02
1.195800781250000000e+00 -1.687011718750000000e-01 -2.490234375000000000e-01
9.238281250000000000e-01 -1.796875000000000000e-01 -4.443359375000000000e-02
1.005615234375000000e+00 -1.726074218750000000e-01 -1.335449218750000000e-01
1.005615234375000000e+00 -1.726074218750000000e-01 -1.335449218750000000e-01
1.020019531250000000e+00 -1.779785156250000000e-01 -1.074218750000000000e-01
9.738769531250000000e-01 -1.711425781250000000e-01 -1.176757812500000000e-01
1.010986328125000000e+00 -1.762695312500000000e-01 -9.863281250000000000e-02
1.008300781250000000e+00 -1.828613281250000000e-01 -9.692382812500000000e-02
1.021728515625000000e+00 -1.740722656250000000e-01 -1.057128906250000000e-01
1.021728515625000000e+00 -1.740722656250000000e-01 -1.057128906250000000e-01
1.014648437500000000e+00 -1.735839843750000000e-01 -1.123046875000000000e-01
1.014648437500000000e+00 -1.735839843750000000e-01 -1.123046875000000000e-01
1.015625000000000000e+00 -1.638183593750000000e-01 -9.790039062500000000e-02
1.015625000000000000e+00 -1.638183593750000000e-01 -9.790039062500000000e-02
1.020751953125000000e+00 -2.172851562500000000e-01 -1.008300781250000000e-01
1.020751953125000000e+00 -2.172851562500000000e-01 -1.008300781250000000e-01
1.016113281250000000e+00 -2.148437500000000000e-01 -1.552734375000000000e-01
1.016113281250000000e+00 -2.148437500000000000e-01 -1.552734375000000000e-01
1.018798828125000000e+00 -1.674804687500000000e-01 -1.015625000000000000e-01
1.029296875000000000e+00 -2.587890625000000000e-01 -1.938476562500000000e-01
1.020019531250000000e+00 -1.809082031250000000e-01 -1.188964843750000000e-01
1.026611328125000000e+00 -2.502441406250000000e-01 -1.535644531250000000e-01
1.009033203125000000e+00 -2.155761718750000000e-01 -1.459960937500000000e-01
1.016113281250000000e+00 -1.794433593750000000e-01 -1.320800781250000000e-01
1.020751953125000000e+00 -1.728515625000000000e-01 -1.440429687500000000e-01
1.021972656250000000e+00 -1.860351562500000000e-01 -1.455078125000000000e-01
1.029296875000000000e+00 -1.872558593750000000e-01 -1.416015625000000000e-01
1.021240234375000000e+00 -1.855468750000000000e-01 -1.398925781250000000e-01
1.021240234375000000e+00 -1.855468750000000000e-01 -1.398925781250000000e-01
1.019287109375000000e+00 -2.629394531250000000e-01 -1.367187500000000000e-01
1.019287109375000000e+00 -2.629394531250000000e-01 -1.367187500000000000e-01
9.770507812500000000e-01 -2.580566406250000000e-01 -1.423339843750000000e-01
9.741210937500000000e-01 -2.541503906250000000e-01 -1.459960937500000000e-01
9.741210937500000000e-01 -2.541503906250000000e-01 -1.459960937500000000e-01
1.008300781250000000e+00 -4.345703125000000000e-02 -1.494140625000000000e-01
1.069335937500000000e+00 -2.038574218750000000e-01 -7.031250000000000000e-02
1.069335937500000000e+00 -2.038574218750000000e-01 -7.031250000000000000e-02
9.360351562500000000e-01 -1.506347656250000000e-01 -1.904296875000000000e-02
9.692382812500000000e-01 -1.325683593750000000e-01 -1.147460937500000000e-02
9.692382812500000000e-01 -1.325683593750000000e-01 -1.147460937500000000e-02
9.692382812500000000e-01 -1.325683593750000000e-01 -1.147460937500000000e-02
9.692382812500000000e-01 -7.568359375000000000e-02 -2.490234375000000000e-02
9.692382812500000000e-01 -7.568359375000000000e-02 -2.490234375000000000e-02
1.007812500000000000e+00 -6.323242187500000000e-02 -1.196289062500000000e-02
1.007812500000000000e+00 -6.323242187500000000e-02 -1.196289062500000000e-02
1.007812500000000000e+00 -6.323242187500000000e-02 -1.196289062500000000e-02
1.007812500000000000e+00 -6.323242187500000000e-02 -1.196289062500000000e-02
1.007812500000000000e+00 -6.323242187500000000e-02 -1.196289062500000000e-02
1.007812500000000000e+00 -6.323242187500000000e-02 -1.196289062500000000e-02
9.768066406250000000e-01 4.199218750000000000e-02 1.586914062500000000e-02
1.090576171875000000e+00 7.299804687500000000e-02 7.568359375000000000e-02
1.090576171875000000e+00 7.299804687500000000e-02 7.568359375000000000e-02
1.312011718750000000e+00 -7.836914062500000000e-02 -8.691406250000000000e-02
1.312011718750000000e+00 -7.836914062500000000e-02 -8.691406250000000000e-02
9.982910156250000000e-01 1.257324218750000000e-01 -1.235351562500000000e-01
1.023437500000000000e+00 -1.342773437500000000e-01 -3.159179687500000000e-01
7.988281250000000000e-01 -2.768554687500000000e-01 -2.290039062500000000e-01
1.032226562500000000e+00 -2.827148437500000000e-01 -1.315917968750000000e-01
1.024414062500000000e+00 -2.126464843750000000e-01 -9.790039062500000000e-02
8.715820312500000000e-01 -2.036132812500000000e-01 9.277343750000000000e-03
9.318847656250000000e-01 -1.711425781250000000e-01 -3.173828125000000000e-03
9.541015625000000000e-01 -2.824707031250000000e-01 6.713867187500000000e-02
9.626464843750000000e-01 -2.844238281250000000e-01 6.469726562500000000e-02
9.274902343750000000e-01 -2.663574218750000000e-01 4.418945312500000000e-02
1.027099609375000000e+00 -3.918457031250000000e-01 3.833007812500000000e-02
1.037353515625000000e+00 -3.996582031250000000e-01 1.489257812500000000e-01
9.074707031250000000e-01 -2.231445312500000000e-01 2.116699218750000000e-01
1.497802734375000000e+00 -2.224121093750000000e-01 -3.000488281250000000e-01
1.008544921875000000e+00 -4.301757812500000000e-01 -1.938476562500000000e-01
8.303222656250000000e-01 6.616210937500000000e-02 -2.304687500000000000e-01
1.114013671875000000e+00 -1.520996093750000000e-01 -2.668457031250000000e-01
8.657226562500000000e-01 -3.520507812500000000e-01 -5.249023437500000000e-02
9.545898437500000000e-01 -1.555175781250000000e-01 -4.394531250000000000e-02
9.277343750000000000e-01 -2.758789062500000000e-02 -8.520507812500000000e-02
8.613281250000000000e-01 -4.858398437500000000e-02 4.394531250000000000e-03
9.516601562500000000e-01 -8.374023437500000000e-02 -6.713867187500000000e-02
1.010986328125000000e+00 -1.381835937500000000e-01 -7.592773437500000000e-02
1.065429687500000000e+00 -1.252441406250000000e-01 -3.027343750000000000e-02
1.153808593750000000e+00 -8.374023437500000000e-02 -5.078125000000000000e-02
1.169677734375000000e+00 -1.928710937500000000e-01 1.293945312500000000e-01
1.374023437500000000e+00 -3.149414062500000000e-02 -3.427734375000000000e-01
7.768554687500000000e-01 2.441406250000000000e-02 -4.587402343750000000e-01
1.012207031250000000e+00 -2.209472656250000000e-01 -2.587890625000000000e-01
1.140136718750000000e+00 -2.333984375000000000e-01 -2.194824218750000000e-01
7.419433593750000000e-01 7.177734375000000000e-02 -1.545410156250000000e-01
9.338378906250000000e-01 -2.180175781250000000e-01 -4.003906250000000000e-02
8.442382812500000000e-01 -3.649902343750000000e-01 2.221679687500000000e-02
8.918457031250000000e-01 -2.480468750000000000e-01 7.226562500000000000e-02
9.453125000000000000e-01 -2.690429687500000000e-01 8.691406250000000000e-02
9.313964843750000000e-01 -3.151855468750000000e-01 8.593750000000000000e-02
1.154785156250000000e+00 -3.178710937500000000e-01 5.126953125000000000e-02
1.141845703125000000e+00 -2.761230468750000000e-01 9.838867187500000000e-02
1.435546875000000000e+00 -4.479980468750000000e-01 -3.781738281250000000e-01
8.798828125000000000e-01 -4.313964843750000000e-01 -1.059570312500000000e-01
8.891601562500000000e-01 -1.940917968750000000e-01 -2.199707031250000000e-01
1.101562500000000000e+00 -2.519531250000000000e-01 -2.241210937500000000e-01
9.589843750000000000e-01 -1.203613281250000000e-01 -1.140136718750000000e-01
9.589843750000000000e-01 -1.203613281250000000e-01 -1.140136718750000000e-01
8.713378906250000000e-01 -6.738281250000000000e-02 -4.589843750000000000e-02
8.713378906250000000e-01 -6.738281250000000000e-02 -4.589843750000000000e-02
9.160156250000000000e-01 -4.833984375000000000e-02 -4.614257812500000000e-02
9.101562500000000000e-01 -9.521484375000000000e-02 -2.465820312500000000e-02
9.824218750000000000e-01 7.324218750000000000e-03 -1.513671875000000000e-02
1.117675781250000000e+00 7.568359375000000000e-03 -5.981445312500000000e-02
8.562011718750000000e-01 -3.491210937500000000e-01 -2.416992187500000000e-02
8.916015625000000000e-01 -3.254394531250000000e-01 8.227539062500000000e-02
9.157714843750000000e-01 -2.866210937500000000e-01 7.226562500000000000e-02
9.157714843750000000e-01 -2.866210937500000000e-01 7.226562500000000000e-02
9.606933593750000000e-01 -1.135253906250000000e-01 9.399414062500000000e-02
9.606933593750000000e-01 -1.135253906250000000e-01 9.399414062500000000e-02
9.606933593750000000e-01 -1.135253906250000000e-01 9.399414062500000000e-02
1.073974609375000000e+00 -3.208007812500000000e-01 -1.708984375000000000e-02
1.081298828125000000e+00 -2.861328125000000000e-01 1.962890625000000000e-01
1.081298828125000000e+00 -2.861328125000000000e-01 1.962890625000000000e-01
1.563232421875000000e+00 -2.272949218750000000e-01 -5.681152343750000000e-01
1.563232421875000000e+00 -2.272949218750000000e-01 -5.681152343750000000e-01
7.126464843750000000e-01 -5.290527343750000000e-01 -4.060058593750000000e-01
7.126464843750000000e-01 -5.290527343750000000e-01 -4.060058593750000000e-01
1.123779296875000000e+00 -1.142578125000000000e-01 -1.677246093750000000e-01
1.123779296875000000e+00 -1.142578125000000000e-01 -1.677246093750000000e-01
8.017578125000000000e-01 -3.918457031250000000e-01 -3.293457031250000000e-01
8.967285156250000000e-01 -2.858886718750000000e-01 -1.767578125000000000e-01
9.213867187500000000e-01 -1.091308593750000000e-01 -1.579589843750000000e-01
8.942871093750000000e-01 -6.323242187500000000e-02 -1.972656250000000000e-01
9.060058593750000000e-01 -6.982421875000000000e-02 -3.149414062500000000e-02
1.052734375000000000e+00 9.277343750000000000e-02 -1.188964843750000000e-01
9.260253906250000000e-01 2.880859375000000000e-02 -4.296875000000000000e-02
1.127197265625000000e+00 3.881835937500000000e-02 -1.560058593750000000e-01
1.143066406250000000e+00 -2.294921875000000000e-02 -3.466796875000000000e-02
1.099121093750000000e+00 6.250000000000000000e-02 -1.032714843750000000e-01
1.047851562500000000e+00 -8.691406250000000000e-02 -5.126953125000000000e-02
7.399902343750000000e-01 -1.684570312500000000e-02 -4.089355468750000000e-01
9.282226562500000000e-01 -5.253906250000000000e-01 -3.146972656250000000e-01
1.098632812500000000e+00 -1.584472656250000000e-01 -3.432617187500000000e-01
9.182128906250000000e-01 3.002929687500000000e-02 -1.877441406250000000e-01
9.577636718750000000e-01 -2.343750000000000000e-01 -1.975097656250000000e-01
8.986816406250000000e-01 -3.078613281250000000e-01 -5.810546875000000000e-02
8.723144531250000000e-01 -2.871093750000000000e-01 -7.177734375000000000e-02
9.597167968750000000e-01 -3.393554687500000000e-01 -1.318359375000000000e-02
9.570312500000000000e-01 -2.529296875000000000e-01 1.716308593750000000e-01
9.741210937500000000e-01 -3.598632812500000000e-01 1.340332031250000000e-01
1.194824218750000000e+00 -2.429199218750000000e-01 1.423339843750000000e-01
1.565429687500000000e+00 -1.250000000000000000e-01 -2.365722656250000000e-01
8.769531250000000000e-01 -5.886230468750000000e-01 -1.062011718750000000e-01
1.089355468750000000e+00 -2.319335937500000000e-02 -3.398437500000000000e-01
9.189453125000000000e-01 -1.245117187500000000e-01 -3.049316406250000000e-01
7.741699218750000000e-01 -5.070800781250000000e-01 -9.472656250000000000e-02
8.515625000000000000e-01 -1.879882812500000000e-02 -1.901855468750000000e-01
8.605957031250000000e-01 -5.395507812500000000e-02 -6.494140625000000000e-02
1.006835937500000000e+00 -9.326171875000000000e-02 -8.276367187500000000e-02
1.006835937500000000e+00 -9.326171875000000000e-02 -8.276367187500000000e-02
9.853515625000000000e-01 -6.201171875000000000e-02 -6.835937500000000000e-02
1.278076171875000000e+00 -1.130371093750000000e-01 1.938476562500000000e-01
1.278076171875000000e+00 -1.130371093750000000e-01 1.938476562500000000e-01
1.444580078125000000e+00 -1.328125000000000000e-01 -2.236328125000000000e-01
1.084472656250000000e+00 -2.299804687500000000e-01 -3.378906250000000000e-01
1.084472656250000000e+00 -2.299804687500000000e-01 -3.378906250000000000e-01
9.340820312500000000e-01 -3.310546875000000000e-01 -2.314453125000000000e-01
8.425292968750000000e-01 5.224609375000000000e-02 -1.008300781250000000e-01
9.660644531250000000e-01 -1.816406250000000000e-01 -1.064453125000000000e-01
8.554687500000000000e-01 -3.044433593750000000e-01 -7.910156250000000000e-02
8.916015625000000000e-01 -1.679687500000000000e-01 8.129882812500000000e-02
9.379882812500000000e-01 -2.797851562500000000e-01 3.442382812500000000e-02
8.820800781250000000e-01 -2.065429687500000000e-01 1.428222656250000000e-01
1.207031250000000000e+00 -3.432617187500000000e-01 -4.394531250000000000e-03
1.203857421875000000e+00 -1.086425781250000000e-01 1.738281250000000000e-01
1.464843750000000000e+00 -3.481445312500000000e-01 -4.633789062500000000e-01
6.796875000000000000e-01 -3.759765625000000000e-01 -3.718261718750000000e-01
1.332275390625000000e+00 -1.503906250000000000e-01 -2.644042968750000000e-01
6.455078125000000000e-01 -5.112304687500000000e-01 -1.181640625000000000e-01
9.011230468750000000e-01 -2.375488281250000000e-01 -1.210937500000000000e-01
9.431152343750000000e-01 -2.392578125000000000e-02 -1.547851562500000000e-01
8.442382812500000000e-01 -1.293945312500000000e-02 -3.662109375000000000e-02
9.445800781250000000e-01 1.904296875000000000e-02 5.371093750000000000e-03
1.011474609375000000e+00 -7.568359375000000000e-02 2.539062500000000000e-02
1.128662109375000000e+00 3.002929687500000000e-02 -4.370117187500000000e-02
1.162353515625000000e+00 -2.307128906250000000e-01 5.688476562500000000e-02
1.385986328125000000e+00 -4.179687500000000000e-01 -1.860351562500000000e-01
9.113769531250000000e-01 7.031250000000000000e-02 -5.349121093750000000e-01
8.920898437500000000e-01 -3.249511718750000000e-01 -3.271484375000000000e-01
9.916992187500000000e-01 -3.105468750000000000e-01 -1.860351562500000000e-01
8.625488281250000000e-01 -2.612304687500000000e-02 -1.042480468750000000e-01
8.569335937500000000e-01 -2.163085937500000000e-01 -3.979492187500000000e-02
9.448242187500000000e-01 -2.973632812500000000e-01 1.098632812500000000e-02
8.845214843750000000e-01 -3.205566406250000000e-01 6.298828125000000000e-02
9.506835937500000000e-01 -2.856445312500000000e-01 3.784179687500000000e-02
9.553222656250000000e-01 -2.351074218750000000e-01 3.515625000000000000e-02
9.973144531250000000e-01 -2.163085937500000000e-01 9.008789062500000000e-02
1.658935546875000000e+00 -5.109863281250000000e-01 -5.153808593750000000e-01
1.658935546875000000e+00 -5.109863281250000000e-01 -5.153808593750000000e-01
5.498046875000000000e-01 -3.454589843750000000e-01 -2.797851562500000000e-01
1.067138671875000000e+00 -1.237792968750000000e-01 -2.255859375000000000e-01
9.943847656250000000e-01 -4.401855468750000000e-01 -2.834472656250000000e-01
7.902832031250000000e-01 -3.244628906250000000e-01 -1.669921875000000000e-01
9.272460937500000000e-01 -2.124023437500000000e-01 -2.634277343750000000e-01
8.476562500000000000e-01 -9.521484375000000000e-02 -2.580566406250000000e-01
9.074707031250000000e-01 -5.859375000000000000e-02 -1.174316406250000000e-01
