1.011718750000000000e+00 -7.104492187500000000e-02 4.042968750000000000e-01
1.011474609375000000e+00 -7.470703125000000000e-02 3.994140625000000000e-01
1.011474609375000000e+00 -7.470703125000000000e-02 3.994140625000000000e-01
1.011474609375000000e+00 -7.470703125000000000e-02 3.994140625000000000e-01
1.011474609375000000e+00 -7.470703125000000000e-02 3.994140625000000000e-01
1.008056640625000000e+00 -7.714843750000000000e-02 3.481445312500000000e-01
1.008056640625000000e+00 -7.714843750000000000e-02 3.481445312500000000e-01
1.008056640625000000e+00 -7.714843750000000000e-02 3.481445312500000000e-01
1.008056640625000000e+00 -7.714843750000000000e-02 3.481445312500000000e-01
1.015136718750000000e+00 -8.129882812500000000e-02 3.479003906250000000e-01
1.008056640625000000e+00 -8.569335937500000000e-02 3.493652343750000000e-01
1.001953125000000000e+00 -8.789062500000000000e-02 3.549804687500000000e-01
1.008056640625000000e+00 -8.886718750000000000e-02 3.627929687500000000e-01
1.005126953125000000e+00 -8.300781250000000000e-02 3.554687500000000000e-01
1.006835937500000000e+00 -8.154296875000000000e-02 3.613281250000000000e-01
1.018554687500000000e+00 -7.128906250000000000e-02 3.500976562500000000e-01
1.013183593750000000e+00 1.098632812500000000e-02 3.627929687500000000e-01
9.248046875000000000e-01 -7.592773437500000000e-02 4.436035156250000000e-01
9.177246093750000000e-01 -7.983398437500000000e-02 3.608398437500000000e-01
1.021728515625000000e+00 4.638671875000000000e-03 3.764648437500000000e-01
1.012695312500000000e+00 5.615234375000000000e-03 4.042968750000000000e-01
9.072265625000000000e-01 -6.396484375000000000e-02 3.442382812500000000e-01
9.228515625000000000e-01 -8.276367187500000000e-02 3.112792968750000000e-01
9.230957031250000000e-01 -8.959960937500000000e-02 3.754882812500000000e-01
1.001220703125000000e+00 -5.419921875000000000e-02 2.888183593750000000e-01
1.026855468750000000e+00 -1.267089843750000000e-01 2.275390625000000000e-01
1.078369140625000000e+00 -7.470703125000000000e-02 1.716308593750000000e-01
1.126464843750000000e+00 -6.347656250000000000e-02 2.214355468750000000e-01
1.000000000000000000e+00 -7.324218750000000000e-02 1.860351562500000000e-01
9.719238281250000000e-01 1.611328125000000000e-02 1.694335937500000000e-01
9.970703125000000000e-01 -3.662109375000000000e-03 1.643066406250000000e-01
1.037597656250000000e+00 9.179687500000000000e-02 2.077636718750000000e-01
9.982910156250000000e-01 3.222656250000000000e-02 2.165527343750000000e-01
9.787597656250000000e-01 6.567382812500000000e-02 1.135253906250000000e-01
9.797363281250000000e-01 -1.269531250000000000e-02 1.562500000000000000e-01
9.165039062500000000e-01 2.148437500000000000e-02 1.540527343750000000e-01
1.011718750000000000e+00 -1.289062500000000000e-01 1.977539062500000000e-01
1.091064453125000000e+00 -1.486816406250000000e-01 2.072753906250000000e-01
1.031738281250000000e+00 -1.333007812500000000e-01 1.296386718750000000e-01
1.143066406250000000e+00 -9.008789062500000000e-02 1.909179687500000000e-01
1.087158203125000000e+00 -6.201171875000000000e-02 1.318359375000000000e-01
1.026855468750000000e+00 -1.345214843750000000e-01 4.150390625000000000e-02
9.951171875000000000e-01 -1.965332031250000000e-01 5.200195312500000000e-02
9.897460937500000000e-01 -1.379394531250000000e-01 3.198242187500000000e-02
9.538574218750000000e-01 4.394531250000000000e-03 1.403808593750000000e-01
9.333496093750000000e-01 1.152343750000000000e-01 1.901855468750000000e-01
1.008789062500000000e+00 1.916503906250000000e-01 1.459960937500000000e-01
1.018554687500000000e+00 1.635742187500000000e-01 1.003417968750000000e-01
9.975585937500000000e-01 2.700195312500000000e-01 1.481933593750000000e-01
9.375000000000000000e-01 9.399414062500000000e-02 -7.324218750000000000e-04
1.070068359375000000e+00 3.027343750000000000e-01 -8.081054687500000000e-02
1.035888671875000000e+00 1.662597656250000000e-01 1.032714843750000000e-01
1.045654296875000000e+00 -1.757812500000000000e-02 1.276855468750000000e-01
1.053955078125000000e+00 -1.545410156250000000e-01 -4.370117187500000000e-02
1.272216796875000000e+00 6.860351562500000000e-02 -1.757812500000000000e-02
1.080322265625000000e+00 1.862792968750000000e-01 4.760742187500000000e-02
8.696289062500000000e-01 3.051757812500000000e-02 -8.081054687500000000e-02
9.873046875000000000e-01 -7.031250000000000000e-02 8.740234375000000000e-02
1.166503906250000000e+00 4.882812500000000000e-04 -2.734375000000000000e-02
9.528808593750000000e-01 7.470703125000000000e-02 -1.464843750000000000e-02
9.392089843750000000e-01 1.196289062500000000e-02 1.269531250000000000e-01
1.197021484375000000e+00 -6.372070312500000000e-02 -5.834960937500000000e-02
1.256591796875000000e+00 2.758789062500000000e-01 3.618164062500000000e-01
1.075195312500000000e+00 1.977539062500000000e-02 3.715820312500000000e-01
8.896484375000000000e-01 -2.705078125000000000e-01 2.006835937500000000e-01
6.608886718750000000e-01 2.177734375000000000e-01 5.627441406250000000e-01
1.045166015625000000e+00 3.317871093750000000e-01 7.160644531250000000e-01
1.053710937500000000e+00 -2.441406250000000000e-03 4.965820312500000000e-01
1.015136718750000000e+00 -2.763671875000000000e-01 4.055175781250000000e-01
7.043457031250000000e-01 -3.193359375000000000e-01 6.088867187500000000e-01
7.189941406250000000e-01 -1.503906250000000000e-01 5.693359375000000000e-01
1.048828125000000000e+00 -7.983398437500000000e-02 2.407226562500000000e-01
1.154541015625000000e+00 -1.511230468750000000e-01 1.743164062500000000e-01
9.047851562500000000e-01 -1.123046875000000000e-01 4.631347656250000000e-01
1.022705078125000000e+00 1.220703125000000000e-02 4.643554687500000000e-01
9.311523437500000000e-01 7.934570312500000000e-02 2.829589843750000000e-01
9.221191406250000000e-01 7.714843750000000000e-02 4.230957031250000000e-01
9.909667968750000000e-01 -1.904296875000000000e-02 4.760742187500000000e-01
8.500976562500000000e-01 -5.810546875000000000e-02 4.099121093750000000e-01
8.574218750000000000e-01 1.049804687500000000e-02 5.659179687500000000e-01
9.841308593750000000e-01 1.491699218750000000e-01 4.719238281250000000e-01
8.203125000000000000e-01 1.413574218750000000e-01 5.163574218750000000e-01
7.431640625000000000e-01 4.907226562500000000e-02 4.697265625000000000e-01
9.277343750000000000e-01 1.960449218750000000e-01 6.547851562500000000e-01
1.071777343750000000e+00 1.774902343750000000e-01 5.668945312500000000e-01
8.833007812500000000e-01 -3.906250000000000000e-03 4.738769531250000000e-01
1.460693359375000000e+00 -4.736328125000000000e-02 5.749511718750000000e-01
1.166748046875000000e+00 -2.592773437500000000e-01 2.202148437500000000e-01
7.861328125000000000e-01 -1.618652343750000000e-01 9.912109375000000000e-02
9.414062500000000000e-01 -2.385253906250000000e-01 3.408203125000000000e-01
1.054443359375000000e+00 -7.324218750000000000e-03 4.274902343750000000e-01
9.016113281250000000e-01 1.086425781250000000e-01 3.417968750000000000e-01
6.789550781250000000e-01 -1.613769531250000000e-01 2.758789062500000000e-01
9.296875000000000000e-01 -5.214843750000000000e-01 4.536132812500000000e-01
8.974609375000000000e-01 -3.369140625000000000e-01 3.828125000000000000e-01
9.465332031250000000e-01 -2.648925781250000000e-01 5.119628906250000000e-01
9.216308593750000000e-01 -3.298339843750000000e-01 4.340820312500000000e-01
9.968261718750000000e-01 -2.746582031250000000e-01 3.579101562500000000e-01
1.226074218750000000e+00 -3.281250000000000000e-01 4.221191406250000000e-01
1.465332031250000000e+00 -7.153320312500000000e-02 2.631835937500000000e-01
9.428710937500000000e-01 1.862792968750000000e-01 1.972656250000000000e-01
6.130371093750000000e-01 1.135253906250000000e-01 3.918457031250000000e-01
1.026611328125000000e+00 -4.377441406250000000e-01 3.715820312500000000e-01
9.516601562500000000e-01 -3.547363281250000000e-01 5.192871093750000000e-01
7.963867187500000000e-01 -1.284179687500000000e-01 3.593750000000000000e-01
7.724609375000000000e-01 2.880859375000000000e-02 6.152343750000000000e-01
6.911621093750000000e-01 -8.056640625000000000e-02 6.789550781250000000e-01
8.559570312500000000e-01 -2.807617187500000000e-02 5.244140625000000000e-01
1.413574218750000000e+00 1.528320312500000000e-01 6.269531250000000000e-01
1.777099609375000000e+00 -4.882812500000000000e-02 2.702636718750000000e-01
6.945800781250000000e-01 -1.047363281250000000e-01 1.274414062500000000e-01
4.404296875000000000e-01 -2.211914062500000000e-01 3.356933593750000000e-01
1.015625000000000000e+00 -1.135253906250000000e-01 4.880371093750000000e-01
1.377929687500000000e+00 1.806640625000000000e-02 2.631835937500000000e-01
9.680175781250000000e-01 -1.821289062500000000e-01 3.840332031250000000e-01
7.700195312500000000e-01 -2.270507812500000000e-01 4.255371093750000000e-01
7.578125000000000000e-01 -3.920898437500000000e-01 4.697265625000000000e-01
1.075927734375000000e+00 -3.510742187500000000e-01 3.117675781250000000e-01
1.059326171875000000e+00 -1.135253906250000000e-01 3.286132812500000000e-01
1.227539062500000000e+00 -1.179199218750000000e-01 4.196777343750000000e-01
1.337402343750000000e+00 -1.691894531250000000e-01 1.262207031250000000e-01
7.558593750000000000e-01 1.464843750000000000e-03 2.536621093750000000e-01
9.003906250000000000e-01 2.880859375000000000e-02 5.097656250000000000e-01
1.297119140625000000e+00 -1.770019531250000000e-01 2.934570312500000000e-01
9.406738281250000000e-01 -3.547363281250000000e-01 9.301757812500000000e-02
5.595703125000000000e-01 -2.805175781250000000e-01 3.425292968750000000e-01
9.687500000000000000e-01 6.103515625000000000e-03 4.067382812500000000e-01
1.322998046875000000e+00 -1.586914062500000000e-02 2.580566406250000000e-01
9.816894531250000000e-01 6.860351562500000000e-02 2.585449218750000000e-01
1.075439453125000000e+00 -1.335449218750000000e-01 2.631835937500000000e-01
9.699707031250000000e-01 -1.015625000000000000e-01 2.663574218750000000e-01
1.014160156250000000e+00 -1.696777343750000000e-01 2.802734375000000000e-01
9.226074218750000000e-01 -2.651367187500000000e-01 2.692871093750000000e-01
8.552246093750000000e-01 -5.346679687500000000e-02 2.631835937500000000e-01
1.209716796875000000e+00 -1.557617187500000000e-01 3.916015625000000000e-01
1.331787109375000000e+00 -3.979492187500000000e-01 3.090820312500000000e-01
8.479003906250000000e-01 -1.818847656250000000e-01 4.006347656250000000e-01
7.868652343750000000e-01 7.568359375000000000e-03 4.204101562500000000e-01
9.138183593750000000e-01 -8.471679687500000000e-02 5.131835937500000000e-01
1.012451171875000000e+00 -3.381347656250000000e-01 3.649902343750000000e-01
8.715820312500000000e-01 -3.063964843750000000e-01 3.901367187500000000e-01
9.548339843750000000e-01 -9.399414062500000000e-02 4.125976562500000000e-01
9.760742187500000000e-01 -7.543945312500000000e-02 3.552246093750000000e-01
1.070068359375000000e+00 -1.267089843750000000e-01 3.076171875000000000e-01
8.666992187500000000e-01 -7.836914062500000000e-02 3.754882812500000000e-01
6.762695312500000000e-01 -2.270507812500000000e-02 4.865722656250000000e-01
9.890136718750000000e-01 -5.322265625000000000e-02 6.931152343750000000e-01
1.148925781250000000e+00 2.441406250000000000e-03 5.734863281250000000e-01
9.370117187500000000e-01 -8.154296875000000000e-02 5.666503906250000000e-01
7.189941406250000000e-01 2.001953125000000000e-02 5.354003906250000000e-01
8.198242187500000000e-01 8.105468750000000000e-02 5.869140625000000000e-01
1.337158203125000000e+00 -1.528320312500000000e-01 3.962402343750000000e-01
9.055175781250000000e-01 -9.887695312500000000e-02 2.370605468750000000e-01
8.625488281250000000e-01 8.325195312500000000e-02 4.616699218750000000e-01
1.015136718750000000e+00 -8.325195312500000000e-02 4.345703125000000000e-01
1.020019531250000000e+00 -1.674804687500000000e-01 3.071289062500000000e-01
8.605957031250000000e-01 -1.091308593750000000e-01 3.366699218750000000e-01
1.027099609375000000e+00 -1.442871093750000000e-01 3.637695312500000000e-01
1.086181640625000000e+00 2.539062500000000000e-02 3.125000000000000000e-01
9.121093750000000000e-01 1.831054687500000000e-02 3.774414062500000000e-01
9.785156250000000000e-01 -5.761718750000000000e-02 2.883300781250000000e-01
1.082763671875000000e+00 -1.350097656250000000e-01 2.883300781250000000e-01
1.001220703125000000e+00 -1.333007812500000000e-01 3.015136718750000000e-01
9.067382812500000000e-01 -6.103515625000000000e-02 3.864746093750000000e-01
1.025146484375000000e+00 -1.254882812500000000e-01 3.801269531250000000e-01
9.831542968750000000e-01 -1.252441406250000000e-01 3.044433593750000000e-01
1.009765625000000000e+00 -6.176757812500000000e-02 3.105468750000000000e-01
9.184570312500000000e-01 -1.367187500000000000e-01 3.972167968750000000e-01
1.024414062500000000e+00 -1.259765625000000000e-01 3.825683593750000000e-01
9.870605468750000000e-01 -1.342773437500000000e-01 2.900390625000000000e-01
9.758300781250000000e-01 -9.423828125000000000e-02 2.956542968750000000e-01
1.013427734375000000e+00 -1.064453125000000000e-01 3.034667968750000000e-01
1.000732421875000000e+00 -1.120605468750000000e-01 2.963867187500000000e-01
1.008300781250000000e+00 -1.066894531250000000e-01 3.754882812500000000e-01
1.012207031250000000e+00 -1.040039062500000000e-01 3.125000000000000000e-01
9.736328125000000000e-01 -2.004394531250000000e-01 3.818359375000000000e-01
1.027343750000000000e+00 -1.933593750000000000e-01 3.923339843750000000e-01
1.017822265625000000e+00 -1.340332031250000000e-01 3.930664062500000000e-01
1.010009765625000000e+00 -1.271972656250000000e-01 3.798828125000000000e-01
1.013183593750000000e+00 -1.335449218750000000e-01 3.925781250000000000e-01
1.011962890625000000e+00 -9.497070312500000000e-02 3.771972656250000000e-01
1.026367187500000000e+00 -2.080078125000000000e-01 3.388671875000000000e-01
1.024414062500000000e+00 -1.950683593750000000e-01 3.381347656250000000e-01
1.018310546875000000e+00 -9.960937500000000000e-02 3.632812500000000000e-01
9.099121093750000000e-01 -1.562500000000000000e-01 3.635253906250000000e-01
1.010253906250000000e+00 -1.096191406250000000e-01 3.442382812500000000e-01
1.024902343750000000e+00 -1.000976562500000000e-01 3.508300781250000000e-01
1.030761718750000000e+00 -1.374511718750000000e-01 3.479003906250000000e-01
1.025390625000000000e+00 -5.151367187500000000e-02 3.542480468750000000e-01
9.248046875000000000e-01 -1.450195312500000000e-01 3.945312500000000000e-01
9.177246093750000000e-01 -9.741210937500000000e-02 3.830566406250000000e-01
9.326171875000000000e-01 -1.350097656250000000e-01 3.937988281250000000e-01
1.020263671875000000e+00 -1.430664062500000000e-01 3.906250000000000000e-01
9.208984375000000000e-01 -1.494140625000000000e-01 4.003906250000000000e-01
1.000732421875000000e+00 -1.059570312500000000e-01 3.928222656250000000e-01
1.016845703125000000e+00 -1.118164062500000000e-01 3.872070312500000000e-01
1.029541015625000000e+00 -9.472656250000000000e-02 3.076171875000000000e-01
9.777832031250000000e-01 -1.149902343750000000e-01 3.811035156250000000e-01
1.016845703125000000e+00 -2.011718750000000000e-01 3.862304687500000000e-01
9.682617187500000000e-01 -1.906738281250000000e-01 3.942871093750000000e-01
