1.014648437500000000e+00 -1.267089843750000000e-01 -9.741210937500000000e-02
1.014648437500000000e+00 -1.267089843750000000e-01 -9.741210937500000000e-02
9.775390625000000000e-01 -1.372070312500000000e-01 -9.399414062500000000e-02
9.782714843750000000e-01 -1.315917968750000000e-01 -1.027832031250000000e-01
1.013916015625000000e+00 -4.931640625000000000e-02 -1.481933593750000000e-01
1.027099609375000000e+00 -1.372070312500000000e-01 -1.337890625000000000e-01
9.772949218750000000e-01 -1.325683593750000000e-01 -1.057128906250000000e-01
1.022216796875000000e+00 -1.367187500000000000e-01 -1.486816406250000000e-01
1.014648437500000000e+00 -6.103515625000000000e-02 -1.530761718750000000e-01
9.702148437500000000e-01 -1.328125000000000000e-01 -1.110839843750000000e-01
9.765625000000000000e-01 -1.301269531250000000e-01 -1.213378906250000000e-01
9.768066406250000000e-01 -1.350097656250000000e-01 -1.533203125000000000e-01
1.029541015625000000e+00 -1.276855468750000000e-01 -1.464843750000000000e-01
9.755859375000000000e-01 -5.786132812500000000e-02 -1.062011718750000000e-01
1.002197265625000000e+00 -1.254882812500000000e-01 -1.420898437500000000e-01
1.029052734375000000e+00 -1.301269531250000000e-01 -1.313476562500000000e-01
1.031250000000000000e+00 -1.330566406250000000e-01 -1.440429687500000000e-01
9.765625000000000000e-01 -1.264648437500000000e-01 -1.372070312500000000e-01
1.028564453125000000e+00 -6.030273437500000000e-02 -1.499023437500000000e-01
9.943847656250000000e-01 -1.340332031250000000e-01 -1.337890625000000000e-01
1.021972656250000000e+00 -5.566406250000000000e-02 -1.389160156250000000e-01
9.921875000000000000e-01 -4.467773437500000000e-02 -9.912109375000000000e-02
9.709472656250000000e-01 -5.371093750000000000e-02 -9.375000000000000000e-02
1.008789062500000000e+00 -6.079101562500000000e-02 -1.101074218750000000e-01
1.016845703125000000e+00 -4.711914062500000000e-02 -1.503906250000000000e-01
9.731445312500000000e-01 -1.401367187500000000e-01 -1.416015625000000000e-01
1.003906250000000000e+00 -1.398925781250000000e-01 -1.137695312500000000e-01
9.760742187500000000e-01 -1.486816406250000000e-01 -1.542968750000000000e-01
9.829101562500000000e-01 -4.931640625000000000e-02 -9.741210937500000000e-02
9.721679687500000000e-01 -1.264648437500000000e-01 -1.896972656250000000e-01
1.012451171875000000e+00 -1.367187500000000000e-01 -2.141113281250000000e-01
1.030761718750000000e+00 -1.264648437500000000e-01 -1.127929687500000000e-01
9.338378906250000000e-01 -5.126953125000000000e-02 -1.550292968750000000e-01
1.014648437500000000e+00 -3.295898437500000000e-02 -1.374511718750000000e-01
1.014160156250000000e+00 -1.284179687500000000e-01 -1.115722656250000000e-01
1.029541015625000000e+00 -1.457519531250000000e-01 -1.120605468750000000e-01
9.775390625000000000e-01 -1.254882812500000000e-01 -1.218261718750000000e-01
1.016601562500000000e+00 -1.042480468750000000e-01 -1.149902343750000000e-01
1.027099609375000000e+00 -1.269531250000000000e-01 -1.149902343750000000e-01
1.007324218750000000e+00 -6.030273437500000000e-02 -1.140136718750000000e-01
1.016601562500000000e+00 -1.386718750000000000e-01 -1.076660156250000000e-01
1.018554687500000000e+00 -1.313476562500000000e-01 -1.206054687500000000e-01
1.031005859375000000e+00 -1.125488281250000000e-01 -1.987304687500000000e-01
1.002197265625000000e+00 -1.022949218750000000e-01 -2.014160156250000000e-01
1.018066406250000000e+00 -1.520996093750000000e-01 -2.084960937500000000e-01
1.012207031250000000e+00 -1.520996093750000000e-01 -2.033691406250000000e-01
1.014892578125000000e+00 -1.347656250000000000e-01 -1.982421875000000000e-01
1.005126953125000000e+00 -1.354980468750000000e-01 -1.950683593750000000e-01
1.019531250000000000e+00 -1.357421875000000000e-01 -1.206054687500000000e-01
1.030517578125000000e+00 -1.333007812500000000e-01 -1.979980468750000000e-01
1.005615234375000000e+00 -1.279296875000000000e-01 -1.201171875000000000e-01
1.027832031250000000e+00 -1.274414062500000000e-01 -1.079101562500000000e-01
1.020751953125000000e+00 -5.908203125000000000e-02 -1.083984375000000000e-01
1.014160156250000000e+00 -1.264648437500000000e-01 -1.127929687500000000e-01
1.028076171875000000e+00 -1.381835937500000000e-01 -1.132812500000000000e-01
1.028076171875000000e+00 -1.450195312500000000e-01 -1.047363281250000000e-01
1.020751953125000000e+00 -1.325683593750000000e-01 -1.010742187500000000e-01
1.027099609375000000e+00 -1.350097656250000000e-01 -1.062011718750000000e-01
1.016601562500000000e+00 -1.352539062500000000e-01 -1.113281250000000000e-01
1.016601562500000000e+00 -1.457519531250000000e-01 -1.206054687500000000e-01
1.018066406250000000e+00 -1.403808593750000000e-01 -1.220703125000000000e-01
1.021240234375000000e+00 -1.364746093750000000e-01 -1.240234375000000000e-01
1.020996093750000000e+00 -1.330566406250000000e-01 -1.962890625000000000e-01
1.024658203125000000e+00 -1.391601562500000000e-01 -1.892089843750000000e-01
1.014404296875000000e+00 -1.401367187500000000e-01 -1.894531250000000000e-01
1.024658203125000000e+00 -1.308593750000000000e-01 -1.208496093750000000e-01
1.011474609375000000e+00 -1.325683593750000000e-01 -1.145019531250000000e-01
1.018554687500000000e+00 -1.313476562500000000e-01 -1.237792968750000000e-01
9.287109375000000000e-01 -1.396484375000000000e-01 -2.077636718750000000e-01
9.724121093750000000e-01 -1.057128906250000000e-01 -1.796875000000000000e-01
8.627929687500000000e-01 -8.764648437500000000e-02 -3.190917968750000000e-01
7.111816406250000000e-01 -1.447753906250000000e-01 -2.353515625000000000e-01
5.422363281250000000e-01 -1.013183593750000000e-01 -4.174804687500000000e-02
9.030761718750000000e-01 1.411132812500000000e-01 5.126953125000000000e-02
8.281250000000000000e-01 -1.845703125000000000e-01 -1.022949218750000000e-01
1.705566406250000000e+00 -2.148437500000000000e-02 -5.029296875000000000e-01
2.567871093750000000e+00 -3.862304687500000000e-01 -5.205078125000000000e-01
2.451904296875000000e+00 -2.341308593750000000e-01 -9.211425781250000000e-01
1.183837890625000000e+00 -2.617187500000000000e-01 -4.069824218750000000e-01
-3.449707031250000000e-01 5.444335937500000000e-02 2.338867187500000000e-01
-5.322265625000000000e-01 -7.324218750000000000e-02 -2.854003906250000000e-01
2.873535156250000000e-01 -1.403808593750000000e-01 1.042480468750000000e-01
-1.999511718750000000e-01 -1.953125000000000000e-02 -1.586914062500000000e-02
2.500000000000000000e-01 7.226562500000000000e-02 1.569824218750000000e-01
8.974609375000000000e-01 -1.291503906250000000e-01 -1.740722656250000000e-01
2.582275390625000000e+00 2.441406250000000000e-02 -1.987304687500000000e-01
4.037841796875000000e+00 -8.845214843750000000e-01 -1.162841796875000000e+00
1.512451171875000000e+00 -8.789062500000000000e-02 -6.247558593750000000e-01
5.280761718750000000e-01 -7.666015625000000000e-02 -4.760742187500000000e-02
-6.914062500000000000e-01 4.394531250000000000e-02 2.578125000000000000e-01
4.541015625000000000e-02 -1.220703125000000000e-01 -7.080078125000000000e-02
6.933593750000000000e-02 3.857421875000000000e-02 -7.861328125000000000e-02
-2.832031250000000000e-02 1.130371093750000000e-01 6.103515625000000000e-03
7.666015625000000000e-01 8.251953125000000000e-02 -2.441406250000000000e-03
1.813232421875000000e+00 -1.862792968750000000e-01 -2.636718750000000000e-02
3.675292968750000000e+00 -2.961425781250000000e-01 -8.962402343750000000e-01
2.328857421875000000e+00 -3.779296875000000000e-01 -7.836914062500000000e-01
6.325683593750000000e-01 -2.983398437500000000e-01 -5.224609375000000000e-02
-4.465332031250000000e-01 4.272460937500000000e-02 1.955566406250000000e-01
-1.914062500000000000e-01 1.298828125000000000e-01 -2.014160156250000000e-01
1.240234375000000000e-01 -4.907226562500000000e-02 9.106445312500000000e-02
-6.469726562500000000e-02 1.147460937500000000e-02 9.423828125000000000e-02
5.351562500000000000e-01 -1.669921875000000000e-01 1.984863281250000000e-01
1.465332031250000000e+00 2.905273437500000000e-02 -2.724609375000000000e-01
4.329345703125000000e+00 -2.421875000000000000e-01 -1.660156250000000000e-01
2.608398437500000000e+00 -1.784667968750000000e-01 -6.003417968750000000e-01
1.072509765625000000e+00 -1.640625000000000000e-01 -2.702636718750000000e-01
-4.914550781250000000e-01 -6.103515625000000000e-03 -2.368164062500000000e-02
-4.545898437500000000e-01 2.050781250000000000e-01 -1.420898437500000000e-01
4.001464843750000000e-01 -2.221679687500000000e-02 -2.758789062500000000e-02
-7.617187500000000000e-02 -8.178710937500000000e-02 -3.076171875000000000e-02
4.050292968750000000e-01 1.071777343750000000e-01 7.666015625000000000e-02
1.045410156250000000e+00 -1.706542968750000000e-01 -5.402832031250000000e-01
3.342285156250000000e+00 -3.937988281250000000e-01 -1.171875000000000000e-01
3.270263671875000000e+00 -5.817871093750000000e-01 -7.910156250000000000e-01
1.467773437500000000e+00 -2.209472656250000000e-01 -3.559570312500000000e-01
-1.567382812500000000e-01 -1.997070312500000000e-01 2.099609375000000000e-01
-5.808105468750000000e-01 2.912597656250000000e-01 8.935546875000000000e-02
3.535156250000000000e-01 -1.958007812500000000e-01 7.470703125000000000e-02
-1.520996093750000000e-01 -6.884765625000000000e-02 7.421875000000000000e-02
2.910156250000000000e-01 9.765625000000000000e-02 -5.346679687500000000e-02
1.903564453125000000e+00 -2.011718750000000000e-01 -7.128906250000000000e-02
2.726318359375000000e+00 -4.731445312500000000e-01 -3.666992187500000000e-01
3.687744140625000000e+00 -5.695800781250000000e-01 -1.328857421875000000e+00
4.846191406250000000e-01 -2.097167968750000000e-01 -3.964843750000000000e-01
-2.316894531250000000e-01 -2.539062500000000000e-01 1.342773437500000000e-02
-3.820800781250000000e-01 1.604003906250000000e-01 -2.597656250000000000e-01
2.126464843750000000e-01 1.506347656250000000e-01 9.960937500000000000e-02
-1.020507812500000000e-01 -8.496093750000000000e-02 1.005859375000000000e-01
2.397460937500000000e-01 1.733398437500000000e-02 6.420898437500000000e-02
1.623291015625000000e+00 -3.986816406250000000e-01 -5.737304687500000000e-02
4.150146484375000000e+00 6.347656250000000000e-03 -2.915039062500000000e-01
2.731689453125000000e+00 -4.028320312500000000e-01 -7.187500000000000000e-01
6.613769531250000000e-01 -2.915039062500000000e-01 -8.813476562500000000e-02
-3.500976562500000000e-01 4.101562500000000000e-02 7.250976562500000000e-02
-2.775878906250000000e-01 5.273437500000000000e-02 -1.828613281250000000e-01
2.937011718750000000e-01 -1.506347656250000000e-01 9.667968750000000000e-02
-1.015625000000000000e-01 3.149414062500000000e-02 5.615234375000000000e-03
3.762207031250000000e-01 -1.000976562500000000e-02 9.594726562500000000e-02
1.172851562500000000e+00 -3.779296875000000000e-01 -4.833984375000000000e-01
3.680908203125000000e+00 -3.059082031250000000e-01 -5.625000000000000000e-01
3.327392578125000000e+00 -3.532714843750000000e-01 -9.023437500000000000e-01
1.087158203125000000e+00 -2.839355468750000000e-01 -2.363281250000000000e-01
-4.567871093750000000e-01 3.906250000000000000e-03 8.178710937500000000e-02
-5.356445312500000000e-01 7.031250000000000000e-02 -1.210937500000000000e-01
3.352050781250000000e-01 6.103515625000000000e-03 1.557617187500000000e-01
-3.076171875000000000e-02 3.027343750000000000e-02 7.763671875000000000e-02
1.872558593750000000e-01 1.386718750000000000e-01 -2.441406250000000000e-03
1.583496093750000000e+00 -1.574707031250000000e-01 -3.789062500000000000e-01
2.868652343750000000e+00 -4.013671875000000000e-01 -8.569335937500000000e-02
3.643554687500000000e+00 -4.396972656250000000e-01 -1.330566406250000000e+00
1.226806640625000000e+00 -3.789062500000000000e-01 -3.444824218750000000e-01
-3.818359375000000000e-01 -4.394531250000000000e-02 2.592773437500000000e-01
-5.256347656250000000e-01 2.451171875000000000e-01 -7.128906250000000000e-02
3.786621093750000000e-01 -1.516113281250000000e-01 1.389160156250000000e-01
-3.662109375000000000e-02 -4.956054687500000000e-02 -6.542968750000000000e-02
4.736328125000000000e-02 6.494140625000000000e-02 -4.467773437500000000e-02
1.021484375000000000e+00 -4.394531250000000000e-02 2.312011718750000000e-01
3.528808593750000000e+00 -3.823242187500000000e-01 -3.076171875000000000e-02
4.507080078125000000e+00 -6.013183593750000000e-01 -9.599609375000000000e-01
1.223388671875000000e+00 -4.370117187500000000e-02 -1.923828125000000000e-01
-2.612304687500000000e-02 -1.938476562500000000e-01 -1.462402343750000000e-01
-2.697753906250000000e-01 1.586914062500000000e-02 -3.833007812500000000e-02
-3.205566406250000000e-01 -1.506347656250000000e-01 -1.770019531250000000e-01
2.402343750000000000e-01 -1.315917968750000000e-01 1.921386718750000000e-01
1.240234375000000000e-01 -2.783203125000000000e-02 1.462402343750000000e-01
6.650390625000000000e-01 -5.322265625000000000e-02 -1.879882812500000000e-01
3.417968750000000000e+00 -2.766113281250000000e-01 -5.751953125000000000e-01
3.824707031250000000e+00 -2.907714843750000000e-01 -1.518554687500000000e+00
1.082519531250000000e+00 -4.829101562500000000e-01 -3.334960937500000000e-01
-1.813964843750000000e-01 -1.040039062500000000e-01 -2.636718750000000000e-02
-6.398925781250000000e-01 2.124023437500000000e-01 3.344726562500000000e-02
4.001464843750000000e-01 -4.687500000000000000e-02 2.121582031250000000e-01
-2.661132812500000000e-02 5.126953125000000000e-03 4.760742187500000000e-02
-7.202148437500000000e-02 8.203125000000000000e-02 1.557617187500000000e-01
4.782714843750000000e-01 -1.474609375000000000e-01 -3.371582031250000000e-01
3.398681640625000000e+00 -5.068359375000000000e-01 -4.897460937500000000e-01
3.787597656250000000e+00 -5.236816406250000000e-01 -1.312011718750000000e+00
1.413330078125000000e+00 -4.716796875000000000e-01 -3.493652343750000000e-01
7.202148437500000000e-02 -1.564941406250000000e-01 -1.511230468750000000e-01
-5.346679687500000000e-01 3.378906250000000000e-01 3.376464843750000000e-01
4.223632812500000000e-02 6.958007812500000000e-02 1.025390625000000000e-02
-9.155273437500000000e-02 -5.371093750000000000e-02 -5.371093750000000000e-03
-7.885742187500000000e-02 -1.577148437500000000e-01 4.150390625000000000e-03
7.060546875000000000e-01 7.690429687500000000e-02 -5.639648437500000000e-02
3.360595703125000000e+00 -1.186523437500000000e-01 1.589355468750000000e-01
3.685791015625000000e+00 -2.663574218750000000e-01 -1.592285156250000000e+00
1.449218750000000000e+00 -4.064941406250000000e-01 -6.064453125000000000e-01
-4.426269531250000000e-01 -1.079101562500000000e-01 -1.831054687500000000e-02
-7.280273437500000000e-01 3.959960937500000000e-01 1.218261718750000000e-01
5.683593750000000000e-01 -1.660156250000000000e-01 1.533203125000000000e-01
-8.666992187500000000e-02 -1.635742187500000000e-02 6.787109375000000000e-02
4.370117187500000000e-02 7.958984375000000000e-02 -5.004882812500000000e-02
9.172363281250000000e-01 -6.347656250000000000e-02 2.099609375000000000e-02
2.710937500000000000e+00 -5.759277343750000000e-01 -2.314453125000000000e-01
3.938232421875000000e+00 8.471679687500000000e-02 -1.123291015625000000e+00
1.677246093750000000e+00 -2.480468750000000000e-01 -6.135253906250000000e-01
-6.274414062500000000e-01 -2.280273437500000000e-01 5.004882812500000000e-02
-7.277832031250000000e-01 3.442382812500000000e-02 -5.395507812500000000e-02
4.150390625000000000e-01 -1.154785156250000000e-01 1.416015625000000000e-01
