9.870605468750000000e-01 -1.708984375000000000e-02 3.344726562500000000e-02
9.863281250000000000e-01 -2.319335937500000000e-02 4.321289062500000000e-02
9.848632812500000000e-01 -2.905273437500000000e-02 4.101562500000000000e-02
9.882812500000000000e-01 -2.270507812500000000e-02 4.052734375000000000e-02
9.829101562500000000e-01 -2.148437500000000000e-02 4.492187500000000000e-02
9.868164062500000000e-01 -1.708984375000000000e-02 4.052734375000000000e-02
9.863281250000000000e-01 -2.050781250000000000e-02 4.541015625000000000e-02
9.855957031250000000e-01 -2.246093750000000000e-02 4.492187500000000000e-02
9.853515625000000000e-01 -1.660156250000000000e-02 4.125976562500000000e-02
9.836425781250000000e-01 -2.539062500000000000e-02 4.882812500000000000e-02
9.836425781250000000e-01 -1.928710937500000000e-02 5.126953125000000000e-02
9.868164062500000000e-01 -2.832031250000000000e-02 4.882812500000000000e-02
9.887695312500000000e-01 -2.099609375000000000e-02 5.249023437500000000e-02
9.860839843750000000e-01 -1.953125000000000000e-02 5.419921875000000000e-02
9.897460937500000000e-01 -2.319335937500000000e-02 5.151367187500000000e-02
9.855957031250000000e-01 -2.197265625000000000e-02 5.615234375000000000e-02
9.831542968750000000e-01 -2.099609375000000000e-02 5.322265625000000000e-02
9.877929687500000000e-01 -2.099609375000000000e-02 5.419921875000000000e-02
9.858398437500000000e-01 -2.026367187500000000e-02 5.908203125000000000e-02
9.873046875000000000e-01 -2.612304687500000000e-02 5.590820312500000000e-02
9.873046875000000000e-01 -2.001953125000000000e-02 5.029296875000000000e-02
9.848632812500000000e-01 -2.539062500000000000e-02 4.907226562500000000e-02
9.887695312500000000e-01 -2.758789062500000000e-02 4.711914062500000000e-02
9.868164062500000000e-01 -2.514648437500000000e-02 4.370117187500000000e-02
9.892578125000000000e-01 -2.001953125000000000e-02 4.052734375000000000e-02
9.887695312500000000e-01 -2.490234375000000000e-02 4.809570312500000000e-02
9.772949218750000000e-01 -1.977539062500000000e-02 4.101562500000000000e-02
9.870605468750000000e-01 -8.056640625000000000e-03 9.204101562500000000e-02
9.831542968750000000e-01 -9.765625000000000000e-04 8.959960937500000000e-02
9.863281250000000000e-01 -6.835937500000000000e-03 9.228515625000000000e-02
9.777832031250000000e-01 -9.765625000000000000e-04 9.082031250000000000e-02
9.782714843750000000e-01 6.982421875000000000e-02 8.496093750000000000e-02
9.843750000000000000e-01 1.381835937500000000e-01 6.494140625000000000e-02
9.746093750000000000e-01 1.374511718750000000e-01 -5.859375000000000000e-03
9.716796875000000000e-01 1.413574218750000000e-01 6.811523437500000000e-02
1.027343750000000000e+00 9.765625000000000000e-02 7.055664062500000000e-02
9.699707031250000000e-01 1.518554687500000000e-01 8.837890625000000000e-02
9.997558593750000000e-01 1.345214843750000000e-01 4.736328125000000000e-02
9.760742187500000000e-01 1.442871093750000000e-01 5.102539062500000000e-02
9.868164062500000000e-01 9.765625000000000000e-02 9.301757812500000000e-02
9.824218750000000000e-01 5.126953125000000000e-02 7.958984375000000000e-02
1.028320312500000000e+00 -2.246093750000000000e-02 7.421875000000000000e-02
1.014160156250000000e+00 -1.269531250000000000e-01 -1.831054687500000000e-02
1.041503906250000000e+00 -6.567382812500000000e-02 7.543945312500000000e-02
1.093505859375000000e+00 3.808593750000000000e-02 8.398437500000000000e-02
1.066894531250000000e+00 2.636718750000000000e-02 9.008789062500000000e-02
9.367675781250000000e-01 -3.735351562500000000e-02 1.364746093750000000e-01
1.025878906250000000e+00 -8.984375000000000000e-02 1.337890625000000000e-01
9.316406250000000000e-01 -6.274414062500000000e-02 8.862304687500000000e-02
9.714355468750000000e-01 1.542968750000000000e-01 4.931640625000000000e-02
9.707031250000000000e-01 2.465820312500000000e-02 3.564453125000000000e-02
1.002197265625000000e+00 -1.198730468750000000e-01 1.330566406250000000e-01
9.948730468750000000e-01 2.001953125000000000e-02 2.036132812500000000e-01
9.711914062500000000e-01 1.284179687500000000e-01 1.733398437500000000e-01
1.012695312500000000e+00 4.760742187500000000e-02 1.689453125000000000e-01
1.192626953125000000e+00 2.929687500000000000e-03 1.311035156250000000e-01
1.524902343750000000e+00 -1.472167968750000000e-01 -3.173828125000000000e-01
8.103027343750000000e-01 3.955078125000000000e-02 7.568359375000000000e-03
1.011962890625000000e+00 -5.126953125000000000e-02 5.126953125000000000e-03
1.067138671875000000e+00 6.445312500000000000e-02 -1.433105468750000000e-01
1.004150390625000000e+00 3.002929687500000000e-02 6.591796875000000000e-02
8.957519531250000000e-01 -8.813476562500000000e-02 4.956054687500000000e-02
8.984375000000000000e-01 7.397460937500000000e-02 1.276855468750000000e-01
1.011718750000000000e+00 6.689453125000000000e-02 1.206054687500000000e-01
9.133300781250000000e-01 4.101562500000000000e-02 1.948242187500000000e-01
9.335937500000000000e-01 3.149414062500000000e-02 1.530761718750000000e-01
1.145751953125000000e+00 5.249023437500000000e-02 9.545898437500000000e-02
1.279785156250000000e+00 -2.734375000000000000e-02 2.512207031250000000e-01
1.351562500000000000e+00 1.494140625000000000e-01 -2.670898437500000000e-01
8.178710937500000000e-01 -1.403808593750000000e-01 -3.168945312500000000e-01
8.486328125000000000e-01 -1.252441406250000000e-01 -4.272460937500000000e-02
1.278320312500000000e+00 2.343750000000000000e-01 -5.908203125000000000e-02
9.431152343750000000e-01 -8.398437500000000000e-02 -5.371093750000000000e-02
8.789062500000000000e-01 -8.666992187500000000e-02 -7.421875000000000000e-02
1.001220703125000000e+00 4.882812500000000000e-03 -6.787109375000000000e-02
9.755859375000000000e-01 -1.660156250000000000e-02 -1.367187500000000000e-02
1.073486328125000000e+00 -1.977539062500000000e-02 -5.371093750000000000e-02
1.052978515625000000e+00 1.743164062500000000e-01 -1.364746093750000000e-01
9.086914062500000000e-01 -1.389160156250000000e-01 -2.167968750000000000e-01
1.061523437500000000e+00 1.474609375000000000e-01 -9.277343750000000000e-02
9.860839843750000000e-01 7.690429687500000000e-02 -2.441406250000000000e-03
9.868164062500000000e-01 5.737304687500000000e-02 8.715820312500000000e-02
9.799804687500000000e-01 9.326171875000000000e-02 -1.928710937500000000e-02
9.750976562500000000e-01 4.907226562500000000e-02 6.616210937500000000e-02
9.294433593750000000e-01 1.118164062500000000e-01 7.592773437500000000e-02
9.697265625000000000e-01 2.021484375000000000e-01 -2.075195312500000000e-02
1.006103515625000000e+00 1.193847656250000000e-01 -1.269531250000000000e-02
1.023193359375000000e+00 5.102539062500000000e-02 5.029296875000000000e-02
9.946289062500000000e-01 1.518554687500000000e-01 5.273437500000000000e-02
9.785156250000000000e-01 1.354980468750000000e-01 6.396484375000000000e-02
1.019287109375000000e+00 -5.859375000000000000e-03 -1.147460937500000000e-02
1.064453125000000000e+00 -9.838867187500000000e-02 -8.691406250000000000e-02
9.465332031250000000e-01 -2.634277343750000000e-01 8.251953125000000000e-02
1.159912109375000000e+00 -1.621093750000000000e-01 1.357421875000000000e-01
1.037841796875000000e+00 -1.684570312500000000e-02 6.127929687500000000e-02
1.006103515625000000e+00 -6.396484375000000000e-02 1.071777343750000000e-01
9.636230468750000000e-01 -1.823730468750000000e-01 1.477050781250000000e-01
9.233398437500000000e-01 -1.818847656250000000e-01 3.686523437500000000e-02
1.026123046875000000e+00 -1.975097656250000000e-01 4.882812500000000000e-02
1.004394531250000000e+00 -2.038574218750000000e-01 4.638671875000000000e-02
9.768066406250000000e-01 -1.491699218750000000e-01 1.469726562500000000e-01
1.019775390625000000e+00 -1.459960937500000000e-01 1.005859375000000000e-01
9.807128906250000000e-01 -5.883789062500000000e-02 1.071777343750000000e-01
9.863281250000000000e-01 -2.175292968750000000e-01 1.933593750000000000e-01
9.873046875000000000e-01 -2.314453125000000000e-01 1.899414062500000000e-01
1.264648437500000000e+00 -4.172363281250000000e-01 -1.616210937500000000e-01
1.455566406250000000e+00 -4.394531250000000000e-02 -1.711425781250000000e-01
7.429199218750000000e-01 1.230468750000000000e-01 -2.036132812500000000e-01
9.702148437500000000e-01 -2.136230468750000000e-01 2.319335937500000000e-02
9.938964843750000000e-01 -7.104492187500000000e-02 -1.398925781250000000e-01
9.155273437500000000e-01 1.518554687500000000e-01 -1.440429687500000000e-02
9.257812500000000000e-01 2.832031250000000000e-02 6.469726562500000000e-02
9.406738281250000000e-01 8.203125000000000000e-02 2.343750000000000000e-02
8.657226562500000000e-01 3.735351562500000000e-02 8.276367187500000000e-02
9.645996093750000000e-01 7.543945312500000000e-02 1.398925781250000000e-01
9.321289062500000000e-01 5.444335937500000000e-02 1.110839843750000000e-01
1.126953125000000000e+00 3.637695312500000000e-02 8.227539062500000000e-02
1.262207031250000000e+00 6.494140625000000000e-02 2.138671875000000000e-01
1.336181640625000000e+00 -7.690429687500000000e-02 -9.912109375000000000e-02
9.934082031250000000e-01 1.499023437500000000e-01 -4.121093750000000000e-01
9.116210937500000000e-01 -8.203125000000000000e-02 -1.564941406250000000e-01
9.787597656250000000e-01 3.149414062500000000e-01 -3.320312500000000000e-02
9.768066406250000000e-01 1.577148437500000000e-01 -8.007812500000000000e-02
7.993164062500000000e-01 -1.708984375000000000e-02 -8.325195312500000000e-02
1.029052734375000000e+00 7.666015625000000000e-02 -9.082031250000000000e-02
9.248046875000000000e-01 7.421875000000000000e-02 -7.812500000000000000e-02
9.199218750000000000e-01 -6.640625000000000000e-02 -7.324218750000000000e-02
9.975585937500000000e-01 7.373046875000000000e-02 6.640625000000000000e-02
9.987792968750000000e-01 7.788085937500000000e-02 8.544921875000000000e-02
9.770507812500000000e-01 6.762695312500000000e-02 1.386718750000000000e-01
1.437988281250000000e+00 6.005859375000000000e-02 -1.154785156250000000e-01
1.056640625000000000e+00 9.521484375000000000e-02 -2.490234375000000000e-01
5.979003906250000000e-01 4.882812500000000000e-02 -5.175781250000000000e-02
1.215576171875000000e+00 4.931640625000000000e-02 3.051757812500000000e-02
1.024169921875000000e+00 1.928710937500000000e-01 -2.075195312500000000e-02
8.398437500000000000e-01 8.129882812500000000e-02 1.328125000000000000e-01
8.820800781250000000e-01 4.638671875000000000e-02 1.115722656250000000e-01
8.652343750000000000e-01 9.887695312500000000e-02 9.667968750000000000e-02
9.335937500000000000e-01 7.714843750000000000e-02 1.223144531250000000e-01
1.156738281250000000e+00 1.315917968750000000e-01 1.997070312500000000e-01
1.049560546875000000e+00 2.722167968750000000e-01 2.348632812500000000e-01
1.212402343750000000e+00 3.930664062500000000e-02 3.378906250000000000e-01
1.343261718750000000e+00 1.801757812500000000e-01 -1.203613281250000000e-01
1.052734375000000000e+00 -2.832031250000000000e-02 -3.254394531250000000e-01
6.125488281250000000e-01 -9.301757812500000000e-02 -4.638671875000000000e-02
1.087890625000000000e+00 1.164550781250000000e-01 -2.734375000000000000e-02
9.814453125000000000e-01 3.540039062500000000e-02 -8.764648437500000000e-02
8.684082031250000000e-01 -1.325683593750000000e-01 -3.100585937500000000e-02
9.201660156250000000e-01 -6.567382812500000000e-02 8.398437500000000000e-02
9.582519531250000000e-01 3.417968750000000000e-03 5.932617187500000000e-02
9.033203125000000000e-01 -8.129882812500000000e-02 1.223144531250000000e-01
1.078369140625000000e+00 -3.637695312500000000e-02 1.516113281250000000e-01
1.105224609375000000e+00 1.464843750000000000e-03 1.318359375000000000e-01
1.217285156250000000e+00 1.757812500000000000e-02 2.573242187500000000e-01
1.371582031250000000e+00 1.464843750000000000e-03 -1.259765625000000000e-01
9.211425781250000000e-01 9.033203125000000000e-03 -2.250976562500000000e-01
8.881835937500000000e-01 1.406250000000000000e-01 -6.909179687500000000e-02
1.160644531250000000e+00 -1.320800781250000000e-01 -6.811523437500000000e-02
8.583984375000000000e-01 -1.293945312500000000e-02 7.763671875000000000e-02
7.910156250000000000e-01 7.348632812500000000e-02 3.808593750000000000e-02
9.653320312500000000e-01 6.323242187500000000e-02 1.491699218750000000e-01
8.962402343750000000e-01 9.667968750000000000e-02 1.384277343750000000e-01
9.038085937500000000e-01 4.345703125000000000e-02 2.143554687500000000e-01
9.892578125000000000e-01 -7.812500000000000000e-03 1.398925781250000000e-01
1.168945312500000000e+00 6.298828125000000000e-02 3.710937500000000000e-02
1.314941406250000000e+00 -9.838867187500000000e-02 4.392089843750000000e-01
9.899902343750000000e-01 -1.269531250000000000e-02 5.737304687500000000e-02
1.131347656250000000e+00 1.518554687500000000e-01 -3.547363281250000000e-01
9.970703125000000000e-01 1.562500000000000000e-02 -1.977539062500000000e-01
1.145507812500000000e+00 2.683105468750000000e-01 -1.411132812500000000e-01
9.279785156250000000e-01 2.868652343750000000e-01 7.690429687500000000e-02
8.454589843750000000e-01 -3.930664062500000000e-02 7.080078125000000000e-02
8.107910156250000000e-01 -9.155273437500000000e-02 2.077636718750000000e-01
8.469238281250000000e-01 -3.613281250000000000e-02 2.517089843750000000e-01
8.828125000000000000e-01 2.124023437500000000e-02 2.282714843750000000e-01
9.819335937500000000e-01 1.035156250000000000e-01 1.772460937500000000e-01
1.128662109375000000e+00 9.179687500000000000e-02 1.721191406250000000e-01
1.299072265625000000e+00 1.604003906250000000e-01 2.800292968750000000e-01
1.695556640625000000e+00 1.477050781250000000e-01 -3.432617187500000000e-01
8.808593750000000000e-01 1.271972656250000000e-01 -2.482910156250000000e-01
7.207031250000000000e-01 1.359863281250000000e-01 -1.586914062500000000e-02
1.031738281250000000e+00 6.884765625000000000e-02 -6.738281250000000000e-02
7.893066406250000000e-01 -1.171875000000000000e-02 7.739257812500000000e-02
9.479980468750000000e-01 1.286621093750000000e-01 2.148437500000000000e-01
8.669433593750000000e-01 -2.685546875000000000e-03 1.650390625000000000e-01
8.068847656250000000e-01 1.391601562500000000e-02 2.653808593750000000e-01
9.604492187500000000e-01 2.172851562500000000e-02 1.740722656250000000e-01
1.112304687500000000e+00 8.422851562500000000e-02 5.102539062500000000e-02
1.592041015625000000e+00 1.914062500000000000e-01 3.645019531250000000e-01
1.461914062500000000e+00 1.860351562500000000e-01 -3.193359375000000000e-01
8.535156250000000000e-01 1.225585937500000000e-01 -2.026367187500000000e-01
5.361328125000000000e-01 7.275390625000000000e-02 -9.033203125000000000e-02
1.055419921875000000e+00 2.924804687500000000e-01 -2.065429687500000000e-01
1.037841796875000000e+00 -7.128906250000000000e-02 -1.435546875000000000e-01
9.096679687500000000e-01 -2.221679687500000000e-02 -7.299804687500000000e-02
8.447265625000000000e-01 -1.147460937500000000e-02 8.007812500000000000e-02
8.007812500000000000e-01 -9.692382812500000000e-02 3.442382812500000000e-02
9.057617187500000000e-01 -1.494140625000000000e-01 1.696777343750000000e-01
9.848632812500000000e-01 -4.321289062500000000e-02 1.728515625000000000e-01
1.313476562500000000e+00 -9.765625000000000000e-03 9.570312500000000000e-02
