9.863281250000000000e-01 -1.879882812500000000e-02 3.369140625000000000e-02
9.865722656250000000e-01 -1.513671875000000000e-02 9.033203125000000000e-02
9.819335937500000000e-01 -1.440429687500000000e-02 3.344726562500000000e-02
9.819335937500000000e-01 -1.440429687500000000e-02 3.344726562500000000e-02
9.858398437500000000e-01 -1.123046875000000000e-02 3.515625000000000000e-02
9.848632812500000000e-01 -1.269531250000000000e-02 3.393554687500000000e-02
9.877929687500000000e-01 -1.635742187500000000e-02 3.735351562500000000e-02
9.848632812500000000e-01 -1.538085937500000000e-02 4.077148437500000000e-02
9.819335937500000000e-01 -1.440429687500000000e-02 3.759765625000000000e-02
9.846191406250000000e-01 -1.367187500000000000e-02 5.273437500000000000e-02
9.885253906250000000e-01 -1.342773437500000000e-02 5.224609375000000000e-02
9.877929687500000000e-01 -1.000976562500000000e-02 5.859375000000000000e-02
9.863281250000000000e-01 -1.245117187500000000e-02 4.711914062500000000e-02
9.824218750000000000e-01 -1.538085937500000000e-02 5.932617187500000000e-02
9.868164062500000000e-01 -1.245117187500000000e-02 5.053710937500000000e-02
9.826660156250000000e-01 -1.000976562500000000e-02 4.418945312500000000e-02
9.841308593750000000e-01 -1.586914062500000000e-02 6.201171875000000000e-02
9.860839843750000000e-01 -1.318359375000000000e-02 5.566406250000000000e-02
9.880371093750000000e-01 -1.318359375000000000e-02 5.444335937500000000e-02
9.853515625000000000e-01 -7.324218750000000000e-03 5.859375000000000000e-02
9.885253906250000000e-01 -1.147460937500000000e-02 5.273437500000000000e-02
9.858398437500000000e-01 -1.708984375000000000e-02 6.127929687500000000e-02
9.851074218750000000e-01 -1.440429687500000000e-02 5.834960937500000000e-02
9.882812500000000000e-01 -1.367187500000000000e-02 5.517578125000000000e-02
9.877929687500000000e-01 -1.318359375000000000e-02 5.908203125000000000e-02
9.875488281250000000e-01 -1.318359375000000000e-02 5.786132812500000000e-02
9.877929687500000000e-01 -1.293945312500000000e-02 5.981445312500000000e-02
9.865722656250000000e-01 -1.342773437500000000e-02 5.639648437500000000e-02
9.841308593750000000e-01 -1.416015625000000000e-02 6.127929687500000000e-02
9.858398437500000000e-01 -9.521484375000000000e-03 5.981445312500000000e-02
9.870605468750000000e-01 -1.025390625000000000e-02 6.030273437500000000e-02
9.846191406250000000e-01 -1.684570312500000000e-02 1.267089843750000000e-01
9.848632812500000000e-01 -1.147460937500000000e-02 1.262207031250000000e-01
9.875488281250000000e-01 -1.000976562500000000e-02 5.517578125000000000e-02
9.863281250000000000e-01 -1.025390625000000000e-02 5.175781250000000000e-02
9.836425781250000000e-01 -1.196289062500000000e-02 5.834960937500000000e-02
9.873046875000000000e-01 -1.391601562500000000e-02 5.859375000000000000e-02
9.831542968750000000e-01 -1.684570312500000000e-02 5.419921875000000000e-02
9.916992187500000000e-01 -1.123046875000000000e-02 4.345703125000000000e-02
9.865722656250000000e-01 -1.538085937500000000e-02 3.320312500000000000e-02
9.838867187500000000e-01 -9.033203125000000000e-03 4.272460937500000000e-02
9.904785156250000000e-01 -1.513671875000000000e-02 3.515625000000000000e-02
9.841308593750000000e-01 -1.904296875000000000e-02 3.906250000000000000e-02
9.882812500000000000e-01 -2.514648437500000000e-02 3.540039062500000000e-02
9.938964843750000000e-01 -1.513671875000000000e-02 4.907226562500000000e-02
9.870605468750000000e-01 -2.172851562500000000e-02 4.028320312500000000e-02
9.938964843750000000e-01 -2.221679687500000000e-02 5.737304687500000000e-02
1.031005859375000000e+00 -1.171875000000000000e-02 5.957031250000000000e-02
9.880371093750000000e-01 -1.879882812500000000e-02 1.369628906250000000e-01
9.719238281250000000e-01 -3.906250000000000000e-03 5.297851562500000000e-02
9.770507812500000000e-01 1.147460937500000000e-02 9.106445312500000000e-02
9.938964843750000000e-01 6.347656250000000000e-03 7.836914062500000000e-02
9.973144531250000000e-01 4.418945312500000000e-02 4.565429687500000000e-02
9.743652343750000000e-01 -2.441406250000000000e-02 8.300781250000000000e-02
9.760742187500000000e-01 -2.929687500000000000e-02 3.393554687500000000e-02
9.790039062500000000e-01 -2.636718750000000000e-02 1.408691406250000000e-01
1.070556640625000000e+00 -6.298828125000000000e-02 6.201171875000000000e-02
1.024414062500000000e+00 -3.417968750000000000e-02 5.737304687500000000e-02
9.938964843750000000e-01 8.300781250000000000e-02 1.311035156250000000e-01
1.063964843750000000e+00 1.267089843750000000e-01 5.200195312500000000e-02
1.027343750000000000e+00 1.171875000000000000e-02 1.394042968750000000e-01
9.870605468750000000e-01 9.252929687500000000e-02 1.103515625000000000e-01
1.065673828125000000e+00 2.685546875000000000e-03 6.225585937500000000e-02
1.024902343750000000e+00 -3.295898437500000000e-02 1.347656250000000000e-01
9.938964843750000000e-01 9.106445312500000000e-02 1.035156250000000000e-01
9.870605468750000000e-01 1.555175781250000000e-01 1.557617187500000000e-01
1.027832031250000000e+00 1.318359375000000000e-02 1.296386718750000000e-01
1.025634765625000000e+00 -9.033203125000000000e-03 1.188964843750000000e-01
9.992675781250000000e-01 -7.031250000000000000e-02 5.541992187500000000e-02
1.018798828125000000e+00 -8.105468750000000000e-02 1.384277343750000000e-01
1.065917968750000000e+00 8.325195312500000000e-02 1.149902343750000000e-01
9.978027343750000000e-01 5.737304687500000000e-02 1.176757812500000000e-01
9.853515625000000000e-01 -2.221679687500000000e-02 6.225585937500000000e-02
1.027832031250000000e+00 -2.001953125000000000e-02 1.982421875000000000e-01
1.082763671875000000e+00 -8.764648437500000000e-02 1.345214843750000000e-01
1.010742187500000000e+00 -8.203125000000000000e-02 5.151367187500000000e-02
1.068359375000000000e+00 7.055664062500000000e-02 1.083984375000000000e-01
9.936523437500000000e-01 1.508789062500000000e-01 1.477050781250000000e-01
9.912109375000000000e-01 -6.347656250000000000e-03 1.323242187500000000e-01
9.299316406250000000e-01 2.441406250000000000e-02 1.533203125000000000e-01
1.047607421875000000e+00 1.708984375000000000e-03 1.533203125000000000e-01
1.025878906250000000e+00 -9.350585937500000000e-02 3.222656250000000000e-02
1.072998046875000000e+00 -2.905273437500000000e-02 1.086425781250000000e-01
1.066162109375000000e+00 5.859375000000000000e-02 1.440429687500000000e-01
9.958496093750000000e-01 -8.300781250000000000e-03 6.127929687500000000e-02
9.348144531250000000e-01 -1.123046875000000000e-02 7.299804687500000000e-02
1.071777343750000000e+00 2.685546875000000000e-03 1.088867187500000000e-01
9.748535156250000000e-01 -4.077148437500000000e-02 7.226562500000000000e-02
9.887695312500000000e-01 -2.612304687500000000e-02 9.472656250000000000e-02
1.077880859375000000e+00 5.419921875000000000e-02 1.306152343750000000e-01
9.965820312500000000e-01 5.126953125000000000e-02 3.393554687500000000e-02
1.009033203125000000e+00 8.007812500000000000e-02 8.447265625000000000e-02
9.694824218750000000e-01 -6.713867187500000000e-02 1.989746093750000000e-01
1.067871093750000000e+00 -7.519531250000000000e-02 -2.197265625000000000e-03
1.015869140625000000e+00 9.033203125000000000e-03 5.566406250000000000e-02
1.066894531250000000e+00 -2.685546875000000000e-03 1.372070312500000000e-01
1.076904296875000000e+00 1.914062500000000000e-01 5.712890625000000000e-02
1.013671875000000000e+00 -2.685546875000000000e-02 4.174804687500000000e-02
9.780273437500000000e-01 1.220703125000000000e-03 2.106933593750000000e-01
1.086425781250000000e+00 1.831054687500000000e-02 -1.489257812500000000e-02
1.008056640625000000e+00 -6.445312500000000000e-02 1.501464843750000000e-01
1.068603515625000000e+00 3.125000000000000000e-02 1.552734375000000000e-01
9.855957031250000000e-01 1.274414062500000000e-01 1.413574218750000000e-01
9.780273437500000000e-01 2.343750000000000000e-02 5.029296875000000000e-02
9.699707031250000000e-01 -6.591796875000000000e-03 2.094726562500000000e-01
1.080810546875000000e+00 -3.491210937500000000e-02 4.077148437500000000e-02
1.029052734375000000e+00 -7.373046875000000000e-02 1.403808593750000000e-01
1.073974609375000000e+00 9.350585937500000000e-02 1.091308593750000000e-01
9.880371093750000000e-01 1.545410156250000000e-01 1.425781250000000000e-01
1.027343750000000000e+00 9.301757812500000000e-02 1.301269531250000000e-01
9.699707031250000000e-01 1.293945312500000000e-02 2.080078125000000000e-01
1.090820312500000000e+00 -8.520507812500000000e-02 5.957031250000000000e-02
1.009521484375000000e+00 -1.520996093750000000e-01 1.003417968750000000e-01
1.074951171875000000e+00 1.430664062500000000e-01 1.108398437500000000e-01
1.068603515625000000e+00 2.648925781250000000e-01 4.907226562500000000e-02
1.002929687500000000e+00 -1.733398437500000000e-02 1.550292968750000000e-01
9.985351562500000000e-01 6.103515625000000000e-03 1.689453125000000000e-01
1.063720703125000000e+00 -1.430664062500000000e-01 1.560058593750000000e-01
1.018066406250000000e+00 -7.788085937500000000e-02 1.899414062500000000e-01
1.068115234375000000e+00 1.469726562500000000e-01 9.399414062500000000e-02
9.736328125000000000e-01 5.688476562500000000e-02 1.066894531250000000e-01
9.750976562500000000e-01 5.102539062500000000e-02 1.477050781250000000e-01
1.063720703125000000e+00 3.027343750000000000e-02 1.970214843750000000e-01
9.980468750000000000e-01 -5.151367187500000000e-02 9.643554687500000000e-02
9.194335937500000000e-01 9.765625000000000000e-04 5.810546875000000000e-02
1.063232421875000000e+00 8.862304687500000000e-02 1.882324218750000000e-01
1.069091796875000000e+00 2.004394531250000000e-01 1.408691406250000000e-01
9.919433593750000000e-01 8.056640625000000000e-02 3.833007812500000000e-02
9.877929687500000000e-01 4.296875000000000000e-02 1.044921875000000000e-01
1.091308593750000000e+00 -1.538085937500000000e-02 1.308593750000000000e-01
9.682617187500000000e-01 8.374023437500000000e-02 4.687500000000000000e-02
1.092773437500000000e+00 2.058105468750000000e-01 1.550292968750000000e-01
9.870605468750000000e-01 2.685546875000000000e-01 4.443359375000000000e-02
1.077880859375000000e+00 3.442382812500000000e-02 7.324218750000000000e-03
9.667968750000000000e-01 6.835937500000000000e-03 7.641601562500000000e-02
1.077392578125000000e+00 -2.441406250000000000e-03 5.444335937500000000e-02
1.017822265625000000e+00 -2.832031250000000000e-02 9.057617187500000000e-02
1.082763671875000000e+00 -1.220703125000000000e-02 1.257324218750000000e-01
1.062744140625000000e+00 1.325683593750000000e-01 7.446289062500000000e-02
1.090820312500000000e+00 -1.025390625000000000e-01 -7.226562500000000000e-02
9.682617187500000000e-01 -2.038574218750000000e-01 1.357421875000000000e-01
1.011962890625000000e+00 -1.464843750000000000e-01 1.892089843750000000e-01
1.136962890625000000e+00 -3.247070312500000000e-02 9.692382812500000000e-02
1.077880859375000000e+00 -1.267089843750000000e-01 1.083984375000000000e-01
9.836425781250000000e-01 1.953125000000000000e-03 1.403808593750000000e-01
1.016601562500000000e+00 -9.765625000000000000e-02 6.323242187500000000e-02
9.643554687500000000e-01 -2.316894531250000000e-01 1.215820312500000000e-01
9.724121093750000000e-01 -4.760742187500000000e-02 2.016601562500000000e-01
1.080566406250000000e+00 -8.935546875000000000e-02 1.562500000000000000e-01
1.031005859375000000e+00 -2.067871093750000000e-01 2.072753906250000000e-01
1.083251953125000000e+00 -1.586914062500000000e-02 1.042480468750000000e-01
1.000000000000000000e+00 -8.520507812500000000e-02 1.269531250000000000e-01
9.228515625000000000e-01 -1.108398437500000000e-01 1.884765625000000000e-01
9.846191406250000000e-01 -1.472167968750000000e-01 1.726074218750000000e-01
9.892578125000000000e-01 -1.557617187500000000e-01 1.967773437500000000e-01
1.007568359375000000e+00 -1.040039062500000000e-01 2.517089843750000000e-01
9.956054687500000000e-01 7.080078125000000000e-03 1.630859375000000000e-01
9.924316406250000000e-01 5.371093750000000000e-03 1.071777343750000000e-01
9.284667968750000000e-01 -1.391601562500000000e-01 1.804199218750000000e-01
1.025390625000000000e+00 -1.899414062500000000e-01 1.726074218750000000e-01
9.914550781250000000e-01 -1.447753906250000000e-01 2.070312500000000000e-01
1.012207031250000000e+00 -1.203613281250000000e-01 2.731933593750000000e-01
9.992675781250000000e-01 -7.739257812500000000e-02 2.065429687500000000e-01
1.004150390625000000e+00 -1.203613281250000000e-01 1.835937500000000000e-01
1.015380859375000000e+00 -1.010742187500000000e-01 1.799316406250000000e-01
1.136718750000000000e+00 -6.860351562500000000e-02 1.645507812500000000e-01
1.158691406250000000e+00 -6.494140625000000000e-02 6.933593750000000000e-02
9.169921875000000000e-01 7.592773437500000000e-02 1.015625000000000000e-01
9.899902343750000000e-01 1.325683593750000000e-01 1.254882812500000000e-01
1.079101562500000000e+00 -2.099609375000000000e-02 1.350097656250000000e-01
1.025390625000000000e+00 3.613281250000000000e-02 1.596679687500000000e-01
1.043457031250000000e+00 3.491210937500000000e-02 1.333007812500000000e-01
9.584960937500000000e-01 -1.538085937500000000e-02 1.630859375000000000e-01
1.023681640625000000e+00 6.127929687500000000e-02 1.918945312500000000e-01
1.078857421875000000e+00 1.936035156250000000e-01 9.765625000000000000e-02
9.318847656250000000e-01 1.311035156250000000e-01 1.906738281250000000e-01
9.316406250000000000e-01 -3.417968750000000000e-03 2.331542968750000000e-01
1.063232421875000000e+00 6.909179687500000000e-02 1.174316406250000000e-01
1.022949218750000000e+00 1.525878906250000000e-01 1.628417968750000000e-01
9.978027343750000000e-01 1.840820312500000000e-01 2.099609375000000000e-01
9.785156250000000000e-01 2.062988281250000000e-01 1.088867187500000000e-01
9.362792968750000000e-01 5.346679687500000000e-02 2.585449218750000000e-01
1.084960937500000000e+00 -2.856445312500000000e-02 2.583007812500000000e-01
9.707031250000000000e-01 8.398437500000000000e-02 1.774902343750000000e-01
9.707031250000000000e-01 1.599121093750000000e-01 1.799316406250000000e-01
9.863281250000000000e-01 1.716308593750000000e-01 1.689453125000000000e-01
1.027587890625000000e+00 1.166992187500000000e-01 1.914062500000000000e-01
9.145507812500000000e-01 5.957031250000000000e-02 2.441406250000000000e-01
1.077880859375000000e+00 7.104492187500000000e-02 2.517089843750000000e-01
1.029541015625000000e+00 8.251953125000000000e-02 1.748046875000000000e-01
1.011962890625000000e+00 1.166992187500000000e-01 1.699218750000000000e-01
1.015625000000000000e+00 1.916503906250000000e-01 1.809082031250000000e-01
1.028076171875000000e+00 1.081542968750000000e-01 1.711425781250000000e-01
9.978027343750000000e-01 1.318359375000000000e-01 1.647949218750000000e-01
9.719238281250000000e-01 4.077148437500000000e-02 2.102050781250000000e-01
1.013916015625000000e+00 1.459960937500000000e-01 1.708984375000000000e-01
1.010742187500000000e+00 9.887695312500000000e-02 2.673339843750000000e-01
9.265136718750000000e-01 1.250000000000000000e-01 2.197265625000000000e-01
9.863281250000000000e-01 8.935546875000000000e-02 2.175292968750000000e-01
9.711914062500000000e-01 4.150390625000000000e-02 1.120605468750000000e-01
