9.760742187500000000e-01 -1.447753906250000000e-01 -5.029296875000000000e-02
9.760742187500000000e-01 -1.447753906250000000e-01 -5.029296875000000000e-02
9.760742187500000000e-01 -1.447753906250000000e-01 -5.029296875000000000e-02
9.775390625000000000e-01 -1.501464843750000000e-01 -4.248046875000000000e-02
9.777832031250000000e-01 -1.442871093750000000e-01 -4.687500000000000000e-02
9.780273437500000000e-01 -1.484375000000000000e-01 -5.346679687500000000e-02
1.028564453125000000e+00 -1.508789062500000000e-01 -4.614257812500000000e-02
9.782714843750000000e-01 -1.445312500000000000e-01 -5.126953125000000000e-02
9.843750000000000000e-01 -1.479492187500000000e-01 -4.907226562500000000e-02
9.748535156250000000e-01 -1.474609375000000000e-01 -4.858398437500000000e-02
9.716796875000000000e-01 -1.445312500000000000e-01 -5.273437500000000000e-02
1.029052734375000000e+00 -9.594726562500000000e-02 -4.882812500000000000e-02
1.029052734375000000e+00 -9.594726562500000000e-02 -4.882812500000000000e-02
9.733886718750000000e-01 -1.520996093750000000e-01 -5.419921875000000000e-02
9.733886718750000000e-01 -1.520996093750000000e-01 -5.419921875000000000e-02
9.785156250000000000e-01 -1.486816406250000000e-01 -5.249023437500000000e-02
9.736328125000000000e-01 -1.540527343750000000e-01 -5.126953125000000000e-02
9.760742187500000000e-01 -1.506347656250000000e-01 -5.493164062500000000e-02
9.763183593750000000e-01 -9.399414062500000000e-02 -5.981445312500000000e-02
9.702148437500000000e-01 -9.643554687500000000e-02 -5.908203125000000000e-02
9.875488281250000000e-01 -1.508789062500000000e-01 -4.760742187500000000e-02
9.755859375000000000e-01 -1.477050781250000000e-01 -5.126953125000000000e-02
9.716796875000000000e-01 -1.530761718750000000e-01 -5.590820312500000000e-02
9.750976562500000000e-01 -1.455078125000000000e-01 -5.004882812500000000e-02
9.731445312500000000e-01 -1.457519531250000000e-01 -5.566406250000000000e-02
9.748535156250000000e-01 -9.619140625000000000e-02 -5.273437500000000000e-02
9.724121093750000000e-01 -1.542968750000000000e-01 -6.079101562500000000e-02
9.755859375000000000e-01 -1.496582031250000000e-01 -5.615234375000000000e-02
9.777832031250000000e-01 -1.552734375000000000e-01 -5.566406250000000000e-02
9.748535156250000000e-01 -1.523437500000000000e-01 -5.761718750000000000e-02
9.738769531250000000e-01 -1.503906250000000000e-01 -5.981445312500000000e-02
9.748535156250000000e-01 -1.486816406250000000e-01 -5.590820312500000000e-02
9.741210937500000000e-01 -1.503906250000000000e-01 -5.883789062500000000e-02
1.030761718750000000e+00 -1.508789062500000000e-01 -5.590820312500000000e-02
9.807128906250000000e-01 -9.423828125000000000e-02 -5.859375000000000000e-02
9.692382812500000000e-01 -9.472656250000000000e-02 -5.712890625000000000e-02
9.750976562500000000e-01 -1.545410156250000000e-01 -5.590820312500000000e-02
9.704589843750000000e-01 -1.496582031250000000e-01 -5.200195312500000000e-02
9.780273437500000000e-01 -1.479492187500000000e-01 -6.127929687500000000e-02
9.753417968750000000e-01 -1.394042968750000000e-01 -1.281738281250000000e-01
9.897460937500000000e-01 -1.425781250000000000e-01 -5.664062500000000000e-02
1.063720703125000000e+00 -1.381835937500000000e-01 -4.663085937500000000e-02
9.692382812500000000e-01 -1.374511718750000000e-01 -4.565429687500000000e-02
9.851074218750000000e-01 -1.357421875000000000e-01 -8.935546875000000000e-02
9.941406250000000000e-01 -9.448242187500000000e-02 -7.519531250000000000e-02
1.030029296875000000e+00 -1.147460937500000000e-01 -7.543945312500000000e-02
9.733886718750000000e-01 -1.049804687500000000e-01 -4.174804687500000000e-02
1.014892578125000000e+00 -9.741210937500000000e-02 -8.984375000000000000e-02
1.023681640625000000e+00 -1.110839843750000000e-01 -3.979492187500000000e-02
1.030029296875000000e+00 -1.118164062500000000e-01 -5.126953125000000000e-02
1.017822265625000000e+00 -1.525878906250000000e-01 -5.444335937500000000e-02
1.017822265625000000e+00 -1.525878906250000000e-01 -5.444335937500000000e-02
9.821777343750000000e-01 -9.497070312500000000e-02 -3.979492187500000000e-02
9.821777343750000000e-01 -9.497070312500000000e-02 -3.979492187500000000e-02
9.873046875000000000e-01 -1.486816406250000000e-01 -4.931640625000000000e-02
9.909667968750000000e-01 -1.540527343750000000e-01 -4.614257812500000000e-02
9.716796875000000000e-01 -9.790039062500000000e-02 -3.833007812500000000e-02
1.021240234375000000e+00 -1.540527343750000000e-01 -3.955078125000000000e-02
9.897460937500000000e-01 -1.538085937500000000e-01 -3.784179687500000000e-02
9.719238281250000000e-01 -1.030273437500000000e-01 -4.956054687500000000e-02
1.022216796875000000e+00 -1.071777343750000000e-01 -4.858398437500000000e-02
9.179687500000000000e-01 -1.518554687500000000e-01 -4.101562500000000000e-02
9.819335937500000000e-01 -1.184082031250000000e-01 -5.053710937500000000e-02
8.525390625000000000e-01 -1.210937500000000000e-01 -7.739257812500000000e-02
1.196044921875000000e+00 -9.399414062500000000e-02 3.344726562500000000e-02
1.624267578125000000e+00 -6.518554687500000000e-02 -8.959960937500000000e-02
1.471435546875000000e+00 -2.548828125000000000e-01 -2.180175781250000000e-01
5.983886718750000000e-01 -1.333007812500000000e-01 -2.607421875000000000e-01
-1.433105468750000000e-01 6.518554687500000000e-02 1.621093750000000000e-01
1.804199218750000000e-01 2.612304687500000000e-02 1.660156250000000000e-01
1.054931640625000000e+00 -2.597656250000000000e-01 -3.022460937500000000e-01
1.652099609375000000e+00 -1.989746093750000000e-01 1.049804687500000000e-02
2.195800781250000000e+00 -5.859375000000000000e-02 1.345214843750000000e-01
1.529785156250000000e+00 -1.403808593750000000e-01 -6.811523437500000000e-02
5.439453125000000000e-01 -5.957031250000000000e-02 -2.028808593750000000e-01
-6.372070312500000000e-02 -1.372070312500000000e-01 -3.344726562500000000e-02
1.801757812500000000e-01 1.347656250000000000e-01 1.730957031250000000e-01
1.168701171875000000e+00 -3.125000000000000000e-01 -3.283691406250000000e-01
1.734863281250000000e+00 -1.911621093750000000e-01 -2.089843750000000000e-01
1.863525390625000000e+00 -7.104492187500000000e-02 1.367187500000000000e-01
1.312255859375000000e+00 -2.585449218750000000e-01 -7.763671875000000000e-02
8.361816406250000000e-01 -1.069335937500000000e-01 -1.618652343750000000e-01
1.586914062500000000e-02 -1.330566406250000000e-01 1.464843750000000000e-02
7.690429687500000000e-02 3.686523437500000000e-02 1.496582031250000000e-01
6.372070312500000000e-01 -1.696777343750000000e-01 -1.574707031250000000e-01
2.047363281250000000e+00 -6.665039062500000000e-02 1.193847656250000000e-01
2.162353515625000000e+00 -2.185058593750000000e-01 2.065429687500000000e-01
1.485107421875000000e+00 1.953125000000000000e-03 2.155761718750000000e-01
1.064453125000000000e+00 -1.987304687500000000e-01 -2.348632812500000000e-01
-7.470703125000000000e-02 -4.370117187500000000e-02 1.127929687500000000e-01
-7.470703125000000000e-02 -4.370117187500000000e-02 1.127929687500000000e-01
1.722900390625000000e+00 -5.371093750000000000e-02 -6.835937500000000000e-03
1.722900390625000000e+00 -5.371093750000000000e-02 -6.835937500000000000e-03
1.720214843750000000e+00 -2.065429687500000000e-01 2.441406250000000000e-03
1.656250000000000000e+00 -1.464843750000000000e-02 4.028320312500000000e-02
1.064208984375000000e+00 -2.048339843750000000e-01 -1.711425781250000000e-01
1.811523437500000000e-01 2.270507812500000000e-02 -8.789062500000000000e-03
4.858398437500000000e-02 -8.837890625000000000e-02 1.025390625000000000e-01
6.020507812500000000e-01 -1.484375000000000000e-01 -1.879882812500000000e-01
1.611572265625000000e+00 -1.152343750000000000e-01 6.298828125000000000e-02
1.835937500000000000e+00 -3.232421875000000000e-01 -2.172851562500000000e-02
1.533691406250000000e+00 1.513671875000000000e-01 1.477050781250000000e-01
1.180908203125000000e+00 -1.162109375000000000e-01 -1.181640625000000000e-01
4.394531250000000000e-01 -4.223632812500000000e-02 -1.005859375000000000e-01
-3.906250000000000000e-03 -9.057617187500000000e-02 1.464843750000000000e-01
2.302246093750000000e-01 -9.155273437500000000e-02 -3.076171875000000000e-02
1.597412109375000000e+00 -1.640625000000000000e-01 -2.019042968750000000e-01
1.878906250000000000e+00 -1.301269531250000000e-01 -1.638183593750000000e-01
1.718261718750000000e+00 4.150390625000000000e-02 1.560058593750000000e-01
1.094238281250000000e+00 -1.870117187500000000e-01 -1.418457031250000000e-01
6.076660156250000000e-01 -1.118164062500000000e-01 7.812500000000000000e-03
1.008300781250000000e-01 -1.218261718750000000e-01 1.562500000000000000e-02
1.791992187500000000e-01 -4.223632812500000000e-02 7.739257812500000000e-02
9.550781250000000000e-01 -1.579589843750000000e-01 -9.838867187500000000e-02
1.784179687500000000e+00 -1.708984375000000000e-01 -1.879882812500000000e-02
2.291992187500000000e+00 -1.711425781250000000e-01 3.835449218750000000e-01
1.257324218750000000e+00 7.470703125000000000e-02 1.396484375000000000e-01
7.607421875000000000e-01 -8.105468750000000000e-02 -2.868652343750000000e-01
1.064453125000000000e-01 -8.227539062500000000e-02 -1.906738281250000000e-01
5.444335937500000000e-02 6.542968750000000000e-02 5.908203125000000000e-02
9.575195312500000000e-01 -1.120605468750000000e-01 -2.160644531250000000e-01
1.805908203125000000e+00 -9.497070312500000000e-02 -1.811523437500000000e-01
2.144531250000000000e+00 -9.423828125000000000e-02 2.133789062500000000e-01
1.177490234375000000e+00 -4.785156250000000000e-02 -1.394042968750000000e-01
5.844726562500000000e-01 -8.129882812500000000e-02 -1.147460937500000000e-01
4.931640625000000000e-02 -1.467285156250000000e-01 -8.789062500000000000e-03
2.883300781250000000e-01 1.440429687500000000e-02 1.054687500000000000e-01
1.404296875000000000e+00 -3.857421875000000000e-02 -2.204589843750000000e-01
1.818115234375000000e+00 -2.133789062500000000e-01 1.838378906250000000e-01
1.818115234375000000e+00 -2.133789062500000000e-01 1.838378906250000000e-01
7.014160156250000000e-01 -1.579589843750000000e-01 -1.782226562500000000e-01
7.014160156250000000e-01 -1.579589843750000000e-01 -1.782226562500000000e-01
-5.078125000000000000e-02 -5.590820312500000000e-02 -9.204101562500000000e-02
1.218261718750000000e-01 3.125000000000000000e-02 1.513671875000000000e-01
8.525390625000000000e-01 -2.163085937500000000e-01 -3.125000000000000000e-02
2.287109375000000000e+00 5.395507812500000000e-02 2.822265625000000000e-01
2.131591796875000000e+00 -2.927246093750000000e-01 -2.197265625000000000e-03
1.314697265625000000e+00 -2.001953125000000000e-01 -1.486816406250000000e-01
2.592773437500000000e-01 -9.326171875000000000e-02 -3.686523437500000000e-02
3.002929687500000000e-02 -3.906250000000000000e-03 -3.222656250000000000e-02
2.114257812500000000e-01 -8.251953125000000000e-02 1.276855468750000000e-01
1.005615234375000000e+00 -2.685546875000000000e-01 -1.884765625000000000e-01
2.072998046875000000e+00 -1.826171875000000000e-01 -1.513671875000000000e-01
2.179931640625000000e+00 -3.002929687500000000e-02 2.731933593750000000e-01
1.148681640625000000e+00 -1.679687500000000000e-01 -1.298828125000000000e-01
4.001464843750000000e-01 -1.425781250000000000e-01 -1.286621093750000000e-01
9.057617187500000000e-02 -7.910156250000000000e-02 1.098632812500000000e-02
3.637695312500000000e-02 5.615234375000000000e-03 8.105468750000000000e-02
1.335937500000000000e+00 -1.501464843750000000e-01 -1.921386718750000000e-01
1.924316406250000000e+00 -2.443847656250000000e-01 -1.579589843750000000e-01
2.017578125000000000e+00 -8.862304687500000000e-02 2.360839843750000000e-01
1.296630859375000000e+00 -1.188964843750000000e-01 -6.103515625000000000e-02
6.853027343750000000e-01 -1.130371093750000000e-01 -3.422851562500000000e-01
1.467285156250000000e-01 9.057617187500000000e-02 -1.374511718750000000e-01
-4.492187500000000000e-02 -1.547851562500000000e-01 1.948242187500000000e-01
5.773925781250000000e-01 -2.153320312500000000e-01 1.367187500000000000e-02
2.709716796875000000e+00 -4.418945312500000000e-02 -1.572265625000000000e-01
1.887451171875000000e+00 -8.837890625000000000e-02 -2.709960937500000000e-02
1.353271484375000000e+00 1.708984375000000000e-02 -2.661132812500000000e-01
7.800292968750000000e-01 -1.870117187500000000e-01 -5.046386718750000000e-01
-9.179687500000000000e-02 -1.020507812500000000e-01 7.299804687500000000e-02
1.528320312500000000e-01 8.886718750000000000e-02 -2.707519531250000000e-01
6.765136718750000000e-01 -1.145019531250000000e-01 -5.371093750000000000e-02
1.856933593750000000e+00 -4.541015625000000000e-02 2.041015625000000000e-01
1.801025390625000000e+00 -2.624511718750000000e-01 -1.311035156250000000e-01
1.531738281250000000e+00 -7.934570312500000000e-02 -8.374023437500000000e-02
9.570312500000000000e-01 -3.295898437500000000e-02 -3.432617187500000000e-01
8.789062500000000000e-03 -1.162109375000000000e-01 2.023925781250000000e-01
8.789062500000000000e-03 -1.162109375000000000e-01 2.023925781250000000e-01
6.025390625000000000e-01 -2.514648437500000000e-01 -1.989746093750000000e-01
6.025390625000000000e-01 -2.514648437500000000e-01 -1.989746093750000000e-01
2.892822265625000000e+00 -5.688476562500000000e-02 6.860351562500000000e-02
2.546142578125000000e+00 -3.913574218750000000e-01 1.408691406250000000e-01
1.314208984375000000e+00 1.440429687500000000e-02 -1.611328125000000000e-01
5.378417968750000000e-01 -1.318359375000000000e-01 -3.720703125000000000e-01
-2.097167968750000000e-01 -2.734375000000000000e-02 1.477050781250000000e-01
3.857421875000000000e-02 1.025390625000000000e-02 2.685546875000000000e-03
3.605957031250000000e-01 -1.657714843750000000e-01 -5.395507812500000000e-02
2.817382812500000000e+00 -8.325195312500000000e-02 3.051757812500000000e-02
2.209228515625000000e+00 -4.125976562500000000e-02 3.076171875000000000e-02
1.597412109375000000e+00 -2.409667968750000000e-01 -2.785644531250000000e-01
5.961914062500000000e-01 -2.111816406250000000e-01 -2.287597656250000000e-01
-1.105957031250000000e-01 -8.471679687500000000e-02 1.831054687500000000e-02
1.293945312500000000e-01 -2.587890625000000000e-02 4.785156250000000000e-02
1.398925781250000000e-01 8.618164062500000000e-02 1.726074218750000000e-01
1.328613281250000000e+00 -3.774414062500000000e-01 -3.588867187500000000e-01
2.639404296875000000e+00 -2.585449218750000000e-01 2.985839843750000000e-01
2.056884765625000000e+00 8.081054687500000000e-02 1.757812500000000000e-01
1.035156250000000000e+00 -2.023925781250000000e-01 -1.645507812500000000e-01
-4.882812500000000000e-03 6.469726562500000000e-02 -1.345214843750000000e-01
5.981445312500000000e-02 -1.835937500000000000e-01 5.297851562500000000e-02
-1.904296875000000000e-02 -1.245117187500000000e-02 7.250976562500000000e-02
4.516601562500000000e-01 -8.178710937500000000e-02 -7.006835937500000000e-02
2.466796875000000000e+00 -2.331542968750000000e-01 -8.251953125000000000e-02
2.516601562500000000e+00 -1.328125000000000000e-01 8.178710937500000000e-02
1.336914062500000000e+00 -5.859375000000000000e-03 -1.367187500000000000e-02
5.085449218750000000e-01 -1.049804687500000000e-01 -1.203613281250000000e-01
-1.123046875000000000e-02 2.343750000000000000e-02 -9.399414062500000000e-02
1.503906250000000000e-01 7.910156250000000000e-02 1.347656250000000000e-01
1.274414062500000000e-01 -2.114257812500000000e-01 -6.323242187500000000e-02
