9.746093750000000000e-01 -6.542968750000000000e-02 -4.125976562500000000e-02
9.746093750000000000e-01 -6.542968750000000000e-02 -4.125976562500000000e-02
9.746093750000000000e-01 -6.542968750000000000e-02 -4.125976562500000000e-02
9.753417968750000000e-01 -6.298828125000000000e-02 -3.491210937500000000e-02
9.758300781250000000e-01 -6.445312500000000000e-02 -5.200195312500000000e-02
9.782714843750000000e-01 -6.347656250000000000e-02 -3.808593750000000000e-02
9.792480468750000000e-01 -6.689453125000000000e-02 -4.687500000000000000e-02
9.689941406250000000e-01 -6.469726562500000000e-02 -4.296875000000000000e-02
9.743652343750000000e-01 -6.445312500000000000e-02 -4.418945312500000000e-02
9.760742187500000000e-01 -6.396484375000000000e-02 -5.175781250000000000e-02
9.748535156250000000e-01 0.000000000000000000e+00 -4.833984375000000000e-02
9.750976562500000000e-01 3.662109375000000000e-03 -5.151367187500000000e-02
9.714355468750000000e-01 -6.762695312500000000e-02 -5.224609375000000000e-02
9.763183593750000000e-01 -6.274414062500000000e-02 -5.224609375000000000e-02
9.760742187500000000e-01 2.929687500000000000e-03 -5.273437500000000000e-02
9.765625000000000000e-01 -6.445312500000000000e-02 -5.004882812500000000e-02
9.785156250000000000e-01 -3.100585937500000000e-02 -4.345703125000000000e-02
9.831542968750000000e-01 6.860351562500000000e-02 -1.420898437500000000e-01
9.699707031250000000e-01 -1.806640625000000000e-02 -4.809570312500000000e-02
9.780273437500000000e-01 -1.367187500000000000e-02 -5.737304687500000000e-02
1.028076171875000000e+00 -2.124023437500000000e-02 -3.515625000000000000e-02
1.028076171875000000e+00 1.562500000000000000e-02 -1.271972656250000000e-01
9.716796875000000000e-01 3.417968750000000000e-03 -1.477050781250000000e-01
1.018066406250000000e+00 -8.398437500000000000e-02 -1.516113281250000000e-01
1.026611328125000000e+00 -6.176757812500000000e-02 -1.530761718750000000e-01
9.921875000000000000e-01 -1.567382812500000000e-01 -1.550292968750000000e-01
9.921875000000000000e-01 -1.567382812500000000e-01 -1.550292968750000000e-01
1.078125000000000000e+00 -1.904296875000000000e-01 -3.808593750000000000e-02
9.794921875000000000e-01 -1.430664062500000000e-01 -8.642578125000000000e-02
9.531250000000000000e-01 -1.999511718750000000e-01 7.812500000000000000e-03
9.748535156250000000e-01 -1.059570312500000000e-01 1.733398437500000000e-02
1.064941406250000000e+00 -1.015625000000000000e-01 1.806640625000000000e-02
9.582519531250000000e-01 -2.749023437500000000e-01 -7.299804687500000000e-02
9.204101562500000000e-01 -1.733398437500000000e-01 -9.252929687500000000e-02
9.370117187500000000e-01 -2.592773437500000000e-01 -4.199218750000000000e-02
1.021484375000000000e+00 -2.517089843750000000e-01 -1.984863281250000000e-01
9.675292968750000000e-01 -3.276367187500000000e-01 -2.382812500000000000e-01
7.875976562500000000e-01 -3.374023437500000000e-01 -3.134765625000000000e-01
8.483886718750000000e-01 5.615234375000000000e-02 -2.172851562500000000e-01
1.345703125000000000e+00 -7.080078125000000000e-02 -3.127441406250000000e-01
8.688964843750000000e-01 8.886718750000000000e-02 -3.083496093750000000e-01
1.000000000000000000e+00 1.049804687500000000e-01 -2.407226562500000000e-01
7.817382812500000000e-01 1.489257812500000000e-01 -3.728027343750000000e-01
7.189941406250000000e-01 -1.372070312500000000e-01 -3.205566406250000000e-01
9.604492187500000000e-01 -6.396484375000000000e-02 -3.874511718750000000e-01
6.694335937500000000e-01 -1.154785156250000000e-01 -3.115234375000000000e-01
8.466796875000000000e-01 -1.364746093750000000e-01 -3.635253906250000000e-01
6.223144531250000000e-01 -2.182617187500000000e-01 -3.898925781250000000e-01
7.343750000000000000e-01 -5.566406250000000000e-02 -4.855957031250000000e-01
7.409667968750000000e-01 3.100585937500000000e-02 -5.087890625000000000e-01
6.489257812500000000e-01 1.269531250000000000e-01 -3.718261718750000000e-01
5.603027343750000000e-01 1.464843750000000000e-03 -5.607910156250000000e-01
6.013183593750000000e-01 5.566406250000000000e-02 -5.878906250000000000e-01
6.035156250000000000e-01 5.078125000000000000e-02 -5.102539062500000000e-01
7.475585937500000000e-01 5.932617187500000000e-02 -4.084472656250000000e-01
9.663085937500000000e-01 1.657714843750000000e-01 -4.855957031250000000e-01
1.097412109375000000e+00 2.788085937500000000e-01 -5.529785156250000000e-01
1.386474609375000000e+00 1.596679687500000000e-01 -5.334472656250000000e-01
1.314941406250000000e+00 2.275390625000000000e-01 -5.922851562500000000e-01
1.266113281250000000e+00 -2.221679687500000000e-02 -3.581542968750000000e-01
1.103271484375000000e+00 -9.790039062500000000e-02 -1.140136718750000000e-01
1.005126953125000000e+00 -1.682128906250000000e-01 5.981445312500000000e-02
1.071289062500000000e+00 -2.609863281250000000e-01 2.587890625000000000e-02
9.421386718750000000e-01 -2.517089843750000000e-01 7.226562500000000000e-02
1.011718750000000000e+00 -1.662597656250000000e-01 -2.563476562500000000e-02
9.204101562500000000e-01 -1.286621093750000000e-01 5.419921875000000000e-02
9.372558593750000000e-01 -1.899414062500000000e-01 1.232910156250000000e-01
1.069335937500000000e+00 -2.868652343750000000e-01 1.416015625000000000e-01
9.794921875000000000e-01 -4.042968750000000000e-01 1.176757812500000000e-01
9.301757812500000000e-01 -3.698730468750000000e-01 1.115722656250000000e-01
1.083984375000000000e+00 -3.491210937500000000e-01 5.078125000000000000e-02
9.230957031250000000e-01 -2.893066406250000000e-01 1.606445312500000000e-01
8.654785156250000000e-01 -4.687500000000000000e-01 2.536621093750000000e-01
1.036621093750000000e+00 -3.671875000000000000e-01 1.987304687500000000e-01
9.514160156250000000e-01 -5.031738281250000000e-01 3.400878906250000000e-01
9.992675781250000000e-01 -6.340332031250000000e-01 1.203613281250000000e-01
8.732910156250000000e-01 -5.668945312500000000e-01 1.291503906250000000e-01
6.291503906250000000e-01 -2.092285156250000000e-01 7.812500000000000000e-03
7.548828125000000000e-01 -6.845703125000000000e-01 3.247070312500000000e-02
8.933105468750000000e-01 -5.026855468750000000e-01 3.854980468750000000e-01
9.648437500000000000e-01 -6.926269531250000000e-01 4.907226562500000000e-01
9.145507812500000000e-01 -5.073242187500000000e-01 7.136230468750000000e-01
8.447265625000000000e-01 -3.901367187500000000e-01 6.528320312500000000e-01
8.776855468750000000e-01 -2.590332031250000000e-01 5.808105468750000000e-01
8.276367187500000000e-01 -2.399902343750000000e-01 4.829101562500000000e-01
7.739257812500000000e-01 -2.487792968750000000e-01 5.305175781250000000e-01
7.934570312500000000e-01 -1.723632812500000000e-01 5.651855468750000000e-01
7.968750000000000000e-01 -1.452636718750000000e-01 5.708007812500000000e-01
8.542480468750000000e-01 -2.084960937500000000e-01 4.995117187500000000e-01
9.401855468750000000e-01 -2.724609375000000000e-01 5.390625000000000000e-01
1.028808593750000000e+00 -1.074218750000000000e-01 5.659179687500000000e-01
9.357910156250000000e-01 -4.492187500000000000e-02 5.715332031250000000e-01
9.265136718750000000e-01 -4.907226562500000000e-02 4.223632812500000000e-01
1.028808593750000000e+00 9.301757812500000000e-02 4.462890625000000000e-01
1.019287109375000000e+00 -2.246093750000000000e-02 3.740234375000000000e-01
9.902343750000000000e-01 2.294921875000000000e-02 3.537597656250000000e-01
9.648437500000000000e-01 9.106445312500000000e-02 3.562011718750000000e-01
9.289550781250000000e-01 -2.441406250000000000e-03 3.273925781250000000e-01
1.065673828125000000e+00 2.607421875000000000e-01 3.103027343750000000e-01
1.076904296875000000e+00 1.540527343750000000e-01 1.782226562500000000e-01
1.027587890625000000e+00 2.121582031250000000e-01 2.500000000000000000e-01
9.091796875000000000e-01 2.148437500000000000e-01 2.897949218750000000e-01
1.085693359375000000e+00 9.277343750000000000e-03 5.036621093750000000e-01
7.236328125000000000e-01 1.367187500000000000e-01 4.799804687500000000e-01
6.833496093750000000e-01 9.887695312500000000e-02 7.687988281250000000e-01
7.058105468750000000e-01 1.896972656250000000e-01 8.332519531250000000e-01
5.954589843750000000e-01 2.070312500000000000e-01 8.117675781250000000e-01
5.061035156250000000e-01 6.152343750000000000e-02 1.013671875000000000e+00
4.677734375000000000e-01 1.367187500000000000e-01 1.164306640625000000e+00
1.689453125000000000e-01 -2.856445312500000000e-02 1.387451171875000000e+00
-4.858398437500000000e-02 1.953125000000000000e-02 1.169189453125000000e+00
3.417968750000000000e-03 -6.591796875000000000e-03 1.040527343750000000e+00
5.004882812500000000e-02 -6.103515625000000000e-03 9.355468750000000000e-01
2.219238281250000000e-01 -1.865234375000000000e-01 9.123535156250000000e-01
2.722167968750000000e-01 -1.330566406250000000e-01 9.833984375000000000e-01
2.856445312500000000e-01 3.662109375000000000e-03 1.141845703125000000e+00
3.833007812500000000e-01 1.123046875000000000e-02 1.156250000000000000e+00
2.375488281250000000e-01 7.617187500000000000e-02 1.134033203125000000e+00
3.642578125000000000e-01 6.103515625000000000e-02 9.208984375000000000e-01
2.775878906250000000e-01 1.313476562500000000e-01 9.912109375000000000e-01
2.744140625000000000e-01 1.948242187500000000e-01 1.073974609375000000e+00
4.223632812500000000e-01 -8.935546875000000000e-02 9.772949218750000000e-01
3.854980468750000000e-01 1.245117187500000000e-02 9.721679687500000000e-01
3.828125000000000000e-01 -5.297851562500000000e-02 1.084716796875000000e+00
3.496093750000000000e-01 -1.276855468750000000e-01 1.053222656250000000e+00
3.984375000000000000e-01 -7.348632812500000000e-02 1.062988281250000000e+00
2.980957031250000000e-01 1.196289062500000000e-02 9.707031250000000000e-01
2.407226562500000000e-01 -6.420898437500000000e-02 9.826660156250000000e-01
2.922363281250000000e-01 -9.057617187500000000e-02 1.066406250000000000e+00
3.518066406250000000e-01 -1.098632812500000000e-02 1.127929687500000000e+00
3.395996093750000000e-01 8.349609375000000000e-02 1.086181640625000000e+00
3.393554687500000000e-01 -1.953125000000000000e-03 9.365234375000000000e-01
3.874511718750000000e-01 1.953125000000000000e-02 1.016357421875000000e+00
3.754882812500000000e-01 6.591796875000000000e-02 1.061523437500000000e+00
3.400878906250000000e-01 -1.220703125000000000e-03 1.053222656250000000e+00
3.393554687500000000e-01 2.612304687500000000e-02 9.941406250000000000e-01
3.115234375000000000e-01 2.441406250000000000e-02 9.741210937500000000e-01
3.825683593750000000e-01 -2.050781250000000000e-02 9.885253906250000000e-01
3.784179687500000000e-01 -1.318359375000000000e-02 1.070556640625000000e+00
3.757324218750000000e-01 -1.269531250000000000e-02 1.080322265625000000e+00
3.039550781250000000e-01 -1.269531250000000000e-02 9.855957031250000000e-01
2.941894531250000000e-01 -9.277343750000000000e-03 9.965820312500000000e-01
3.007812500000000000e-01 -2.050781250000000000e-02 1.070068359375000000e+00
3.051757812500000000e-01 -2.197265625000000000e-02 1.072509765625000000e+00
3.015136718750000000e-01 -2.294921875000000000e-02 1.075927734375000000e+00
3.049316406250000000e-01 -2.416992187500000000e-02 9.948730468750000000e-01
2.924804687500000000e-01 -1.757812500000000000e-02 9.963378906250000000e-01
2.922363281250000000e-01 -1.342773437500000000e-02 1.077636718750000000e+00
2.919921875000000000e-01 -1.342773437500000000e-02 1.078369140625000000e+00
2.832031250000000000e-01 -1.245117187500000000e-02 1.088134765625000000e+00
2.871093750000000000e-01 -1.782226562500000000e-02 1.072021484375000000e+00
2.900390625000000000e-01 -1.367187500000000000e-02 1.067138671875000000e+00
2.917480468750000000e-01 -1.660156250000000000e-02 1.076171875000000000e+00
2.863769531250000000e-01 -2.246093750000000000e-02 1.071777343750000000e+00
2.814941406250000000e-01 -1.513671875000000000e-02 1.080566406250000000e+00
2.868652343750000000e-01 -2.050781250000000000e-02 9.865722656250000000e-01
3.330078125000000000e-01 -1.586914062500000000e-02 1.081542968750000000e+00
3.383789062500000000e-01 -2.001953125000000000e-02 1.079589843750000000e+00
3.425292968750000000e-01 -1.977539062500000000e-02 1.081542968750000000e+00
2.878417968750000000e-01 -1.660156250000000000e-02 1.070556640625000000e+00
2.849121093750000000e-01 -1.562500000000000000e-02 1.080566406250000000e+00
2.880859375000000000e-01 -2.343750000000000000e-02 1.067382812500000000e+00
2.846679687500000000e-01 -2.294921875000000000e-02 1.074462890625000000e+00
3.413085937500000000e-01 -1.757812500000000000e-02 1.079833984375000000e+00
2.866210937500000000e-01 -1.708984375000000000e-02 1.069091796875000000e+00
2.836914062500000000e-01 -1.391601562500000000e-02 1.000000000000000000e+00
2.839355468750000000e-01 -1.660156250000000000e-02 1.074462890625000000e+00
2.841796875000000000e-01 -2.075195312500000000e-02 1.077392578125000000e+00
3.388671875000000000e-01 -1.562500000000000000e-02 1.073486328125000000e+00
3.366699218750000000e-01 -2.172851562500000000e-02 1.076416015625000000e+00
3.339843750000000000e-01 6.250000000000000000e-02 1.081054687500000000e+00
2.883300781250000000e-01 -6.835937500000000000e-03 9.902343750000000000e-01
3.295898437500000000e-01 -2.880859375000000000e-02 1.078857421875000000e+00
3.266601562500000000e-01 2.954101562500000000e-02 1.081542968750000000e+00
3.244628906250000000e-01 -3.027343750000000000e-02 1.075683593750000000e+00
3.283691406250000000e-01 -1.098632812500000000e-02 1.083740234375000000e+00
2.822265625000000000e-01 -2.001953125000000000e-02 1.077880859375000000e+00
3.417968750000000000e-01 -9.765625000000000000e-03 1.081542968750000000e+00
3.322753906250000000e-01 -2.368164062500000000e-02 1.092529296875000000e+00
2.309570312500000000e-01 7.910156250000000000e-02 1.072509765625000000e+00
2.951660156250000000e-01 -1.489257812500000000e-02 1.070068359375000000e+00
2.937011718750000000e-01 -7.568359375000000000e-03 1.089111328125000000e+00
3.278808593750000000e-01 1.635742187500000000e-02 1.067138671875000000e+00
3.037109375000000000e-01 1.586914062500000000e-02 1.064453125000000000e+00
3.364257812500000000e-01 1.464843750000000000e-03 1.086914062500000000e+00
3.286132812500000000e-01 6.420898437500000000e-02 1.079589843750000000e+00
3.264160156250000000e-01 2.807617187500000000e-02 9.860839843750000000e-01
3.835449218750000000e-01 7.739257812500000000e-02 1.140625000000000000e+00
2.932128906250000000e-01 6.860351562500000000e-02 9.777832031250000000e-01
2.414550781250000000e-01 -1.049804687500000000e-02 1.016113281250000000e+00
3.254394531250000000e-01 -3.906250000000000000e-03 1.037841796875000000e+00
3.281250000000000000e-01 -2.929687500000000000e-02 1.072998046875000000e+00
2.912597656250000000e-01 2.856445312500000000e-02 1.081542968750000000e+00
2.937011718750000000e-01 -4.809570312500000000e-02 1.063232421875000000e+00
2.822265625000000000e-01 -7.519531250000000000e-02 1.062500000000000000e+00
2.600097656250000000e-01 6.909179687500000000e-02 1.004882812500000000e+00
2.260742187500000000e-01 -2.343750000000000000e-02 1.093261718750000000e+00
2.343750000000000000e-01 6.250000000000000000e-02 1.088378906250000000e+00
1.779785156250000000e-01 -1.586914062500000000e-02 1.052734375000000000e+00
3.190917968750000000e-01 1.245117187500000000e-02 9.860839843750000000e-01
