9.130859375000000000e-01 -4.174804687500000000e-02 -3.354492187500000000e-01
9.130859375000000000e-01 -4.174804687500000000e-02 -3.354492187500000000e-01
9.152832031250000000e-01 -4.125976562500000000e-02 -3.339843750000000000e-01
9.152832031250000000e-01 -4.125976562500000000e-02 -3.339843750000000000e-01
9.152832031250000000e-01 -4.125976562500000000e-02 -3.339843750000000000e-01
9.111328125000000000e-01 -4.248046875000000000e-02 -3.288574218750000000e-01
9.133300781250000000e-01 -3.808593750000000000e-02 -3.310546875000000000e-01
9.150390625000000000e-01 -3.979492187500000000e-02 -3.173828125000000000e-01
9.165039062500000000e-01 -4.125976562500000000e-02 -3.312988281250000000e-01
9.165039062500000000e-01 -3.833007812500000000e-02 -3.281250000000000000e-01
9.111328125000000000e-01 -4.394531250000000000e-02 -3.217773437500000000e-01
9.125976562500000000e-01 -4.296875000000000000e-02 -3.278808593750000000e-01
9.147949218750000000e-01 -4.174804687500000000e-02 -3.242187500000000000e-01
9.189453125000000000e-01 -3.735351562500000000e-02 -3.269042968750000000e-01
9.135742187500000000e-01 -3.686523437500000000e-02 -3.325195312500000000e-01
9.172363281250000000e-01 -4.003906250000000000e-02 -3.264160156250000000e-01
9.130859375000000000e-01 -4.516601562500000000e-02 -3.225097656250000000e-01
9.099121093750000000e-01 -4.614257812500000000e-02 -3.227539062500000000e-01
9.248046875000000000e-01 -3.247070312500000000e-02 -3.315429687500000000e-01
9.067382812500000000e-01 -8.862304687500000000e-02 -3.395996093750000000e-01
9.262695312500000000e-01 -8.715820312500000000e-02 -3.395996093750000000e-01
9.096679687500000000e-01 -8.593750000000000000e-02 -3.283691406250000000e-01
9.318847656250000000e-01 -4.956054687500000000e-02 -2.460937500000000000e-01
9.172363281250000000e-01 -5.957031250000000000e-02 -2.421875000000000000e-01
9.201660156250000000e-01 -1.386718750000000000e-01 -2.485351562500000000e-01
9.165039062500000000e-01 -1.267089843750000000e-01 -2.255859375000000000e-01
9.238281250000000000e-01 -1.298828125000000000e-01 -2.299804687500000000e-01
9.199218750000000000e-01 -1.298828125000000000e-01 -2.326660156250000000e-01
9.252929687500000000e-01 -6.176757812500000000e-02 -2.294921875000000000e-01
9.191894531250000000e-01 -5.932617187500000000e-02 -2.387695312500000000e-01
9.355468750000000000e-01 -4.199218750000000000e-02 -2.397460937500000000e-01
9.270019531250000000e-01 -6.958007812500000000e-02 -3.168945312500000000e-01
9.067382812500000000e-01 8.593750000000000000e-02 -3.259277343750000000e-01
9.543457031250000000e-01 1.494140625000000000e-01 -2.404785156250000000e-01
9.333496093750000000e-01 -4.882812500000000000e-03 -2.355957031250000000e-01
9.819335937500000000e-01 -4.003906250000000000e-02 -2.612304687500000000e-01
1.010009765625000000e+00 -1.318359375000000000e-02 -2.648925781250000000e-01
9.111328125000000000e-01 8.471679687500000000e-02 -1.772460937500000000e-01
9.631347656250000000e-01 9.301757812500000000e-02 -1.650390625000000000e-01
1.002929687500000000e+00 -1.953125000000000000e-02 -2.734375000000000000e-01
1.030273437500000000e+00 -4.980468750000000000e-02 -1.586914062500000000e-01
1.057861328125000000e+00 -1.162109375000000000e-01 -2.653808593750000000e-01
9.672851562500000000e-01 -1.831054687500000000e-02 -4.013671875000000000e-01
7.919921875000000000e-01 -8.471679687500000000e-02 -3.115234375000000000e-01
1.057128906250000000e+00 -6.323242187500000000e-02 -4.638671875000000000e-01
8.449707031250000000e-01 2.661132812500000000e-02 -3.183593750000000000e-01
9.143066406250000000e-01 -1.945800781250000000e-01 -3.776855468750000000e-01
8.593750000000000000e-01 -1.501464843750000000e-01 -3.466796875000000000e-01
8.879394531250000000e-01 -1.374511718750000000e-01 -2.895507812500000000e-01
8.100585937500000000e-01 -1.931152343750000000e-01 -4.052734375000000000e-01
8.859863281250000000e-01 -1.206054687500000000e-01 -4.606933593750000000e-01
7.988281250000000000e-01 -1.611328125000000000e-01 -3.466796875000000000e-01
8.862304687500000000e-01 -3.752441406250000000e-01 -5.183105468750000000e-01
8.857421875000000000e-01 -3.020019531250000000e-01 -4.208984375000000000e-01
7.116699218750000000e-01 -2.824707031250000000e-01 -4.350585937500000000e-01
5.905761718750000000e-01 -3.515625000000000000e-02 -7.331542968750000000e-01
9.113769531250000000e-01 1.232910156250000000e-01 -6.767578125000000000e-01
4.907226562500000000e-01 -1.853027343750000000e-01 -5.173339843750000000e-01
9.418945312500000000e-01 -1.198730468750000000e-01 -5.871582031250000000e-01
6.687011718750000000e-01 -1.047363281250000000e-01 -4.926757812500000000e-01
7.263183593750000000e-01 -6.665039062500000000e-02 -5.153808593750000000e-01
7.099609375000000000e-01 -2.246093750000000000e-01 -4.860839843750000000e-01
6.240234375000000000e-01 2.661132812500000000e-02 -5.756835937500000000e-01
6.440429687500000000e-01 -7.983398437500000000e-02 -5.739746093750000000e-01
5.986328125000000000e-01 -5.126953125000000000e-02 -5.126953125000000000e-01
5.913085937500000000e-01 5.639648437500000000e-02 -4.694824218750000000e-01
6.364746093750000000e-01 7.373046875000000000e-02 -5.805664062500000000e-01
8.925781250000000000e-01 1.340332031250000000e-01 -6.013183593750000000e-01
8.276367187500000000e-01 -7.324218750000000000e-04 -4.165039062500000000e-01
1.101806640625000000e+00 -8.105468750000000000e-02 -5.729980468750000000e-01
1.156005859375000000e+00 -4.663085937500000000e-02 -3.645019531250000000e-01
1.241455078125000000e+00 -1.459960937500000000e-01 -5.324707031250000000e-01
1.490478515625000000e+00 -4.101562500000000000e-02 -5.092773437500000000e-01
1.096679687500000000e+00 -3.989257812500000000e-01 -2.775878906250000000e-01
1.013916015625000000e+00 -3.125000000000000000e-01 -6.494140625000000000e-02
9.382324218750000000e-01 -3.391113281250000000e-01 8.251953125000000000e-02
8.952636718750000000e-01 -2.836914062500000000e-01 -1.708984375000000000e-03
8.391113281250000000e-01 -3.522949218750000000e-01 3.833007812500000000e-02
8.710937500000000000e-01 -5.314941406250000000e-01 -1.220703125000000000e-01
7.465820312500000000e-01 -5.668945312500000000e-01 1.489257812500000000e-01
9.458007812500000000e-01 -6.867675781250000000e-01 -4.370117187500000000e-02
6.425781250000000000e-01 -8.798828125000000000e-01 3.791503906250000000e-01
8.610839843750000000e-01 -9.223632812500000000e-01 7.177734375000000000e-02
5.068359375000000000e-01 -8.940429687500000000e-01 4.858398437500000000e-02
3.986816406250000000e-01 -7.253417968750000000e-01 -1.455078125000000000e-01
3.793945312500000000e-01 -8.879394531250000000e-01 9.350585937500000000e-02
3.437500000000000000e-01 -9.814453125000000000e-01 9.765625000000000000e-02
4.382324218750000000e-01 -1.095947265625000000e+00 1.398925781250000000e-01
3.928222656250000000e-01 -1.050781250000000000e+00 2.810058593750000000e-01
3.012695312500000000e-01 -1.026367187500000000e+00 2.875976562500000000e-01
2.878417968750000000e-01 -9.006347656250000000e-01 4.528808593750000000e-01
2.290039062500000000e-01 -8.352050781250000000e-01 6.279296875000000000e-01
2.580566406250000000e-01 -6.420898437500000000e-01 8.215332031250000000e-01
1.469726562500000000e-01 -6.997070312500000000e-01 8.862304687500000000e-01
2.209472656250000000e-01 -7.004394531250000000e-01 8.525390625000000000e-01
2.326660156250000000e-01 -5.517578125000000000e-01 9.318847656250000000e-01
3.449707031250000000e-01 -4.724121093750000000e-01 9.682617187500000000e-01
3.583984375000000000e-01 -4.333496093750000000e-01 9.108886718750000000e-01
5.214843750000000000e-01 -3.222656250000000000e-01 9.799804687500000000e-01
5.563964843750000000e-01 -2.351074218750000000e-01 9.619140625000000000e-01
5.336914062500000000e-01 -2.255859375000000000e-01 9.653320312500000000e-01
5.698242187500000000e-01 -2.202148437500000000e-01 8.698730468750000000e-01
6.857910156250000000e-01 -1.794433593750000000e-01 8.588867187500000000e-01
5.048828125000000000e-01 -1.894531250000000000e-01 8.674316406250000000e-01
5.131835937500000000e-01 -3.710937500000000000e-02 8.386230468750000000e-01
5.158691406250000000e-01 -6.591796875000000000e-03 1.108398437500000000e+00
2.783203125000000000e-01 1.525878906250000000e-01 1.038085937500000000e+00
2.272949218750000000e-01 1.923828125000000000e-01 1.227050781250000000e+00
1.813964843750000000e-01 3.005371093750000000e-01 1.023193359375000000e+00
2.490234375000000000e-01 2.666015625000000000e-01 9.741210937500000000e-01
2.880859375000000000e-01 2.468261718750000000e-01 9.641113281250000000e-01
2.165527343750000000e-01 3.884277343750000000e-01 8.972167968750000000e-01
2.207031250000000000e-01 1.662597656250000000e-01 8.054199218750000000e-01
3.190917968750000000e-01 2.563476562500000000e-01 9.133300781250000000e-01
3.464355468750000000e-01 2.148437500000000000e-02 9.941406250000000000e-01
4.348144531250000000e-01 -5.859375000000000000e-03 1.059082031250000000e+00
4.096679687500000000e-01 -6.884765625000000000e-02 1.200683593750000000e+00
4.572753906250000000e-01 -7.080078125000000000e-03 1.116210937500000000e+00
4.157714843750000000e-01 -8.837890625000000000e-02 9.062500000000000000e-01
5.134277343750000000e-01 -1.845703125000000000e-01 1.020507812500000000e+00
5.783691406250000000e-01 -9.741210937500000000e-02 9.304199218750000000e-01
3.730468750000000000e-01 -5.200195312500000000e-02 9.047851562500000000e-01
3.244628906250000000e-01 -1.010742187500000000e-01 1.010253906250000000e+00
3.767089843750000000e-01 -1.528320312500000000e-01 1.037597656250000000e+00
4.333496093750000000e-01 -6.762695312500000000e-02 9.829101562500000000e-01
5.708007812500000000e-01 -1.420898437500000000e-01 1.052734375000000000e+00
4.167480468750000000e-01 -2.441406250000000000e-04 1.057128906250000000e+00
3.110351562500000000e-01 8.081054687500000000e-02 9.079589843750000000e-01
3.894042968750000000e-01 -2.978515625000000000e-02 8.510742187500000000e-01
4.072265625000000000e-01 3.173828125000000000e-03 1.012939453125000000e+00
4.245605468750000000e-01 2.197265625000000000e-03 1.059082031250000000e+00
3.620605468750000000e-01 2.709960937500000000e-02 1.059326171875000000e+00
3.952636718750000000e-01 0.000000000000000000e+00 1.023437500000000000e+00
3.588867187500000000e-01 -7.397460937500000000e-02 1.000976562500000000e+00
4.382324218750000000e-01 -6.542968750000000000e-02 9.758300781250000000e-01
4.477539062500000000e-01 3.173828125000000000e-03 9.958496093750000000e-01
4.497070312500000000e-01 8.300781250000000000e-03 1.063476562500000000e+00
3.688964843750000000e-01 9.521484375000000000e-03 1.024169921875000000e+00
3.610839843750000000e-01 2.001953125000000000e-02 9.787597656250000000e-01
3.662109375000000000e-01 6.835937500000000000e-03 9.848632812500000000e-01
4.443359375000000000e-01 -6.542968750000000000e-02 1.063720703125000000e+00
4.392089843750000000e-01 1.953125000000000000e-03 9.838867187500000000e-01
3.750000000000000000e-01 2.685546875000000000e-03 1.021972656250000000e+00
3.715820312500000000e-01 3.906250000000000000e-03 1.030517578125000000e+00
3.732910156250000000e-01 5.126953125000000000e-03 9.799804687500000000e-01
3.686523437500000000e-01 6.347656250000000000e-03 9.821777343750000000e-01
3.654785156250000000e-01 6.835937500000000000e-03 9.709472656250000000e-01
3.669433593750000000e-01 6.347656250000000000e-03 9.802246093750000000e-01
4.421386718750000000e-01 8.789062500000000000e-03 9.851074218750000000e-01
3.527832031250000000e-01 -6.298828125000000000e-02 1.027832031250000000e+00
4.531250000000000000e-01 3.662109375000000000e-03 9.875488281250000000e-01
3.554687500000000000e-01 1.025390625000000000e-02 9.938964843750000000e-01
4.201660156250000000e-01 1.367187500000000000e-02 1.067382812500000000e+00
4.650878906250000000e-01 8.789062500000000000e-03 9.721679687500000000e-01
4.523925781250000000e-01 0.000000000000000000e+00 1.003906250000000000e+00
4.223632812500000000e-01 -9.179687500000000000e-02 1.018554687500000000e+00
4.089355468750000000e-01 -7.348632812500000000e-02 9.838867187500000000e-01
5.046386718750000000e-01 -7.958984375000000000e-02 1.002441406250000000e+00
4.279785156250000000e-01 -7.543945312500000000e-02 1.002929687500000000e+00
5.002441406250000000e-01 -3.564453125000000000e-02 9.775390625000000000e-01
5.100097656250000000e-01 -3.564453125000000000e-02 9.416503906250000000e-01
5.083007812500000000e-01 -3.759765625000000000e-02 1.009765625000000000e+00
4.355468750000000000e-01 -3.979492187500000000e-02 9.675292968750000000e-01
4.101562500000000000e-01 -7.299804687500000000e-02 1.027099609375000000e+00
4.160156250000000000e-01 7.324218750000000000e-04 9.675292968750000000e-01
4.567871093750000000e-01 -8.764648437500000000e-02 1.100585937500000000e+00
4.479980468750000000e-01 2.758789062500000000e-02 9.880371093750000000e-01
3.723144531250000000e-01 2.612304687500000000e-02 9.675292968750000000e-01
3.471679687500000000e-01 1.464843750000000000e-02 1.068603515625000000e+00
3.769531250000000000e-01 -2.075195312500000000e-02 9.326171875000000000e-01
3.913574218750000000e-01 -8.007812500000000000e-02 1.027343750000000000e+00
4.006347656250000000e-01 -7.226562500000000000e-02 1.052246093750000000e+00
3.066406250000000000e-01 -3.857421875000000000e-02 9.980468750000000000e-01
4.404296875000000000e-01 -4.907226562500000000e-02 1.066894531250000000e+00
3.859863281250000000e-01 -1.184082031250000000e-01 9.785156250000000000e-01
5.017089843750000000e-01 -1.994628906250000000e-01 9.692382812500000000e-01
4.506835937500000000e-01 -1.892089843750000000e-01 1.029541015625000000e+00
5.085449218750000000e-01 -3.342285156250000000e-01 8.723144531250000000e-01
4.987792968750000000e-01 -3.784179687500000000e-01 8.806152343750000000e-01
6.110839843750000000e-01 -3.425292968750000000e-01 8.073730468750000000e-01
8.139648437500000000e-01 -9.692382812500000000e-02 8.789062500000000000e-01
8.288574218750000000e-01 -7.153320312500000000e-02 7.297363281250000000e-01
8.181152343750000000e-01 9.204101562500000000e-02 5.991210937500000000e-01
8.920898437500000000e-01 -1.684570312500000000e-02 5.471191406250000000e-01
9.536132812500000000e-01 -1.999511718750000000e-01 5.986328125000000000e-01
7.973632812500000000e-01 -3.686523437500000000e-01 6.059570312500000000e-01
9.350585937500000000e-01 -2.077636718750000000e-01 6.430664062500000000e-01
8.850097656250000000e-01 -1.528320312500000000e-01 6.386718750000000000e-01
9.753417968750000000e-01 -1.315917968750000000e-01 5.732421875000000000e-01
9.377441406250000000e-01 -2.023925781250000000e-01 6.325683593750000000e-01
8.559570312500000000e-01 -1.579589843750000000e-01 6.306152343750000000e-01
8.542480468750000000e-01 -1.652832031250000000e-01 4.565429687500000000e-01
9.472656250000000000e-01 -2.504882812500000000e-01 3.928222656250000000e-01
9.401855468750000000e-01 -1.972656250000000000e-01 3.337402343750000000e-01
7.993164062500000000e-01 -1.765136718750000000e-01 2.368164062500000000e-01
1.063232421875000000e+00 -1.467285156250000000e-01 1.743164062500000000e-01
9.968261718750000000e-01 -1.689453125000000000e-01 2.687988281250000000e-01
1.072265625000000000e+00 -1.213378906250000000e-01 1.955566406250000000e-01
1.071533203125000000e+00 -1.052246093750000000e-01 2.683105468750000000e-01
1.005859375000000000e+00 -2.502441406250000000e-01 1.511230468750000000e-01
