4.680175781250000000e-01 4.584960937500000000e-01 8.469238281250000000e-01
4.643554687500000000e-01 4.597167968750000000e-01 8.518066406250000000e-01
4.643554687500000000e-01 4.597167968750000000e-01 8.518066406250000000e-01
4.069824218750000000e-01 4.609375000000000000e-01 8.479003906250000000e-01
4.685058593750000000e-01 4.597167968750000000e-01 8.510742187500000000e-01
4.094238281250000000e-01 4.577636718750000000e-01 8.518066406250000000e-01
4.655761718750000000e-01 4.597167968750000000e-01 8.505859375000000000e-01
4.606933593750000000e-01 4.626464843750000000e-01 8.488769531250000000e-01
4.619140625000000000e-01 4.667968750000000000e-01 8.557128906250000000e-01
4.643554687500000000e-01 4.606933593750000000e-01 8.513183593750000000e-01
4.672851562500000000e-01 4.609375000000000000e-01 8.471679687500000000e-01
4.667968750000000000e-01 4.599609375000000000e-01 8.486328125000000000e-01
4.658203125000000000e-01 4.611816406250000000e-01 8.535156250000000000e-01
4.658203125000000000e-01 4.602050781250000000e-01 8.515625000000000000e-01
4.665527343750000000e-01 4.631347656250000000e-01 9.050292968750000000e-01
4.660644531250000000e-01 4.658203125000000000e-01 8.500976562500000000e-01
4.660644531250000000e-01 4.658203125000000000e-01 8.500976562500000000e-01
4.636230468750000000e-01 4.584960937500000000e-01 8.454589843750000000e-01
4.531250000000000000e-01 4.643554687500000000e-01 8.593750000000000000e-01
4.604492187500000000e-01 4.064941406250000000e-01 8.457031250000000000e-01
4.643554687500000000e-01 4.077148437500000000e-01 8.444824218750000000e-01
4.597167968750000000e-01 4.084472656250000000e-01 9.062500000000000000e-01
4.611816406250000000e-01 4.084472656250000000e-01 8.457031250000000000e-01
4.523925781250000000e-01 4.099121093750000000e-01 8.557128906250000000e-01
4.580078125000000000e-01 4.135742187500000000e-01 8.542480468750000000e-01
4.533691406250000000e-01 4.182128906250000000e-01 8.547363281250000000e-01
4.421386718750000000e-01 4.213867187500000000e-01 9.016113281250000000e-01
4.460449218750000000e-01 4.340820312500000000e-01 8.996582031250000000e-01
3.691406250000000000e-01 5.158691406250000000e-01 9.033203125000000000e-01
3.115234375000000000e-01 4.829101562500000000e-01 8.925781250000000000e-01
3.676757812500000000e-01 4.916992187500000000e-01 7.917480468750000000e-01
4.916992187500000000e-01 4.694824218750000000e-01 8.400878906250000000e-01
4.965820312500000000e-01 5.202636718750000000e-01 8.371582031250000000e-01
4.956054687500000000e-01 5.920410156250000000e-01 7.304687500000000000e-01
5.134277343750000000e-01 4.113769531250000000e-01 8.527832031250000000e-01
4.201660156250000000e-01 4.338378906250000000e-01 7.910156250000000000e-01
3.474121093750000000e-01 4.729003906250000000e-01 8.947753906250000000e-01
4.455566406250000000e-01 4.851074218750000000e-01 8.395996093750000000e-01
4.084472656250000000e-01 5.212402343750000000e-01 7.971191406250000000e-01
3.840332031250000000e-01 4.152832031250000000e-01 8.559570312500000000e-01
4.069824218750000000e-01 4.609375000000000000e-01 8.967285156250000000e-01
3.637695312500000000e-01 3.618164062500000000e-01 9.489746093750000000e-01
3.518066406250000000e-01 4.096679687500000000e-01 9.162597656250000000e-01
4.619140625000000000e-01 4.094238281250000000e-01 8.684082031250000000e-01
4.365234375000000000e-01 4.018554687500000000e-01 8.671875000000000000e-01
4.174804687500000000e-01 3.566894531250000000e-01 9.223632812500000000e-01
3.701171875000000000e-01 3.583984375000000000e-01 9.350585937500000000e-01
4.067382812500000000e-01 3.496093750000000000e-01 9.465332031250000000e-01
5.061035156250000000e-01 3.684082031250000000e-01 9.443359375000000000e-01
4.814453125000000000e-01 4.145507812500000000e-01 9.020996093750000000e-01
4.155273437500000000e-01 3.610839843750000000e-01 8.061523437500000000e-01
4.235839843750000000e-01 3.078613281250000000e-01 8.112792968750000000e-01
4.960937500000000000e-01 3.542480468750000000e-01 8.469238281250000000e-01
5.795898437500000000e-01 4.558105468750000000e-01 8.842773437500000000e-01
4.782714843750000000e-01 3.417968750000000000e-01 8.552246093750000000e-01
5.703125000000000000e-01 3.857421875000000000e-01 9.528808593750000000e-01
5.134277343750000000e-01 3.608398437500000000e-01 8.754882812500000000e-01
3.520507812500000000e-01 4.409179687500000000e-01 7.197265625000000000e-01
6.105957031250000000e-01 3.745117187500000000e-01 7.927246093750000000e-01
6.435546875000000000e-01 3.586425781250000000e-01 9.433593750000000000e-01
5.278320312500000000e-01 4.475097656250000000e-01 8.215332031250000000e-01
5.124511718750000000e-01 4.401855468750000000e-01 7.773437500000000000e-01
6.018066406250000000e-01 4.409179687500000000e-01 7.438964843750000000e-01
6.091308593750000000e-01 3.479003906250000000e-01 8.481445312500000000e-01
5.927734375000000000e-01 4.428710937500000000e-01 7.832031250000000000e-01
4.916992187500000000e-01 3.613281250000000000e-01 7.238769531250000000e-01
5.329589843750000000e-01 4.147949218750000000e-01 8.361816406250000000e-01
6.525878906250000000e-01 3.315429687500000000e-01 8.969726562500000000e-01
5.695800781250000000e-01 3.540039062500000000e-01 8.356933593750000000e-01
5.356445312500000000e-01 3.522949218750000000e-01 7.404785156250000000e-01
5.676269531250000000e-01 4.182128906250000000e-01 8.181152343750000000e-01
6.967773437500000000e-01 3.227539062500000000e-01 8.681640625000000000e-01
5.429687500000000000e-01 4.023437500000000000e-01 8.371582031250000000e-01
5.798339843750000000e-01 4.030761718750000000e-01 7.470703125000000000e-01
4.990234375000000000e-01 4.091796875000000000e-01 8.039550781250000000e-01
6.479492187500000000e-01 2.226562500000000000e-01 8.454589843750000000e-01
5.500488281250000000e-01 3.703613281250000000e-01 8.208007812500000000e-01
4.724121093750000000e-01 4.489746093750000000e-01 8.427734375000000000e-01
6.269531250000000000e-01 3.986816406250000000e-01 9.052734375000000000e-01
6.298828125000000000e-01 3.015136718750000000e-01 9.030761718750000000e-01
5.700683593750000000e-01 4.492187500000000000e-01 7.370605468750000000e-01
4.294433593750000000e-01 4.663085937500000000e-01 7.858886718750000000e-01
5.993652343750000000e-01 2.988281250000000000e-01 9.052734375000000000e-01
5.556640625000000000e-01 4.045410156250000000e-01 7.990722656250000000e-01
5.754394531250000000e-01 3.640136718750000000e-01 8.325195312500000000e-01
5.227050781250000000e-01 4.550781250000000000e-01 8.210449218750000000e-01
6.059570312500000000e-01 3.178710937500000000e-01 9.624023437500000000e-01
5.332031250000000000e-01 4.533691406250000000e-01 7.824707031250000000e-01
5.158691406250000000e-01 3.732910156250000000e-01 8.322753906250000000e-01
5.434570312500000000e-01 3.969726562500000000e-01 8.115234375000000000e-01
6.440429687500000000e-01 3.759765625000000000e-01 8.742675781250000000e-01
5.656738281250000000e-01 4.379882812500000000e-01 8.371582031250000000e-01
5.014648437500000000e-01 3.557128906250000000e-01 8.027343750000000000e-01
5.429687500000000000e-01 3.635253906250000000e-01 8.015136718750000000e-01
5.417480468750000000e-01 2.814941406250000000e-01 9.387207031250000000e-01
5.717773437500000000e-01 3.535156250000000000e-01 7.919921875000000000e-01
4.282226562500000000e-01 3.510742187500000000e-01 7.846679687500000000e-01
4.995117187500000000e-01 4.291992187500000000e-01 7.854003906250000000e-01
5.493164062500000000e-01 3.024902343750000000e-01 8.603515625000000000e-01
4.836425781250000000e-01 3.518066406250000000e-01 7.951660156250000000e-01
5.295410156250000000e-01 3.989257812500000000e-01 8.076171875000000000e-01
4.833984375000000000e-01 4.665527343750000000e-01 8.007812500000000000e-01
5.358886718750000000e-01 3.754882812500000000e-01 8.500976562500000000e-01
5.297851562500000000e-01 3.535156250000000000e-01 8.061523437500000000e-01
4.865722656250000000e-01 3.720703125000000000e-01 7.895507812500000000e-01
5.041503906250000000e-01 4.362792968750000000e-01 8.791503906250000000e-01
5.322265625000000000e-01 3.999023437500000000e-01 9.047851562500000000e-01
5.644531250000000000e-01 4.396972656250000000e-01 8.989257812500000000e-01
5.209960937500000000e-01 3.515625000000000000e-01 8.103027343750000000e-01
5.192871093750000000e-01 3.686523437500000000e-01 8.049316406250000000e-01
4.194335937500000000e-01 4.533691406250000000e-01 8.813476562500000000e-01
4.572753906250000000e-01 4.172363281250000000e-01 8.789062500000000000e-01
5.292968750000000000e-01 3.986816406250000000e-01 8.676757812500000000e-01
4.277343750000000000e-01 4.445800781250000000e-01 8.571777343750000000e-01
4.685058593750000000e-01 3.464355468750000000e-01 9.389648437500000000e-01
4.658203125000000000e-01 3.671875000000000000e-01 9.443359375000000000e-01
4.501953125000000000e-01 3.703613281250000000e-01 8.657226562500000000e-01
3.525390625000000000e-01 5.073242187500000000e-01 9.047851562500000000e-01
3.708496093750000000e-01 4.851074218750000000e-01 9.060058593750000000e-01
3.593750000000000000e-01 4.184570312500000000e-01 8.459472656250000000e-01
4.604492187500000000e-01 5.273437500000000000e-01 8.789062500000000000e-01
4.428710937500000000e-01 5.187988281250000000e-01 9.455566406250000000e-01
3.688964843750000000e-01 4.499511718750000000e-01 8.903808593750000000e-01
4.643554687500000000e-01 4.201660156250000000e-01 8.625488281250000000e-01
4.523925781250000000e-01 4.645996093750000000e-01 8.535156250000000000e-01
4.577636718750000000e-01 4.086914062500000000e-01 8.676757812500000000e-01
4.614257812500000000e-01 4.250488281250000000e-01 9.030761718750000000e-01
4.531250000000000000e-01 3.740234375000000000e-01 8.728027343750000000e-01
4.660644531250000000e-01 3.696289062500000000e-01 8.632812500000000000e-01
4.636230468750000000e-01 4.399414062500000000e-01 8.642578125000000000e-01
4.567871093750000000e-01 3.745117187500000000e-01 8.666992187500000000e-01
4.387207031250000000e-01 3.527832031250000000e-01 9.543457031250000000e-01
3.747558593750000000e-01 4.470214843750000000e-01 8.728027343750000000e-01
4.531250000000000000e-01 4.487304687500000000e-01 8.601074218750000000e-01
3.640136718750000000e-01 4.587402343750000000e-01 8.601074218750000000e-01
4.479980468750000000e-01 4.650878906250000000e-01 8.618164062500000000e-01
4.436035156250000000e-01 4.287109375000000000e-01 9.038085937500000000e-01
4.414062500000000000e-01 4.138183593750000000e-01 9.011230468750000000e-01
4.423828125000000000e-01 4.194335937500000000e-01 8.569335937500000000e-01
4.460449218750000000e-01 5.100097656250000000e-01 9.013671875000000000e-01
4.509277343750000000e-01 4.309082031250000000e-01 8.474121093750000000e-01
4.680175781250000000e-01 4.274902343750000000e-01 8.488769531250000000e-01
4.602050781250000000e-01 4.582519531250000000e-01 8.508300781250000000e-01
4.624023437500000000e-01 3.635253906250000000e-01 8.613281250000000000e-01
4.577636718750000000e-01 3.530273437500000000e-01 8.513183593750000000e-01
4.160156250000000000e-01 4.392089843750000000e-01 8.496093750000000000e-01
4.309082031250000000e-01 4.663085937500000000e-01 8.469238281250000000e-01
4.226074218750000000e-01 4.147949218750000000e-01 9.035644531250000000e-01
4.160156250000000000e-01 4.199218750000000000e-01 8.989257812500000000e-01
4.665527343750000000e-01 4.194335937500000000e-01 8.815917968750000000e-01
4.245605468750000000e-01 4.099121093750000000e-01 8.928222656250000000e-01
4.326171875000000000e-01 4.604492187500000000e-01 9.055175781250000000e-01
4.145507812500000000e-01 4.582519531250000000e-01 9.047851562500000000e-01
4.104003906250000000e-01 4.670410156250000000e-01 8.952636718750000000e-01
4.113769531250000000e-01 4.157714843750000000e-01 8.999023437500000000e-01
4.140625000000000000e-01 4.199218750000000000e-01 8.979492187500000000e-01
4.077148437500000000e-01 4.187011718750000000e-01 8.933105468750000000e-01
4.086914062500000000e-01 4.165039062500000000e-01 8.979492187500000000e-01
4.077148437500000000e-01 4.069824218750000000e-01 9.020996093750000000e-01
4.211425781250000000e-01 4.611816406250000000e-01 9.052734375000000000e-01
4.235839843750000000e-01 4.611816406250000000e-01 9.047851562500000000e-01
4.133300781250000000e-01 4.155273437500000000e-01 8.991699218750000000e-01
4.609375000000000000e-01 4.086914062500000000e-01 9.028320312500000000e-01
4.687500000000000000e-01 4.636230468750000000e-01 8.493652343750000000e-01
4.638671875000000000e-01 4.597167968750000000e-01 9.023437500000000000e-01
4.135742187500000000e-01 4.655761718750000000e-01 8.994140625000000000e-01
4.147949218750000000e-01 4.072265625000000000e-01 8.459472656250000000e-01
4.152832031250000000e-01 4.113769531250000000e-01 8.452148437500000000e-01
4.687500000000000000e-01 4.177246093750000000e-01 8.950195312500000000e-01
4.152832031250000000e-01 4.133300781250000000e-01 9.047851562500000000e-01
4.160156250000000000e-01 4.169921875000000000e-01 8.957519531250000000e-01
4.167480468750000000e-01 4.179687500000000000e-01 8.996582031250000000e-01
4.074707031250000000e-01 4.672851562500000000e-01 9.013671875000000000e-01
4.162597656250000000e-01 4.067382812500000000e-01 9.016113281250000000e-01
4.121093750000000000e-01 4.643554687500000000e-01 8.937988281250000000e-01
4.143066406250000000e-01 4.677734375000000000e-01 8.447265625000000000e-01
4.201660156250000000e-01 4.636230468750000000e-01 9.035644531250000000e-01
4.067382812500000000e-01 4.621582031250000000e-01 9.033203125000000000e-01
4.099121093750000000e-01 4.606933593750000000e-01 9.042968750000000000e-01
4.113769531250000000e-01 4.606933593750000000e-01 9.047851562500000000e-01
4.089355468750000000e-01 4.616699218750000000e-01 9.028320312500000000e-01
4.089355468750000000e-01 4.663085937500000000e-01 9.035644531250000000e-01
4.121093750000000000e-01 4.631347656250000000e-01 9.020996093750000000e-01
4.094238281250000000e-01 4.650878906250000000e-01 9.057617187500000000e-01
4.108886718750000000e-01 4.626464843750000000e-01 9.033203125000000000e-01
4.086914062500000000e-01 4.648437500000000000e-01 9.045410156250000000e-01
4.125976562500000000e-01 4.660644531250000000e-01 9.045410156250000000e-01
4.079589843750000000e-01 4.675292968750000000e-01 8.474121093750000000e-01
4.106445312500000000e-01 4.633789062500000000e-01 9.028320312500000000e-01
4.106445312500000000e-01 4.672851562500000000e-01 9.003906250000000000e-01
4.079589843750000000e-01 4.084472656250000000e-01 8.505859375000000000e-01
4.118652343750000000e-01 4.621582031250000000e-01 8.442382812500000000e-01
4.677734375000000000e-01 4.663085937500000000e-01 9.055175781250000000e-01
4.086914062500000000e-01 4.677734375000000000e-01 8.457031250000000000e-01
4.680175781250000000e-01 4.072265625000000000e-01 9.028320312500000000e-01
4.638671875000000000e-01 4.101562500000000000e-01 8.452148437500000000e-01
4.667968750000000000e-01 4.145507812500000000e-01 9.035644531250000000e-01
4.660644531250000000e-01 4.082031250000000000e-01 8.457031250000000000e-01
4.687500000000000000e-01 4.084472656250000000e-01 9.038085937500000000e-01
4.685058593750000000e-01 4.111328125000000000e-01 9.016113281250000000e-01
