1.015625000000000000e+00 -7.080078125000000000e-02 -2.172851562500000000e-01
1.014648437500000000e+00 -6.665039062500000000e-02 -1.765136718750000000e-01
1.020019531250000000e+00 -7.031250000000000000e-02 -1.760253906250000000e-01
1.006591796875000000e+00 -7.592773437500000000e-02 -1.613769531250000000e-01
1.009765625000000000e+00 -8.154296875000000000e-02 -1.716308593750000000e-01
1.011474609375000000e+00 -8.349609375000000000e-02 -1.757812500000000000e-01
1.016601562500000000e+00 1.220703125000000000e-03 -1.643066406250000000e-01
1.009521484375000000e+00 5.615234375000000000e-03 -1.562500000000000000e-01
1.012695312500000000e+00 -7.275390625000000000e-02 -1.660156250000000000e-01
1.017089843750000000e+00 -6.909179687500000000e-02 -1.694335937500000000e-01
1.013671875000000000e+00 -8.569335937500000000e-02 -1.711425781250000000e-01
1.014160156250000000e+00 -7.714843750000000000e-02 -1.638183593750000000e-01
1.009521484375000000e+00 -6.665039062500000000e-02 -1.701660156250000000e-01
1.007324218750000000e+00 2.685546875000000000e-03 -1.818847656250000000e-01
9.746093750000000000e-01 -2.880859375000000000e-02 -1.872558593750000000e-01
9.362792968750000000e-01 -2.929687500000000000e-02 -1.789550781250000000e-01
9.213867187500000000e-01 3.076171875000000000e-02 -2.106933593750000000e-01
1.009765625000000000e+00 -7.299804687500000000e-02 -9.838867187500000000e-02
9.941406250000000000e-01 -1.459960937500000000e-01 -1.137695312500000000e-01
9.853515625000000000e-01 -1.225585937500000000e-01 -2.663574218750000000e-01
9.658203125000000000e-01 -2.180175781250000000e-01 -3.293457031250000000e-01
8.054199218750000000e-01 -2.263183593750000000e-01 -1.730957031250000000e-01
1.073974609375000000e+00 -5.395507812500000000e-02 -2.529296875000000000e-01
1.033691406250000000e+00 2.685546875000000000e-02 -1.516113281250000000e-01
9.506835937500000000e-01 -2.150878906250000000e-01 -1.491699218750000000e-01
9.543457031250000000e-01 -2.612304687500000000e-01 -6.005859375000000000e-02
1.003417968750000000e+00 -1.098632812500000000e-01 -1.538085937500000000e-01
9.128417968750000000e-01 -2.065429687500000000e-01 -4.711914062500000000e-02
1.002197265625000000e+00 -2.712402343750000000e-01 -3.686523437500000000e-02
9.453125000000000000e-01 -3.229980468750000000e-01 -6.201171875000000000e-02
8.535156250000000000e-01 -4.475097656250000000e-01 -4.931640625000000000e-02
9.082031250000000000e-01 -4.541015625000000000e-01 -3.898925781250000000e-01
1.565185546875000000e+00 -3.317871093750000000e-01 -7.670898437500000000e-01
1.237304687500000000e+00 1.560058593750000000e-01 -2.058105468750000000e-01
6.909179687500000000e-01 4.440917968750000000e-01 -3.828125000000000000e-01
9.445800781250000000e-01 1.533203125000000000e-01 -3.969726562500000000e-01
9.194335937500000000e-01 -5.371093750000000000e-03 -3.898925781250000000e-01
7.805175781250000000e-01 1.215820312500000000e-01 -2.473144531250000000e-01
8.747558593750000000e-01 1.437988281250000000e-01 -3.308105468750000000e-01
8.962402343750000000e-01 1.350097656250000000e-01 -2.910156250000000000e-01
8.625488281250000000e-01 1.311035156250000000e-01 -3.249511718750000000e-01
9.182128906250000000e-01 4.565429687500000000e-02 -3.205566406250000000e-01
1.000976562500000000e+00 2.001953125000000000e-01 -2.854003906250000000e-01
9.262695312500000000e-01 3.930664062500000000e-02 -3.249511718750000000e-01
8.623046875000000000e-01 8.740234375000000000e-02 -3.320312500000000000e-01
9.050292968750000000e-01 -1.245117187500000000e-02 -2.421875000000000000e-01
9.580078125000000000e-01 1.040039062500000000e-01 -3.276367187500000000e-01
9.655761718750000000e-01 1.591796875000000000e-01 -2.436523437500000000e-01
9.335937500000000000e-01 5.078125000000000000e-02 -2.377929687500000000e-01
9.194335937500000000e-01 3.198242187500000000e-02 -2.446289062500000000e-01
1.016601562500000000e+00 -1.928710937500000000e-02 -4.655761718750000000e-01
9.667968750000000000e-01 6.884765625000000000e-02 -3.010253906250000000e-01
8.051757812500000000e-01 3.247070312500000000e-02 -3.366699218750000000e-01
9.575195312500000000e-01 6.738281250000000000e-02 -3.662109375000000000e-01
9.179687500000000000e-01 5.859375000000000000e-03 -4.426269531250000000e-01
8.527832031250000000e-01 -4.345703125000000000e-02 -4.650878906250000000e-01
8.964843750000000000e-01 -9.082031250000000000e-02 -4.472656250000000000e-01
9.033203125000000000e-01 -8.789062500000000000e-02 -4.538574218750000000e-01
9.396972656250000000e-01 -1.264648437500000000e-01 -3.745117187500000000e-01
9.404296875000000000e-01 -5.224609375000000000e-02 -4.047851562500000000e-01
1.007324218750000000e+00 -7.641601562500000000e-02 -3.913574218750000000e-01
9.301757812500000000e-01 -4.785156250000000000e-02 -3.730468750000000000e-01
8.493652343750000000e-01 -1.328125000000000000e-01 -4.060058593750000000e-01
8.530273437500000000e-01 -8.007812500000000000e-02 -3.796386718750000000e-01
9.548339843750000000e-01 -6.616210937500000000e-02 -3.012695312500000000e-01
9.077148437500000000e-01 -8.422851562500000000e-02 -3.107910156250000000e-01
9.379882812500000000e-01 -9.082031250000000000e-02 -3.112792968750000000e-01
9.663085937500000000e-01 -9.179687500000000000e-02 -3.056640625000000000e-01
9.602050781250000000e-01 3.417968750000000000e-03 -3.518066406250000000e-01
9.411621093750000000e-01 -5.688476562500000000e-02 -3.547363281250000000e-01
8.723144531250000000e-01 -1.516113281250000000e-01 -4.399414062500000000e-01
9.504394531250000000e-01 -2.016601562500000000e-01 -4.514160156250000000e-01
9.453125000000000000e-01 -1.965332031250000000e-01 -4.052734375000000000e-01
9.030761718750000000e-01 -1.960449218750000000e-01 -3.022460937500000000e-01
9.423828125000000000e-01 -9.985351562500000000e-02 -4.047851562500000000e-01
8.728027343750000000e-01 -1.911621093750000000e-01 -3.430175781250000000e-01
8.566894531250000000e-01 -1.989746093750000000e-01 -2.954101562500000000e-01
9.650878906250000000e-01 -1.157226562500000000e-01 -3.911132812500000000e-01
9.604492187500000000e-01 -1.037597656250000000e-01 -3.793945312500000000e-01
8.562011718750000000e-01 -1.657714843750000000e-01 -3.884277343750000000e-01
8.605957031250000000e-01 -2.106933593750000000e-01 -3.544921875000000000e-01
8.693847656250000000e-01 -7.153320312500000000e-02 -3.137207031250000000e-01
9.304199218750000000e-01 -6.665039062500000000e-02 -3.959960937500000000e-01
1.063964843750000000e+00 2.368164062500000000e-02 -2.265625000000000000e-01
8.586425781250000000e-01 -3.027343750000000000e-02 -9.521484375000000000e-02
1.069335937500000000e+00 1.171875000000000000e-02 -1.984863281250000000e-01
1.063720703125000000e+00 -2.929687500000000000e-03 -2.644042968750000000e-01
9.677734375000000000e-01 8.251953125000000000e-02 -2.158203125000000000e-01
9.633789062500000000e-01 2.563476562500000000e-02 -1.755371093750000000e-01
1.000488281250000000e+00 -2.514648437500000000e-02 -2.243652343750000000e-01
1.006103515625000000e+00 -6.591796875000000000e-02 -2.512207031250000000e-01
9.277343750000000000e-01 -2.246093750000000000e-02 -1.772460937500000000e-01
1.010009765625000000e+00 4.760742187500000000e-02 -2.155761718750000000e-01
9.343261718750000000e-01 3.247070312500000000e-02 -1.096191406250000000e-01
9.309082031250000000e-01 5.004882812500000000e-02 -2.050781250000000000e-01
9.262695312500000000e-01 -3.662109375000000000e-03 -1.237792968750000000e-01
8.518066406250000000e-01 1.418457031250000000e-01 -5.615234375000000000e-02
9.331054687500000000e-01 1.647949218750000000e-01 -1.274414062500000000e-01
1.219238281250000000e+00 -8.300781250000000000e-03 -3.886718750000000000e-01
1.334960937500000000e+00 8.129882812500000000e-02 -3.996582031250000000e-01
8.613281250000000000e-01 -5.615234375000000000e-02 -3.420410156250000000e-01
7.351074218750000000e-01 -1.394042968750000000e-01 -2.409667968750000000e-01
1.002929687500000000e+00 -5.541992187500000000e-02 -2.856445312500000000e-01
1.025390625000000000e+00 -1.840820312500000000e-01 -3.937988281250000000e-01
8.632812500000000000e-01 -2.634277343750000000e-01 -2.724609375000000000e-01
7.878417968750000000e-01 -1.538085937500000000e-01 -2.622070312500000000e-01
9.013671875000000000e-01 -1.164550781250000000e-01 -2.194824218750000000e-01
9.096679687500000000e-01 -2.011718750000000000e-01 -2.514648437500000000e-01
9.316406250000000000e-01 -9.204101562500000000e-02 -2.045898437500000000e-01
9.345703125000000000e-01 -6.250000000000000000e-02 -2.009277343750000000e-01
1.065673828125000000e+00 -1.672363281250000000e-01 -1.567382812500000000e-01
1.014892578125000000e+00 -3.881835937500000000e-02 -1.699218750000000000e-01
1.395996093750000000e+00 -8.862304687500000000e-02 -5.544433593750000000e-01
1.010498046875000000e+00 7.202148437500000000e-02 -4.465332031250000000e-01
4.306640625000000000e-01 2.482910156250000000e-01 -1.660156250000000000e-01
8.640136718750000000e-01 -1.149902343750000000e-01 -3.720703125000000000e-01
1.208251953125000000e+00 -5.834960937500000000e-02 -3.715820312500000000e-01
8.105468750000000000e-01 1.979980468750000000e-01 -2.731933593750000000e-01
7.246093750000000000e-01 1.975097656250000000e-01 -1.723632812500000000e-01
9.221191406250000000e-01 4.321289062500000000e-02 -2.431640625000000000e-01
8.898925781250000000e-01 6.640625000000000000e-02 -2.753906250000000000e-01
8.122558593750000000e-01 -9.155273437500000000e-02 -2.446289062500000000e-01
1.196777343750000000e+00 -1.569824218750000000e-01 -1.638183593750000000e-01
1.072265625000000000e+00 1.220703125000000000e-03 -1.408691406250000000e-01
9.431152343750000000e-01 -1.110839843750000000e-01 2.075195312500000000e-02
1.654541015625000000e+00 7.055664062500000000e-02 -3.630371093750000000e-01
1.004150390625000000e+00 1.682128906250000000e-01 -3.244628906250000000e-01
6.440429687500000000e-01 1.975097656250000000e-01 -8.154296875000000000e-02
1.038574218750000000e+00 2.080078125000000000e-01 -3.881835937500000000e-01
1.090576171875000000e+00 -9.814453125000000000e-02 -5.092773437500000000e-01
6.123046875000000000e-01 -2.639160156250000000e-01 -3.315429687500000000e-01
8.571777343750000000e-01 -6.176757812500000000e-02 -2.951660156250000000e-01
8.593750000000000000e-01 1.098632812500000000e-02 -2.456054687500000000e-01
9.038085937500000000e-01 8.544921875000000000e-03 -2.697753906250000000e-01
9.443359375000000000e-01 -5.151367187500000000e-02 -2.358398437500000000e-01
9.082031250000000000e-01 -2.099609375000000000e-01 -4.201660156250000000e-01
1.015136718750000000e+00 -1.416015625000000000e-01 -5.485839843750000000e-01
1.088623046875000000e+00 1.098632812500000000e-01 -3.398437500000000000e-01
6.811523437500000000e-01 3.972167968750000000e-01 -3.471679687500000000e-01
1.251708984375000000e+00 -5.175781250000000000e-02 -4.108886718750000000e-01
9.235839843750000000e-01 7.714843750000000000e-02 -3.322753906250000000e-01
8.349609375000000000e-01 1.542968750000000000e-01 -2.280273437500000000e-01
9.606933593750000000e-01 -1.831054687500000000e-02 -3.769531250000000000e-01
8.698730468750000000e-01 5.712890625000000000e-02 -3.271484375000000000e-01
9.047851562500000000e-01 1.945800781250000000e-01 -2.897949218750000000e-01
9.108886718750000000e-01 1.447753906250000000e-01 -2.956542968750000000e-01
9.140625000000000000e-01 9.423828125000000000e-02 -3.103027343750000000e-01
9.199218750000000000e-01 1.552734375000000000e-01 -3.088378906250000000e-01
9.128417968750000000e-01 3.002929687500000000e-02 -2.841796875000000000e-01
9.440917968750000000e-01 -2.490234375000000000e-02 -3.225097656250000000e-01
9.602050781250000000e-01 -1.464843750000000000e-03 -2.431640625000000000e-01
9.702148437500000000e-01 -1.049804687500000000e-02 -2.824707031250000000e-01
1.031250000000000000e+00 -1.977539062500000000e-02 -3.933105468750000000e-01
8.652343750000000000e-01 -1.416015625000000000e-02 -2.319335937500000000e-01
9.123535156250000000e-01 -3.002929687500000000e-02 -2.294921875000000000e-01
1.004882812500000000e+00 -1.318359375000000000e-02 -2.905273437500000000e-01
8.747558593750000000e-01 1.293945312500000000e-02 -2.414550781250000000e-01
8.447265625000000000e-01 -6.933593750000000000e-02 -2.395019531250000000e-01
1.077148437500000000e+00 -4.492187500000000000e-02 -2.644042968750000000e-01
9.709472656250000000e-01 -2.092285156250000000e-01 -2.272949218750000000e-01
9.707031250000000000e-01 -2.563476562500000000e-01 -2.353515625000000000e-01
9.536132812500000000e-01 -1.250000000000000000e-01 -2.478027343750000000e-01
8.061523437500000000e-01 -1.938476562500000000e-01 -3.417968750000000000e-01
8.603515625000000000e-01 -2.597656250000000000e-01 -2.451171875000000000e-01
9.812011718750000000e-01 -1.533203125000000000e-01 -2.810058593750000000e-01
1.128417968750000000e+00 -6.542968750000000000e-02 -3.310546875000000000e-01
9.328613281250000000e-01 1.025390625000000000e-02 -2.758789062500000000e-01
8.977050781250000000e-01 2.661132812500000000e-02 -1.716308593750000000e-01
9.130859375000000000e-01 7.812500000000000000e-02 -2.309570312500000000e-01
1.013183593750000000e+00 -1.074218750000000000e-02 -2.321777343750000000e-01
9.101562500000000000e-01 3.002929687500000000e-02 -2.355957031250000000e-01
1.019775390625000000e+00 -3.784179687500000000e-02 -2.666015625000000000e-01
1.008544921875000000e+00 9.033203125000000000e-03 -2.604980468750000000e-01
9.191894531250000000e-01 -6.591796875000000000e-03 -2.785644531250000000e-01
1.006103515625000000e+00 -2.392578125000000000e-02 -2.397460937500000000e-01
9.321289062500000000e-01 -1.342773437500000000e-02 -2.282714843750000000e-01
9.345703125000000000e-01 -1.220703125000000000e-02 -2.312011718750000000e-01
9.365234375000000000e-01 2.929687500000000000e-03 -2.207031250000000000e-01
9.194335937500000000e-01 -7.910156250000000000e-02 -2.224121093750000000e-01
9.301757812500000000e-01 -2.343750000000000000e-02 -2.307128906250000000e-01
9.289550781250000000e-01 -1.782226562500000000e-02 -2.333984375000000000e-01
1.016845703125000000e+00 -1.049804687500000000e-02 -2.617187500000000000e-01
1.006347656250000000e+00 -2.709960937500000000e-02 -1.765136718750000000e-01
1.005126953125000000e+00 -6.860351562500000000e-02 -1.730957031250000000e-01
1.006103515625000000e+00 -6.738281250000000000e-02 -2.546386718750000000e-01
1.005371093750000000e+00 -7.592773437500000000e-02 -2.619628906250000000e-01
1.001953125000000000e+00 3.173828125000000000e-03 -2.756347656250000000e-01
1.002929687500000000e+00 1.098632812500000000e-02 -2.741699218750000000e-01
9.187011718750000000e-01 1.831054687500000000e-02 -1.862792968750000000e-01
1.008544921875000000e+00 -6.567382812500000000e-02 -2.512207031250000000e-01
1.010986328125000000e+00 -7.739257812500000000e-02 -1.835937500000000000e-01
1.026123046875000000e+00 -8.227539062500000000e-02 -2.746582031250000000e-01
1.001953125000000000e+00 -8.740234375000000000e-02 -2.648925781250000000e-01
1.000244140625000000e+00 -7.446289062500000000e-02 -2.504882812500000000e-01
1.004882812500000000e+00 -7.324218750000000000e-02 -2.531738281250000000e-01
9.309082031250000000e-01 -6.738281250000000000e-02 -1.850585937500000000e-01
1.007080078125000000e+00 4.882812500000000000e-03 -1.828613281250000000e-01
1.003417968750000000e+00 7.568359375000000000e-03 -1.711425781250000000e-01
1.013671875000000000e+00 1.098632812500000000e-02 -1.677246093750000000e-01
1.010009765625000000e+00 3.173828125000000000e-03 -1.574707031250000000e-01
