9.726562500000000000e-01 -6.738281250000000000e-02 3.364257812500000000e-01
9.726562500000000000e-01 -6.738281250000000000e-02 3.364257812500000000e-01
9.775390625000000000e-01 -6.982421875000000000e-02 3.295898437500000000e-01
9.821777343750000000e-01 -7.128906250000000000e-02 3.369140625000000000e-01
1.031250000000000000e+00 -6.494140625000000000e-02 3.410644531250000000e-01
1.030029296875000000e+00 -6.762695312500000000e-02 3.408203125000000000e-01
9.741210937500000000e-01 -6.347656250000000000e-02 2.824707031250000000e-01
9.812011718750000000e-01 9.033203125000000000e-03 3.356933593750000000e-01
9.802246093750000000e-01 4.882812500000000000e-03 3.361816406250000000e-01
9.743652343750000000e-01 -6.396484375000000000e-02 3.386230468750000000e-01
9.760742187500000000e-01 2.197265625000000000e-03 3.332519531250000000e-01
9.697265625000000000e-01 -6.689453125000000000e-02 3.395996093750000000e-01
9.689941406250000000e-01 -6.347656250000000000e-02 3.295898437500000000e-01
9.780273437500000000e-01 4.150390625000000000e-03 3.222656250000000000e-01
9.772949218750000000e-01 1.464843750000000000e-03 3.154296875000000000e-01
9.875488281250000000e-01 9.765625000000000000e-04 2.465820312500000000e-01
9.831542968750000000e-01 2.441406250000000000e-04 2.448730468750000000e-01
9.775390625000000000e-01 -6.689453125000000000e-02 3.188476562500000000e-01
9.836425781250000000e-01 5.371093750000000000e-03 3.173828125000000000e-01
9.763183593750000000e-01 -6.323242187500000000e-02 3.144531250000000000e-01
9.824218750000000000e-01 3.906250000000000000e-03 2.431640625000000000e-01
9.802246093750000000e-01 4.882812500000000000e-03 3.220214843750000000e-01
9.792480468750000000e-01 4.882812500000000000e-04 2.429199218750000000e-01
9.741210937500000000e-01 -6.860351562500000000e-02 3.203125000000000000e-01
9.758300781250000000e-01 3.662109375000000000e-03 2.431640625000000000e-01
9.833984375000000000e-01 -6.616210937500000000e-02 2.233886718750000000e-01
9.846191406250000000e-01 -7.470703125000000000e-02 2.263183593750000000e-01
9.965820312500000000e-01 -7.446289062500000000e-02 2.775878906250000000e-01
1.064941406250000000e+00 -7.763671875000000000e-02 2.756347656250000000e-01
9.829101562500000000e-01 -8.105468750000000000e-02 2.751464843750000000e-01
9.743652343750000000e-01 -7.690429687500000000e-02 2.617187500000000000e-01
9.868164062500000000e-01 5.859375000000000000e-03 2.629394531250000000e-01
1.019287109375000000e+00 -7.226562500000000000e-02 2.614746093750000000e-01
9.809570312500000000e-01 -7.543945312500000000e-02 1.643066406250000000e-01
1.023437500000000000e+00 -7.128906250000000000e-02 2.167968750000000000e-01
9.362792968750000000e-01 -7.910156250000000000e-02 1.953125000000000000e-01
8.708496093750000000e-01 -7.006835937500000000e-02 2.265625000000000000e-01
9.265136718750000000e-01 9.277343750000000000e-03 2.534179687500000000e-01
1.009521484375000000e+00 -5.444335937500000000e-02 1.757812500000000000e-01
1.091308593750000000e+00 -2.758789062500000000e-02 2.495117187500000000e-01
9.760742187500000000e-01 -3.271484375000000000e-02 1.652832031250000000e-01
9.033203125000000000e-01 8.129882812500000000e-02 3.261718750000000000e-01
7.978515625000000000e-01 9.057617187500000000e-02 2.438964843750000000e-01
1.004882812500000000e+00 6.884765625000000000e-02 2.436523437500000000e-01
8.596191406250000000e-01 -3.076171875000000000e-02 3.413085937500000000e-01
9.321289062500000000e-01 1.049804687500000000e-02 3.955078125000000000e-01
8.474121093750000000e-01 -4.296875000000000000e-02 4.682617187500000000e-01
9.575195312500000000e-01 1.855468750000000000e-02 4.487304687500000000e-01
8.608398437500000000e-01 -4.760742187500000000e-02 6.562500000000000000e-01
8.999023437500000000e-01 -4.003906250000000000e-02 6.091308593750000000e-01
8.073730468750000000e-01 -1.118164062500000000e-01 8.088378906250000000e-01
6.862792968750000000e-01 7.568359375000000000e-03 7.414550781250000000e-01
6.977539062500000000e-01 -1.074218750000000000e-02 8.774414062500000000e-01
5.607910156250000000e-01 1.538085937500000000e-02 8.820800781250000000e-01
4.968261718750000000e-01 -3.515625000000000000e-02 8.542480468750000000e-01
5.722656250000000000e-01 -3.051757812500000000e-02 9.248046875000000000e-01
4.553222656250000000e-01 -1.000976562500000000e-02 1.029296875000000000e+00
2.539062500000000000e-01 -8.325195312500000000e-02 9.323730468750000000e-01
3.095703125000000000e-01 -1.386718750000000000e-01 1.137451171875000000e+00
1.132812500000000000e-01 8.203125000000000000e-02 1.359130859375000000e+00
5.070800781250000000e-01 8.374023437500000000e-02 1.656982421875000000e+00
6.225585937500000000e-02 4.003906250000000000e-02 1.780273437500000000e+00
9.228515625000000000e-02 -8.056640625000000000e-02 1.135253906250000000e+00
2.172851562500000000e-01 7.055664062500000000e-02 8.459472656250000000e-01
1.113281250000000000e-01 -8.789062500000000000e-03 9.423828125000000000e-01
2.988281250000000000e-01 6.469726562500000000e-02 1.016845703125000000e+00
2.670898437500000000e-01 -6.884765625000000000e-02 1.080078125000000000e+00
3.684082031250000000e-01 -7.080078125000000000e-02 1.280761718750000000e+00
2.668457031250000000e-01 -1.169433593750000000e-01 1.152099609375000000e+00
2.541503906250000000e-01 -1.179199218750000000e-01 1.033691406250000000e+00
1.892089843750000000e-01 -4.077148437500000000e-02 9.968261718750000000e-01
5.541992187500000000e-02 -3.393554687500000000e-02 1.052001953125000000e+00
1.542968750000000000e-01 -2.148437500000000000e-02 1.042480468750000000e+00
2.014160156250000000e-01 -1.660156250000000000e-02 1.112792968750000000e+00
1.601562500000000000e-01 5.615234375000000000e-03 1.141113281250000000e+00
1.188964843750000000e-01 -1.342773437500000000e-02 1.091064453125000000e+00
1.550292968750000000e-01 7.666015625000000000e-02 1.043701171875000000e+00
1.394042968750000000e-01 8.496093750000000000e-02 1.126953125000000000e+00
8.715820312500000000e-02 -7.324218750000000000e-03 1.113281250000000000e+00
-2.954101562500000000e-02 -1.953125000000000000e-02 1.038574218750000000e+00
7.373046875000000000e-02 -1.342773437500000000e-02 1.146972656250000000e+00
7.055664062500000000e-02 1.416015625000000000e-02 1.130615234375000000e+00
4.150390625000000000e-02 -6.640625000000000000e-02 1.059326171875000000e+00
1.423339843750000000e-01 -2.441406250000000000e-02 1.136230468750000000e+00
-2.880859375000000000e-02 -1.586914062500000000e-02 1.145507812500000000e+00
1.879882812500000000e-02 1.684570312500000000e-02 1.060302734375000000e+00
8.398437500000000000e-02 1.000976562500000000e-02 1.127685546875000000e+00
6.396484375000000000e-02 -8.666992187500000000e-02 1.130615234375000000e+00
2.832031250000000000e-02 -7.958984375000000000e-02 1.051025390625000000e+00
-3.076171875000000000e-02 2.172851562500000000e-02 1.126220703125000000e+00
2.270507812500000000e-02 -2.172851562500000000e-02 1.146484375000000000e+00
-2.539062500000000000e-02 -2.416992187500000000e-02 1.136962890625000000e+00
-1.684570312500000000e-02 -3.125000000000000000e-02 1.136230468750000000e+00
-1.635742187500000000e-02 1.928710937500000000e-02 1.125976562500000000e+00
-2.026367187500000000e-02 -6.420898437500000000e-02 1.127929687500000000e+00
-2.612304687500000000e-02 1.464843750000000000e-03 1.140625000000000000e+00
-2.441406250000000000e-02 1.586914062500000000e-02 1.134277343750000000e+00
-1.757812500000000000e-02 1.635742187500000000e-02 1.136474609375000000e+00
-2.099609375000000000e-02 2.612304687500000000e-02 1.133056640625000000e+00
-5.371093750000000000e-03 1.708984375000000000e-02 1.135498046875000000e+00
-8.789062500000000000e-03 1.904296875000000000e-02 1.139160156250000000e+00
-1.440429687500000000e-02 2.172851562500000000e-02 1.134277343750000000e+00
6.420898437500000000e-02 1.098632812500000000e-02 1.129882812500000000e+00
7.006835937500000000e-02 1.855468750000000000e-02 1.135009765625000000e+00
7.299804687500000000e-02 2.465820312500000000e-02 1.133789062500000000e+00
8.105468750000000000e-02 1.733398437500000000e-02 1.134277343750000000e+00
8.325195312500000000e-02 1.977539062500000000e-02 1.129394531250000000e+00
8.789062500000000000e-02 1.977539062500000000e-02 1.130126953125000000e+00
8.666992187500000000e-02 1.977539062500000000e-02 1.127929687500000000e+00
7.812500000000000000e-02 1.635742187500000000e-02 1.135253906250000000e+00
7.128906250000000000e-02 1.416015625000000000e-02 1.133789062500000000e+00
6.762695312500000000e-02 1.635742187500000000e-02 1.130615234375000000e+00
-1.953125000000000000e-03 1.660156250000000000e-02 1.135742187500000000e+00
-1.196289062500000000e-02 1.928710937500000000e-02 1.142578125000000000e+00
-9.521484375000000000e-03 1.977539062500000000e-02 1.131835937500000000e+00
-1.538085937500000000e-02 1.855468750000000000e-02 1.132324218750000000e+00
-2.001953125000000000e-02 1.611328125000000000e-02 1.139404296875000000e+00
-2.197265625000000000e-02 1.318359375000000000e-02 1.126220703125000000e+00
-2.246093750000000000e-02 1.684570312500000000e-02 1.128173828125000000e+00
-2.636718750000000000e-02 1.733398437500000000e-02 1.128417968750000000e+00
-3.076171875000000000e-02 1.879882812500000000e-02 1.143310546875000000e+00
-2.856445312500000000e-02 2.026367187500000000e-02 1.136962890625000000e+00
-3.027343750000000000e-02 1.318359375000000000e-02 1.131835937500000000e+00
3.002929687500000000e-02 1.782226562500000000e-02 1.132568359375000000e+00
-2.441406250000000000e-02 2.050781250000000000e-02 1.132812500000000000e+00
-2.661132812500000000e-02 1.489257812500000000e-02 1.133056640625000000e+00
2.661132812500000000e-02 2.050781250000000000e-02 1.132812500000000000e+00
-3.051757812500000000e-02 1.855468750000000000e-02 1.127929687500000000e+00
-2.807617187500000000e-02 2.001953125000000000e-02 1.134765625000000000e+00
-2.490234375000000000e-02 1.879882812500000000e-02 1.135742187500000000e+00
-2.319335937500000000e-02 1.855468750000000000e-02 1.139648437500000000e+00
-1.147460937500000000e-02 2.001953125000000000e-02 1.133544921875000000e+00
-1.782226562500000000e-02 1.391601562500000000e-02 1.139892578125000000e+00
-6.591796875000000000e-03 1.538085937500000000e-02 1.138183593750000000e+00
-5.615234375000000000e-03 1.586914062500000000e-02 1.137207031250000000e+00
-1.953125000000000000e-03 1.879882812500000000e-02 1.127197265625000000e+00
7.421875000000000000e-02 1.782226562500000000e-02 1.131835937500000000e+00
6.591796875000000000e-02 1.806640625000000000e-02 1.132568359375000000e+00
7.592773437500000000e-02 1.635742187500000000e-02 1.125976562500000000e+00
7.397460937500000000e-02 1.440429687500000000e-02 1.131347656250000000e+00
-4.882812500000000000e-03 2.124023437500000000e-02 1.141113281250000000e+00
6.372070312500000000e-02 2.124023437500000000e-02 1.138916015625000000e+00
-1.464843750000000000e-03 1.684570312500000000e-02 1.132080078125000000e+00
-4.638671875000000000e-03 1.513671875000000000e-02 1.132324218750000000e+00
-9.765625000000000000e-03 1.904296875000000000e-02 1.134277343750000000e+00
-1.196289062500000000e-02 1.562500000000000000e-02 1.130126953125000000e+00
-2.246093750000000000e-02 1.928710937500000000e-02 1.138916015625000000e+00
-1.416015625000000000e-02 1.928710937500000000e-02 1.128173828125000000e+00
-1.660156250000000000e-02 1.879882812500000000e-02 1.141357421875000000e+00
-2.563476562500000000e-02 1.538085937500000000e-02 1.134521484375000000e+00
-1.757812500000000000e-02 1.440429687500000000e-02 1.127685546875000000e+00
-2.270507812500000000e-02 2.124023437500000000e-02 1.129882812500000000e+00
-2.978515625000000000e-02 2.368164062500000000e-02 1.139160156250000000e+00
-2.148437500000000000e-02 2.001953125000000000e-02 1.128173828125000000e+00
2.832031250000000000e-02 1.733398437500000000e-02 1.138916015625000000e+00
1.977539062500000000e-02 1.367187500000000000e-02 1.136230468750000000e+00
2.978515625000000000e-02 2.026367187500000000e-02 1.061279296875000000e+00
2.514648437500000000e-02 1.879882812500000000e-02 1.137207031250000000e+00
1.977539062500000000e-02 1.879882812500000000e-02 1.133544921875000000e+00
1.977539062500000000e-02 1.879882812500000000e-02 1.133544921875000000e+00
-8.764648437500000000e-02 1.757812500000000000e-02 1.056396484375000000e+00
3.417968750000000000e-02 -7.128906250000000000e-02 1.076904296875000000e+00
2.270507812500000000e-02 -2.441406250000000000e-02 1.090576171875000000e+00
1.394042968750000000e-01 9.277343750000000000e-03 1.146972656250000000e+00
1.621093750000000000e-01 -7.006835937500000000e-02 1.156250000000000000e+00
2.541503906250000000e-01 1.611328125000000000e-02 1.160644531250000000e+00
1.132812500000000000e-01 9.521484375000000000e-03 1.142578125000000000e+00
3.986816406250000000e-01 -1.513671875000000000e-02 1.068847656250000000e+00
3.161621093750000000e-01 -1.904296875000000000e-02 1.125244140625000000e+00
4.448242187500000000e-01 8.300781250000000000e-02 9.345703125000000000e-01
3.999023437500000000e-01 5.078125000000000000e-02 9.909667968750000000e-01
4.365234375000000000e-01 1.137695312500000000e-01 1.017333984375000000e+00
2.399902343750000000e-01 2.172851562500000000e-01 1.107177734375000000e+00
1.706542968750000000e-01 1.611328125000000000e-01 9.311523437500000000e-01
5.788574218750000000e-01 1.848144531250000000e-01 9.277343750000000000e-01
7.189941406250000000e-01 1.064453125000000000e-01 1.267578125000000000e+00
9.873046875000000000e-01 9.130859375000000000e-02 1.146484375000000000e+00
8.684082031250000000e-01 -4.150390625000000000e-03 1.063720703125000000e+00
8.242187500000000000e-01 2.514648437500000000e-02 8.613281250000000000e-01
8.073730468750000000e-01 -8.081054687500000000e-02 8.894042968750000000e-01
8.911132812500000000e-01 -7.641601562500000000e-02 8.400878906250000000e-01
9.418945312500000000e-01 -7.153320312500000000e-02 7.236328125000000000e-01
8.906250000000000000e-01 -3.710937500000000000e-02 6.989746093750000000e-01
7.878417968750000000e-01 1.635742187500000000e-02 6.279296875000000000e-01
8.293457031250000000e-01 -8.154296875000000000e-02 4.787597656250000000e-01
9.057617187500000000e-01 -3.320312500000000000e-02 5.183105468750000000e-01
8.518066406250000000e-01 -1.428222656250000000e-01 4.816894531250000000e-01
8.884277343750000000e-01 -7.934570312500000000e-02 3.732910156250000000e-01
9.448242187500000000e-01 3.051757812500000000e-02 4.167480468750000000e-01
8.815917968750000000e-01 8.398437500000000000e-02 3.833007812500000000e-01
8.608398437500000000e-01 1.115722656250000000e-01 3.527832031250000000e-01
8.395996093750000000e-01 1.940917968750000000e-01 3.481445312500000000e-01
8.610839843750000000e-01 1.564941406250000000e-01 4.499511718750000000e-01
8.737792968750000000e-01 1.540527343750000000e-01 4.379882812500000000e-01
7.897949218750000000e-01 3.784179687500000000e-02 3.718261718750000000e-01
7.897949218750000000e-01 1.364746093750000000e-01 4.667968750000000000e-01
8.742675781250000000e-01 1.394042968750000000e-01 4.299316406250000000e-01
1.143554687500000000e+00 -4.907226562500000000e-02 3.845214843750000000e-01
1.079101562500000000e+00 -2.539062500000000000e-01 3.061523437500000000e-01
9.213867187500000000e-01 -1.855468750000000000e-01 3.037109375000000000e-01
