4.648437500000000000e-01 4.064941406250000000e-01 9.016113281250000000e-01
4.589843750000000000e-01 4.125976562500000000e-01 8.454589843750000000e-01
4.589843750000000000e-01 4.125976562500000000e-01 8.454589843750000000e-01
4.509277343750000000e-01 4.108886718750000000e-01 8.471679687500000000e-01
4.592285156250000000e-01 4.133300781250000000e-01 8.474121093750000000e-01
4.621582031250000000e-01 4.099121093750000000e-01 9.057617187500000000e-01
4.609375000000000000e-01 4.128417968750000000e-01 8.461914062500000000e-01
4.541015625000000000e-01 4.123535156250000000e-01 8.439941406250000000e-01
4.609375000000000000e-01 4.106445312500000000e-01 9.018554687500000000e-01
4.599609375000000000e-01 4.079589843750000000e-01 8.466796875000000000e-01
4.572753906250000000e-01 4.113769531250000000e-01 8.491210937500000000e-01
4.616699218750000000e-01 4.089355468750000000e-01 9.057617187500000000e-01
4.543457031250000000e-01 4.121093750000000000e-01 9.025878906250000000e-01
4.604492187500000000e-01 4.133300781250000000e-01 8.459472656250000000e-01
4.099121093750000000e-01 4.167480468750000000e-01 9.060058593750000000e-01
4.523925781250000000e-01 4.243164062500000000e-01 8.469238281250000000e-01
4.626464843750000000e-01 4.362792968750000000e-01 8.112792968750000000e-01
4.677734375000000000e-01 5.097656250000000000e-01 8.513183593750000000e-01
3.549804687500000000e-01 4.279785156250000000e-01 8.842773437500000000e-01
3.530273437500000000e-01 5.012207031250000000e-01 8.828125000000000000e-01
3.688964843750000000e-01 5.031738281250000000e-01 8.889160156250000000e-01
4.484863281250000000e-01 4.902343750000000000e-01 8.996582031250000000e-01
4.079589843750000000e-01 4.985351562500000000e-01 7.897949218750000000e-01
4.953613281250000000e-01 4.150390625000000000e-01 8.352050781250000000e-01
5.048828125000000000e-01 4.133300781250000000e-01 8.342285156250000000e-01
4.167480468750000000e-01 4.877929687500000000e-01 7.941894531250000000e-01
4.455566406250000000e-01 5.224609375000000000e-01 7.888183593750000000e-01
3.415527343750000000e-01 4.621582031250000000e-01 8.549804687500000000e-01
2.912597656250000000e-01 4.450683593750000000e-01 9.538574218750000000e-01
3.862304687500000000e-01 4.506835937500000000e-01 9.252929687500000000e-01
3.789062500000000000e-01 3.491210937500000000e-01 1.020263671875000000e+00
3.969726562500000000e-01 3.605957031250000000e-01 1.010009765625000000e+00
3.896484375000000000e-01 4.445800781250000000e-01 9.411621093750000000e-01
3.713378906250000000e-01 4.553222656250000000e-01 8.562011718750000000e-01
3.015136718750000000e-01 3.613281250000000000e-01 9.331054687500000000e-01
1.938476562500000000e-01 5.078125000000000000e-01 1.069091796875000000e+00
2.861328125000000000e-01 3.664550781250000000e-01 8.522949218750000000e-01
2.246093750000000000e-01 5.078125000000000000e-01 9.448242187500000000e-01
3.222656250000000000e-01 5.317382812500000000e-01 9.052734375000000000e-01
1.789550781250000000e-01 4.965820312500000000e-01 9.631347656250000000e-01
2.490234375000000000e-01 6.240234375000000000e-01 8.493652343750000000e-01
3.247070312500000000e-01 6.022949218750000000e-01 8.061523437500000000e-01
2.871093750000000000e-01 5.832519531250000000e-01 8.078613281250000000e-01
2.966308593750000000e-01 4.743652343750000000e-01 9.001464843750000000e-01
3.225097656250000000e-01 5.463867187500000000e-01 8.398437500000000000e-01
3.273925781250000000e-01 6.320800781250000000e-01 8.291015625000000000e-01
3.281250000000000000e-01 6.884765625000000000e-01 8.952636718750000000e-01
2.714843750000000000e-01 6.552734375000000000e-01 8.398437500000000000e-01
2.314453125000000000e-01 6.291503906250000000e-01 8.381347656250000000e-01
2.868652343750000000e-01 5.407714843750000000e-01 8.898925781250000000e-01
3.315429687500000000e-01 5.378417968750000000e-01 8.059082031250000000e-01
3.283691406250000000e-01 5.454101562500000000e-01 8.615722656250000000e-01
3.364257812500000000e-01 4.819335937500000000e-01 8.742675781250000000e-01
3.176269531250000000e-01 3.659667968750000000e-01 9.436035156250000000e-01
3.403320312500000000e-01 3.703613281250000000e-01 9.624023437500000000e-01
3.386230468750000000e-01 4.025878906250000000e-01 9.223632812500000000e-01
2.932128906250000000e-01 3.562011718750000000e-01 9.255371093750000000e-01
2.490234375000000000e-01 4.165039062500000000e-01 9.262695312500000000e-01
3.317871093750000000e-01 5.109863281250000000e-01 9.431152343750000000e-01
3.916015625000000000e-01 5.185546875000000000e-01 8.598632812500000000e-01
3.002929687500000000e-01 4.111328125000000000e-01 8.520507812500000000e-01
2.846679687500000000e-01 3.737792968750000000e-01 9.570312500000000000e-01
2.854003906250000000e-01 3.659667968750000000e-01 9.113769531250000000e-01
3.081054687500000000e-01 4.414062500000000000e-01 1.000244140625000000e+00
3.442382812500000000e-01 4.658203125000000000e-01 9.643554687500000000e-01
4.035644531250000000e-01 4.641113281250000000e-01 9.169921875000000000e-01
2.460937500000000000e-01 5.124511718750000000e-01 1.025634765625000000e+00
2.402343750000000000e-01 5.925292968750000000e-01 8.518066406250000000e-01
3.276367187500000000e-01 4.968261718750000000e-01 8.562011718750000000e-01
4.394531250000000000e-01 4.863281250000000000e-01 9.660644531250000000e-01
4.030761718750000000e-01 4.992675781250000000e-01 8.710937500000000000e-01
3.945312500000000000e-01 4.882812500000000000e-01 7.927246093750000000e-01
3.889160156250000000e-01 4.277343750000000000e-01 8.344726562500000000e-01
3.942871093750000000e-01 4.184570312500000000e-01 7.351074218750000000e-01
4.428710937500000000e-01 4.606933593750000000e-01 7.255859375000000000e-01
4.987792968750000000e-01 4.396972656250000000e-01 8.134765625000000000e-01
5.769042968750000000e-01 4.946289062500000000e-01 8.017578125000000000e-01
5.583496093750000000e-01 4.716796875000000000e-01 7.641601562500000000e-01
5.649414062500000000e-01 7.937011718750000000e-01 1.091796875000000000e+00
3.115234375000000000e-01 6.999511718750000000e-01 6.826171875000000000e-01
2.424316406250000000e-01 5.476074218750000000e-01 8.122558593750000000e-01
1.789550781250000000e-01 5.698242187500000000e-01 9.453125000000000000e-01
1.730957031250000000e-01 3.701171875000000000e-01 8.498535156250000000e-01
3.898925781250000000e-01 5.224609375000000000e-01 9.221191406250000000e-01
3.510742187500000000e-01 3.708496093750000000e-01 9.682617187500000000e-01
3.413085937500000000e-01 2.868652343750000000e-01 8.725585937500000000e-01
3.347167968750000000e-01 3.679199218750000000e-01 8.920898437500000000e-01
3.369140625000000000e-01 4.030761718750000000e-01 8.554687500000000000e-01
3.945312500000000000e-01 3.735351562500000000e-01 8.762207031250000000e-01
3.447265625000000000e-01 3.183593750000000000e-01 9.008789062500000000e-01
3.640136718750000000e-01 3.017578125000000000e-01 9.194335937500000000e-01
5.124511718750000000e-01 4.426269531250000000e-01 8.754882812500000000e-01
4.562988281250000000e-01 3.178710937500000000e-01 8.747558593750000000e-01
3.486328125000000000e-01 3.654785156250000000e-01 1.268066406250000000e+00
5.017089843750000000e-01 6.101074218750000000e-01 1.342041015625000000e+00
3.337402343750000000e-01 7.966308593750000000e-01 1.088867187500000000e+00
9.326171875000000000e-02 5.432128906250000000e-01 7.717285156250000000e-01
2.846679687500000000e-01 4.536132812500000000e-01 8.691406250000000000e-01
2.739257812500000000e-01 4.367675781250000000e-01 1.029052734375000000e+00
2.338867187500000000e-01 5.166015625000000000e-01 8.283691406250000000e-01
2.285156250000000000e-01 4.252929687500000000e-01 7.697753906250000000e-01
2.194824218750000000e-01 3.037109375000000000e-01 7.619628906250000000e-01
3.242187500000000000e-01 3.742675781250000000e-01 7.377929687500000000e-01
5.046386718750000000e-01 4.851074218750000000e-01 6.772460937500000000e-01
5.456542968750000000e-01 5.000000000000000000e-01 8.669433593750000000e-01
5.439453125000000000e-01 5.124511718750000000e-01 8.327636718750000000e-01
7.055664062500000000e-01 6.975097656250000000e-01 1.179199218750000000e+00
1.625976562500000000e-01 7.961425781250000000e-01 9.982910156250000000e-01
3.500976562500000000e-01 4.582519531250000000e-01 5.808105468750000000e-01
-4.516601562500000000e-02 4.863281250000000000e-01 1.132324218750000000e+00
1.850585937500000000e-01 6.271972656250000000e-01 9.240722656250000000e-01
4.343261718750000000e-01 5.380859375000000000e-01 8.264160156250000000e-01
1.772460937500000000e-01 2.495117187500000000e-01 7.712402343750000000e-01
2.189941406250000000e-01 3.144531250000000000e-01 7.348632812500000000e-01
2.922363281250000000e-01 4.577636718750000000e-01 7.644042968750000000e-01
5.671386718750000000e-01 2.885742187500000000e-01 7.507324218750000000e-01
4.272460937500000000e-01 3.212890625000000000e-01 9.082031250000000000e-01
2.983398437500000000e-01 2.485351562500000000e-01 8.825683593750000000e-01
7.255859375000000000e-01 4.309082031250000000e-01 1.319335937500000000e+00
1.826171875000000000e-01 7.849121093750000000e-01 1.411621093750000000e+00
1.259765625000000000e-01 4.699707031250000000e-01 9.404296875000000000e-01
5.009765625000000000e-01 7.290039062500000000e-01 9.108886718750000000e-01
4.194335937500000000e-01 3.601074218750000000e-01 1.039794921875000000e+00
2.116699218750000000e-01 3.515625000000000000e-01 7.910156250000000000e-01
3.784179687500000000e-01 4.604492187500000000e-01 6.557617187500000000e-01
2.685546875000000000e-01 2.949218750000000000e-01 5.456542968750000000e-01
4.589843750000000000e-01 1.760253906250000000e-01 4.919433593750000000e-01
6.584472656250000000e-01 4.328613281250000000e-01 8.769531250000000000e-01
5.441894531250000000e-01 5.463867187500000000e-01 6.010742187500000000e-01
6.594238281250000000e-01 6.967773437500000000e-01 1.422363281250000000e+00
3.703613281250000000e-01 7.653808593750000000e-01 7.182617187500000000e-01
1.003417968750000000e-01 4.873046875000000000e-01 8.937988281250000000e-01
-8.154296875000000000e-02 5.844726562500000000e-01 1.038085937500000000e+00
2.890625000000000000e-01 4.965820312500000000e-01 8.515625000000000000e-01
4.187011718750000000e-01 5.153808593750000000e-01 8.454589843750000000e-01
1.774902343750000000e-01 3.898925781250000000e-01 7.199707031250000000e-01
3.222656250000000000e-01 3.740234375000000000e-01 7.312011718750000000e-01
3.908691406250000000e-01 4.570312500000000000e-01 8.439941406250000000e-01
4.433593750000000000e-01 3.674316406250000000e-01 8.713378906250000000e-01
4.458007812500000000e-01 3.444824218750000000e-01 8.603515625000000000e-01
3.054199218750000000e-01 1.787109375000000000e-01 9.440917968750000000e-01
2.006835937500000000e-01 5.712890625000000000e-01 1.251220703125000000e+00
3.537597656250000000e-01 6.494140625000000000e-01 8.588867187500000000e-01
5.168457031250000000e-01 1.083251953125000000e+00 8.471679687500000000e-01
2.663574218750000000e-01 7.414550781250000000e-01 6.613769531250000000e-01
1.875000000000000000e-01 7.067871093750000000e-01 7.766113281250000000e-01
1.638183593750000000e-01 6.110839843750000000e-01 7.526855468750000000e-01
2.666015625000000000e-01 6.867675781250000000e-01 6.105957031250000000e-01
1.791992187500000000e-01 6.748046875000000000e-01 7.114257812500000000e-01
2.678222656250000000e-01 7.692871093750000000e-01 6.955566406250000000e-01
2.678222656250000000e-01 7.692871093750000000e-01 6.955566406250000000e-01
2.368164062500000000e-01 6.704101562500000000e-01 6.250000000000000000e-01
2.463378906250000000e-01 7.141113281250000000e-01 6.801757812500000000e-01
2.451171875000000000e-01 7.124023437500000000e-01 6.643066406250000000e-01
2.263183593750000000e-01 6.679687500000000000e-01 6.677246093750000000e-01
2.363281250000000000e-01 6.828613281250000000e-01 6.672363281250000000e-01
2.871093750000000000e-01 6.743164062500000000e-01 6.699218750000000000e-01
2.824707031250000000e-01 6.635742187500000000e-01 7.587890625000000000e-01
3.100585937500000000e-01 6.682128906250000000e-01 6.875000000000000000e-01
3.125000000000000000e-01 7.080078125000000000e-01 7.353515625000000000e-01
2.905273437500000000e-01 6.572265625000000000e-01 7.792968750000000000e-01
3.962402343750000000e-01 6.608886718750000000e-01 6.567382812500000000e-01
3.549804687500000000e-01 7.170410156250000000e-01 7.292480468750000000e-01
3.789062500000000000e-01 7.541503906250000000e-01 8.242187500000000000e-01
3.886718750000000000e-01 6.250000000000000000e-01 7.290039062500000000e-01
2.932128906250000000e-01 5.727539062500000000e-01 8.994140625000000000e-01
2.275390625000000000e-01 5.253906250000000000e-01 8.007812500000000000e-01
1.706542968750000000e-01 4.218750000000000000e-01 1.010498046875000000e+00
3.149414062500000000e-01 5.471191406250000000e-01 1.020751953125000000e+00
2.749023437500000000e-01 5.375976562500000000e-01 9.118652343750000000e-01
2.416992187500000000e-01 5.451660156250000000e-01 8.615722656250000000e-01
2.604980468750000000e-01 5.109863281250000000e-01 8.679199218750000000e-01
2.045898437500000000e-01 4.792480468750000000e-01 9.184570312500000000e-01
3.410644531250000000e-01 4.216308593750000000e-01 9.011230468750000000e-01
3.264160156250000000e-01 3.525390625000000000e-01 1.013427734375000000e+00
3.852539062500000000e-01 3.784179687500000000e-01 8.615722656250000000e-01
3.481445312500000000e-01 2.792968750000000000e-01 9.516601562500000000e-01
5.629882812500000000e-01 3.334960937500000000e-01 9.165039062500000000e-01
6.931152343750000000e-01 3.559570312500000000e-01 8.188476562500000000e-01
3.090820312500000000e-01 4.309082031250000000e-01 9.155273437500000000e-01
4.809570312500000000e-01 6.179199218750000000e-01 1.121582031250000000e+00
1.826171875000000000e-01 4.929199218750000000e-01 1.059326171875000000e+00
3.056640625000000000e-01 7.514648437500000000e-01 8.344726562500000000e-01
3.176269531250000000e-01 4.570312500000000000e-01 7.829589843750000000e-01
4.492187500000000000e-01 4.504394531250000000e-01 9.064941406250000000e-01
3.044433593750000000e-01 4.904785156250000000e-01 7.441406250000000000e-01
3.906250000000000000e-01 4.475097656250000000e-01 6.860351562500000000e-01
3.530273437500000000e-01 3.735351562500000000e-01 6.867675781250000000e-01
5.180664062500000000e-01 4.409179687500000000e-01 7.673339843750000000e-01
4.838867187500000000e-01 3.864746093750000000e-01 6.848144531250000000e-01
6.718750000000000000e-01 4.497070312500000000e-01 7.478027343750000000e-01
6.525878906250000000e-01 5.629882812500000000e-01 7.248535156250000000e-01
6.655273437500000000e-01 5.373535156250000000e-01 8.925781250000000000e-01
5.031738281250000000e-01 1.057128906250000000e+00 1.169677734375000000e+00
1.708984375000000000e-01 5.478515625000000000e-01 1.006591796875000000e+00
1.708984375000000000e-01 5.837402343750000000e-01 1.009521484375000000e+00
2.075195312500000000e-01 4.829101562500000000e-01 8.696289062500000000e-01
3.344726562500000000e-01 5.065917968750000000e-01 8.049316406250000000e-01
3.896484375000000000e-01 4.450683593750000000e-01 8.918457031250000000e-01
3.303222656250000000e-01 3.911132812500000000e-01 8.200683593750000000e-01
