9.914550781250000000e-01 1.171875000000000000e-02 3.857421875000000000e-02
9.914550781250000000e-01 1.171875000000000000e-02 3.857421875000000000e-02
9.914550781250000000e-01 1.171875000000000000e-02 3.857421875000000000e-02
9.985351562500000000e-01 1.000976562500000000e-02 8.666992187500000000e-02
9.987792968750000000e-01 6.835937500000000000e-03 8.691406250000000000e-02
9.924316406250000000e-01 -6.762695312500000000e-02 8.837890625000000000e-02
9.953613281250000000e-01 -7.495117187500000000e-02 9.277343750000000000e-02
9.956054687500000000e-01 -7.739257812500000000e-02 3.662109375000000000e-02
1.063964843750000000e+00 -8.447265625000000000e-02 8.544921875000000000e-02
1.063720703125000000e+00 -7.910156250000000000e-02 4.223632812500000000e-02
9.956054687500000000e-01 -7.275390625000000000e-02 3.540039062500000000e-02
9.958496093750000000e-01 -6.835937500000000000e-02 8.935546875000000000e-02
9.963378906250000000e-01 -6.860351562500000000e-02 9.252929687500000000e-02
9.951171875000000000e-01 -8.496093750000000000e-02 3.857421875000000000e-02
9.953613281250000000e-01 -3.344726562500000000e-02 3.417968750000000000e-02
9.946289062500000000e-01 -3.393554687500000000e-02 3.833007812500000000e-02
9.990234375000000000e-01 -8.691406250000000000e-02 3.588867187500000000e-02
9.997558593750000000e-01 -6.860351562500000000e-02 3.735351562500000000e-02
9.956054687500000000e-01 -6.372070312500000000e-02 4.809570312500000000e-02
9.953613281250000000e-01 4.638671875000000000e-03 3.369140625000000000e-02
9.934082031250000000e-01 8.300781250000000000e-03 3.466796875000000000e-02
9.951171875000000000e-01 -6.347656250000000000e-02 3.491210937500000000e-02
1.064941406250000000e+00 -7.080078125000000000e-02 9.057617187500000000e-02
1.065429687500000000e+00 -8.422851562500000000e-02 8.740234375000000000e-02
1.063720703125000000e+00 -7.250976562500000000e-02 8.349609375000000000e-02
9.946289062500000000e-01 -7.226562500000000000e-02 8.862304687500000000e-02
9.968261718750000000e-01 -6.982421875000000000e-02 8.569335937500000000e-02
9.960937500000000000e-01 7.324218750000000000e-04 3.393554687500000000e-02
9.990234375000000000e-01 -6.591796875000000000e-02 3.613281250000000000e-02
9.985351562500000000e-01 -6.372070312500000000e-02 8.715820312500000000e-02
9.975585937500000000e-01 4.882812500000000000e-03 9.057617187500000000e-02
9.978027343750000000e-01 -7.031250000000000000e-02 8.593750000000000000e-02
1.067626953125000000e+00 -7.568359375000000000e-02 8.251953125000000000e-02
1.065429687500000000e+00 -7.861328125000000000e-02 6.787109375000000000e-02
9.916992187500000000e-01 -8.154296875000000000e-02 7.080078125000000000e-02
9.987792968750000000e-01 -8.129882812500000000e-02 7.299804687500000000e-02
9.892578125000000000e-01 -7.031250000000000000e-02 7.006835937500000000e-02
1.063964843750000000e+00 -7.299804687500000000e-02 -2.075195312500000000e-02
1.063964843750000000e+00 -7.299804687500000000e-02 -2.075195312500000000e-02
9.833984375000000000e-01 -7.324218750000000000e-02 -2.465820312500000000e-02
1.026855468750000000e+00 7.568359375000000000e-03 -2.758789062500000000e-02
1.017089843750000000e+00 2.172851562500000000e-02 2.954101562500000000e-02
1.010253906250000000e+00 -2.929687500000000000e-02 -7.177734375000000000e-02
1.003417968750000000e+00 -6.445312500000000000e-02 -1.267089843750000000e-01
1.027343750000000000e+00 -2.563476562500000000e-02 -5.468750000000000000e-02
9.731445312500000000e-01 -6.640625000000000000e-02 -1.259765625000000000e-01
1.011474609375000000e+00 -1.271972656250000000e-01 -1.130371093750000000e-01
9.780273437500000000e-01 -1.296386718750000000e-01 -1.755371093750000000e-01
1.011474609375000000e+00 -4.467773437500000000e-02 -1.794433593750000000e-01
9.143066406250000000e-01 -6.005859375000000000e-02 -2.507324218750000000e-01
9.636230468750000000e-01 -4.882812500000000000e-02 -2.578125000000000000e-01
9.609375000000000000e-01 -8.056640625000000000e-03 -2.922363281250000000e-01
8.088378906250000000e-01 4.638671875000000000e-03 -3.588867187500000000e-01
8.676757812500000000e-01 -9.814453125000000000e-02 -4.108886718750000000e-01
9.580078125000000000e-01 -2.180175781250000000e-01 -4.082031250000000000e-01
8.576660156250000000e-01 -1.391601562500000000e-01 -4.702148437500000000e-01
5.798339843750000000e-01 -2.102050781250000000e-01 -5.959472656250000000e-01
6.076660156250000000e-01 1.464843750000000000e-03 -4.086914062500000000e-01
5.590820312500000000e-01 6.542968750000000000e-02 -6.455078125000000000e-01
6.010742187500000000e-01 -4.882812500000000000e-04 -6.672363281250000000e-01
3.171386718750000000e-01 9.350585937500000000e-02 -7.199707031250000000e-01
2.954101562500000000e-01 6.591796875000000000e-02 -7.690429687500000000e-01
2.314453125000000000e-01 -7.055664062500000000e-02 -6.611328125000000000e-01
4.443359375000000000e-02 -2.539062500000000000e-02 -1.213867187500000000e+00
2.343750000000000000e-02 8.544921875000000000e-03 -7.431640625000000000e-01
-4.711914062500000000e-02 -4.345703125000000000e-02 -8.828125000000000000e-01
-1.274414062500000000e-01 -9.155273437500000000e-02 -6.579589843750000000e-01
-3.125000000000000000e-02 -7.446289062500000000e-02 -7.971191406250000000e-01
-1.174316406250000000e-01 -1.208496093750000000e-01 -7.658691406250000000e-01
-9.179687500000000000e-02 -7.421875000000000000e-02 -8.479003906250000000e-01
-9.448242187500000000e-02 -1.977539062500000000e-01 -9.619140625000000000e-01
-1.254882812500000000e-01 -1.335449218750000000e-01 -9.526367187500000000e-01
1.733398437500000000e-02 -1.967773437500000000e-01 -9.077148437500000000e-01
4.272460937500000000e-02 -2.543945312500000000e-01 -9.084472656250000000e-01
1.066894531250000000e-01 -3.137207031250000000e-01 -1.209228515625000000e+00
1.989746093750000000e-01 -3.027343750000000000e-01 -1.197998046875000000e+00
2.312011718750000000e-01 -3.483886718750000000e-01 -1.243896484375000000e+00
4.331054687500000000e-01 -4.133300781250000000e-01 -1.208740234375000000e+00
5.717773437500000000e-01 -5.048828125000000000e-01 -9.484863281250000000e-01
6.596679687500000000e-01 -3.862304687500000000e-01 -7.048339843750000000e-01
8.073730468750000000e-01 -1.567382812500000000e-01 -3.596191406250000000e-01
8.007812500000000000e-01 -2.805175781250000000e-01 -3.730468750000000000e-01
7.963867187500000000e-01 -3.295898437500000000e-01 -3.015136718750000000e-01
8.027343750000000000e-01 -3.317871093750000000e-01 -2.731933593750000000e-01
9.091796875000000000e-01 -3.398437500000000000e-01 -2.290039062500000000e-01
1.079101562500000000e+00 -3.867187500000000000e-01 -1.621093750000000000e-01
1.126953125000000000e+00 -1.596679687500000000e-01 1.325683593750000000e-01
1.081787109375000000e+00 -1.411132812500000000e-01 4.394531250000000000e-01
8.852539062500000000e-01 -1.225585937500000000e-01 3.664550781250000000e-01
9.125976562500000000e-01 -2.016601562500000000e-01 4.995117187500000000e-01
8.952636718750000000e-01 -1.420898437500000000e-01 5.556640625000000000e-01
3.867187500000000000e-01 -9.033203125000000000e-02 3.857421875000000000e-02
8.049316406250000000e-01 -5.078125000000000000e-02 6.452636718750000000e-01
7.888183593750000000e-01 -1.293945312500000000e-02 7.021484375000000000e-01
9.440917968750000000e-01 -1.943359375000000000e-01 5.585937500000000000e-01
8.666992187500000000e-01 -1.401367187500000000e-01 5.590820312500000000e-01
9.042968750000000000e-01 -5.590820312500000000e-02 5.839843750000000000e-01
9.538574218750000000e-01 -1.284179687500000000e-01 5.810546875000000000e-01
9.401855468750000000e-01 -9.765625000000000000e-02 5.913085937500000000e-01
8.564453125000000000e-01 -9.545898437500000000e-02 5.573730468750000000e-01
8.613281250000000000e-01 -1.516113281250000000e-01 5.581054687500000000e-01
8.588867187500000000e-01 -1.281738281250000000e-01 5.568847656250000000e-01
8.676757812500000000e-01 -1.313476562500000000e-01 5.568847656250000000e-01
8.632812500000000000e-01 -1.384277343750000000e-01 5.573730468750000000e-01
8.708496093750000000e-01 -1.357421875000000000e-01 5.510253906250000000e-01
8.742675781250000000e-01 -1.313476562500000000e-01 5.541992187500000000e-01
8.674316406250000000e-01 -1.374511718750000000e-01 5.583496093750000000e-01
8.652343750000000000e-01 -1.386718750000000000e-01 5.593261718750000000e-01
9.445800781250000000e-01 -1.447753906250000000e-01 5.515136718750000000e-01
8.701171875000000000e-01 -1.403808593750000000e-01 5.407714843750000000e-01
8.728027343750000000e-01 -1.408691406250000000e-01 5.329589843750000000e-01
9.418945312500000000e-01 -1.403808593750000000e-01 5.913085937500000000e-01
9.406738281250000000e-01 -1.357421875000000000e-01 5.856933593750000000e-01
8.747558593750000000e-01 -1.357421875000000000e-01 5.859375000000000000e-01
9.543457031250000000e-01 -1.455078125000000000e-01 5.878906250000000000e-01
8.745117187500000000e-01 -1.340332031250000000e-01 5.534667968750000000e-01
9.411621093750000000e-01 -1.335449218750000000e-01 5.834960937500000000e-01
9.492187500000000000e-01 -1.372070312500000000e-01 5.895996093750000000e-01
9.433593750000000000e-01 -1.416015625000000000e-01 5.791015625000000000e-01
9.479980468750000000e-01 -1.494140625000000000e-01 5.903320312500000000e-01
9.445800781250000000e-01 -1.411132812500000000e-01 5.905761718750000000e-01
9.379882812500000000e-01 -1.416015625000000000e-01 5.908203125000000000e-01
9.470214843750000000e-01 -1.386718750000000000e-01 5.895996093750000000e-01
9.445800781250000000e-01 -1.384277343750000000e-01 5.920410156250000000e-01
8.728027343750000000e-01 -1.420898437500000000e-01 5.822753906250000000e-01
9.589843750000000000e-01 -1.499023437500000000e-01 5.834960937500000000e-01
9.436035156250000000e-01 -1.394042968750000000e-01 5.388183593750000000e-01
8.735351562500000000e-01 -1.372070312500000000e-01 5.354003906250000000e-01
8.725585937500000000e-01 -1.389160156250000000e-01 5.871582031250000000e-01
8.725585937500000000e-01 -1.384277343750000000e-01 5.380859375000000000e-01
9.548339843750000000e-01 -1.379394531250000000e-01 5.834960937500000000e-01
9.489746093750000000e-01 -1.386718750000000000e-01 5.886230468750000000e-01
9.467773437500000000e-01 -1.494140625000000000e-01 5.327148437500000000e-01
8.652343750000000000e-01 -1.489257812500000000e-01 5.844726562500000000e-01
9.462890625000000000e-01 -1.467285156250000000e-01 5.341796875000000000e-01
9.404296875000000000e-01 -1.374511718750000000e-01 5.861816406250000000e-01
8.728027343750000000e-01 -1.442871093750000000e-01 5.917968750000000000e-01
9.592285156250000000e-01 -1.320800781250000000e-01 5.690917968750000000e-01
8.037109375000000000e-01 -6.176757812500000000e-02 5.415039062500000000e-01
9.638671875000000000e-01 -9.765625000000000000e-02 5.732421875000000000e-01
9.526367187500000000e-01 -1.555175781250000000e-01 4.106445312500000000e-01
9.799804687500000000e-01 -1.525878906250000000e-01 5.026855468750000000e-01
1.065185546875000000e+00 -9.667968750000000000e-02 3.911132812500000000e-01
9.970703125000000000e-01 -1.267089843750000000e-01 3.061523437500000000e-01
9.719238281250000000e-01 -1.345214843750000000e-01 3.349609375000000000e-01
1.006347656250000000e+00 -1.337890625000000000e-01 2.397460937500000000e-01
9.709472656250000000e-01 -1.535644531250000000e-01 2.084960937500000000e-01
9.958496093750000000e-01 -1.152343750000000000e-01 1.289062500000000000e-01
9.758300781250000000e-01 -1.076660156250000000e-01 7.812500000000000000e-03
9.899902343750000000e-01 -1.987304687500000000e-01 2.568359375000000000e-01
1.045166015625000000e+00 -1.225585937500000000e-01 1.503906250000000000e-01
9.880371093750000000e-01 -1.242675781250000000e-01 -7.568359375000000000e-03
9.755859375000000000e-01 -2.023925781250000000e-01 -7.983398437500000000e-02
9.753417968750000000e-01 -2.111816406250000000e-01 -1.489257812500000000e-01
9.245605468750000000e-01 -1.604003906250000000e-01 -1.110839843750000000e-01
9.257812500000000000e-01 -2.675781250000000000e-01 -1.840820312500000000e-01
8.916015625000000000e-01 -1.735839843750000000e-01 -1.284179687500000000e-01
8.688964843750000000e-01 -2.636718750000000000e-01 -2.194824218750000000e-01
8.708496093750000000e-01 -2.785644531250000000e-01 -3.090820312500000000e-01
8.903808593750000000e-01 -2.312011718750000000e-01 -4.191894531250000000e-01
7.907714843750000000e-01 -2.421875000000000000e-01 -5.676269531250000000e-01
7.817382812500000000e-01 -2.333984375000000000e-01 -4.907226562500000000e-01
8.154296875000000000e-01 -3.334960937500000000e-01 -6.926269531250000000e-01
6.718750000000000000e-01 -3.593750000000000000e-01 -7.749023437500000000e-01
6.210937500000000000e-01 -3.759765625000000000e-01 -7.998046875000000000e-01
5.852050781250000000e-01 -3.342285156250000000e-01 -9.531250000000000000e-01
5.327148437500000000e-01 -2.451171875000000000e-01 -9.689941406250000000e-01
5.734863281250000000e-01 -3.957519531250000000e-01 -1.079345703125000000e+00
5.749511718750000000e-01 -3.237304687500000000e-01 -1.105712890625000000e+00
4.113769531250000000e-01 -3.046875000000000000e-01 -9.975585937500000000e-01
2.387695312500000000e-01 -1.589355468750000000e-01 -9.577636718750000000e-01
1.987304687500000000e-01 -5.102539062500000000e-02 -8.164062500000000000e-01
1.604003906250000000e-01 -8.666992187500000000e-02 -7.895507812500000000e-01
1.682128906250000000e-01 -8.740234375000000000e-02 -8.395996093750000000e-01
2.780761718750000000e-01 1.879882812500000000e-02 -8.432617187500000000e-01
3.930664062500000000e-01 -5.126953125000000000e-03 -8.374023437500000000e-01
5.078125000000000000e-01 -2.587890625000000000e-02 -6.794433593750000000e-01
6.057128906250000000e-01 -1.464843750000000000e-02 -7.592773437500000000e-01
6.662597656250000000e-01 6.103515625000000000e-03 -5.544433593750000000e-01
1.090576171875000000e+00 1.906738281250000000e-01 1.242187500000000000e+00
8.793945312500000000e-01 1.489257812500000000e-02 -5.231933593750000000e-01
4.250488281250000000e-01 2.246093750000000000e-02 -4.396972656250000000e-01
8.864746093750000000e-01 -6.958007812500000000e-02 -3.857421875000000000e-01
7.915039062500000000e-01 -8.349609375000000000e-02 -2.473144531250000000e-01
8.046875000000000000e-01 -6.494140625000000000e-02 -2.753906250000000000e-01
9.558105468750000000e-01 -3.173828125000000000e-02 -2.519531250000000000e-01
8.581542968750000000e-01 -3.149414062500000000e-02 -2.058105468750000000e-01
9.641113281250000000e-01 -5.639648437500000000e-02 -2.167968750000000000e-01
8.464355468750000000e-01 -7.519531250000000000e-02 -9.667968750000000000e-02
9.062500000000000000e-01 -7.763671875000000000e-02 -1.899414062500000000e-01
9.082031250000000000e-01 -4.931640625000000000e-02 -1.499023437500000000e-01
1.019775390625000000e+00 -1.350097656250000000e-01 -1.071777343750000000e-01
1.027099609375000000e+00 -1.992187500000000000e-01 -1.306152343750000000e-01
9.902343750000000000e-01 -2.077636718750000000e-01 -7.055664062500000000e-02
1.004394531250000000e+00 -1.801757812500000000e-01 -1.733398437500000000e-02
9.287109375000000000e-01 -1.833496093750000000e-01 2.563476562500000000e-02
1.072509765625000000e+00 -5.078125000000000000e-02 7.080078125000000000e-02
9.909667968750000000e-01 -2.011718750000000000e-01 -4.882812500000000000e-04
9.514160156250000000e-01 -2.062988281250000000e-01 8.276367187500000000e-02
1.022460937500000000e+00 -1.923828125000000000e-01 -8.300781250000000000e-02
