9.843750000000000000e-01 -1.550292968750000000e-01 1.684570312500000000e-02
9.843750000000000000e-01 -1.550292968750000000e-01 1.684570312500000000e-02
9.826660156250000000e-01 -1.513671875000000000e-01 5.859375000000000000e-03
9.826660156250000000e-01 -9.423828125000000000e-02 1.269531250000000000e-02
9.892578125000000000e-01 -1.560058593750000000e-01 -6.274414062500000000e-02
9.809570312500000000e-01 -6.103515625000000000e-02 -7.177734375000000000e-02
9.775390625000000000e-01 -1.970214843750000000e-01 -6.567382812500000000e-02
9.873046875000000000e-01 -1.035156250000000000e-01 1.953125000000000000e-02
9.895019531250000000e-01 -1.359863281250000000e-01 -6.420898437500000000e-02
9.821777343750000000e-01 -1.486816406250000000e-01 2.368164062500000000e-02
9.816894531250000000e-01 -1.562500000000000000e-01 1.611328125000000000e-02
9.868164062500000000e-01 -1.435546875000000000e-01 -6.250000000000000000e-02
9.802246093750000000e-01 -1.042480468750000000e-01 1.611328125000000000e-02
9.858398437500000000e-01 -9.423828125000000000e-02 1.074218750000000000e-02
1.070312500000000000e+00 -9.643554687500000000e-02 -7.543945312500000000e-02
9.921875000000000000e-01 -1.008300781250000000e-01 -8.715820312500000000e-02
9.777832031250000000e-01 -9.741210937500000000e-02 -8.203125000000000000e-02
9.785156250000000000e-01 -9.741210937500000000e-02 -7.934570312500000000e-02
9.719238281250000000e-01 -1.533203125000000000e-01 -7.348632812500000000e-02
9.829101562500000000e-01 -1.503906250000000000e-01 -7.836914062500000000e-02
9.760742187500000000e-01 -1.059570312500000000e-01 -4.931640625000000000e-02
9.985351562500000000e-01 -1.535644531250000000e-01 -4.663085937500000000e-02
9.121093750000000000e-01 -1.335449218750000000e-01 6.689453125000000000e-02
1.020751953125000000e+00 -1.342773437500000000e-01 -1.708984375000000000e-03
1.115966796875000000e+00 -2.060546875000000000e-01 5.078125000000000000e-02
9.340820312500000000e-01 -1.088867187500000000e-01 5.029296875000000000e-02
1.084228515625000000e+00 -5.957031250000000000e-02 4.833984375000000000e-02
1.076904296875000000e+00 -1.337890625000000000e-01 -1.000976562500000000e-02
9.733886718750000000e-01 -1.562500000000000000e-01 -6.103515625000000000e-03
9.882812500000000000e-01 -9.716796875000000000e-02 2.514648437500000000e-02
1.000000000000000000e+00 -1.025390625000000000e-01 1.635742187500000000e-02
9.694824218750000000e-01 -1.501464843750000000e-01 6.591796875000000000e-03
9.970703125000000000e-01 -9.667968750000000000e-02 -6.909179687500000000e-02
9.709472656250000000e-01 -1.450195312500000000e-01 -2.416992187500000000e-02
9.943847656250000000e-01 -1.401367187500000000e-01 3.076171875000000000e-02
9.943847656250000000e-01 -9.497070312500000000e-02 3.125000000000000000e-02
9.943847656250000000e-01 -9.497070312500000000e-02 3.125000000000000000e-02
9.816894531250000000e-01 -1.403808593750000000e-01 -1.416015625000000000e-02
9.816894531250000000e-01 -1.403808593750000000e-01 -1.416015625000000000e-02
9.934082031250000000e-01 -1.481933593750000000e-01 -1.562500000000000000e-02
9.858398437500000000e-01 -1.508789062500000000e-01 -1.782226562500000000e-02
9.907226562500000000e-01 -1.540527343750000000e-01 -2.368164062500000000e-02
9.882812500000000000e-01 -1.376953125000000000e-01 -1.757812500000000000e-02
9.926757812500000000e-01 -1.379394531250000000e-01 2.319335937500000000e-02
9.821777343750000000e-01 -1.042480468750000000e-01 -7.080078125000000000e-02
9.899902343750000000e-01 -1.064453125000000000e-01 -8.007812500000000000e-02
9.956054687500000000e-01 -1.081542968750000000e-01 -8.447265625000000000e-02
9.726562500000000000e-01 -1.518554687500000000e-01 -8.666992187500000000e-02
1.064941406250000000e+00 -1.254882812500000000e-01 -7.983398437500000000e-02
1.075439453125000000e+00 -3.588867187500000000e-02 -6.982421875000000000e-02
9.448242187500000000e-01 -5.175781250000000000e-02 2.954101562500000000e-02
9.782714843750000000e-01 -1.152343750000000000e-01 -2.905273437500000000e-02
8.234863281250000000e-01 -1.669921875000000000e-01 4.638671875000000000e-02
1.009765625000000000e+00 -2.758789062500000000e-01 2.441406250000000000e-02
1.069091796875000000e+00 -6.005859375000000000e-02 1.091308593750000000e-01
9.824218750000000000e-01 -1.254882812500000000e-01 -2.807617187500000000e-02
9.519042968750000000e-01 -1.591796875000000000e-01 1.435546875000000000e-01
1.136230468750000000e+00 -2.133789062500000000e-01 5.566406250000000000e-02
9.748535156250000000e-01 -1.960449218750000000e-01 1.899414062500000000e-01
1.032714843750000000e+00 -1.147460937500000000e-01 3.239746093750000000e-01
9.499511718750000000e-01 -2.165527343750000000e-01 3.183593750000000000e-01
9.343261718750000000e-01 -1.694335937500000000e-01 4.516601562500000000e-01
9.187011718750000000e-01 -1.242675781250000000e-01 4.418945312500000000e-01
9.060058593750000000e-01 -1.904296875000000000e-01 6.452636718750000000e-01
9.680175781250000000e-01 -3.320312500000000000e-01 6.218261718750000000e-01
7.456054687500000000e-01 -2.575683593750000000e-01 7.365722656250000000e-01
6.523437500000000000e-01 -3.149414062500000000e-02 6.638183593750000000e-01
5.742187500000000000e-01 -1.489257812500000000e-01 7.858886718750000000e-01
3.569335937500000000e-01 -9.936523437500000000e-02 8.991699218750000000e-01
3.830566406250000000e-01 -5.786132812500000000e-02 8.041992187500000000e-01
3.266601562500000000e-01 -1.018066406250000000e-01 8.498535156250000000e-01
2.763671875000000000e-01 -1.401367187500000000e-01 9.201660156250000000e-01
3.222656250000000000e-01 -8.447265625000000000e-02 1.087402343750000000e+00
2.810058593750000000e-01 -1.286621093750000000e-01 1.271240234375000000e+00
1.000976562500000000e-02 -2.807617187500000000e-02 1.280761718750000000e+00
1.000976562500000000e-02 -2.807617187500000000e-02 1.280761718750000000e+00
-4.931640625000000000e-02 -6.787109375000000000e-02 1.726562500000000000e+00
-4.931640625000000000e-02 -6.787109375000000000e-02 1.726562500000000000e+00
-3.107910156250000000e-01 8.544921875000000000e-02 1.062500000000000000e+00
-3.522949218750000000e-01 -8.544921875000000000e-02 9.265136718750000000e-01
-2.006835937500000000e-01 1.560058593750000000e-01 1.029541015625000000e+00
8.203125000000000000e-02 1.149902343750000000e-01 1.120849609375000000e+00
1.564941406250000000e-01 4.956054687500000000e-02 1.134277343750000000e+00
3.410644531250000000e-01 3.857421875000000000e-02 1.075683593750000000e+00
2.915039062500000000e-01 9.399414062500000000e-02 1.050781250000000000e+00
2.861328125000000000e-01 1.389160156250000000e-01 9.916992187500000000e-01
3.896484375000000000e-01 4.394531250000000000e-03 1.118408203125000000e+00
3.532714843750000000e-01 1.257324218750000000e-01 9.833984375000000000e-01
5.063476562500000000e-01 8.471679687500000000e-02 9.692382812500000000e-01
4.353027343750000000e-01 1.684570312500000000e-02 1.025634765625000000e+00
4.270019531250000000e-01 2.099609375000000000e-02 9.826660156250000000e-01
5.151367187500000000e-01 7.104492187500000000e-02 1.024902343750000000e+00
4.123535156250000000e-01 -1.977539062500000000e-02 9.748535156250000000e-01
4.284667968750000000e-01 4.443359375000000000e-02 1.011962890625000000e+00
5.083007812500000000e-01 5.712890625000000000e-02 9.370117187500000000e-01
5.146484375000000000e-01 4.956054687500000000e-02 1.022460937500000000e+00
4.743652343750000000e-01 3.735351562500000000e-02 1.006347656250000000e+00
5.004882812500000000e-01 8.715820312500000000e-02 1.027099609375000000e+00
5.112304687500000000e-01 3.222656250000000000e-02 1.004638671875000000e+00
5.090332031250000000e-01 4.223632812500000000e-02 1.015869140625000000e+00
5.202636718750000000e-01 4.541015625000000000e-02 1.007812500000000000e+00
5.192871093750000000e-01 4.931640625000000000e-02 1.014892578125000000e+00
5.227050781250000000e-01 5.957031250000000000e-02 1.009033203125000000e+00
4.724121093750000000e-01 5.957031250000000000e-02 1.020019531250000000e+00
5.122070312500000000e-01 4.394531250000000000e-02 9.291992187500000000e-01
5.219726562500000000e-01 8.984375000000000000e-02 1.012939453125000000e+00
4.733886718750000000e-01 7.861328125000000000e-02 1.014404296875000000e+00
5.156250000000000000e-01 3.613281250000000000e-02 1.017578125000000000e+00
4.692382812500000000e-01 9.057617187500000000e-02 1.007812500000000000e+00
4.792480468750000000e-01 3.881835937500000000e-02 1.005126953125000000e+00
5.258789062500000000e-01 3.833007812500000000e-02 1.005126953125000000e+00
4.912109375000000000e-01 1.379394531250000000e-01 9.370117187500000000e-01
4.726562500000000000e-01 1.420898437500000000e-01 9.208984375000000000e-01
4.726562500000000000e-01 4.272460937500000000e-02 9.328613281250000000e-01
4.792480468750000000e-01 3.784179687500000000e-02 9.313964843750000000e-01
5.280761718750000000e-01 6.884765625000000000e-02 1.017578125000000000e+00
4.912109375000000000e-01 8.593750000000000000e-02 9.350585937500000000e-01
4.919433593750000000e-01 5.468750000000000000e-02 9.318847656250000000e-01
4.892578125000000000e-01 1.379394531250000000e-01 9.228515625000000000e-01
4.826660156250000000e-01 5.908203125000000000e-02 9.274902343750000000e-01
5.290527343750000000e-01 5.029296875000000000e-02 1.002929687500000000e+00
4.746093750000000000e-01 3.247070312500000000e-02 9.577636718750000000e-01
5.458984375000000000e-01 -2.392578125000000000e-02 9.152832031250000000e-01
5.654296875000000000e-01 8.007812500000000000e-02 9.265136718750000000e-01
5.324707031250000000e-01 1.472167968750000000e-01 9.143066406250000000e-01
4.245605468750000000e-01 1.459960937500000000e-01 9.301757812500000000e-01
5.700683593750000000e-01 3.295898437500000000e-02 1.009765625000000000e+00
5.622558593750000000e-01 6.542968750000000000e-02 9.152832031250000000e-01
5.878906250000000000e-01 -2.294921875000000000e-02 9.230957031250000000e-01
3.547363281250000000e-01 1.467285156250000000e-01 9.931640625000000000e-01
4.094238281250000000e-01 1.293945312500000000e-01 9.296875000000000000e-01
4.653320312500000000e-01 1.372070312500000000e-01 1.072265625000000000e+00
3.740234375000000000e-01 4.980468750000000000e-02 9.870605468750000000e-01
3.044433593750000000e-01 8.447265625000000000e-02 1.067871093750000000e+00
3.325195312500000000e-01 7.202148437500000000e-02 1.049072265625000000e+00
2.150878906250000000e-01 8.129882812500000000e-02 1.053710937500000000e+00
1.525878906250000000e-01 4.931640625000000000e-02 1.133544921875000000e+00
-8.056640625000000000e-03 1.350097656250000000e-01 1.095947265625000000e+00
-8.203125000000000000e-02 3.710937500000000000e-02 1.037109375000000000e+00
-1.459960937500000000e-01 1.523437500000000000e-01 1.052490234375000000e+00
-2.224121093750000000e-01 1.174316406250000000e-01 1.063476562500000000e+00
-3.969726562500000000e-01 1.032714843750000000e-01 9.782714843750000000e-01
-4.531250000000000000e-01 1.386718750000000000e-01 9.216308593750000000e-01
-5.297851562500000000e-01 3.271484375000000000e-02 9.462890625000000000e-01
-4.880371093750000000e-01 3.247070312500000000e-02 9.614257812500000000e-01
-5.490722656250000000e-01 1.420898437500000000e-01 9.597167968750000000e-01
-5.917968750000000000e-01 4.589843750000000000e-02 1.023681640625000000e+00
-4.877929687500000000e-01 4.956054687500000000e-02 9.848632812500000000e-01
-4.709472656250000000e-01 1.945800781250000000e-01 1.051513671875000000e+00
-3.605957031250000000e-01 2.143554687500000000e-01 1.119384765625000000e+00
-3.828125000000000000e-01 1.096191406250000000e-01 1.137695312500000000e+00
-3.444824218750000000e-01 1.440429687500000000e-02 1.128662109375000000e+00
-2.062988281250000000e-01 7.397460937500000000e-02 1.048828125000000000e+00
2.368164062500000000e-02 -7.324218750000000000e-04 1.173828125000000000e+00
1.225585937500000000e-01 -2.197265625000000000e-03 1.171386718750000000e+00
3.791503906250000000e-01 2.490234375000000000e-02 1.054199218750000000e+00
4.890136718750000000e-01 -9.985351562500000000e-02 9.326171875000000000e-01
6.164550781250000000e-01 -1.142578125000000000e-01 9.018554687500000000e-01
7.507324218750000000e-01 -1.469726562500000000e-01 6.611328125000000000e-01
8.195800781250000000e-01 -1.542968750000000000e-01 5.944824218750000000e-01
8.974609375000000000e-01 -2.514648437500000000e-01 5.546875000000000000e-01
1.002685546875000000e+00 -1.809082031250000000e-01 7.019042968750000000e-01
9.853515625000000000e-01 -1.115722656250000000e-01 6.484375000000000000e-01
9.982910156250000000e-01 -5.297851562500000000e-02 4.711914062500000000e-01
9.265136718750000000e-01 -4.125976562500000000e-02 5.100097656250000000e-01
9.721679687500000000e-01 -1.933593750000000000e-01 4.096679687500000000e-01
1.077880859375000000e+00 -1.552734375000000000e-01 4.389648437500000000e-01
8.684082031250000000e-01 -4.809570312500000000e-02 2.133789062500000000e-01
7.954101562500000000e-01 -1.311035156250000000e-01 1.247558593750000000e-01
8.293457031250000000e-01 -1.972656250000000000e-01 5.371093750000000000e-02
8.132324218750000000e-01 -3.637695312500000000e-02 1.684570312500000000e-02
9.033203125000000000e-01 -5.004882812500000000e-02 -2.416992187500000000e-02
1.063720703125000000e+00 -1.462402343750000000e-01 -9.765625000000000000e-03
1.093750000000000000e+00 -1.320800781250000000e-01 8.618164062500000000e-02
9.262695312500000000e-01 -6.030273437500000000e-02 -1.586914062500000000e-02
1.028564453125000000e+00 -1.447753906250000000e-01 7.324218750000000000e-04
9.814453125000000000e-01 -1.093750000000000000e-01 1.025390625000000000e-02
1.019775390625000000e+00 -1.088867187500000000e-01 -5.664062500000000000e-02
1.092285156250000000e+00 -1.162109375000000000e-01 -1.296386718750000000e-01
9.895019531250000000e-01 -1.359863281250000000e-01 -4.125976562500000000e-02
1.014892578125000000e+00 -2.053222656250000000e-01 -7.324218750000000000e-02
1.013427734375000000e+00 -1.591796875000000000e-01 -3.247070312500000000e-02
9.902343750000000000e-01 -2.043457031250000000e-01 -6.225585937500000000e-02
9.785156250000000000e-01 -1.179199218750000000e-01 -1.325683593750000000e-01
9.953613281250000000e-01 -2.099609375000000000e-01 -1.325683593750000000e-01
1.026123046875000000e+00 -2.053222656250000000e-01 -1.289062500000000000e-01
1.010498046875000000e+00 -1.984863281250000000e-01 -1.250000000000000000e-01
9.875488281250000000e-01 -1.621093750000000000e-01 -5.053710937500000000e-02
1.022216796875000000e+00 -2.053222656250000000e-01 -5.078125000000000000e-02
1.026123046875000000e+00 -2.019042968750000000e-01 -4.687500000000000000e-02
9.924316406250000000e-01 -2.067871093750000000e-01 -4.907226562500000000e-02
9.809570312500000000e-01 -1.901855468750000000e-01 -3.637695312500000000e-02
9.809570312500000000e-01 -1.901855468750000000e-01 -3.637695312500000000e-02
9.812011718750000000e-01 -1.193847656250000000e-01 -9.350585937500000000e-02
9.812011718750000000e-01 -1.193847656250000000e-01 -9.350585937500000000e-02
1.025634765625000000e+00 -1.135253906250000000e-01 -5.029296875000000000e-02
9.875488281250000000e-01 -1.215820312500000000e-01 -3.735351562500000000e-02
9.763183593750000000e-01 -1.218261718750000000e-01 -3.906250000000000000e-02
9.689941406250000000e-01 -1.196289062500000000e-01 -5.761718750000000000e-02
9.799804687500000000e-01 -1.940917968750000000e-01 -9.350585937500000000e-02
