9.355468750000000000e-01 -1.513671875000000000e-02 4.645996093750000000e-01
9.355468750000000000e-01 -1.513671875000000000e-02 4.645996093750000000e-01
9.340820312500000000e-01 -1.953125000000000000e-02 4.123535156250000000e-01
9.340820312500000000e-01 -1.953125000000000000e-02 4.123535156250000000e-01
9.333496093750000000e-01 -2.050781250000000000e-02 4.089355468750000000e-01
9.282226562500000000e-01 -2.124023437500000000e-02 4.191894531250000000e-01
9.313964843750000000e-01 -1.831054687500000000e-02 4.157714843750000000e-01
9.355468750000000000e-01 -2.246093750000000000e-02 4.125976562500000000e-01
9.350585937500000000e-01 -2.148437500000000000e-02 4.182128906250000000e-01
9.348144531250000000e-01 -1.757812500000000000e-02 4.143066406250000000e-01
1.001220703125000000e+00 -1.879882812500000000e-02 4.167480468750000000e-01
1.001464843750000000e+00 -1.928710937500000000e-02 4.633789062500000000e-01
1.000732421875000000e+00 -2.001953125000000000e-02 4.672851562500000000e-01
1.004638671875000000e+00 -1.855468750000000000e-02 4.626464843750000000e-01
1.005371093750000000e+00 -1.977539062500000000e-02 4.487304687500000000e-01
9.357910156250000000e-01 -2.050781250000000000e-02 4.609375000000000000e-01
1.010742187500000000e+00 -1.416015625000000000e-02 4.506835937500000000e-01
1.004394531250000000e+00 -2.172851562500000000e-02 4.577636718750000000e-01
9.343261718750000000e-01 -2.368164062500000000e-02 4.577636718750000000e-01
1.010498046875000000e+00 -2.978515625000000000e-02 3.735351562500000000e-01
9.274902343750000000e-01 -1.367187500000000000e-02 4.213867187500000000e-01
9.370117187500000000e-01 -9.277343750000000000e-03 4.680175781250000000e-01
9.370117187500000000e-01 -1.831054687500000000e-02 4.184570312500000000e-01
9.116210937500000000e-01 -2.661132812500000000e-02 4.243164062500000000e-01
9.277343750000000000e-01 -2.221679687500000000e-02 4.685058593750000000e-01
9.362792968750000000e-01 -1.147460937500000000e-02 4.194335937500000000e-01
1.002441406250000000e+00 -6.347656250000000000e-03 4.648437500000000000e-01
1.002441406250000000e+00 -2.490234375000000000e-02 4.687500000000000000e-01
9.348144531250000000e-01 -2.734375000000000000e-02 4.179687500000000000e-01
9.326171875000000000e-01 -1.318359375000000000e-02 4.636230468750000000e-01
1.002441406250000000e+00 -2.050781250000000000e-02 4.145507812500000000e-01
9.177246093750000000e-01 -4.394531250000000000e-03 5.065917968750000000e-01
9.094238281250000000e-01 -1.342773437500000000e-02 5.041503906250000000e-01
9.228515625000000000e-01 6.372070312500000000e-02 5.031738281250000000e-01
9.252929687500000000e-01 -1.684570312500000000e-02 5.063476562500000000e-01
9.235839843750000000e-01 6.323242187500000000e-02 5.029296875000000000e-01
9.145507812500000000e-01 4.541015625000000000e-02 4.145507812500000000e-01
9.267578125000000000e-01 8.593750000000000000e-02 4.404296875000000000e-01
1.004638671875000000e+00 -1.171875000000000000e-02 3.747558593750000000e-01
8.632812500000000000e-01 6.762695312500000000e-02 4.050292968750000000e-01
8.083496093750000000e-01 1.298828125000000000e-01 5.244140625000000000e-01
1.006103515625000000e+00 8.227539062500000000e-02 4.138183593750000000e-01
8.745117187500000000e-01 8.862304687500000000e-02 3.454589843750000000e-01
9.641113281250000000e-01 -4.638671875000000000e-03 4.133300781250000000e-01
8.076171875000000000e-01 1.342773437500000000e-01 3.964843750000000000e-01
7.687988281250000000e-01 9.521484375000000000e-02 3.691406250000000000e-01
9.677734375000000000e-01 -1.171875000000000000e-02 4.270019531250000000e-01
1.047363281250000000e+00 1.416015625000000000e-02 4.177246093750000000e-01
9.267578125000000000e-01 -1.433105468750000000e-01 4.746093750000000000e-01
7.553710937500000000e-01 -1.174316406250000000e-01 5.173339843750000000e-01
1.071044921875000000e+00 -6.250000000000000000e-02 6.479492187500000000e-01
7.490234375000000000e-01 -1.628417968750000000e-01 5.915527343750000000e-01
9.553222656250000000e-01 -2.121582031250000000e-01 5.986328125000000000e-01
7.270507812500000000e-01 -2.446289062500000000e-01 5.336914062500000000e-01
6.166992187500000000e-01 -1.740722656250000000e-01 5.275878906250000000e-01
6.770019531250000000e-01 -2.644042968750000000e-01 6.691894531250000000e-01
8.320312500000000000e-01 -2.395019531250000000e-01 8.994140625000000000e-01
6.367187500000000000e-01 -2.563476562500000000e-01 9.245605468750000000e-01
3.774414062500000000e-01 -2.792968750000000000e-01 1.074707031250000000e+00
4.553222656250000000e-01 -2.182617187500000000e-01 1.248535156250000000e+00
5.517578125000000000e-02 -2.692871093750000000e-01 1.288085937500000000e+00
1.901855468750000000e-01 -3.796386718750000000e-01 1.467529296875000000e+00
7.133789062500000000e-01 -4.277343750000000000e-01 1.249023437500000000e+00
-6.762695312500000000e-02 -3.034667968750000000e-01 1.215087890625000000e+00
3.784179687500000000e-02 -2.800292968750000000e-01 1.072753906250000000e+00
2.036132812500000000e-01 -3.764648437500000000e-01 9.404296875000000000e-01
6.518554687500000000e-02 -3.981933593750000000e-01 8.684082031250000000e-01
4.199218750000000000e-02 -3.806152343750000000e-01 8.540039062500000000e-01
9.033203125000000000e-03 -3.669433593750000000e-01 9.765625000000000000e-01
7.861328125000000000e-02 -5.649414062500000000e-01 1.200683593750000000e+00
-1.560058593750000000e-01 -6.049804687500000000e-01 9.995117187500000000e-01
2.441406250000000000e-02 -6.892089843750000000e-01 1.020019531250000000e+00
-6.347656250000000000e-03 -6.362304687500000000e-01 8.935546875000000000e-01
-8.544921875000000000e-02 -7.526855468750000000e-01 8.388671875000000000e-01
7.641601562500000000e-02 -6.540527343750000000e-01 8.786621093750000000e-01
-1.193847656250000000e-01 -6.018066406250000000e-01 8.972167968750000000e-01
-1.210937500000000000e-01 -5.795898437500000000e-01 1.010986328125000000e+00
-5.444335937500000000e-02 -5.664062500000000000e-01 9.250488281250000000e-01
-7.324218750000000000e-02 -4.348144531250000000e-01 9.763183593750000000e-01
-1.435546875000000000e-01 -2.438964843750000000e-01 1.004638671875000000e+00
9.277343750000000000e-03 -2.556152343750000000e-01 1.204101562500000000e+00
-8.422851562500000000e-02 -4.980468750000000000e-02 1.154541015625000000e+00
-1.840820312500000000e-01 -5.834960937500000000e-02 1.160156250000000000e+00
-1.052246093750000000e-01 6.738281250000000000e-02 1.016601562500000000e+00
-5.615234375000000000e-02 -4.638671875000000000e-03 1.039062500000000000e+00
-3.166503906250000000e-01 1.579589843750000000e-01 1.183105468750000000e+00
-3.166503906250000000e-01 1.579589843750000000e-01 1.183105468750000000e+00
-2.338867187500000000e-01 3.808593750000000000e-02 1.052978515625000000e+00
-2.207031250000000000e-01 7.812500000000000000e-02 1.140625000000000000e+00
-2.106933593750000000e-01 8.789062500000000000e-02 1.083007812500000000e+00
6.347656250000000000e-03 8.666992187500000000e-02 1.118652343750000000e+00
-2.561035156250000000e-01 -3.784179687500000000e-02 1.013671875000000000e+00
-1.789550781250000000e-01 -6.103515625000000000e-03 9.782714843750000000e-01
-1.831054687500000000e-01 1.965332031250000000e-01 9.738769531250000000e-01
-1.093750000000000000e-01 1.188964843750000000e-01 1.102783203125000000e+00
-6.201171875000000000e-02 6.274414062500000000e-02 1.118164062500000000e+00
-1.982421875000000000e-01 1.391601562500000000e-02 1.209960937500000000e+00
-2.729492187500000000e-01 -1.123046875000000000e-02 1.035400390625000000e+00
-2.644042968750000000e-01 1.538085937500000000e-02 9.707031250000000000e-01
-1.982421875000000000e-01 -6.494140625000000000e-02 1.015136718750000000e+00
-1.035156250000000000e-01 -6.323242187500000000e-02 1.032226562500000000e+00
-1.147460937500000000e-01 5.371093750000000000e-03 1.118408203125000000e+00
-1.157226562500000000e-01 2.197265625000000000e-02 1.189453125000000000e+00
-1.225585937500000000e-01 -2.587890625000000000e-02 1.135009765625000000e+00
-2.163085937500000000e-01 -7.080078125000000000e-03 1.088623046875000000e+00
-1.970214843750000000e-01 6.372070312500000000e-02 1.083496093750000000e+00
-1.069335937500000000e-01 -2.929687500000000000e-03 1.091064453125000000e+00
-1.162109375000000000e-01 6.811523437500000000e-02 1.050537109375000000e+00
-1.101074218750000000e-01 7.470703125000000000e-02 1.107421875000000000e+00
-1.533203125000000000e-01 -6.835937500000000000e-03 1.154785156250000000e+00
-1.074218750000000000e-01 -1.831054687500000000e-02 1.133300781250000000e+00
-9.790039062500000000e-02 -2.905273437500000000e-02 1.093261718750000000e+00
-1.389160156250000000e-01 2.026367187500000000e-02 1.079345703125000000e+00
-1.423339843750000000e-01 2.001953125000000000e-02 1.038085937500000000e+00
-1.445312500000000000e-01 2.929687500000000000e-02 1.144287109375000000e+00
-1.445312500000000000e-01 -2.099609375000000000e-02 1.146484375000000000e+00
-1.513671875000000000e-01 -2.563476562500000000e-02 1.137695312500000000e+00
-1.472167968750000000e-01 -2.685546875000000000e-02 1.052978515625000000e+00
-1.350097656250000000e-01 -2.050781250000000000e-02 1.079589843750000000e+00
-1.342773437500000000e-01 -1.367187500000000000e-02 1.047119140625000000e+00
-1.298828125000000000e-01 -1.342773437500000000e-02 1.048828125000000000e+00
-1.491699218750000000e-01 -2.514648437500000000e-02 1.137695312500000000e+00
-9.838867187500000000e-02 -2.880859375000000000e-02 1.148437500000000000e+00
-1.486816406250000000e-01 2.905273437500000000e-02 1.140625000000000000e+00
-1.445312500000000000e-01 -2.978515625000000000e-02 1.053466796875000000e+00
-1.372070312500000000e-01 -2.954101562500000000e-02 1.044677734375000000e+00
-1.425781250000000000e-01 -3.100585937500000000e-02 1.050048828125000000e+00
-1.547851562500000000e-01 -3.002929687500000000e-02 1.134033203125000000e+00
-1.467285156250000000e-01 -2.294921875000000000e-02 1.141601562500000000e+00
-1.442871093750000000e-01 -2.368164062500000000e-02 1.135009765625000000e+00
-1.486816406250000000e-01 -1.831054687500000000e-02 1.061279296875000000e+00
-1.413574218750000000e-01 -2.294921875000000000e-02 1.054199218750000000e+00
-1.359863281250000000e-01 3.076171875000000000e-02 1.043457031250000000e+00
-1.503906250000000000e-01 -2.709960937500000000e-02 1.128417968750000000e+00
-1.501464843750000000e-01 2.783203125000000000e-02 1.132812500000000000e+00
-1.430664062500000000e-01 -3.100585937500000000e-02 1.130371093750000000e+00
-1.433105468750000000e-01 2.661132812500000000e-02 1.132324218750000000e+00
-1.406250000000000000e-01 2.929687500000000000e-02 1.054687500000000000e+00
-1.379394531250000000e-01 -2.807617187500000000e-02 1.054687500000000000e+00
-1.425781250000000000e-01 -2.734375000000000000e-02 1.131591796875000000e+00
-1.389160156250000000e-01 3.076171875000000000e-02 1.139648437500000000e+00
-1.313476562500000000e-01 -2.392578125000000000e-02 1.141845703125000000e+00
-1.320800781250000000e-01 -2.050781250000000000e-02 1.061035156250000000e+00
-1.284179687500000000e-01 -2.880859375000000000e-02 1.057617187500000000e+00
-5.102539062500000000e-02 2.880859375000000000e-02 1.049804687500000000e+00
-1.269531250000000000e-01 2.661132812500000000e-02 1.046630859375000000e+00
-1.308593750000000000e-01 -2.954101562500000000e-02 1.128417968750000000e+00
-5.834960937500000000e-02 -2.441406250000000000e-02 1.136718750000000000e+00
-5.419921875000000000e-02 -2.636718750000000000e-02 1.125488281250000000e+00
-5.053710937500000000e-02 -2.856445312500000000e-02 1.060302734375000000e+00
-5.590820312500000000e-02 -2.905273437500000000e-02 1.060058593750000000e+00
-6.127929687500000000e-02 -2.490234375000000000e-02 1.052978515625000000e+00
-5.371093750000000000e-02 -3.027343750000000000e-02 1.054199218750000000e+00
-5.541992187500000000e-02 -2.563476562500000000e-02 1.059326171875000000e+00
-5.908203125000000000e-02 -2.832031250000000000e-02 1.057128906250000000e+00
-5.859375000000000000e-02 -2.465820312500000000e-02 1.061523437500000000e+00
-1.257324218750000000e-01 -2.905273437500000000e-02 1.059570312500000000e+00
-1.342773437500000000e-01 -2.905273437500000000e-02 1.128662109375000000e+00
-6.030273437500000000e-02 -2.758789062500000000e-02 1.137939453125000000e+00
-5.883789062500000000e-02 -2.856445312500000000e-02 1.051513671875000000e+00
-1.362304687500000000e-01 3.100585937500000000e-02 1.129394531250000000e+00
-1.323242187500000000e-01 -2.929687500000000000e-02 1.062011718750000000e+00
-1.306152343750000000e-01 -3.100585937500000000e-02 1.131591796875000000e+00
-1.350097656250000000e-01 3.100585937500000000e-02 1.061523437500000000e+00
-1.286621093750000000e-01 -3.051757812500000000e-02 1.061035156250000000e+00
-1.345214843750000000e-01 -2.978515625000000000e-02 1.131835937500000000e+00
-1.364746093750000000e-01 -2.807617187500000000e-02 1.062011718750000000e+00
-1.318359375000000000e-01 3.027343750000000000e-02 1.128906250000000000e+00
-1.313476562500000000e-01 -2.734375000000000000e-02 1.132080078125000000e+00
-6.201171875000000000e-02 -3.076171875000000000e-02 1.129394531250000000e+00
-1.254882812500000000e-01 -2.661132812500000000e-02 1.128417968750000000e+00
-6.201171875000000000e-02 -2.709960937500000000e-02 1.132080078125000000e+00
-5.297851562500000000e-02 -2.709960937500000000e-02 1.138183593750000000e+00
-5.200195312500000000e-02 -2.807617187500000000e-02 1.051513671875000000e+00
-6.005859375000000000e-02 -2.954101562500000000e-02 1.126708984375000000e+00
-4.125976562500000000e-02 -2.978515625000000000e-02 1.055419921875000000e+00
-4.687500000000000000e-02 2.807617187500000000e-02 1.052490234375000000e+00
-6.030273437500000000e-02 -2.929687500000000000e-02 1.059326171875000000e+00
-5.029296875000000000e-02 3.002929687500000000e-02 1.061767578125000000e+00
-5.200195312500000000e-02 -2.954101562500000000e-02 1.047119140625000000e+00
-5.224609375000000000e-02 -2.734375000000000000e-02 1.127197265625000000e+00
-5.957031250000000000e-02 -2.539062500000000000e-02 1.059814453125000000e+00
-1.274414062500000000e-01 -2.612304687500000000e-02 1.136962890625000000e+00
-1.284179687500000000e-01 2.929687500000000000e-02 1.130615234375000000e+00
-5.908203125000000000e-02 -3.051757812500000000e-02 1.057373046875000000e+00
-1.252441406250000000e-01 -2.807617187500000000e-02 1.127197265625000000e+00
-1.269531250000000000e-01 -1.977539062500000000e-02 1.055419921875000000e+00
-6.152343750000000000e-02 -2.685546875000000000e-02 1.062500000000000000e+00
-5.908203125000000000e-02 -2.807617187500000000e-02 1.126708984375000000e+00
-1.372070312500000000e-01 -1.928710937500000000e-02 1.126708984375000000e+00
-1.293945312500000000e-01 -1.953125000000000000e-02 1.144287109375000000e+00
-5.053710937500000000e-02 -2.124023437500000000e-02 1.055175781250000000e+00
-1.257324218750000000e-01 -2.832031250000000000e-02 1.052978515625000000e+00
-1.293945312500000000e-01 -2.563476562500000000e-02 1.060546875000000000e+00
-1.313476562500000000e-01 -2.929687500000000000e-02 1.156005859375000000e+00
-1.403808593750000000e-01 7.421875000000000000e-02 1.129638671875000000e+00
-3.833007812500000000e-02 -3.002929687500000000e-02 1.037353515625000000e+00
-3.125000000000000000e-02 5.859375000000000000e-03 9.794921875000000000e-01
-1.193847656250000000e-01 -3.930664062500000000e-02 1.111816406250000000e+00
-2.753906250000000000e-01 -2.905273437500000000e-02 1.064453125000000000e+00
