1.006347656250000000e+00 -8.520507812500000000e-02 4.448242187500000000e-01
1.009277343750000000e+00 -8.789062500000000000e-02 4.453125000000000000e-01
1.009277343750000000e+00 -8.789062500000000000e-02 4.453125000000000000e-01
1.008300781250000000e+00 -9.375000000000000000e-02 4.411621093750000000e-01
1.007812500000000000e+00 -3.295898437500000000e-02 4.445800781250000000e-01
1.007080078125000000e+00 -9.204101562500000000e-02 4.448242187500000000e-01
1.007568359375000000e+00 -8.837890625000000000e-02 4.433593750000000000e-01
1.004638671875000000e+00 -8.911132812500000000e-02 4.523925781250000000e-01
1.007568359375000000e+00 -8.911132812500000000e-02 4.519042968750000000e-01
1.003906250000000000e+00 -8.764648437500000000e-02 4.589843750000000000e-01
1.005371093750000000e+00 -8.691406250000000000e-02 4.509277343750000000e-01
1.003662109375000000e+00 -9.008789062500000000e-02 4.523925781250000000e-01
1.007324218750000000e+00 -8.862304687500000000e-02 4.519042968750000000e-01
1.004638671875000000e+00 -8.740234375000000000e-02 4.458007812500000000e-01
1.007812500000000000e+00 -8.178710937500000000e-02 4.492187500000000000e-01
1.006591796875000000e+00 -8.520507812500000000e-02 4.455566406250000000e-01
1.008300781250000000e+00 -9.082031250000000000e-02 4.421386718750000000e-01
1.007568359375000000e+00 -8.764648437500000000e-02 4.396972656250000000e-01
1.007812500000000000e+00 -8.422851562500000000e-02 3.693847656250000000e-01
1.027343750000000000e+00 -8.862304687500000000e-02 3.674316406250000000e-01
1.003417968750000000e+00 -7.885742187500000000e-02 3.693847656250000000e-01
1.014160156250000000e+00 -9.130859375000000000e-02 3.588867187500000000e-01
1.003417968750000000e+00 -3.320312500000000000e-02 3.666992187500000000e-01
9.360351562500000000e-01 -4.174804687500000000e-02 3.735351562500000000e-01
1.014892578125000000e+00 -3.344726562500000000e-02 3.676757812500000000e-01
1.025146484375000000e+00 -8.154296875000000000e-02 3.483886718750000000e-01
9.809570312500000000e-01 -7.641601562500000000e-02 3.471679687500000000e-01
1.028808593750000000e+00 -9.057617187500000000e-02 3.923339843750000000e-01
1.019287109375000000e+00 -3.173828125000000000e-02 4.001464843750000000e-01
9.282226562500000000e-01 -7.714843750000000000e-02 3.972167968750000000e-01
9.340820312500000000e-01 -3.173828125000000000e-02 2.929687500000000000e-01
9.865722656250000000e-01 -8.984375000000000000e-02 3.088378906250000000e-01
9.279785156250000000e-01 -6.762695312500000000e-02 2.861328125000000000e-01
9.294433593750000000e-01 8.300781250000000000e-03 3.403320312500000000e-01
9.521484375000000000e-01 7.031250000000000000e-02 3.012695312500000000e-01
9.362792968750000000e-01 7.763671875000000000e-02 4.506835937500000000e-01
1.009033203125000000e+00 -4.028320312500000000e-02 4.414062500000000000e-01
9.812011718750000000e-01 6.396484375000000000e-02 4.572753906250000000e-01
9.553222656250000000e-01 -3.906250000000000000e-03 3.872070312500000000e-01
9.475097656250000000e-01 -3.222656250000000000e-02 4.135742187500000000e-01
9.709472656250000000e-01 -2.929687500000000000e-02 4.396972656250000000e-01
7.424316406250000000e-01 -8.203125000000000000e-02 4.650878906250000000e-01
7.236328125000000000e-01 -3.906250000000000000e-03 5.092773437500000000e-01
8.295898437500000000e-01 5.859375000000000000e-03 5.959472656250000000e-01
9.458007812500000000e-01 -2.543945312500000000e-01 8.891601562500000000e-01
6.630859375000000000e-01 -1.794433593750000000e-01 6.640625000000000000e-01
7.634277343750000000e-01 -2.126464843750000000e-01 7.910156250000000000e-01
6.174316406250000000e-01 -1.552734375000000000e-01 8.254394531250000000e-01
8.186035156250000000e-01 -2.670898437500000000e-01 8.081054687500000000e-01
5.512695312500000000e-01 -2.768554687500000000e-01 7.285156250000000000e-01
6.984863281250000000e-01 -2.758789062500000000e-01 8.916015625000000000e-01
6.296386718750000000e-01 -1.948242187500000000e-01 8.457031250000000000e-01
4.353027343750000000e-01 -1.738281250000000000e-01 7.978515625000000000e-01
4.731445312500000000e-01 -1.757812500000000000e-01 9.855957031250000000e-01
4.047851562500000000e-01 -1.164550781250000000e-01 9.826660156250000000e-01
2.873535156250000000e-01 -6.079101562500000000e-02 1.190429687500000000e+00
6.103515625000000000e-02 -1.945800781250000000e-01 1.218750000000000000e+00
3.784179687500000000e-02 -2.209472656250000000e-01 1.308593750000000000e+00
-7.690429687500000000e-02 -4.001464843750000000e-01 1.268554687500000000e+00
2.548828125000000000e-01 -2.392578125000000000e-01 1.250000000000000000e+00
1.225585937500000000e-01 -3.090820312500000000e-01 1.257080078125000000e+00
1.176757812500000000e-01 -3.840332031250000000e-01 1.075927734375000000e+00
1.547851562500000000e-01 -4.006347656250000000e-01 1.001953125000000000e+00
1.545410156250000000e-01 -4.196777343750000000e-01 9.213867187500000000e-01
-1.367187500000000000e-02 -4.545898437500000000e-01 9.436035156250000000e-01
2.807617187500000000e-02 -4.482421875000000000e-01 1.022216796875000000e+00
-9.033203125000000000e-03 -5.371093750000000000e-01 1.074707031250000000e+00
-1.020507812500000000e-01 -5.759277343750000000e-01 1.191406250000000000e+00
5.615234375000000000e-03 -3.562011718750000000e-01 1.112548828125000000e+00
1.611328125000000000e-02 -3.776855468750000000e-01 9.821777343750000000e-01
-4.833984375000000000e-02 -5.769042968750000000e-01 9.626464843750000000e-01
-6.079101562500000000e-02 -4.665527343750000000e-01 8.352050781250000000e-01
-3.491210937500000000e-02 -5.400390625000000000e-01 8.371582031250000000e-01
-5.273437500000000000e-02 -5.820312500000000000e-01 9.606933593750000000e-01
-4.785156250000000000e-02 -2.978515625000000000e-01 8.615722656250000000e-01
-9.033203125000000000e-02 -4.511718750000000000e-01 1.096679687500000000e+00
2.600097656250000000e-01 -2.753906250000000000e-01 1.220458984375000000e+00
5.810546875000000000e-02 -1.149902343750000000e-01 1.322021484375000000e+00
-2.246093750000000000e-02 -8.081054687500000000e-02 1.125488281250000000e+00
2.416992187500000000e-02 2.514648437500000000e-02 9.685058593750000000e-01
-1.953125000000000000e-02 -1.147460937500000000e-02 9.470214843750000000e-01
-6.640625000000000000e-02 1.079101562500000000e-01 1.030761718750000000e+00
-2.011718750000000000e-01 3.098144531250000000e-01 1.040283203125000000e+00
-1.704101562500000000e-01 3.391113281250000000e-01 1.136230468750000000e+00
-2.614746093750000000e-01 3.420410156250000000e-01 1.214111328125000000e+00
-1.726074218750000000e-01 3.051757812500000000e-01 1.088378906250000000e+00
-4.023437500000000000e-01 2.858886718750000000e-01 1.166992187500000000e+00
-2.604980468750000000e-01 1.906738281250000000e-01 9.377441406250000000e-01
-3.876953125000000000e-01 1.352539062500000000e-01 9.626464843750000000e-01
-2.668457031250000000e-01 1.027832031250000000e-01 1.018798828125000000e+00
-1.550292968750000000e-01 3.979492187500000000e-02 1.080322265625000000e+00
-1.384277343750000000e-01 1.757812500000000000e-02 1.211181640625000000e+00
-9.838867187500000000e-02 -8.618164062500000000e-02 1.212890625000000000e+00
-1.831054687500000000e-01 -6.713867187500000000e-02 1.133544921875000000e+00
-1.726074218750000000e-01 -2.514648437500000000e-02 1.080810546875000000e+00
-1.384277343750000000e-01 -2.221679687500000000e-02 9.692382812500000000e-01
-9.423828125000000000e-02 8.691406250000000000e-02 9.746093750000000000e-01
-1.171875000000000000e-01 1.279296875000000000e-01 1.125976562500000000e+00
-1.235351562500000000e-01 9.716796875000000000e-02 1.156250000000000000e+00
-2.021484375000000000e-01 1.230468750000000000e-01 1.117187500000000000e+00
-2.019042968750000000e-01 1.223144531250000000e-01 1.057373046875000000e+00
-1.015625000000000000e-01 1.347656250000000000e-01 1.072753906250000000e+00
-9.545898437500000000e-02 8.911132812500000000e-02 1.065673828125000000e+00
-1.008300781250000000e-01 8.520507812500000000e-02 1.031982421875000000e+00
-1.118164062500000000e-01 8.398437500000000000e-02 1.130126953125000000e+00
-1.213378906250000000e-01 4.541015625000000000e-02 1.148193359375000000e+00
-1.228027343750000000e-01 5.004882812500000000e-02 1.146972656250000000e+00
-1.064453125000000000e-01 3.833007812500000000e-02 1.127197265625000000e+00
-1.074218750000000000e-01 4.687500000000000000e-02 1.085449218750000000e+00
-9.619140625000000000e-02 5.175781250000000000e-02 1.083007812500000000e+00
-9.423828125000000000e-02 5.126953125000000000e-02 1.041503906250000000e+00
-1.081542968750000000e-01 5.200195312500000000e-02 1.129150390625000000e+00
-1.083984375000000000e-01 5.834960937500000000e-02 1.133300781250000000e+00
-1.074218750000000000e-01 5.786132812500000000e-02 1.060058593750000000e+00
-1.096191406250000000e-01 5.517578125000000000e-02 1.041015625000000000e+00
-9.814453125000000000e-02 5.126953125000000000e-02 1.035156250000000000e+00
-9.985351562500000000e-02 4.589843750000000000e-02 1.035644531250000000e+00
-1.093750000000000000e-01 4.418945312500000000e-02 1.127441406250000000e+00
-1.081542968750000000e-01 4.492187500000000000e-02 1.142333984375000000e+00
-1.018066406250000000e-01 4.907226562500000000e-02 1.125976562500000000e+00
-9.790039062500000000e-02 5.273437500000000000e-02 1.043212890625000000e+00
-9.619140625000000000e-02 5.639648437500000000e-02 1.086181640625000000e+00
-9.667968750000000000e-02 5.004882812500000000e-02 1.044677734375000000e+00
-9.741210937500000000e-02 5.297851562500000000e-02 1.041259765625000000e+00
-1.115722656250000000e-01 5.419921875000000000e-02 1.133056640625000000e+00
-1.071777343750000000e-01 5.102539062500000000e-02 1.061523437500000000e+00
-1.069335937500000000e-01 4.443359375000000000e-02 1.058593750000000000e+00
-1.018066406250000000e-01 4.321289062500000000e-02 1.049072265625000000e+00
-9.472656250000000000e-02 4.614257812500000000e-02 1.041259765625000000e+00
-9.692382812500000000e-02 4.345703125000000000e-02 1.047607421875000000e+00
-1.081542968750000000e-01 4.736328125000000000e-02 1.128662109375000000e+00
-1.013183593750000000e-01 5.346679687500000000e-02 1.126464843750000000e+00
-9.570312500000000000e-02 5.322265625000000000e-02 1.051513671875000000e+00
-9.594726562500000000e-02 5.273437500000000000e-02 1.043945312500000000e+00
-9.594726562500000000e-02 5.249023437500000000e-02 1.047607421875000000e+00
-9.960937500000000000e-02 5.102539062500000000e-02 1.055419921875000000e+00
-9.619140625000000000e-02 4.565429687500000000e-02 1.050292968750000000e+00
-1.081542968750000000e-01 4.467773437500000000e-02 1.060791015625000000e+00
-1.022949218750000000e-01 4.956054687500000000e-02 1.058105468750000000e+00
-1.557617187500000000e-01 4.882812500000000000e-02 1.050537109375000000e+00
-9.594726562500000000e-02 5.102539062500000000e-02 1.049560546875000000e+00
-9.570312500000000000e-02 4.736328125000000000e-02 1.057617187500000000e+00
-9.667968750000000000e-02 4.980468750000000000e-02 1.053466796875000000e+00
-9.716796875000000000e-02 5.639648437500000000e-02 1.061279296875000000e+00
-1.520996093750000000e-01 4.907226562500000000e-02 1.137207031250000000e+00
-1.398925781250000000e-01 4.589843750000000000e-02 1.059814453125000000e+00
-1.398925781250000000e-01 5.151367187500000000e-02 1.041748046875000000e+00
-1.337890625000000000e-01 5.053710937500000000e-02 1.051269531250000000e+00
-1.328125000000000000e-01 4.736328125000000000e-02 1.058349609375000000e+00
-1.350097656250000000e-01 5.004882812500000000e-02 1.056396484375000000e+00
-1.264648437500000000e-01 5.468750000000000000e-02 1.131103515625000000e+00
-6.201171875000000000e-02 5.517578125000000000e-02 1.055908203125000000e+00
-1.303710937500000000e-01 4.907226562500000000e-02 1.046386718750000000e+00
-1.257324218750000000e-01 5.175781250000000000e-02 1.049560546875000000e+00
-5.712890625000000000e-02 4.931640625000000000e-02 1.059814453125000000e+00
-1.262207031250000000e-01 5.053710937500000000e-02 1.045654296875000000e+00
-5.957031250000000000e-02 5.249023437500000000e-02 1.051269531250000000e+00
-1.296386718750000000e-01 5.224609375000000000e-02 1.039550781250000000e+00
-1.259765625000000000e-01 4.687500000000000000e-02 1.035400390625000000e+00
-1.306152343750000000e-01 4.882812500000000000e-02 1.056884765625000000e+00
-1.401367187500000000e-01 4.589843750000000000e-02 1.141601562500000000e+00
-1.374511718750000000e-01 5.200195312500000000e-02 1.129394531250000000e+00
-1.323242187500000000e-01 4.858398437500000000e-02 1.052734375000000000e+00
-1.379394531250000000e-01 4.736328125000000000e-02 1.059082031250000000e+00
-1.284179687500000000e-01 5.224609375000000000e-02 1.127929687500000000e+00
-1.286621093750000000e-01 4.833984375000000000e-02 1.040771484375000000e+00
-1.450195312500000000e-01 5.029296875000000000e-02 1.053466796875000000e+00
-1.420898437500000000e-01 4.516601562500000000e-02 1.058349609375000000e+00
-1.335449218750000000e-01 4.785156250000000000e-02 1.060791015625000000e+00
-1.376953125000000000e-01 5.297851562500000000e-02 1.059814453125000000e+00
-1.352539062500000000e-01 4.687500000000000000e-02 1.048339843750000000e+00
-1.430664062500000000e-01 4.956054687500000000e-02 1.053222656250000000e+00
-1.435546875000000000e-01 4.687500000000000000e-02 1.058349609375000000e+00
-1.420898437500000000e-01 4.467773437500000000e-02 1.055664062500000000e+00
-1.433105468750000000e-01 4.858398437500000000e-02 1.125244140625000000e+00
-1.420898437500000000e-01 5.249023437500000000e-02 1.062500000000000000e+00
-1.418457031250000000e-01 5.493164062500000000e-02 1.055175781250000000e+00
-1.469726562500000000e-01 4.370117187500000000e-02 1.049804687500000000e+00
-1.452636718750000000e-01 4.858398437500000000e-02 1.131347656250000000e+00
-1.340332031250000000e-01 4.882812500000000000e-02 1.062011718750000000e+00
-1.511230468750000000e-01 4.321289062500000000e-02 1.125732421875000000e+00
-1.152343750000000000e-01 3.979492187500000000e-02 1.202880859375000000e+00
-1.376953125000000000e-01 1.391601562500000000e-01 1.010009765625000000e+00
-8.886718750000000000e-02 7.470703125000000000e-02 9.802246093750000000e-01
-1.057128906250000000e-01 1.562500000000000000e-02 1.107177734375000000e+00
-2.175292968750000000e-01 -9.326171875000000000e-02 1.141357421875000000e+00
-1.132812500000000000e-01 1.298828125000000000e-01 9.809570312500000000e-01
-1.433105468750000000e-01 -1.269531250000000000e-02 1.106689453125000000e+00
-2.573242187500000000e-01 5.590820312500000000e-02 1.060302734375000000e+00
-2.890625000000000000e-01 1.403808593750000000e-01 1.080810546875000000e+00
-3.110351562500000000e-01 6.933593750000000000e-02 1.140869140625000000e+00
-4.553222656250000000e-01 -3.662109375000000000e-02 1.082519531250000000e+00
-1.660156250000000000e-01 6.372070312500000000e-02 1.102294921875000000e+00
-1.674804687500000000e-01 -3.796386718750000000e-01 1.146972656250000000e+00
-2.541503906250000000e-01 -2.119140625000000000e-01 1.061035156250000000e+00
-1.831054687500000000e-01 2.609863281250000000e-01 1.081054687500000000e+00
4.516601562500000000e-02 1.928710937500000000e-02 1.039550781250000000e+00
1.860351562500000000e-01 -1.005859375000000000e-01 1.141113281250000000e+00
1.877441406250000000e-01 -2.114257812500000000e-01 1.126220703125000000e+00
1.696777343750000000e-01 -4.257812500000000000e-01 9.885253906250000000e-01
