1.028076171875000000e+00 -6.665039062500000000e-02 -1.196289062500000000e-01
1.029052734375000000e+00 -7.153320312500000000e-02 -1.135253906250000000e-01
1.029052734375000000e+00 -7.153320312500000000e-02 -1.135253906250000000e-01
1.023681640625000000e+00 -6.787109375000000000e-02 -1.115722656250000000e-01
9.704589843750000000e-01 9.765625000000000000e-04 -1.159667968750000000e-01
9.707031250000000000e-01 -6.591796875000000000e-02 -1.145019531250000000e-01
1.030517578125000000e+00 -6.420898437500000000e-02 -1.066894531250000000e-01
9.780273437500000000e-01 2.197265625000000000e-03 -1.152343750000000000e-01
9.707031250000000000e-01 1.049804687500000000e-02 -1.098632812500000000e-01
9.699707031250000000e-01 -6.298828125000000000e-02 -1.152343750000000000e-01
1.023437500000000000e+00 2.441406250000000000e-04 -1.228027343750000000e-01
1.024902343750000000e+00 -7.421875000000000000e-02 -1.960449218750000000e-01
1.021972656250000000e+00 7.568359375000000000e-03 -1.992187500000000000e-01
1.013427734375000000e+00 0.000000000000000000e+00 -1.904296875000000000e-01
9.814453125000000000e-01 8.789062500000000000e-03 -1.955566406250000000e-01
9.753417968750000000e-01 2.197265625000000000e-03 -1.154785156250000000e-01
1.026123046875000000e+00 2.490234375000000000e-02 -1.191406250000000000e-01
1.025390625000000000e+00 1.879882812500000000e-02 -1.943359375000000000e-01
1.027343750000000000e+00 1.318359375000000000e-02 -1.958007812500000000e-01
1.008300781250000000e+00 1.220703125000000000e-03 -1.972656250000000000e-01
1.019531250000000000e+00 -6.298828125000000000e-02 -2.077636718750000000e-01
1.012207031250000000e+00 -7.226562500000000000e-02 -2.165527343750000000e-01
1.000976562500000000e+00 7.324218750000000000e-04 -1.586914062500000000e-01
1.020019531250000000e+00 8.544921875000000000e-03 -1.760253906250000000e-01
1.028320312500000000e+00 -6.787109375000000000e-02 -2.580566406250000000e-01
9.270019531250000000e-01 2.270507812500000000e-02 -2.536621093750000000e-01
9.277343750000000000e-01 6.103515625000000000e-03 -1.735839843750000000e-01
1.026611328125000000e+00 -4.907226562500000000e-02 -2.658691406250000000e-01
1.023437500000000000e+00 -4.785156250000000000e-02 -2.500000000000000000e-01
1.010498046875000000e+00 -4.980468750000000000e-02 -2.753906250000000000e-01
9.670410156250000000e-01 -1.462402343750000000e-01 -3.339843750000000000e-01
9.428710937500000000e-01 -1.223144531250000000e-01 -3.364257812500000000e-01
8.771972656250000000e-01 -1.958007812500000000e-01 -3.554687500000000000e-01
8.857421875000000000e-01 -1.525878906250000000e-01 -4.155273437500000000e-01
7.338867187500000000e-01 -1.264648437500000000e-01 -5.058593750000000000e-01
7.116699218750000000e-01 -1.323242187500000000e-01 -5.112304687500000000e-01
6.757812500000000000e-01 -1.337890625000000000e-01 -5.854492187500000000e-01
7.448730468750000000e-01 -5.419921875000000000e-02 -5.903320312500000000e-01
6.511230468750000000e-01 -1.481933593750000000e-01 -4.934082031250000000e-01
7.111816406250000000e-01 -5.541992187500000000e-02 -6.013183593750000000e-01
6.289062500000000000e-01 -9.667968750000000000e-02 -6.240234375000000000e-01
5.891113281250000000e-01 1.635742187500000000e-02 -6.840820312500000000e-01
4.370117187500000000e-01 -3.784179687500000000e-02 -6.857910156250000000e-01
3.715820312500000000e-01 2.636718750000000000e-02 -8.620605468750000000e-01
3.354492187500000000e-01 -1.269531250000000000e-02 -9.494628906250000000e-01
1.162109375000000000e-01 3.002929687500000000e-02 -9.204101562500000000e-01
-1.025390625000000000e-02 -1.271972656250000000e-01 -8.986816406250000000e-01
-7.910156250000000000e-02 8.764648437500000000e-02 -7.988281250000000000e-01
-9.887695312500000000e-02 3.320312500000000000e-02 -8.986816406250000000e-01
-1.127929687500000000e-01 -5.371093750000000000e-02 -9.653320312500000000e-01
-2.500000000000000000e-01 6.323242187500000000e-02 -9.309082031250000000e-01
-2.866210937500000000e-01 2.026367187500000000e-02 -8.925781250000000000e-01
-3.164062500000000000e-01 -2.978515625000000000e-02 -8.564453125000000000e-01
-3.796386718750000000e-01 -7.373046875000000000e-02 -8.867187500000000000e-01
-3.742675781250000000e-01 -7.690429687500000000e-02 -8.933105468750000000e-01
-4.091796875000000000e-01 -7.275390625000000000e-02 -8.718261718750000000e-01
-4.309082031250000000e-01 -3.662109375000000000e-02 -8.500976562500000000e-01
-4.104003906250000000e-01 -6.420898437500000000e-02 -8.630371093750000000e-01
-3.515625000000000000e-01 -7.202148437500000000e-02 -8.923339843750000000e-01
-4.335937500000000000e-01 -1.420898437500000000e-01 -8.515625000000000000e-01
-5.107421875000000000e-01 2.001953125000000000e-02 -9.521484375000000000e-01
-5.153808593750000000e-01 -1.301269531250000000e-01 -9.685058593750000000e-01
-4.248046875000000000e-01 -6.494140625000000000e-02 -9.638671875000000000e-01
-4.106445312500000000e-01 -3.173828125000000000e-02 -8.791503906250000000e-01
-4.135742187500000000e-01 -3.857421875000000000e-02 -7.260742187500000000e-01
-3.491210937500000000e-01 -8.081054687500000000e-02 -6.865234375000000000e-01
-3.596191406250000000e-01 -4.077148437500000000e-02 -7.768554687500000000e-01
-4.672851562500000000e-01 -6.323242187500000000e-02 -8.178710937500000000e-01
-4.145507812500000000e-01 -7.446289062500000000e-02 -8.020019531250000000e-01
-4.235839843750000000e-01 -6.713867187500000000e-02 -8.007812500000000000e-01
-5.212402343750000000e-01 -8.666992187500000000e-02 -8.410644531250000000e-01
-5.095214843750000000e-01 -6.982421875000000000e-02 -8.237304687500000000e-01
-4.106445312500000000e-01 -7.055664062500000000e-02 -7.441406250000000000e-01
-4.541015625000000000e-01 -7.031250000000000000e-02 -7.753906250000000000e-01
-4.665527343750000000e-01 -8.886718750000000000e-02 -7.800292968750000000e-01
-4.155273437500000000e-01 -7.592773437500000000e-02 -7.480468750000000000e-01
-4.643554687500000000e-01 1.953125000000000000e-03 -7.377929687500000000e-01
-4.460449218750000000e-01 2.685546875000000000e-03 -7.661132812500000000e-01
-3.474121093750000000e-01 4.394531250000000000e-03 -6.791992187500000000e-01
-3.576660156250000000e-01 1.782226562500000000e-02 -7.724609375000000000e-01
-3.923339843750000000e-01 6.835937500000000000e-03 -7.668457031250000000e-01
-3.803710937500000000e-01 -7.006835937500000000e-02 -7.763671875000000000e-01
-4.597167968750000000e-01 -6.982421875000000000e-02 -8.745117187500000000e-01
-5.007324218750000000e-01 -9.375000000000000000e-02 -1.066894531250000000e+00
-6.333007812500000000e-01 -7.763671875000000000e-02 -1.226074218750000000e+00
-7.048339843750000000e-01 -9.179687500000000000e-02 -1.308837890625000000e+00
-6.386718750000000000e-01 -3.881835937500000000e-02 -1.224365234375000000e+00
-5.058593750000000000e-01 -9.301757812500000000e-02 -1.054443359375000000e+00
-2.866210937500000000e-01 9.033203125000000000e-03 -9.074707031250000000e-01
-2.055664062500000000e-01 -1.782226562500000000e-02 -7.951660156250000000e-01
4.638671875000000000e-03 6.616210937500000000e-02 -7.294921875000000000e-01
9.667968750000000000e-02 3.002929687500000000e-02 -7.778320312500000000e-01
2.624511718750000000e-01 -2.783203125000000000e-02 -7.214355468750000000e-01
2.929687500000000000e-01 -9.765625000000000000e-04 -7.309570312500000000e-01
4.592285156250000000e-01 1.806640625000000000e-02 -6.789550781250000000e-01
5.126953125000000000e-01 -2.929687500000000000e-02 -7.102050781250000000e-01
5.639648437500000000e-01 -8.447265625000000000e-02 -7.736816406250000000e-01
6.096191406250000000e-01 -6.860351562500000000e-02 -6.906738281250000000e-01
6.040039062500000000e-01 4.882812500000000000e-04 -5.358886718750000000e-01
7.001953125000000000e-01 -7.666015625000000000e-02 -4.951171875000000000e-01
6.833496093750000000e-01 -8.471679687500000000e-02 -5.163574218750000000e-01
6.845703125000000000e-01 -2.929687500000000000e-02 -4.648437500000000000e-01
8.242187500000000000e-01 6.274414062500000000e-02 -4.667968750000000000e-01
8.083496093750000000e-01 -9.033203125000000000e-02 -4.636230468750000000e-01
8.759765625000000000e-01 -6.298828125000000000e-02 -3.051757812500000000e-01
8.659667968750000000e-01 2.563476562500000000e-02 -3.781738281250000000e-01
9.216308593750000000e-01 9.033203125000000000e-03 -2.416992187500000000e-01
9.174804687500000000e-01 -9.179687500000000000e-02 -2.451171875000000000e-01
9.106445312500000000e-01 4.882812500000000000e-04 -2.021484375000000000e-01
9.831542968750000000e-01 1.562500000000000000e-02 -1.086425781250000000e-01
9.960937500000000000e-01 -6.323242187500000000e-02 -5.249023437500000000e-02
9.926757812500000000e-01 2.343750000000000000e-02 -4.760742187500000000e-02
1.067382812500000000e+00 -1.562500000000000000e-02 -3.369140625000000000e-02
9.816894531250000000e-01 -2.783203125000000000e-02 -8.715820312500000000e-02
1.008789062500000000e+00 -8.251953125000000000e-02 -7.177734375000000000e-02
9.953613281250000000e-01 1.464843750000000000e-03 -4.907226562500000000e-02
9.982910156250000000e-01 -6.542968750000000000e-02 -5.834960937500000000e-02
1.030273437500000000e+00 -6.909179687500000000e-02 -8.618164062500000000e-02
9.792480468750000000e-01 7.812500000000000000e-03 -8.911132812500000000e-02
9.992675781250000000e-01 2.612304687500000000e-02 1.953125000000000000e-03
9.956054687500000000e-01 2.368164062500000000e-02 1.147460937500000000e-02
9.814453125000000000e-01 4.882812500000000000e-04 3.662109375000000000e-03
9.780273437500000000e-01 -7.250976562500000000e-02 -7.421875000000000000e-02
9.689941406250000000e-01 -6.689453125000000000e-02 -7.592773437500000000e-02
1.063232421875000000e+00 -8.300781250000000000e-02 -8.398437500000000000e-02
9.946289062500000000e-01 2.685546875000000000e-03 -9.228515625000000000e-02
9.968261718750000000e-01 5.615234375000000000e-03 -7.373046875000000000e-02
1.067626953125000000e+00 9.765625000000000000e-03 -6.713867187500000000e-02
9.846191406250000000e-01 2.929687500000000000e-03 1.025390625000000000e-02
9.895019531250000000e-01 1.708984375000000000e-03 1.806640625000000000e-02
9.926757812500000000e-01 -6.298828125000000000e-02 -6.616210937500000000e-02
9.921875000000000000e-01 -6.591796875000000000e-02 2.075195312500000000e-02
9.860839843750000000e-01 -6.713867187500000000e-02 2.294921875000000000e-02
9.750976562500000000e-01 -6.347656250000000000e-02 2.197265625000000000e-02
9.863281250000000000e-01 5.859375000000000000e-03 4.394531250000000000e-03
9.919433593750000000e-01 7.324218750000000000e-04 8.789062500000000000e-03
9.909667968750000000e-01 -6.298828125000000000e-02 -6.640625000000000000e-02
1.064208984375000000e+00 2.441406250000000000e-04 -6.762695312500000000e-02
9.982910156250000000e-01 7.080078125000000000e-03 -6.982421875000000000e-02
9.926757812500000000e-01 1.293945312500000000e-02 7.080078125000000000e-03
9.775390625000000000e-01 2.709960937500000000e-02 1.171875000000000000e-02
9.885253906250000000e-01 2.978515625000000000e-02 2.709960937500000000e-02
9.877929687500000000e-01 2.929687500000000000e-02 -2.832031250000000000e-02
9.973144531250000000e-01 1.416015625000000000e-02 2.319335937500000000e-02
9.814453125000000000e-01 4.882812500000000000e-04 2.148437500000000000e-02
9.985351562500000000e-01 -6.469726562500000000e-02 6.103515625000000000e-03
9.924316406250000000e-01 -6.884765625000000000e-02 1.977539062500000000e-02
9.951171875000000000e-01 -7.226562500000000000e-02 2.270507812500000000e-02
9.848632812500000000e-01 8.544921875000000000e-03 1.806640625000000000e-02
9.909667968750000000e-01 1.538085937500000000e-02 1.684570312500000000e-02
9.851074218750000000e-01 1.049804687500000000e-02 2.612304687500000000e-02
9.892578125000000000e-01 3.662109375000000000e-03 1.269531250000000000e-02
9.953613281250000000e-01 1.464843750000000000e-03 8.056640625000000000e-03
9.897460937500000000e-01 7.568359375000000000e-03 1.611328125000000000e-02
9.921875000000000000e-01 1.074218750000000000e-02 2.050781250000000000e-02
9.951171875000000000e-01 1.928710937500000000e-02 1.000976562500000000e-02
9.780273437500000000e-01 2.075195312500000000e-02 6.103515625000000000e-03
9.746093750000000000e-01 2.563476562500000000e-02 1.733398437500000000e-02
9.848632812500000000e-01 1.123046875000000000e-02 -7.373046875000000000e-02
9.802246093750000000e-01 1.293945312500000000e-02 -7.446289062500000000e-02
9.975585937500000000e-01 1.538085937500000000e-02 -7.543945312500000000e-02
9.741210937500000000e-01 3.417968750000000000e-03 -3.686523437500000000e-02
1.003417968750000000e+00 1.562500000000000000e-02 -3.881835937500000000e-02
1.012451171875000000e+00 7.080078125000000000e-03 -1.328125000000000000e-01
1.065185546875000000e+00 -6.738281250000000000e-02 -1.625976562500000000e-01
9.833984375000000000e-01 -9.228515625000000000e-02 -1.848144531250000000e-01
1.017578125000000000e+00 -6.811523437500000000e-02 -2.043457031250000000e-01
1.021972656250000000e+00 1.269531250000000000e-02 -2.019042968750000000e-01
9.768066406250000000e-01 -2.416992187500000000e-02 -1.899414062500000000e-01
9.702148437500000000e-01 -2.270507812500000000e-02 -2.084960937500000000e-01
9.716796875000000000e-01 -3.002929687500000000e-02 -1.967773437500000000e-01
1.021484375000000000e+00 2.807617187500000000e-02 -1.879882812500000000e-01
1.021728515625000000e+00 2.392578125000000000e-02 -1.618652343750000000e-01
1.014648437500000000e+00 1.269531250000000000e-02 -1.713867187500000000e-01
1.002685546875000000e+00 2.929687500000000000e-02 -1.638183593750000000e-01
1.012939453125000000e+00 3.027343750000000000e-02 -1.606445312500000000e-01
1.025390625000000000e+00 2.758789062500000000e-02 -1.586914062500000000e-01
1.027832031250000000e+00 1.953125000000000000e-02 -2.041015625000000000e-01
1.020019531250000000e+00 -2.514648437500000000e-02 -2.036132812500000000e-01
9.692382812500000000e-01 -2.807617187500000000e-02 -1.916503906250000000e-01
9.743652343750000000e-01 2.416992187500000000e-02 -1.882324218750000000e-01
1.013916015625000000e+00 3.027343750000000000e-02 -1.979980468750000000e-01
9.702148437500000000e-01 2.246093750000000000e-02 -1.950683593750000000e-01
1.025390625000000000e+00 1.806640625000000000e-02 -1.201171875000000000e-01
1.021972656250000000e+00 2.319335937500000000e-02 -9.887695312500000000e-02
1.031005859375000000e+00 1.342773437500000000e-02 -1.096191406250000000e-01
1.029541015625000000e+00 2.319335937500000000e-02 -1.123046875000000000e-01
9.726562500000000000e-01 -2.807617187500000000e-02 -1.091308593750000000e-01
1.031250000000000000e+00 2.368164062500000000e-02 -1.096191406250000000e-01
1.019531250000000000e+00 9.521484375000000000e-03 -1.010742187500000000e-01
9.707031250000000000e-01 -7.617187500000000000e-02 -1.008300781250000000e-01
9.724121093750000000e-01 2.246093750000000000e-02 -1.015625000000000000e-01
1.065429687500000000e+00 2.514648437500000000e-02 -2.016601562500000000e-01
9.787597656250000000e-01 1.562500000000000000e-02 -1.059570312500000000e-01
1.005615234375000000e+00 7.080078125000000000e-03 -1.188964843750000000e-01
1.009765625000000000e+00 5.126953125000000000e-03 -1.445312500000000000e-01
1.009765625000000000e+00 1.611328125000000000e-02 -9.570312500000000000e-02
1.005859375000000000e+00 2.050781250000000000e-02 -1.442871093750000000e-01
9.704589843750000000e-01 2.294921875000000000e-02 -5.737304687500000000e-02
9.833984375000000000e-01 -6.616210937500000000e-02 -1.257324218750000000e-01
