9.792480468750000000e-01 -1.076660156250000000e-01 1.350097656250000000e-01
9.792480468750000000e-01 -1.076660156250000000e-01 1.350097656250000000e-01
9.792480468750000000e-01 -1.076660156250000000e-01 1.350097656250000000e-01
9.812011718750000000e-01 -1.103515625000000000e-01 1.337890625000000000e-01
9.846191406250000000e-01 -1.123046875000000000e-01 1.318359375000000000e-01
9.824218750000000000e-01 -1.105957031250000000e-01 1.345214843750000000e-01
9.833984375000000000e-01 -1.054687500000000000e-01 1.293945312500000000e-01
9.802246093750000000e-01 -1.052246093750000000e-01 1.406250000000000000e-01
9.831542968750000000e-01 -1.071777343750000000e-01 1.381835937500000000e-01
9.804687500000000000e-01 -1.049804687500000000e-01 1.437988281250000000e-01
9.812011718750000000e-01 -1.076660156250000000e-01 1.416015625000000000e-01
9.785156250000000000e-01 -1.025390625000000000e-01 1.447753906250000000e-01
9.816894531250000000e-01 -1.062011718750000000e-01 1.357421875000000000e-01
9.802246093750000000e-01 -1.071777343750000000e-01 1.420898437500000000e-01
9.804687500000000000e-01 -1.037597656250000000e-01 1.374511718750000000e-01
9.873046875000000000e-01 -1.066894531250000000e-01 1.459960937500000000e-01
9.797363281250000000e-01 -1.076660156250000000e-01 1.428222656250000000e-01
9.780273437500000000e-01 -1.081542968750000000e-01 1.445312500000000000e-01
9.785156250000000000e-01 -1.059570312500000000e-01 1.372070312500000000e-01
9.819335937500000000e-01 -1.047363281250000000e-01 1.408691406250000000e-01
9.838867187500000000e-01 -1.105957031250000000e-01 1.447753906250000000e-01
9.833984375000000000e-01 -1.098632812500000000e-01 1.423339843750000000e-01
9.768066406250000000e-01 -1.098632812500000000e-01 1.550292968750000000e-01
9.838867187500000000e-01 -1.110839843750000000e-01 1.479492187500000000e-01
9.826660156250000000e-01 -1.083984375000000000e-01 1.464843750000000000e-01
9.785156250000000000e-01 -1.157226562500000000e-01 1.481933593750000000e-01
9.799804687500000000e-01 -1.169433593750000000e-01 1.437988281250000000e-01
9.831542968750000000e-01 -1.025390625000000000e-01 1.425781250000000000e-01
9.819335937500000000e-01 -1.186523437500000000e-01 1.350097656250000000e-01
9.873046875000000000e-01 -1.525878906250000000e-01 1.313476562500000000e-01
1.014404296875000000e+00 -1.511230468750000000e-01 1.374511718750000000e-01
1.071289062500000000e+00 -1.923828125000000000e-01 1.352539062500000000e-01
9.804687500000000000e-01 -1.179199218750000000e-01 1.354980468750000000e-01
9.816894531250000000e-01 -1.174316406250000000e-01 1.555175781250000000e-01
9.792480468750000000e-01 -1.125488281250000000e-01 1.518554687500000000e-01
9.792480468750000000e-01 -1.083984375000000000e-01 1.042480468750000000e-01
9.777832031250000000e-01 -1.008300781250000000e-01 1.892089843750000000e-01
9.995117187500000000e-01 -1.381835937500000000e-01 2.150878906250000000e-01
9.128417968750000000e-01 -1.235351562500000000e-01 1.884765625000000000e-01
1.070068359375000000e+00 -1.877441406250000000e-01 1.018066406250000000e-01
1.076660156250000000e+00 -1.293945312500000000e-01 1.474609375000000000e-01
9.992675781250000000e-01 -2.148437500000000000e-01 8.422851562500000000e-02
9.677734375000000000e-01 -1.628417968750000000e-01 1.015625000000000000e-01
1.034667968750000000e+00 -2.080078125000000000e-01 1.137695312500000000e-01
9.182128906250000000e-01 -2.172851562500000000e-01 1.020507812500000000e-01
1.093017578125000000e+00 -1.262207031250000000e-01 1.169433593750000000e-01
9.755859375000000000e-01 -5.371093750000000000e-02 4.101562500000000000e-02
9.255371093750000000e-01 -2.048339843750000000e-01 1.450195312500000000e-01
1.075195312500000000e+00 -1.906738281250000000e-01 1.647949218750000000e-01
9.067382812500000000e-01 -1.647949218750000000e-01 9.960937500000000000e-02
1.042236328125000000e+00 -1.979980468750000000e-01 1.469726562500000000e-01
1.088134765625000000e+00 1.953125000000000000e-03 1.208496093750000000e-01
9.768066406250000000e-01 -1.049804687500000000e-01 4.785156250000000000e-02
9.240722656250000000e-01 -2.128906250000000000e-01 2.145996093750000000e-01
1.044677734375000000e+00 -2.004394531250000000e-01 2.016601562500000000e-01
8.750000000000000000e-01 -1.616210937500000000e-01 1.027832031250000000e-01
1.038818359375000000e+00 -1.052246093750000000e-01 1.240234375000000000e-01
1.018798828125000000e+00 -3.735351562500000000e-02 1.379394531250000000e-01
1.020996093750000000e+00 -1.154785156250000000e-01 1.147460937500000000e-01
9.941406250000000000e-01 -1.040039062500000000e-01 1.625976562500000000e-01
1.007812500000000000e+00 -2.609863281250000000e-01 1.306152343750000000e-01
1.074707031250000000e+00 -1.157226562500000000e-01 1.203613281250000000e-01
1.034179687500000000e+00 -7.446289062500000000e-02 5.053710937500000000e-02
1.001220703125000000e+00 -1.079101562500000000e-01 1.520996093750000000e-01
9.851074218750000000e-01 -1.110839843750000000e-01 1.633300781250000000e-01
1.030273437500000000e+00 -1.586914062500000000e-01 9.790039062500000000e-02
1.021972656250000000e+00 -1.667480468750000000e-01 1.110839843750000000e-01
1.045898437500000000e+00 -6.347656250000000000e-02 1.887207031250000000e-01
9.230957031250000000e-01 -5.371093750000000000e-02 6.250000000000000000e-02
9.692382812500000000e-01 -2.082519531250000000e-01 2.065429687500000000e-01
1.086914062500000000e+00 -2.182617187500000000e-01 1.162109375000000000e-01
9.519042968750000000e-01 -2.546386718750000000e-01 1.452636718750000000e-01
1.091796875000000000e+00 -1.359863281250000000e-01 1.066894531250000000e-01
9.809570312500000000e-01 -8.007812500000000000e-02 4.833984375000000000e-02
9.709472656250000000e-01 -1.457519531250000000e-01 1.501464843750000000e-01
1.063720703125000000e+00 -1.616210937500000000e-01 1.909179687500000000e-01
9.685058593750000000e-01 -2.207031250000000000e-01 1.411132812500000000e-01
1.086669921875000000e+00 -1.015625000000000000e-01 1.428222656250000000e-01
1.088623046875000000e+00 -5.371093750000000000e-03 1.267089843750000000e-01
1.018066406250000000e+00 -1.540527343750000000e-01 1.345214843750000000e-01
9.943847656250000000e-01 -2.028808593750000000e-01 2.026367187500000000e-01
1.014160156250000000e+00 -2.375488281250000000e-01 1.496582031250000000e-01
9.897460937500000000e-01 -1.791992187500000000e-01 1.403808593750000000e-01
1.036132812500000000e+00 -6.103515625000000000e-03 1.213378906250000000e-01
9.323730468750000000e-01 1.245117187500000000e-02 1.542968750000000000e-01
9.694824218750000000e-01 -2.070312500000000000e-01 2.138671875000000000e-01
1.063476562500000000e+00 -3.225097656250000000e-01 9.570312500000000000e-02
9.243164062500000000e-01 -2.707519531250000000e-01 6.250000000000000000e-02
1.068603515625000000e+00 -4.663085937500000000e-02 2.006835937500000000e-01
1.074707031250000000e+00 1.928710937500000000e-02 1.435546875000000000e-01
9.738769531250000000e-01 -4.687500000000000000e-02 1.481933593750000000e-01
9.943847656250000000e-01 -2.282714843750000000e-01 1.223144531250000000e-01
9.108886718750000000e-01 -2.304687500000000000e-01 1.252441406250000000e-01
1.084716796875000000e+00 -1.015625000000000000e-01 1.103515625000000000e-01
1.068359375000000000e+00 -6.835937500000000000e-03 1.477050781250000000e-01
1.019531250000000000e+00 -5.322265625000000000e-02 1.550292968750000000e-01
9.880371093750000000e-01 -1.694335937500000000e-01 1.977539062500000000e-01
9.272460937500000000e-01 -2.382812500000000000e-01 1.025390625000000000e-01
1.078369140625000000e+00 -2.170410156250000000e-01 1.274414062500000000e-01
9.882812500000000000e-01 -9.521484375000000000e-03 1.193847656250000000e-01
9.726562500000000000e-01 -5.615234375000000000e-02 1.054687500000000000e-01
1.030517578125000000e+00 -1.499023437500000000e-01 1.193847656250000000e-01
1.024658203125000000e+00 -2.412109375000000000e-01 1.203613281250000000e-01
9.926757812500000000e-01 -2.219238281250000000e-01 5.151367187500000000e-02
9.965820312500000000e-01 2.026367187500000000e-02 1.948242187500000000e-01
9.963378906250000000e-01 -8.813476562500000000e-02 9.741210937500000000e-02
9.733886718750000000e-01 -1.335449218750000000e-01 1.213378906250000000e-01
9.819335937500000000e-01 -2.202148437500000000e-01 1.105957031250000000e-01
1.026611328125000000e+00 -2.324218750000000000e-01 4.882812500000000000e-02
9.946289062500000000e-01 -8.251953125000000000e-02 1.967773437500000000e-01
9.934082031250000000e-01 -4.516601562500000000e-02 1.462402343750000000e-01
9.760742187500000000e-01 -6.176757812500000000e-02 1.020507812500000000e-01
9.743652343750000000e-01 -2.548828125000000000e-01 1.958007812500000000e-01
1.016845703125000000e+00 -2.421875000000000000e-01 5.810546875000000000e-02
9.892578125000000000e-01 -4.443359375000000000e-02 1.188964843750000000e-01
1.062988281250000000e+00 -3.613281250000000000e-02 1.562500000000000000e-01
9.858398437500000000e-01 -4.077148437500000000e-02 1.000976562500000000e-01
9.895019531250000000e-01 -1.618652343750000000e-01 1.879882812500000000e-01
9.277343750000000000e-01 -2.329101562500000000e-01 1.120605468750000000e-01
1.066162109375000000e+00 -9.765625000000000000e-02 1.147460937500000000e-01
9.909667968750000000e-01 -5.468750000000000000e-02 1.542968750000000000e-01
9.924316406250000000e-01 -3.588867187500000000e-02 1.557617187500000000e-01
9.819335937500000000e-01 -1.899414062500000000e-01 1.088867187500000000e-01
1.009277343750000000e+00 -1.718750000000000000e-01 1.909179687500000000e-01
9.987792968750000000e-01 -1.577148437500000000e-01 1.562500000000000000e-01
9.851074218750000000e-01 -1.459960937500000000e-01 1.113281250000000000e-01
9.846191406250000000e-01 -1.398925781250000000e-01 1.032714843750000000e-01
9.816894531250000000e-01 -1.486816406250000000e-01 1.064453125000000000e-01
1.031250000000000000e+00 -1.557617187500000000e-01 1.030273437500000000e-01
9.697265625000000000e-01 -1.074218750000000000e-01 1.223144531250000000e-01
9.807128906250000000e-01 -1.457519531250000000e-01 1.887207031250000000e-01
9.890136718750000000e-01 -1.113281250000000000e-01 1.057128906250000000e-01
9.921875000000000000e-01 -2.153320312500000000e-01 1.315917968750000000e-01
9.792480468750000000e-01 -1.181640625000000000e-01 1.281738281250000000e-01
9.843750000000000000e-01 -9.765625000000000000e-02 3.955078125000000000e-02
9.750976562500000000e-01 -1.508789062500000000e-01 9.155273437500000000e-02
9.716796875000000000e-01 -9.521484375000000000e-02 4.663085937500000000e-02
9.870605468750000000e-01 -1.166992187500000000e-01 5.981445312500000000e-02
9.909667968750000000e-01 -1.179199218750000000e-01 1.259765625000000000e-01
9.855957031250000000e-01 -1.157226562500000000e-01 5.712890625000000000e-02
9.875488281250000000e-01 -9.765625000000000000e-02 1.367187500000000000e-01
9.829101562500000000e-01 -1.069335937500000000e-01 1.398925781250000000e-01
9.836425781250000000e-01 -1.086425781250000000e-01 1.430664062500000000e-01
9.892578125000000000e-01 -9.936523437500000000e-02 1.547851562500000000e-01
9.821777343750000000e-01 -1.462402343750000000e-01 1.542968750000000000e-01
9.814453125000000000e-01 -1.538085937500000000e-01 1.552734375000000000e-01
9.814453125000000000e-01 -1.530761718750000000e-01 1.533203125000000000e-01
9.807128906250000000e-01 -9.741210937500000000e-02 9.985351562500000000e-02
9.833984375000000000e-01 -1.040039062500000000e-01 1.489257812500000000e-01
9.858398437500000000e-01 -1.074218750000000000e-01 1.335449218750000000e-01
9.816894531250000000e-01 -1.010742187500000000e-01 1.262207031250000000e-01
9.814453125000000000e-01 -1.018066406250000000e-01 4.809570312500000000e-02
9.804687500000000000e-01 -9.667968750000000000e-02 4.565429687500000000e-02
9.851074218750000000e-01 -1.037597656250000000e-01 4.125976562500000000e-02
9.814453125000000000e-01 -9.497070312500000000e-02 4.663085937500000000e-02
9.882812500000000000e-01 -1.020507812500000000e-01 4.663085937500000000e-02
9.853515625000000000e-01 -1.025390625000000000e-01 4.370117187500000000e-02
9.875488281250000000e-01 -1.008300781250000000e-01 5.371093750000000000e-02
9.843750000000000000e-01 -1.005859375000000000e-01 5.541992187500000000e-02
9.877929687500000000e-01 -1.069335937500000000e-01 5.639648437500000000e-02
9.855957031250000000e-01 -1.030273437500000000e-01 1.254882812500000000e-01
9.851074218750000000e-01 -9.716796875000000000e-02 1.362304687500000000e-01
9.865722656250000000e-01 -9.887695312500000000e-02 1.389160156250000000e-01
9.812011718750000000e-01 -1.018066406250000000e-01 1.464843750000000000e-01
9.782714843750000000e-01 -1.025390625000000000e-01 1.479492187500000000e-01
9.785156250000000000e-01 -1.025390625000000000e-01 1.491699218750000000e-01
9.829101562500000000e-01 -9.838867187500000000e-02 1.513671875000000000e-01
9.780273437500000000e-01 -9.985351562500000000e-02 1.491699218750000000e-01
9.809570312500000000e-01 -9.912109375000000000e-02 1.547851562500000000e-01
9.814453125000000000e-01 -9.667968750000000000e-02 1.452636718750000000e-01
9.836425781250000000e-01 -9.643554687500000000e-02 1.401367187500000000e-01
9.816894531250000000e-01 -9.667968750000000000e-02 1.396484375000000000e-01
9.819335937500000000e-01 -1.015625000000000000e-01 1.391601562500000000e-01
9.802246093750000000e-01 -1.030273437500000000e-01 1.298828125000000000e-01
9.824218750000000000e-01 -1.027832031250000000e-01 1.384277343750000000e-01
9.851074218750000000e-01 -9.912109375000000000e-02 1.352539062500000000e-01
9.824218750000000000e-01 -1.076660156250000000e-01 1.259765625000000000e-01
9.826660156250000000e-01 -1.069335937500000000e-01 1.301269531250000000e-01
9.829101562500000000e-01 -1.000976562500000000e-01 1.267089843750000000e-01
9.821777343750000000e-01 -1.057128906250000000e-01 1.320800781250000000e-01
9.772949218750000000e-01 -1.018066406250000000e-01 1.386718750000000000e-01
9.836425781250000000e-01 -1.035156250000000000e-01 1.386718750000000000e-01
9.824218750000000000e-01 -1.027832031250000000e-01 1.367187500000000000e-01
9.877929687500000000e-01 -9.814453125000000000e-02 1.325683593750000000e-01
9.816894531250000000e-01 -1.025390625000000000e-01 1.376953125000000000e-01
9.816894531250000000e-01 -9.814453125000000000e-02 1.420898437500000000e-01
9.814453125000000000e-01 -9.912109375000000000e-02 1.433105468750000000e-01
9.804687500000000000e-01 -9.912109375000000000e-02 1.484375000000000000e-01
9.799804687500000000e-01 -1.032714843750000000e-01 1.464843750000000000e-01
9.819335937500000000e-01 -1.149902343750000000e-01 1.284179687500000000e-01
9.816894531250000000e-01 -1.057128906250000000e-01 1.364746093750000000e-01
9.846191406250000000e-01 -1.447753906250000000e-01 1.442871093750000000e-01
9.785156250000000000e-01 -1.523437500000000000e-01 1.445312500000000000e-01
9.846191406250000000e-01 -1.560058593750000000e-01 1.462402343750000000e-01
9.882812500000000000e-01 -1.035156250000000000e-01 1.413574218750000000e-01
9.812011718750000000e-01 -1.054687500000000000e-01 1.481933593750000000e-01
9.794921875000000000e-01 -1.120605468750000000e-01 1.484375000000000000e-01
9.797363281250000000e-01 -1.054687500000000000e-01 1.411132812500000000e-01
9.814453125000000000e-01 -1.083984375000000000e-01 1.506347656250000000e-01
9.797363281250000000e-01 -1.032714843750000000e-01 1.447753906250000000e-01
