1.022216796875000000e+00 1.660156250000000000e-02 -1.215820312500000000e-01
1.022216796875000000e+00 1.660156250000000000e-02 -1.215820312500000000e-01
1.022460937500000000e+00 1.367187500000000000e-02 -1.186523437500000000e-01
1.022460937500000000e+00 1.367187500000000000e-02 -1.186523437500000000e-01
1.022460937500000000e+00 1.367187500000000000e-02 -1.186523437500000000e-01
1.023437500000000000e+00 1.245117187500000000e-02 -1.894531250000000000e-01
1.023437500000000000e+00 1.245117187500000000e-02 -1.894531250000000000e-01
1.023437500000000000e+00 1.245117187500000000e-02 -1.894531250000000000e-01
1.023437500000000000e+00 1.245117187500000000e-02 -1.894531250000000000e-01
1.025390625000000000e+00 9.277343750000000000e-03 -1.191406250000000000e-01
1.020019531250000000e+00 1.000976562500000000e-02 -1.884765625000000000e-01
1.022460937500000000e+00 9.033203125000000000e-03 -1.240234375000000000e-01
1.018554687500000000e+00 8.300781250000000000e-03 -1.918945312500000000e-01
1.025146484375000000e+00 6.835937500000000000e-03 -1.928710937500000000e-01
1.022460937500000000e+00 1.269531250000000000e-02 -1.213378906250000000e-01
1.024169921875000000e+00 1.318359375000000000e-02 -1.230468750000000000e-01
1.026367187500000000e+00 1.953125000000000000e-02 -1.245117187500000000e-01
1.020996093750000000e+00 1.489257812500000000e-02 -1.232910156250000000e-01
1.020507812500000000e+00 1.635742187500000000e-02 -1.887207031250000000e-01
1.022949218750000000e+00 1.660156250000000000e-02 -1.901855468750000000e-01
1.022949218750000000e+00 9.033203125000000000e-03 -1.232910156250000000e-01
1.022705078125000000e+00 1.391601562500000000e-02 -1.208496093750000000e-01
1.027832031250000000e+00 3.417968750000000000e-03 -1.196289062500000000e-01
1.023925781250000000e+00 1.953125000000000000e-03 -1.186523437500000000e-01
1.023193359375000000e+00 7.324218750000000000e-04 -1.164550781250000000e-01
1.021972656250000000e+00 -6.347656250000000000e-02 -1.159667968750000000e-01
1.029052734375000000e+00 -6.616210937500000000e-02 -1.145019531250000000e-01
1.031005859375000000e+00 -8.276367187500000000e-02 -9.375000000000000000e-02
9.726562500000000000e-01 -5.078125000000000000e-02 -1.020507812500000000e-01
1.029541015625000000e+00 -1.274414062500000000e-01 -1.118164062500000000e-01
1.030517578125000000e+00 -1.530761718750000000e-01 -1.013183593750000000e-01
1.025390625000000000e+00 -1.420898437500000000e-01 -1.445312500000000000e-01
1.023193359375000000e+00 -1.506347656250000000e-01 -1.494140625000000000e-01
1.023681640625000000e+00 -4.956054687500000000e-02 -1.113281250000000000e-01
1.025634765625000000e+00 -4.394531250000000000e-02 -1.213378906250000000e-01
1.014404296875000000e+00 -7.836914062500000000e-02 -1.894531250000000000e-01
1.030517578125000000e+00 -1.147460937500000000e-02 -1.203613281250000000e-01
1.081787109375000000e+00 6.518554687500000000e-02 -2.001953125000000000e-01
1.026367187500000000e+00 1.379394531250000000e-01 -1.196289062500000000e-01
1.018554687500000000e+00 1.179199218750000000e-01 -1.506347656250000000e-01
9.704589843750000000e-01 1.296386718750000000e-01 -4.467773437500000000e-02
1.023437500000000000e+00 4.003906250000000000e-02 -1.269531250000000000e-01
9.265136718750000000e-01 4.321289062500000000e-02 -6.103515625000000000e-02
9.160156250000000000e-01 5.053710937500000000e-02 -5.981445312500000000e-02
1.012207031250000000e+00 4.150390625000000000e-02 -4.418945312500000000e-02
1.005615234375000000e+00 9.008789062500000000e-02 -1.401367187500000000e-01
1.031250000000000000e+00 4.907226562500000000e-02 -1.347656250000000000e-01
9.794921875000000000e-01 7.153320312500000000e-02 -3.320312500000000000e-02
1.073486328125000000e+00 9.179687500000000000e-02 -7.495117187500000000e-02
1.106201171875000000e+00 7.275390625000000000e-02 -1.923828125000000000e-01
9.965820312500000000e-01 1.389160156250000000e-01 -2.775878906250000000e-01
1.092773437500000000e+00 4.833984375000000000e-02 -2.646484375000000000e-01
9.250488281250000000e-01 6.225585937500000000e-02 -2.778320312500000000e-01
8.498535156250000000e-01 1.489257812500000000e-02 -2.551269531250000000e-01
9.663085937500000000e-01 -2.021484375000000000e-01 -2.419433593750000000e-01
9.775390625000000000e-01 -5.664062500000000000e-02 -2.412109375000000000e-01
9.355468750000000000e-01 -7.470703125000000000e-02 -2.780761718750000000e-01
8.549804687500000000e-01 -3.613281250000000000e-02 -2.316894531250000000e-01
8.601074218750000000e-01 -8.789062500000000000e-02 -3.403320312500000000e-01
9.501953125000000000e-01 -5.639648437500000000e-02 -2.951660156250000000e-01
9.274902343750000000e-01 -7.421875000000000000e-02 -4.379882812500000000e-01
8.535156250000000000e-01 -6.347656250000000000e-02 -3.581542968750000000e-01
9.003906250000000000e-01 -2.563476562500000000e-02 -4.421386718750000000e-01
8.161621093750000000e-01 -1.030273437500000000e-01 -4.499511718750000000e-01
9.418945312500000000e-01 -6.542968750000000000e-02 -6.003417968750000000e-01
9.685058593750000000e-01 -1.733398437500000000e-01 -4.929199218750000000e-01
9.719238281250000000e-01 5.102539062500000000e-02 -3.173828125000000000e-01
1.030029296875000000e+00 1.572265625000000000e-01 -3.815917968750000000e-01
8.776855468750000000e-01 3.759765625000000000e-02 -3.859863281250000000e-01
8.210449218750000000e-01 -1.293945312500000000e-02 -4.086914062500000000e-01
8.112792968750000000e-01 1.347656250000000000e-01 -5.227050781250000000e-01
8.898925781250000000e-01 5.639648437500000000e-02 -4.824218750000000000e-01
8.322753906250000000e-01 8.032226562500000000e-02 -4.169921875000000000e-01
7.531738281250000000e-01 -1.269531250000000000e-01 -4.216308593750000000e-01
6.394042968750000000e-01 -1.877441406250000000e-01 -3.090820312500000000e-01
6.076660156250000000e-01 -2.377929687500000000e-01 -3.432617187500000000e-01
8.999023437500000000e-01 -1.181640625000000000e-01 -2.153320312500000000e-01
1.030761718750000000e+00 -7.128906250000000000e-02 -5.085449218750000000e-01
7.370605468750000000e-01 -1.875000000000000000e-01 -3.305664062500000000e-01
8.596191406250000000e-01 -1.362304687500000000e-01 -6.220703125000000000e-01
9.755859375000000000e-01 -3.613281250000000000e-02 -6.887207031250000000e-01
7.583007812500000000e-01 -5.126953125000000000e-02 -4.528808593750000000e-01
4.987792968750000000e-01 -2.058105468750000000e-01 -2.832031250000000000e-01
7.048339843750000000e-01 -5.004882812500000000e-02 -1.313476562500000000e-01
8.266601562500000000e-01 -3.906250000000000000e-03 1.254882812500000000e-01
1.332275390625000000e+00 1.464843750000000000e-03 2.197265625000000000e-02
1.420410156250000000e+00 -8.935546875000000000e-02 -3.593750000000000000e-01
1.901367187500000000e+00 -1.174316406250000000e-01 -4.960937500000000000e-01
1.654785156250000000e+00 -3.652343750000000000e-01 -1.906738281250000000e-01
1.088378906250000000e+00 -2.941894531250000000e-01 3.669433593750000000e-01
1.115234375000000000e+00 -2.844238281250000000e-01 2.153320312500000000e-01
6.843261718750000000e-01 -1.220703125000000000e-01 2.177734375000000000e-01
6.096191406250000000e-01 -1.030273437500000000e-01 7.788085937500000000e-02
8.007812500000000000e-01 -3.176269531250000000e-01 1.469726562500000000e-01
8.823242187500000000e-01 -4.772949218750000000e-01 1.066894531250000000e-01
9.091796875000000000e-01 -6.374511718750000000e-01 2.785644531250000000e-01
1.086181640625000000e+00 -5.625000000000000000e-01 2.272949218750000000e-01
8.503417968750000000e-01 -7.536621093750000000e-01 2.758789062500000000e-01
8.210449218750000000e-01 -6.899414062500000000e-01 3.249511718750000000e-01
7.807617187500000000e-01 -6.118164062500000000e-01 3.339843750000000000e-01
7.038574218750000000e-01 -7.126464843750000000e-01 3.083496093750000000e-01
6.743164062500000000e-01 -6.228027343750000000e-01 2.863769531250000000e-01
7.231445312500000000e-01 -8.312988281250000000e-01 1.743164062500000000e-01
7.678222656250000000e-01 -8.000488281250000000e-01 3.784179687500000000e-01
6.135253906250000000e-01 -7.985839843750000000e-01 2.302246093750000000e-01
5.371093750000000000e-01 -9.101562500000000000e-01 2.299804687500000000e-01
4.121093750000000000e-01 -6.567382812500000000e-01 5.705566406250000000e-01
5.183105468750000000e-01 -6.928710937500000000e-01 6.962890625000000000e-01
3.999023437500000000e-01 -7.077636718750000000e-01 8.964843750000000000e-01
5.092773437500000000e-01 -6.384277343750000000e-01 6.872558593750000000e-01
3.732910156250000000e-01 -4.736328125000000000e-01 7.817382812500000000e-01
6.423339843750000000e-01 -5.637207031250000000e-01 7.119140625000000000e-01
7.004394531250000000e-01 -4.785156250000000000e-01 6.794433593750000000e-01
7.290039062500000000e-01 -4.738769531250000000e-01 8.413085937500000000e-01
6.289062500000000000e-01 -3.820800781250000000e-01 9.047851562500000000e-01
7.143554687500000000e-01 -3.464355468750000000e-01 7.922363281250000000e-01
5.878906250000000000e-01 -1.677246093750000000e-01 8.691406250000000000e-01
6.589355468750000000e-01 -1.965332031250000000e-01 8.886718750000000000e-01
4.812011718750000000e-01 -1.042480468750000000e-01 9.460449218750000000e-01
5.646972656250000000e-01 -4.980468750000000000e-02 9.082031250000000000e-01
4.228515625000000000e-01 -7.348632812500000000e-02 1.033691406250000000e+00
5.156250000000000000e-01 1.000976562500000000e-02 8.469238281250000000e-01
3.327636718750000000e-01 -7.568359375000000000e-02 1.096679687500000000e+00
1.159667968750000000e-01 4.687500000000000000e-02 1.041503906250000000e+00
1.967773437500000000e-01 8.764648437500000000e-02 9.770507812500000000e-01
2.167968750000000000e-01 8.056640625000000000e-02 9.829101562500000000e-01
2.692871093750000000e-01 1.391601562500000000e-02 1.028808593750000000e+00
1.315917968750000000e-01 -9.667968750000000000e-02 1.086181640625000000e+00
2.968750000000000000e-01 -1.542968750000000000e-01 1.064453125000000000e+00
4.038085937500000000e-01 -1.523437500000000000e-01 1.070312500000000000e+00
3.046875000000000000e-01 -4.101562500000000000e-02 1.074707031250000000e+00
3.818359375000000000e-01 -2.734375000000000000e-02 9.797363281250000000e-01
4.887695312500000000e-01 -1.252441406250000000e-01 9.731445312500000000e-01
3.757324218750000000e-01 -1.035156250000000000e-01 1.072265625000000000e+00
2.880859375000000000e-01 -1.015625000000000000e-01 1.089843750000000000e+00
2.834472656250000000e-01 -1.091308593750000000e-01 9.858398437500000000e-01
4.025878906250000000e-01 -9.863281250000000000e-02 9.787597656250000000e-01
4.042968750000000000e-01 -1.384277343750000000e-01 1.075683593750000000e+00
3.476562500000000000e-01 -1.342773437500000000e-01 9.946289062500000000e-01
3.928222656250000000e-01 -1.342773437500000000e-01 9.853515625000000000e-01
3.986816406250000000e-01 -1.401367187500000000e-01 1.031005859375000000e+00
3.935546875000000000e-01 -5.615234375000000000e-02 1.066894531250000000e+00
3.842773437500000000e-01 -5.541992187500000000e-02 9.985351562500000000e-01
3.757324218750000000e-01 -6.201171875000000000e-02 9.968261718750000000e-01
3.852539062500000000e-01 -1.330566406250000000e-01 9.985351562500000000e-01
3.996582031250000000e-01 -1.467285156250000000e-01 9.882812500000000000e-01
3.901367187500000000e-01 -1.474609375000000000e-01 9.909667968750000000e-01
3.898925781250000000e-01 -1.437988281250000000e-01 9.958496093750000000e-01
3.798828125000000000e-01 -1.337890625000000000e-01 9.970703125000000000e-01
3.862304687500000000e-01 -1.269531250000000000e-01 1.062988281250000000e+00
3.886718750000000000e-01 -5.932617187500000000e-02 1.063476562500000000e+00
3.833007812500000000e-01 -5.615234375000000000e-02 9.907226562500000000e-01
3.884277343750000000e-01 -1.301269531250000000e-01 9.921875000000000000e-01
3.908691406250000000e-01 -1.347656250000000000e-01 1.065917968750000000e+00
3.811035156250000000e-01 -1.342773437500000000e-01 9.792480468750000000e-01
3.054199218750000000e-01 -1.350097656250000000e-01 1.068359375000000000e+00
3.041992187500000000e-01 -1.340332031250000000e-01 1.062744140625000000e+00
3.759765625000000000e-01 -6.225585937500000000e-02 1.065673828125000000e+00
3.061523437500000000e-01 -1.259765625000000000e-01 1.065429687500000000e+00
3.112792968750000000e-01 -6.225585937500000000e-02 1.062744140625000000e+00
3.105468750000000000e-01 -1.293945312500000000e-01 1.063232421875000000e+00
3.122558593750000000e-01 -1.330566406250000000e-01 1.064941406250000000e+00
3.090820312500000000e-01 -1.264648437500000000e-01 1.066894531250000000e+00
3.779296875000000000e-01 -6.176757812500000000e-02 1.068847656250000000e+00
3.757324218750000000e-01 -5.810546875000000000e-02 9.990234375000000000e-01
3.796386718750000000e-01 -1.267089843750000000e-01 9.978027343750000000e-01
3.815917968750000000e-01 -1.252441406250000000e-01 9.963378906250000000e-01
3.833007812500000000e-01 -1.259765625000000000e-01 9.958496093750000000e-01
3.835449218750000000e-01 -1.269531250000000000e-01 9.975585937500000000e-01
3.828125000000000000e-01 -1.257324218750000000e-01 9.958496093750000000e-01
3.811035156250000000e-01 -1.281738281250000000e-01 9.995117187500000000e-01
3.828125000000000000e-01 -1.293945312500000000e-01 9.914550781250000000e-01
3.845214843750000000e-01 -1.308593750000000000e-01 9.973144531250000000e-01
3.879394531250000000e-01 -6.250000000000000000e-02 9.951171875000000000e-01
3.808593750000000000e-01 -1.311035156250000000e-01 9.953613281250000000e-01
3.837890625000000000e-01 -1.267089843750000000e-01 9.953613281250000000e-01
3.911132812500000000e-01 -1.284179687500000000e-01 9.858398437500000000e-01
3.103027343750000000e-01 -1.289062500000000000e-01 9.990234375000000000e-01
3.125000000000000000e-01 -1.311035156250000000e-01 1.063232421875000000e+00
3.779296875000000000e-01 -1.279296875000000000e-01 1.068359375000000000e+00
3.105468750000000000e-01 -6.225585937500000000e-02 1.066406250000000000e+00
3.117675781250000000e-01 -5.712890625000000000e-02 1.070800781250000000e+00
3.107910156250000000e-01 -1.274414062500000000e-01 9.953613281250000000e-01
3.068847656250000000e-01 -6.225585937500000000e-02 9.965820312500000000e-01
3.081054687500000000e-01 -6.152343750000000000e-02 1.067138671875000000e+00
3.078613281250000000e-01 -6.030273437500000000e-02 1.066162109375000000e+00
3.068847656250000000e-01 -5.761718750000000000e-02 1.074462890625000000e+00
3.071289062500000000e-01 -6.250000000000000000e-02 1.065185546875000000e+00
3.100585937500000000e-01 -1.267089843750000000e-01 1.065673828125000000e+00
3.081054687500000000e-01 -1.262207031250000000e-01 1.064697265625000000e+00
3.095703125000000000e-01 -6.225585937500000000e-02 1.062744140625000000e+00
3.044433593750000000e-01 -5.957031250000000000e-02 9.973144531250000000e-01
3.046875000000000000e-01 -6.103515625000000000e-02 1.067138671875000000e+00
3.059082031250000000e-01 -1.269531250000000000e-01 1.068115234375000000e+00
3.054199218750000000e-01 -5.517578125000000000e-02 9.990234375000000000e-01
3.010253906250000000e-01 -1.308593750000000000e-01 9.936523437500000000e-01
3.029785156250000000e-01 -5.664062500000000000e-02 1.072509765625000000e+00
3.808593750000000000e-01 -1.262207031250000000e-01 1.081787109375000000e+00
2.993164062500000000e-01 -6.250000000000000000e-02 1.064453125000000000e+00
3.029785156250000000e-01 -5.737304687500000000e-02 1.064453125000000000e+00
