9.724121093750000000e-01 -4.321289062500000000e-02 -1.298828125000000000e-01
9.724121093750000000e-01 -4.321289062500000000e-02 -1.298828125000000000e-01
9.704589843750000000e-01 -4.785156250000000000e-02 -1.337890625000000000e-01
1.029052734375000000e+00 -4.345703125000000000e-02 -5.883789062500000000e-02
1.029052734375000000e+00 -4.345703125000000000e-02 -5.883789062500000000e-02
9.736328125000000000e-01 -4.956054687500000000e-02 -6.127929687500000000e-02
9.768066406250000000e-01 -4.663085937500000000e-02 -1.325683593750000000e-01
9.714355468750000000e-01 -4.418945312500000000e-02 -1.320800781250000000e-01
9.731445312500000000e-01 -4.833984375000000000e-02 -6.127929687500000000e-02
9.770507812500000000e-01 -5.102539062500000000e-02 -1.271972656250000000e-01
9.736328125000000000e-01 -4.492187500000000000e-02 -5.932617187500000000e-02
9.711914062500000000e-01 -4.321289062500000000e-02 -5.786132812500000000e-02
9.694824218750000000e-01 -4.614257812500000000e-02 -1.271972656250000000e-01
1.026367187500000000e+00 -4.052734375000000000e-02 -5.688476562500000000e-02
9.812011718750000000e-01 -4.663085937500000000e-02 -6.054687500000000000e-02
9.743652343750000000e-01 -4.492187500000000000e-02 -1.269531250000000000e-01
1.030273437500000000e+00 -4.345703125000000000e-02 -1.306152343750000000e-01
9.702148437500000000e-01 -4.711914062500000000e-02 -1.442871093750000000e-01
9.704589843750000000e-01 -4.663085937500000000e-02 -1.418457031250000000e-01
1.029541015625000000e+00 -4.589843750000000000e-02 -1.369628906250000000e-01
9.777832031250000000e-01 -4.150390625000000000e-02 -1.301269531250000000e-01
1.020507812500000000e+00 -4.565429687500000000e-02 -1.445312500000000000e-01
9.785156250000000000e-01 -5.395507812500000000e-02 -1.386718750000000000e-01
9.855957031250000000e-01 -5.639648437500000000e-02 -1.284179687500000000e-01
1.028320312500000000e+00 -4.443359375000000000e-02 -1.472167968750000000e-01
1.024414062500000000e+00 -4.174804687500000000e-02 -1.015625000000000000e-01
1.022949218750000000e+00 -3.955078125000000000e-02 -1.042480468750000000e-01
1.021728515625000000e+00 -4.858398437500000000e-02 -1.105957031250000000e-01
9.702148437500000000e-01 -4.296875000000000000e-02 -1.210937500000000000e-01
1.019775390625000000e+00 -4.565429687500000000e-02 -1.943359375000000000e-01
1.024169921875000000e+00 -5.493164062500000000e-02 -1.157226562500000000e-01
1.017089843750000000e+00 -5.078125000000000000e-02 -1.892089843750000000e-01
1.006103515625000000e+00 -1.306152343750000000e-01 -1.923828125000000000e-01
1.019775390625000000e+00 -1.257324218750000000e-01 -1.213378906250000000e-01
1.004638671875000000e+00 -5.566406250000000000e-02 -2.114257812500000000e-01
1.007324218750000000e+00 -5.590820312500000000e-02 -2.011718750000000000e-01
9.755859375000000000e-01 -5.322265625000000000e-02 -1.936035156250000000e-01
1.007812500000000000e+00 -5.590820312500000000e-02 -1.921386718750000000e-01
1.012207031250000000e+00 -5.664062500000000000e-02 -1.220703125000000000e-01
1.027832031250000000e+00 -5.346679687500000000e-02 -1.237792968750000000e-01
1.019042968750000000e+00 -5.126953125000000000e-02 -2.004394531250000000e-01
1.006591796875000000e+00 -5.761718750000000000e-02 -1.198730468750000000e-01
9.760742187500000000e-01 -6.030273437500000000e-02 -1.030273437500000000e-01
9.782714843750000000e-01 -5.834960937500000000e-02 -1.538085937500000000e-01
9.714355468750000000e-01 -5.859375000000000000e-02 -9.838867187500000000e-02
1.024902343750000000e+00 -1.311035156250000000e-01 -1.472167968750000000e-01
1.024658203125000000e+00 -1.318359375000000000e-01 -1.013183593750000000e-01
1.020751953125000000e+00 -6.152343750000000000e-02 -1.523437500000000000e-01
1.029052734375000000e+00 -1.364746093750000000e-01 -1.252441406250000000e-01
1.020263671875000000e+00 -1.315917968750000000e-01 -1.513671875000000000e-01
1.013183593750000000e+00 -6.103515625000000000e-02 -1.071777343750000000e-01
9.760742187500000000e-01 -1.318359375000000000e-01 -1.489257812500000000e-01
1.021972656250000000e+00 -5.517578125000000000e-02 -1.052246093750000000e-01
1.029052734375000000e+00 -5.566406250000000000e-02 -1.364746093750000000e-01
1.021240234375000000e+00 -5.371093750000000000e-02 -1.059570312500000000e-01
9.724121093750000000e-01 -5.590820312500000000e-02 -9.423828125000000000e-02
1.028808593750000000e+00 -5.322265625000000000e-02 -9.619140625000000000e-02
9.809570312500000000e-01 -1.406250000000000000e-01 -1.413574218750000000e-01
1.007324218750000000e+00 -6.030273437500000000e-02 -1.206054687500000000e-01
1.021728515625000000e+00 -5.712890625000000000e-02 -1.977539062500000000e-01
1.019287109375000000e+00 -1.315917968750000000e-01 -1.081542968750000000e-01
9.760742187500000000e-01 -8.349609375000000000e-02 -1.145019531250000000e-01
1.012695312500000000e+00 -1.318359375000000000e-01 -1.240234375000000000e-01
1.021972656250000000e+00 -5.102539062500000000e-02 -9.399414062500000000e-02
9.943847656250000000e-01 -8.227539062500000000e-02 -2.011718750000000000e-01
1.008544921875000000e+00 -1.396484375000000000e-01 -1.320800781250000000e-01
1.011962890625000000e+00 -8.398437500000000000e-02 -1.220703125000000000e-01
9.855957031250000000e-01 -7.006835937500000000e-02 -1.162109375000000000e-01
1.018066406250000000e+00 -5.517578125000000000e-02 -9.448242187500000000e-02
1.065185546875000000e+00 -1.342773437500000000e-01 -5.981445312500000000e-02
9.812011718750000000e-01 -4.052734375000000000e-02 -1.494140625000000000e-01
9.760742187500000000e-01 -4.199218750000000000e-02 -1.313476562500000000e-01
9.714355468750000000e-01 -1.259765625000000000e-01 -1.423339843750000000e-01
1.021484375000000000e+00 -1.271972656250000000e-01 -1.398925781250000000e-01
9.765625000000000000e-01 -1.252441406250000000e-01 -1.313476562500000000e-01
9.694824218750000000e-01 -5.834960937500000000e-02 -1.337890625000000000e-01
9.746093750000000000e-01 -4.760742187500000000e-02 -1.374511718750000000e-01
9.716796875000000000e-01 -4.516601562500000000e-02 -1.276855468750000000e-01
9.868164062500000000e-01 -3.393554687500000000e-02 -5.029296875000000000e-02
1.030273437500000000e+00 -9.204101562500000000e-02 -5.541992187500000000e-02
1.029541015625000000e+00 -8.886718750000000000e-02 -1.269531250000000000e-01
9.716796875000000000e-01 -8.007812500000000000e-02 -1.423339843750000000e-01
9.694824218750000000e-01 -3.491210937500000000e-02 -1.403808593750000000e-01
1.029296875000000000e+00 -5.786132812500000000e-02 -1.040039062500000000e-01
1.021972656250000000e+00 -4.028320312500000000e-02 -9.887695312500000000e-02
9.736328125000000000e-01 -4.467773437500000000e-02 -9.472656250000000000e-02
1.030029296875000000e+00 -1.330566406250000000e-01 -1.108398437500000000e-01
1.028808593750000000e+00 -4.882812500000000000e-02 -1.518554687500000000e-01
1.020263671875000000e+00 -5.395507812500000000e-02 -1.013183593750000000e-01
9.689941406250000000e-01 -5.053710937500000000e-02 -1.538085937500000000e-01
1.028076171875000000e+00 -5.371093750000000000e-02 -1.533203125000000000e-01
9.733886718750000000e-01 -5.932617187500000000e-02 -1.499023437500000000e-01
1.023681640625000000e+00 -3.955078125000000000e-02 -1.552734375000000000e-01
1.030517578125000000e+00 -8.837890625000000000e-02 -1.042480468750000000e-01
9.838867187500000000e-01 -4.296875000000000000e-02 -5.688476562500000000e-02
1.029785156250000000e+00 -4.052734375000000000e-02 -1.396484375000000000e-01
9.807128906250000000e-01 -3.857421875000000000e-02 -1.271972656250000000e-01
1.049072265625000000e+00 -3.686523437500000000e-02 -6.494140625000000000e-02
9.128417968750000000e-01 -4.443359375000000000e-02 -2.045898437500000000e-01
9.831542968750000000e-01 -3.979492187500000000e-02 -1.479492187500000000e-01
9.707031250000000000e-01 -5.419921875000000000e-02 -6.005859375000000000e-02
9.780273437500000000e-01 -5.297851562500000000e-02 -1.520996093750000000e-01
1.019287109375000000e+00 -4.736328125000000000e-02 -1.523437500000000000e-01
9.843750000000000000e-01 -3.735351562500000000e-02 -5.517578125000000000e-02
9.704589843750000000e-01 -4.077148437500000000e-02 -1.418457031250000000e-01
9.262695312500000000e-01 -4.833984375000000000e-02 -1.157226562500000000e-01
9.748535156250000000e-01 -4.028320312500000000e-02 -1.494140625000000000e-01
1.030273437500000000e+00 -3.833007812500000000e-02 -1.418457031250000000e-01
1.027832031250000000e+00 -4.907226562500000000e-02 -1.540527343750000000e-01
9.741210937500000000e-01 -4.565429687500000000e-02 -1.403808593750000000e-01
9.694824218750000000e-01 -3.344726562500000000e-02 -1.445312500000000000e-01
1.029052734375000000e+00 -4.174804687500000000e-02 -1.499023437500000000e-01
1.029052734375000000e+00 -4.687500000000000000e-02 -1.445312500000000000e-01
1.031005859375000000e+00 -3.955078125000000000e-02 -1.503906250000000000e-01
1.021728515625000000e+00 -4.248046875000000000e-02 -9.838867187500000000e-02
9.736328125000000000e-01 -3.637695312500000000e-02 -1.306152343750000000e-01
1.026123046875000000e+00 -3.759765625000000000e-02 -1.484375000000000000e-01
9.741210937500000000e-01 -4.589843750000000000e-02 -1.525878906250000000e-01
1.031250000000000000e+00 -4.125976562500000000e-02 -1.433105468750000000e-01
1.027099609375000000e+00 -4.296875000000000000e-02 -1.518554687500000000e-01
9.692382812500000000e-01 -4.858398437500000000e-02 -1.547851562500000000e-01
1.027587890625000000e+00 -4.125976562500000000e-02 -1.484375000000000000e-01
9.782714843750000000e-01 -3.906250000000000000e-02 -1.325683593750000000e-01
1.025390625000000000e+00 -4.614257812500000000e-02 -9.863281250000000000e-02
9.782714843750000000e-01 -3.955078125000000000e-02 -1.320800781250000000e-01
9.733886718750000000e-01 -4.003906250000000000e-02 -1.489257812500000000e-01
1.026855468750000000e+00 -4.663085937500000000e-02 -1.508789062500000000e-01
9.777832031250000000e-01 -4.223632812500000000e-02 -1.452636718750000000e-01
1.027587890625000000e+00 -4.516601562500000000e-02 -1.428222656250000000e-01
9.692382812500000000e-01 -4.907226562500000000e-02 -1.560058593750000000e-01
9.731445312500000000e-01 -4.418945312500000000e-02 -1.306152343750000000e-01
9.775390625000000000e-01 -4.443359375000000000e-02 -1.323242187500000000e-01
1.028320312500000000e+00 -4.760742187500000000e-02 -1.318359375000000000e-01
1.023193359375000000e+00 -4.809570312500000000e-02 -4.687500000000000000e-02
9.719238281250000000e-01 -4.760742187500000000e-02 -1.374511718750000000e-01
9.733886718750000000e-01 -4.614257812500000000e-02 -1.311035156250000000e-01
9.790039062500000000e-01 -4.736328125000000000e-02 -3.198242187500000000e-02
9.716796875000000000e-01 -4.980468750000000000e-02 -3.955078125000000000e-02
9.775390625000000000e-01 -5.151367187500000000e-02 -5.126953125000000000e-02
9.787597656250000000e-01 -4.785156250000000000e-02 -5.395507812500000000e-02
9.750976562500000000e-01 -4.345703125000000000e-02 -4.565429687500000000e-02
9.807128906250000000e-01 -4.370117187500000000e-02 -1.279296875000000000e-01
1.030273437500000000e+00 -3.784179687500000000e-02 -1.330566406250000000e-01
9.980468750000000000e-01 -3.735351562500000000e-02 -5.761718750000000000e-02
1.004638671875000000e+00 -4.101562500000000000e-02 -1.110839843750000000e-01
9.350585937500000000e-01 -5.371093750000000000e-02 -1.989746093750000000e-01
9.689941406250000000e-01 -4.785156250000000000e-02 -1.975097656250000000e-01
1.018066406250000000e+00 -4.687500000000000000e-02 -1.130371093750000000e-01
1.029785156250000000e+00 -5.395507812500000000e-02 -1.989746093750000000e-01
1.016601562500000000e+00 -4.931640625000000000e-02 -1.232910156250000000e-01
1.028320312500000000e+00 -3.808593750000000000e-02 -1.208496093750000000e-01
1.021484375000000000e+00 -5.493164062500000000e-02 -1.955566406250000000e-01
1.028564453125000000e+00 -3.955078125000000000e-02 -1.132812500000000000e-01
1.024169921875000000e+00 -4.272460937500000000e-02 -1.230468750000000000e-01
1.012695312500000000e+00 -4.833984375000000000e-02 -1.179199218750000000e-01
1.013427734375000000e+00 -3.881835937500000000e-02 -1.914062500000000000e-01
1.017822265625000000e+00 -4.174804687500000000e-02 -1.210937500000000000e-01
1.024414062500000000e+00 -4.492187500000000000e-02 -1.140136718750000000e-01
1.022460937500000000e+00 -4.223632812500000000e-02 -1.193847656250000000e-01
1.027343750000000000e+00 -4.589843750000000000e-02 -1.157226562500000000e-01
1.026367187500000000e+00 -3.784179687500000000e-02 -1.164550781250000000e-01
1.015869140625000000e+00 -3.955078125000000000e-02 -1.899414062500000000e-01
9.736328125000000000e-01 -4.394531250000000000e-02 -1.098632812500000000e-01
1.026855468750000000e+00 -4.882812500000000000e-02 -1.174316406250000000e-01
1.022705078125000000e+00 -4.272460937500000000e-02 -1.193847656250000000e-01
1.026611328125000000e+00 -4.248046875000000000e-02 -1.162109375000000000e-01
1.018798828125000000e+00 -4.223632812500000000e-02 -1.096191406250000000e-01
9.709472656250000000e-01 -4.736328125000000000e-02 -9.472656250000000000e-02
1.024169921875000000e+00 -5.029296875000000000e-02 -1.008300781250000000e-01
9.763183593750000000e-01 -4.199218750000000000e-02 -9.594726562500000000e-02
1.021484375000000000e+00 -4.565429687500000000e-02 -1.477050781250000000e-01
1.025390625000000000e+00 -3.881835937500000000e-02 -1.501464843750000000e-01
9.719238281250000000e-01 -4.223632812500000000e-02 -1.311035156250000000e-01
9.733886718750000000e-01 -4.125976562500000000e-02 -1.313476562500000000e-01
1.024414062500000000e+00 -4.028320312500000000e-02 -1.403808593750000000e-01
1.024169921875000000e+00 -4.150390625000000000e-02 -9.765625000000000000e-02
9.719238281250000000e-01 -4.467773437500000000e-02 -1.076660156250000000e-01
1.023437500000000000e+00 -5.078125000000000000e-02 -1.020507812500000000e-01
1.021240234375000000e+00 -4.174804687500000000e-02 -1.142578125000000000e-01
1.026367187500000000e+00 -4.980468750000000000e-02 -1.069335937500000000e-01
1.024658203125000000e+00 -4.125976562500000000e-02 -1.223144531250000000e-01
1.031250000000000000e+00 -4.125976562500000000e-02 -1.159667968750000000e-01
9.716796875000000000e-01 -4.199218750000000000e-02 -1.152343750000000000e-01
1.017089843750000000e+00 -4.687500000000000000e-02 -1.096191406250000000e-01
1.026855468750000000e+00 -3.857421875000000000e-02 -1.105957031250000000e-01
1.018798828125000000e+00 -4.541015625000000000e-02 -1.164550781250000000e-01
1.029785156250000000e+00 -4.541015625000000000e-02 -1.921386718750000000e-01
1.021972656250000000e+00 -4.101562500000000000e-02 -1.113281250000000000e-01
1.023193359375000000e+00 -4.589843750000000000e-02 -1.147460937500000000e-01
1.018554687500000000e+00 -4.418945312500000000e-02 -1.191406250000000000e-01
1.020996093750000000e+00 -4.516601562500000000e-02 -1.113281250000000000e-01
1.021728515625000000e+00 -4.614257812500000000e-02 -1.103515625000000000e-01
1.024169921875000000e+00 -3.955078125000000000e-02 -1.154785156250000000e-01
9.699707031250000000e-01 -4.418945312500000000e-02 -1.074218750000000000e-01
1.023925781250000000e+00 -3.833007812500000000e-02 -1.052246093750000000e-01
1.027832031250000000e+00 -4.443359375000000000e-02 -1.176757812500000000e-01
1.019775390625000000e+00 -4.296875000000000000e-02 -1.042480468750000000e-01
1.024902343750000000e+00 -3.442382812500000000e-02 -1.047363281250000000e-01
1.017822265625000000e+00 -5.175781250000000000e-02 -1.030273437500000000e-01
1.027587890625000000e+00 -4.638671875000000000e-02 -1.132812500000000000e-01
