9.970703125000000000e-01 -3.442382812500000000e-02 3.808593750000000000e-02
9.970703125000000000e-01 -3.442382812500000000e-02 3.808593750000000000e-02
9.990234375000000000e-01 -3.710937500000000000e-02 5.224609375000000000e-02
9.990234375000000000e-01 -3.710937500000000000e-02 5.224609375000000000e-02
9.978027343750000000e-01 -3.808593750000000000e-02 3.637695312500000000e-02
9.980468750000000000e-01 -3.613281250000000000e-02 3.979492187500000000e-02
9.953613281250000000e-01 -3.222656250000000000e-02 4.418945312500000000e-02
9.982910156250000000e-01 -4.199218750000000000e-02 4.858398437500000000e-02
9.926757812500000000e-01 -4.125976562500000000e-02 4.760742187500000000e-02
9.897460937500000000e-01 -3.857421875000000000e-02 5.151367187500000000e-02
1.064697265625000000e+00 -3.930664062500000000e-02 4.443359375000000000e-02
9.938964843750000000e-01 -4.150390625000000000e-02 4.956054687500000000e-02
1.062744140625000000e+00 -3.784179687500000000e-02 4.321289062500000000e-02
9.880371093750000000e-01 -4.150390625000000000e-02 4.467773437500000000e-02
1.000000000000000000e+00 -3.784179687500000000e-02 3.564453125000000000e-02
9.899902343750000000e-01 -3.735351562500000000e-02 9.375000000000000000e-02
9.953613281250000000e-01 -4.003906250000000000e-02 8.935546875000000000e-02
9.987792968750000000e-01 -4.077148437500000000e-02 3.515625000000000000e-02
9.907226562500000000e-01 -4.858398437500000000e-02 8.886718750000000000e-02
9.877929687500000000e-01 -3.930664062500000000e-02 4.418945312500000000e-02
1.064697265625000000e+00 -4.223632812500000000e-02 8.764648437500000000e-02
1.064208984375000000e+00 -3.442382812500000000e-02 9.350585937500000000e-02
9.929199218750000000e-01 -3.393554687500000000e-02 3.735351562500000000e-02
9.985351562500000000e-01 -3.540039062500000000e-02 9.228515625000000000e-02
9.941406250000000000e-01 -3.344726562500000000e-02 3.466796875000000000e-02
9.946289062500000000e-01 -3.955078125000000000e-02 3.149414062500000000e-02
9.958496093750000000e-01 -4.199218750000000000e-02 8.154296875000000000e-02
9.982910156250000000e-01 -4.492187500000000000e-02 3.320312500000000000e-02
9.921875000000000000e-01 -3.515625000000000000e-02 3.320312500000000000e-02
9.948730468750000000e-01 -4.296875000000000000e-02 8.251953125000000000e-02
9.958496093750000000e-01 -4.101562500000000000e-02 3.295898437500000000e-02
9.946289062500000000e-01 -4.516601562500000000e-02 8.349609375000000000e-02
9.958496093750000000e-01 -4.394531250000000000e-02 8.666992187500000000e-02
9.882812500000000000e-01 -3.344726562500000000e-02 7.763671875000000000e-02
9.992675781250000000e-01 -3.637695312500000000e-02 8.569335937500000000e-02
9.941406250000000000e-01 -9.155273437500000000e-02 7.812500000000000000e-02
9.948730468750000000e-01 -3.417968750000000000e-02 8.081054687500000000e-02
1.062744140625000000e+00 -3.247070312500000000e-02 7.324218750000000000e-02
9.965820312500000000e-01 -4.321289062500000000e-02 6.811523437500000000e-02
9.904785156250000000e-01 -4.052734375000000000e-02 8.813476562500000000e-02
1.064697265625000000e+00 -3.881835937500000000e-02 7.275390625000000000e-02
9.965820312500000000e-01 -4.199218750000000000e-02 8.227539062500000000e-02
9.968261718750000000e-01 -4.321289062500000000e-02 7.275390625000000000e-02
9.975585937500000000e-01 -4.418945312500000000e-02 8.056640625000000000e-02
9.921875000000000000e-01 -3.784179687500000000e-02 7.275390625000000000e-02
9.992675781250000000e-01 -3.540039062500000000e-02 8.154296875000000000e-02
1.000000000000000000e+00 -3.808593750000000000e-02 6.274414062500000000e-02
9.982910156250000000e-01 -3.808593750000000000e-02 7.666015625000000000e-02
9.890136718750000000e-01 -4.248046875000000000e-02 7.080078125000000000e-02
9.890136718750000000e-01 -3.735351562500000000e-02 7.836914062500000000e-02
9.899902343750000000e-01 -3.491210937500000000e-02 6.884765625000000000e-02
9.807128906250000000e-01 -3.930664062500000000e-02 -1.464843750000000000e-03
9.987792968750000000e-01 -3.784179687500000000e-02 -4.394531250000000000e-03
9.975585937500000000e-01 -3.173828125000000000e-02 -1.757812500000000000e-02
9.929199218750000000e-01 -3.759765625000000000e-02 -2.294921875000000000e-02
9.833984375000000000e-01 -4.199218750000000000e-02 2.172851562500000000e-02
9.858398437500000000e-01 -3.613281250000000000e-02 4.150390625000000000e-03
9.770507812500000000e-01 -9.130859375000000000e-02 -8.496093750000000000e-02
9.763183593750000000e-01 -8.593750000000000000e-02 -7.983398437500000000e-02
1.014160156250000000e+00 -7.177734375000000000e-02 -4.711914062500000000e-02
1.024902343750000000e+00 -3.564453125000000000e-02 -1.259765625000000000e-01
9.348144531250000000e-01 -4.174804687500000000e-02 -9.448242187500000000e-02
1.006103515625000000e+00 -8.447265625000000000e-02 -1.215820312500000000e-01
9.211425781250000000e-01 -5.371093750000000000e-02 -1.162109375000000000e-01
9.140625000000000000e-01 -4.589843750000000000e-02 -2.155761718750000000e-01
9.467773437500000000e-01 -1.262207031250000000e-01 -2.368164062500000000e-01
8.632812500000000000e-01 -4.809570312500000000e-02 -3.276367187500000000e-01
8.420410156250000000e-01 2.270507812500000000e-02 -2.919921875000000000e-01
8.093261718750000000e-01 -3.735351562500000000e-02 -4.543457031250000000e-01
8.132324218750000000e-01 -3.417968750000000000e-02 -4.370117187500000000e-01
7.216796875000000000e-01 5.859375000000000000e-03 -4.875488281250000000e-01
5.644531250000000000e-01 1.806640625000000000e-02 -4.975585937500000000e-01
5.781250000000000000e-01 6.103515625000000000e-03 -5.566406250000000000e-01
4.565429687500000000e-01 1.660156250000000000e-02 -6.203613281250000000e-01
4.641113281250000000e-01 7.324218750000000000e-02 -9.533691406250000000e-01
1.982421875000000000e-01 -3.027343750000000000e-02 -8.071289062500000000e-01
3.173828125000000000e-02 -7.910156250000000000e-02 -8.085937500000000000e-01
2.553710937500000000e-01 -7.397460937500000000e-02 -8.671875000000000000e-01
3.881835937500000000e-02 -1.215820312500000000e-01 -9.194335937500000000e-01
-1.904296875000000000e-02 -1.000976562500000000e-02 -8.959960937500000000e-01
-4.687500000000000000e-02 -3.210449218750000000e-01 -9.416503906250000000e-01
-5.346679687500000000e-02 -1.440429687500000000e-02 -8.666992187500000000e-01
-8.642578125000000000e-02 -1.425781250000000000e-01 -9.460449218750000000e-01
-2.153320312500000000e-01 -1.894531250000000000e-01 -9.179687500000000000e-01
-1.484375000000000000e-01 -4.125976562500000000e-02 -8.693847656250000000e-01
-1.430664062500000000e-01 -1.970214843750000000e-01 -1.001220703125000000e+00
-9.326171875000000000e-02 -1.694335937500000000e-01 -1.142822265625000000e+00
2.197265625000000000e-02 -3.388671875000000000e-01 -1.050537109375000000e+00
7.495117187500000000e-02 -3.056640625000000000e-01 -1.198486328125000000e+00
3.369140625000000000e-02 -3.747558593750000000e-01 -1.103759765625000000e+00
2.773437500000000000e-01 -4.628906250000000000e-01 -1.150634765625000000e+00
4.343261718750000000e-01 -3.718261718750000000e-01 -1.004150390625000000e+00
5.817871093750000000e-01 -2.268066406250000000e-01 -7.836914062500000000e-01
7.111816406250000000e-01 -3.818359375000000000e-01 -6.445312500000000000e-01
6.232910156250000000e-01 -2.993164062500000000e-01 -5.722656250000000000e-01
7.104492187500000000e-01 -2.929687500000000000e-01 -4.355468750000000000e-01
7.944335937500000000e-01 -2.272949218750000000e-01 -4.294433593750000000e-01
8.972167968750000000e-01 -2.624511718750000000e-01 -3.420410156250000000e-01
1.010498046875000000e+00 -1.867675781250000000e-01 -1.794433593750000000e-01
1.146972656250000000e+00 -2.414550781250000000e-01 -4.101562500000000000e-02
1.051025390625000000e+00 -1.967773437500000000e-01 1.569824218750000000e-01
1.093261718750000000e+00 -2.119140625000000000e-01 2.529296875000000000e-01
9.028320312500000000e-01 -1.105957031250000000e-01 4.226074218750000000e-01
7.207031250000000000e-01 -1.408691406250000000e-01 4.838867187500000000e-01
8.759765625000000000e-01 -2.170410156250000000e-01 6.489257812500000000e-01
8.715820312500000000e-01 -9.619140625000000000e-02 5.827636718750000000e-01
8.029785156250000000e-01 -5.200195312500000000e-02 5.795898437500000000e-01
9.252929687500000000e-01 -8.276367187500000000e-02 5.336914062500000000e-01
9.091796875000000000e-01 -1.293945312500000000e-01 4.851074218750000000e-01
8.872070312500000000e-01 -1.054687500000000000e-01 6.020507812500000000e-01
8.613281250000000000e-01 -1.005859375000000000e-01 6.889648437500000000e-01
9.025878906250000000e-01 -1.064453125000000000e-01 6.550292968750000000e-01
8.117675781250000000e-01 -1.340332031250000000e-01 6.391601562500000000e-01
8.825683593750000000e-01 -5.932617187500000000e-02 6.040039062500000000e-01
8.591308593750000000e-01 -1.367187500000000000e-01 6.198730468750000000e-01
8.928222656250000000e-01 -5.468750000000000000e-02 6.013183593750000000e-01
9.020996093750000000e-01 -1.447753906250000000e-01 6.074218750000000000e-01
8.984375000000000000e-01 -1.428222656250000000e-01 5.939941406250000000e-01
8.608398437500000000e-01 -9.790039062500000000e-02 6.359863281250000000e-01
8.110351562500000000e-01 -1.110839843750000000e-01 6.901855468750000000e-01
8.957519531250000000e-01 -9.692382812500000000e-02 6.162109375000000000e-01
8.977050781250000000e-01 -9.472656250000000000e-02 6.174316406250000000e-01
7.990722656250000000e-01 -5.151367187500000000e-02 7.089843750000000000e-01
7.946777343750000000e-01 -3.564453125000000000e-02 6.989746093750000000e-01
8.823242187500000000e-01 -9.008789062500000000e-02 7.055664062500000000e-01
8.974609375000000000e-01 -9.301757812500000000e-02 6.242675781250000000e-01
8.884277343750000000e-01 -6.103515625000000000e-02 6.223144531250000000e-01
8.852539062500000000e-01 -1.281738281250000000e-01 6.132812500000000000e-01
8.801269531250000000e-01 -1.369628906250000000e-01 6.894531250000000000e-01
8.818359375000000000e-01 -1.267089843750000000e-01 6.889648437500000000e-01
8.823242187500000000e-01 -5.200195312500000000e-02 7.043457031250000000e-01
8.969726562500000000e-01 -6.054687500000000000e-02 6.970214843750000000e-01
8.786621093750000000e-01 -1.396484375000000000e-01 7.050781250000000000e-01
8.823242187500000000e-01 -1.486816406250000000e-01 6.137695312500000000e-01
7.946777343750000000e-01 -5.883789062500000000e-02 6.982421875000000000e-01
8.051757812500000000e-01 -4.101562500000000000e-02 6.657714843750000000e-01
8.015136718750000000e-01 -4.248046875000000000e-02 6.591796875000000000e-01
8.776855468750000000e-01 -4.614257812500000000e-02 7.141113281250000000e-01
8.916015625000000000e-01 -4.931640625000000000e-02 6.945800781250000000e-01
8.068847656250000000e-01 -5.664062500000000000e-02 6.948242187500000000e-01
8.105468750000000000e-01 -5.346679687500000000e-02 7.138671875000000000e-01
8.020019531250000000e-01 -4.638671875000000000e-02 7.033691406250000000e-01
8.825683593750000000e-01 -5.566406250000000000e-02 7.072753906250000000e-01
8.752441406250000000e-01 -6.250000000000000000e-02 7.131347656250000000e-01
8.027343750000000000e-01 -4.736328125000000000e-02 6.965332031250000000e-01
8.784179687500000000e-01 -4.614257812500000000e-02 6.918945312500000000e-01
8.828125000000000000e-01 -5.102539062500000000e-02 7.060546875000000000e-01
8.798828125000000000e-01 -5.639648437500000000e-02 6.979980468750000000e-01
8.076171875000000000e-01 -4.711914062500000000e-02 7.150878906250000000e-01
8.105468750000000000e-01 -4.760742187500000000e-02 7.028808593750000000e-01
8.039550781250000000e-01 -5.224609375000000000e-02 7.126464843750000000e-01
8.090820312500000000e-01 -4.980468750000000000e-02 7.109375000000000000e-01
8.012695312500000000e-01 -4.809570312500000000e-02 7.109375000000000000e-01
8.784179687500000000e-01 -4.614257812500000000e-02 7.167968750000000000e-01
8.039550781250000000e-01 -5.029296875000000000e-02 7.128906250000000000e-01
7.954101562500000000e-01 -5.078125000000000000e-02 6.660156250000000000e-01
7.868652343750000000e-01 -3.637695312500000000e-02 6.584472656250000000e-01
7.915039062500000000e-01 -4.711914062500000000e-02 6.765136718750000000e-01
8.334960937500000000e-01 -4.345703125000000000e-02 6.750488281250000000e-01
7.912597656250000000e-01 -8.496093750000000000e-02 6.696777343750000000e-01
7.946777343750000000e-01 -3.613281250000000000e-02 7.099609375000000000e-01
8.500976562500000000e-01 -8.447265625000000000e-02 6.474609375000000000e-01
8.544921875000000000e-01 -6.250000000000000000e-02 6.333007812500000000e-01
8.669433593750000000e-01 -4.199218750000000000e-02 5.795898437500000000e-01
9.182128906250000000e-01 -4.272460937500000000e-02 4.863281250000000000e-01
9.213867187500000000e-01 -1.376953125000000000e-01 5.043945312500000000e-01
9.294433593750000000e-01 -1.308593750000000000e-01 4.062500000000000000e-01
1.067871093750000000e+00 -9.838867187500000000e-02 1.992187500000000000e-01
9.257812500000000000e-01 -2.104492187500000000e-01 1.845703125000000000e-01
1.020507812500000000e+00 -2.678222656250000000e-01 -1.293945312500000000e-02
1.014160156250000000e+00 -2.548828125000000000e-01 -1.027832031250000000e-01
1.000244140625000000e+00 -1.823730468750000000e-01 -1.606445312500000000e-01
8.710937500000000000e-01 -2.612304687500000000e-01 -3.181152343750000000e-01
8.823242187500000000e-01 -2.297363281250000000e-01 -5.246582031250000000e-01
8.283691406250000000e-01 -2.270507812500000000e-01 -3.691406250000000000e-01
7.509765625000000000e-01 -3.349609375000000000e-01 -5.456542968750000000e-01
6.723632812500000000e-01 -4.265136718750000000e-01 -5.019531250000000000e-01
6.818847656250000000e-01 -4.057617187500000000e-01 -7.954101562500000000e-01
5.195312500000000000e-01 -4.130859375000000000e-01 -1.191406250000000000e+00
4.199218750000000000e-01 -2.895507812500000000e-01 -1.458984375000000000e+00
1.022949218750000000e-01 -2.573242187500000000e-01 -1.193115234375000000e+00
9.790039062500000000e-02 -3.564453125000000000e-02 -1.041748046875000000e+00
1.220703125000000000e-03 -1.386718750000000000e-01 -9.235839843750000000e-01
-3.393554687500000000e-02 -3.930664062500000000e-02 -9.309082031250000000e-01
-5.175781250000000000e-02 -8.715820312500000000e-02 -1.003662109375000000e+00
-5.151367187500000000e-02 3.662109375000000000e-03 -9.641113281250000000e-01
5.859375000000000000e-03 -3.417968750000000000e-02 -9.636230468750000000e-01
4.882812500000000000e-02 -3.662109375000000000e-02 -9.196777343750000000e-01
1.821289062500000000e-01 -4.931640625000000000e-02 -8.671875000000000000e-01
4.433593750000000000e-01 -6.127929687500000000e-02 -9.104003906250000000e-01
5.288085937500000000e-01 -1.450195312500000000e-01 -6.525878906250000000e-01
6.228027343750000000e-01 -7.983398437500000000e-02 -6.882324218750000000e-01
7.890625000000000000e-01 -3.442382812500000000e-02 -5.144042968750000000e-01
7.780761718750000000e-01 -8.007812500000000000e-02 -2.216796875000000000e-01
8.925781250000000000e-01 -9.130859375000000000e-02 -4.250488281250000000e-01
9.057617187500000000e-01 -4.760742187500000000e-02 -3.522949218750000000e-01
8.959960937500000000e-01 -8.886718750000000000e-02 -1.765136718750000000e-01
8.886718750000000000e-01 -3.759765625000000000e-02 -1.000976562500000000e-01
8.725585937500000000e-01 -4.687500000000000000e-02 -5.639648437500000000e-02
9.328613281250000000e-01 -7.153320312500000000e-02 -1.083984375000000000e-01
