9.816894531250000000e-01 -8.569335937500000000e-02 2.814941406250000000e-01
1.067382812500000000e+00 -7.397460937500000000e-02 3.205566406250000000e-01
1.067382812500000000e+00 -7.397460937500000000e-02 3.205566406250000000e-01
9.841308593750000000e-01 -7.495117187500000000e-02 3.210449218750000000e-01
1.027343750000000000e+00 -8.862304687500000000e-02 3.198242187500000000e-01
1.029785156250000000e+00 -3.833007812500000000e-02 3.342285156250000000e-01
9.748535156250000000e-01 -3.686523437500000000e-02 3.193359375000000000e-01
9.855957031250000000e-01 -3.149414062500000000e-02 3.129882812500000000e-01
9.765625000000000000e-01 -9.350585937500000000e-02 3.200683593750000000e-01
9.736328125000000000e-01 -9.228515625000000000e-02 3.225097656250000000e-01
1.031005859375000000e+00 -3.857421875000000000e-02 3.354492187500000000e-01
9.760742187500000000e-01 -4.028320312500000000e-02 2.456054687500000000e-01
9.750976562500000000e-01 -9.008789062500000000e-02 3.190917968750000000e-01
9.824218750000000000e-01 -3.271484375000000000e-02 2.490234375000000000e-01
9.770507812500000000e-01 -8.593750000000000000e-02 3.190917968750000000e-01
9.802246093750000000e-01 -4.687500000000000000e-02 3.193359375000000000e-01
1.005859375000000000e+00 -3.759765625000000000e-02 2.316894531250000000e-01
9.731445312500000000e-01 -8.129882812500000000e-02 2.314453125000000000e-01
1.071533203125000000e+00 -4.418945312500000000e-02 2.365722656250000000e-01
1.031250000000000000e+00 -9.179687500000000000e-02 2.795410156250000000e-01
9.748535156250000000e-01 -8.593750000000000000e-02 2.270507812500000000e-01
9.877929687500000000e-01 -3.491210937500000000e-02 2.695312500000000000e-01
9.802246093750000000e-01 -9.375000000000000000e-02 1.818847656250000000e-01
1.048095703125000000e+00 -3.344726562500000000e-02 2.756347656250000000e-01
1.199218750000000000e+00 -1.423339843750000000e-01 1.184082031250000000e-01
9.763183593750000000e-01 -1.257324218750000000e-01 1.730957031250000000e-01
9.472656250000000000e-01 9.277343750000000000e-03 1.745605468750000000e-01
8.393554687500000000e-01 -7.763671875000000000e-02 1.513671875000000000e-01
6.457519531250000000e-01 -7.617187500000000000e-02 9.277343750000000000e-02
5.219726562500000000e-01 7.910156250000000000e-02 1.857910156250000000e-01
6.713867187500000000e-01 -7.446289062500000000e-02 5.029296875000000000e-01
1.797119140625000000e+00 -4.150390625000000000e-03 -6.274414062500000000e-02
2.062500000000000000e+00 -3.278808593750000000e-01 8.044433593750000000e-01
3.029541015625000000e+00 -1.613769531250000000e-01 4.130859375000000000e-01
1.516113281250000000e+00 -1.298828125000000000e-01 -3.220214843750000000e-01
6.166992187500000000e-01 -7.104492187500000000e-02 6.079101562500000000e-02
-1.784667968750000000e-01 -9.008789062500000000e-02 1.291503906250000000e-01
-5.295410156250000000e-01 4.882812500000000000e-04 -2.294921875000000000e-01
1.506347656250000000e-01 6.323242187500000000e-02 -3.100585937500000000e-02
3.940429687500000000e-01 4.638671875000000000e-03 -8.642578125000000000e-02
3.793945312500000000e-01 -1.879882812500000000e-02 1.252441406250000000e-01
1.352539062500000000e+00 2.116699218750000000e-01 2.756347656250000000e-01
3.622314453125000000e+00 -7.648925781250000000e-01 4.072265625000000000e-01
1.838134765625000000e+00 2.197265625000000000e-01 4.719238281250000000e-01
2.074707031250000000e+00 -2.026367187500000000e-02 -5.166015625000000000e-01
7.124023437500000000e-01 1.928710937500000000e-02 -2.929687500000000000e-02
-1.137207031250000000e+00 -1.608886718750000000e-01 1.247558593750000000e-01
-6.130371093750000000e-01 -1.879882812500000000e-01 -3.916015625000000000e-01
5.593261718750000000e-01 -8.544921875000000000e-03 -1.765136718750000000e-01
5.131835937500000000e-01 7.788085937500000000e-02 1.252441406250000000e-01
1.831054687500000000e-02 1.269531250000000000e-02 4.724121093750000000e-01
1.700195312500000000e+00 1.708984375000000000e-01 7.321777343750000000e-01
3.271728515625000000e+00 -4.116210937500000000e-01 3.862304687500000000e-01
2.957763671875000000e+00 -1.660156250000000000e-01 -2.014160156250000000e-01
1.327636718750000000e+00 1.745605468750000000e-01 -1.188964843750000000e-01
-4.414062500000000000e-01 8.740234375000000000e-02 1.157226562500000000e-01
-8.129882812500000000e-01 -1.179199218750000000e-01 -5.639648437500000000e-01
4.399414062500000000e-01 -6.201171875000000000e-02 4.421386718750000000e-01
3.127441406250000000e-01 6.445312500000000000e-02 -4.272460937500000000e-02
1.364746093750000000e-01 8.911132812500000000e-02 1.342773437500000000e-02
-4.077148437500000000e-02 1.391601562500000000e-02 6.237792968750000000e-01
2.550537109375000000e+00 -1.093750000000000000e-01 -1.928710937500000000e-02
2.320312500000000000e+00 1.882324218750000000e-01 9.526367187500000000e-01
2.664306640625000000e+00 -4.689941406250000000e-01 -3.125000000000000000e-02
1.307128906250000000e+00 -2.612304687500000000e-02 1.528320312500000000e-01
-4.833984375000000000e-02 3.305664062500000000e-01 -6.835937500000000000e-03
-6.804199218750000000e-01 3.222656250000000000e-02 -4.311523437500000000e-01
1.162109375000000000e-01 -8.203125000000000000e-02 3.017578125000000000e-01
2.087402343750000000e-01 8.056640625000000000e-03 -1.992187500000000000e-01
2.609863281250000000e-01 -3.393554687500000000e-02 1.103515625000000000e-01
2.043457031250000000e-01 1.391601562500000000e-02 6.979980468750000000e-01
4.256591796875000000e+00 1.997070312500000000e-01 1.977539062500000000e-02
1.249755859375000000e+00 -9.743652343750000000e-01 5.913085937500000000e-01
2.691406250000000000e+00 -1.662597656250000000e-01 7.910156250000000000e-02
1.457275390625000000e+00 1.027832031250000000e-01 1.225585937500000000e-01
-3.239746093750000000e-01 1.320800781250000000e-01 4.296875000000000000e-02
-1.036865234375000000e+00 -1.025390625000000000e-02 -6.618652343750000000e-01
4.707031250000000000e-01 -1.953125000000000000e-03 3.571777343750000000e-01
3.698730468750000000e-01 8.056640625000000000e-02 -1.347656250000000000e-01
3.320312500000000000e-01 6.347656250000000000e-03 4.394531250000000000e-02
1.904296875000000000e-02 7.177734375000000000e-02 7.788085937500000000e-01
3.603271484375000000e+00 -3.083496093750000000e-01 2.368164062500000000e-02
2.263916015625000000e+00 -2.766113281250000000e-01 6.286621093750000000e-01
2.027343750000000000e+00 -4.885253906250000000e-01 4.809570312500000000e-02
1.300048828125000000e+00 1.398925781250000000e-01 4.760742187500000000e-02
-4.096679687500000000e-01 3.105468750000000000e-01 3.176269531250000000e-01
-1.001464843750000000e+00 -7.568359375000000000e-02 -8.693847656250000000e-01
7.475585937500000000e-01 -5.810546875000000000e-02 3.774414062500000000e-01
2.253417968750000000e-01 -5.371093750000000000e-03 6.762695312500000000e-02
9.082031250000000000e-02 9.179687500000000000e-02 1.726074218750000000e-01
6.398925781250000000e-01 2.050781250000000000e-02 5.700683593750000000e-01
7.021728515625000000e+00 -1.693115234375000000e+00 -1.510498046875000000e+00
1.514648437500000000e+00 1.953125000000000000e-02 7.932128906250000000e-01
1.978271484375000000e+00 -3.027343750000000000e-02 -1.076660156250000000e-01
4.956054687500000000e-01 2.172851562500000000e-02 4.101562500000000000e-02
-8.164062500000000000e-01 1.594238281250000000e-01 -1.003417968750000000e-01
-4.941406250000000000e-01 -1.225585937500000000e-01 -2.119140625000000000e-01
5.217285156250000000e-01 -9.350585937500000000e-02 7.348632812500000000e-02
3.146972656250000000e-01 2.563476562500000000e-02 -1.936035156250000000e-01
2.597656250000000000e-01 5.395507812500000000e-02 2.363281250000000000e-01
1.056152343750000000e+00 2.644042968750000000e-01 4.580078125000000000e-01
4.514892578125000000e+00 -1.020019531250000000e+00 -1.569580078125000000e+00
1.827880859375000000e+00 9.985351562500000000e-02 4.538574218750000000e-01
1.806640625000000000e+00 -1.374511718750000000e-01 -2.707519531250000000e-01
-3.439941406250000000e-01 2.177734375000000000e-01 5.400390625000000000e-01
-1.005371093750000000e+00 1.435546875000000000e-01 -6.835937500000000000e-01
1.459960937500000000e-01 -1.445312500000000000e-01 3.850097656250000000e-01
4.233398437500000000e-01 -7.373046875000000000e-02 -7.958984375000000000e-02
1.638183593750000000e-01 -6.591796875000000000e-03 5.615234375000000000e-03
2.067871093750000000e-01 -2.221679687500000000e-02 4.877929687500000000e-01
2.644042968750000000e+00 5.935058593750000000e-01 5.151367187500000000e-02
3.185791015625000000e+00 -7.133789062500000000e-01 3.864746093750000000e-01
2.184326171875000000e+00 -2.067871093750000000e-01 2.365722656250000000e-01
1.689941406250000000e+00 6.298828125000000000e-02 -7.568359375000000000e-03
-4.497070312500000000e-01 1.013183593750000000e-01 2.773437500000000000e-01
-9.282226562500000000e-01 8.056640625000000000e-02 -5.878906250000000000e-01
3.588867187500000000e-01 -1.513671875000000000e-01 6.408691406250000000e-01
3.437500000000000000e-01 -7.592773437500000000e-02 -1.738281250000000000e-01
2.082519531250000000e-01 7.177734375000000000e-02 8.691406250000000000e-02
1.057128906250000000e-01 7.861328125000000000e-02 5.764160156250000000e-01
3.673583984375000000e+00 -2.199707031250000000e-01 1.162109375000000000e-01
2.079589843750000000e+00 -1.547851562500000000e-01 3.806152343750000000e-01
2.502929687500000000e+00 -2.175292968750000000e-01 4.362792968750000000e-01
9.943847656250000000e-01 -5.297851562500000000e-02 -9.448242187500000000e-02
-4.702148437500000000e-01 2.102050781250000000e-01 2.614746093750000000e-01
-8.850097656250000000e-01 1.342773437500000000e-02 -8.959960937500000000e-01
8.981933593750000000e-01 -1.928710937500000000e-02 2.395019531250000000e-01
2.961425781250000000e-01 -6.103515625000000000e-03 -1.430664062500000000e-01
9.936523437500000000e-02 7.348632812500000000e-02 2.919921875000000000e-01
7.048339843750000000e-01 1.313476562500000000e-01 -1.635742187500000000e-02
8.000000000000000000e+00 -1.078369140625000000e+00 -1.545166015625000000e+00
4.057617187500000000e-01 2.812500000000000000e-01 1.625976562500000000e-01
2.252197265625000000e+00 -3.320312500000000000e-02 1.308593750000000000e-01
3.923339843750000000e-01 3.222656250000000000e-02 2.202148437500000000e-01
-7.136230468750000000e-01 3.076171875000000000e-02 -2.968750000000000000e-01
-6.477050781250000000e-01 -1.547851562500000000e-01 -3.007812500000000000e-01
5.495605468750000000e-01 4.638671875000000000e-03 -2.905273437500000000e-02
3.967285156250000000e-01 1.311035156250000000e-01 -3.588867187500000000e-02
1.103515625000000000e-01 8.105468750000000000e-02 1.657714843750000000e-01
1.083496093750000000e+00 1.340332031250000000e-01 3.708496093750000000e-01
5.178466796875000000e+00 -1.236328125000000000e+00 -1.100097656250000000e+00
1.355957031250000000e+00 4.519042968750000000e-01 2.521972656250000000e-01
1.816406250000000000e+00 -9.570312500000000000e-02 -1.389160156250000000e-01
-1.127929687500000000e-01 2.075195312500000000e-02 3.449707031250000000e-01
-9.248046875000000000e-01 3.173828125000000000e-03 -5.571289062500000000e-01
1.271972656250000000e-01 7.080078125000000000e-02 3.598632812500000000e-01
3.540039062500000000e-01 7.763671875000000000e-02 -8.789062500000000000e-02
2.775878906250000000e-01 -2.270507812500000000e-02 1.176757812500000000e-01
5.981445312500000000e-02 -6.933593750000000000e-02 5.661621093750000000e-01
1.694335937500000000e+00 1.533203125000000000e-01 5.292968750000000000e-01
4.253906250000000000e+00 -3.781738281250000000e-01 3.669433593750000000e-01
1.930908203125000000e+00 -2.827148437500000000e-01 1.469726562500000000e-01
1.944091796875000000e+00 -2.158203125000000000e-01 9.277343750000000000e-03
-1.799316406250000000e-01 4.565429687500000000e-02 4.614257812500000000e-02
-8.640136718750000000e-01 -3.100585937500000000e-02 -3.994140625000000000e-01
-3.662109375000000000e-03 2.392578125000000000e-02 2.436523437500000000e-01
3.383789062500000000e-01 8.520507812500000000e-02 -3.293457031250000000e-01
3.569335937500000000e-01 1.904296875000000000e-02 2.370605468750000000e-01
3.237304687500000000e-01 -1.477050781250000000e-01 2.502441406250000000e-01
3.378662109375000000e+00 -2.788085937500000000e-01 8.078613281250000000e-01
2.209472656250000000e+00 -1.855468750000000000e-01 3.503417968750000000e-01
1.302734375000000000e+00 -1.396484375000000000e-01 2.727050781250000000e-01
1.162353515625000000e+00 -1.115722656250000000e-01 4.133300781250000000e-01
5.629882812500000000e-01 1.877441406250000000e-01 2.172851562500000000e-01
2.792968750000000000e-01 3.735351562500000000e-02 -6.616210937500000000e-02
6.791992187500000000e-01 -9.008789062500000000e-02 3.576660156250000000e-01
1.754638671875000000e+00 -5.786132812500000000e-02 3.955078125000000000e-02
8.793945312500000000e-01 4.370117187500000000e-02 4.213867187500000000e-01
7.402343750000000000e-01 -1.479492187500000000e-01 3.244628906250000000e-01
1.053955078125000000e+00 2.490234375000000000e-02 2.802734375000000000e-01
1.243652343750000000e+00 1.577148437500000000e-01 4.663085937500000000e-01
9.001464843750000000e-01 1.933593750000000000e-01 2.653808593750000000e-01
8.024902343750000000e-01 -1.855468750000000000e-02 3.093261718750000000e-01
9.934082031250000000e-01 -5.566406250000000000e-02 3.820800781250000000e-01
1.086914062500000000e+00 -1.269531250000000000e-02 3.000488281250000000e-01
9.445800781250000000e-01 1.337890625000000000e-01 4.428710937500000000e-01
9.387207031250000000e-01 -3.198242187500000000e-02 4.667968750000000000e-01
9.934082031250000000e-01 -1.884765625000000000e-01 3.681640625000000000e-01
9.875488281250000000e-01 -1.530761718750000000e-01 3.027343750000000000e-01
1.073974609375000000e+00 4.638671875000000000e-03 3.942871093750000000e-01
1.022460937500000000e+00 -3.100585937500000000e-02 3.515625000000000000e-01
9.301757812500000000e-01 6.591796875000000000e-03 4.025878906250000000e-01
9.907226562500000000e-01 -9.765625000000000000e-03 3.955078125000000000e-01
9.753417968750000000e-01 6.347656250000000000e-02 4.057617187500000000e-01
9.130859375000000000e-01 -1.562500000000000000e-02 3.515625000000000000e-01
1.021972656250000000e+00 2.856445312500000000e-02 3.645019531250000000e-01
1.029541015625000000e+00 -2.001953125000000000e-02 3.459472656250000000e-01
1.023193359375000000e+00 1.782226562500000000e-02 3.503417968750000000e-01
1.015869140625000000e+00 7.568359375000000000e-03 4.038085937500000000e-01
9.809570312500000000e-01 -6.958007812500000000e-02 3.623046875000000000e-01
1.004394531250000000e+00 7.812500000000000000e-03 4.396972656250000000e-01
1.010009765625000000e+00 -6.396484375000000000e-02 3.686523437500000000e-01
1.008056640625000000e+00 -9.301757812500000000e-02 4.399414062500000000e-01
9.294433593750000000e-01 -8.764648437500000000e-02 4.602050781250000000e-01
1.022216796875000000e+00 -3.540039062500000000e-02 4.560546875000000000e-01
1.002685546875000000e+00 -9.350585937500000000e-02 4.443359375000000000e-01
9.187011718750000000e-01 -8.349609375000000000e-02 4.460449218750000000e-01
1.016357421875000000e+00 -7.641601562500000000e-02 3.750000000000000000e-01
1.019287109375000000e+00 -6.396484375000000000e-02 3.549804687500000000e-01
1.020751953125000000e+00 -6.372070312500000000e-02 3.593750000000000000e-01
