1.015625000000000000e+00 -7.373046875000000000e-02 -1.616210937500000000e-01
1.018798828125000000e+00 -8.007812500000000000e-02 -1.821289062500000000e-01
1.018798828125000000e+00 -8.007812500000000000e-02 -1.821289062500000000e-01
1.009277343750000000e+00 -7.812500000000000000e-02 -1.801757812500000000e-01
1.017578125000000000e+00 -8.593750000000000000e-02 -2.524414062500000000e-01
1.017089843750000000e+00 -8.740234375000000000e-02 -1.853027343750000000e-01
1.007568359375000000e+00 -7.958984375000000000e-02 -1.762695312500000000e-01
1.010498046875000000e+00 -8.593750000000000000e-02 -1.762695312500000000e-01
1.013427734375000000e+00 -7.470703125000000000e-02 -1.804199218750000000e-01
1.012695312500000000e+00 -8.593750000000000000e-02 -1.838378906250000000e-01
1.016845703125000000e+00 -8.618164062500000000e-02 -2.541503906250000000e-01
1.016845703125000000e+00 -8.618164062500000000e-02 -2.541503906250000000e-01
1.005615234375000000e+00 -8.813476562500000000e-02 -2.524414062500000000e-01
1.009033203125000000e+00 -8.691406250000000000e-02 -2.565917968750000000e-01
1.010009765625000000e+00 -8.349609375000000000e-02 -2.578125000000000000e-01
1.010253906250000000e+00 -8.398437500000000000e-02 -2.568359375000000000e-01
1.010253906250000000e+00 -8.398437500000000000e-02 -2.568359375000000000e-01
1.009277343750000000e+00 -7.861328125000000000e-02 -2.519531250000000000e-01
1.010253906250000000e+00 -8.349609375000000000e-02 -2.597656250000000000e-01
1.003906250000000000e+00 -8.251953125000000000e-02 -2.648925781250000000e-01
1.006347656250000000e+00 -8.837890625000000000e-02 -2.644042968750000000e-01
1.004394531250000000e+00 -5.541992187500000000e-02 -2.653808593750000000e-01
1.024658203125000000e+00 -5.859375000000000000e-02 -2.788085937500000000e-01
1.014404296875000000e+00 -1.311035156250000000e-01 -2.724609375000000000e-01
9.338378906250000000e-01 -1.347656250000000000e-01 -2.600097656250000000e-01
9.338378906250000000e-01 -1.347656250000000000e-01 -2.600097656250000000e-01
9.450683593750000000e-01 8.593750000000000000e-02 -1.643066406250000000e-01
9.965820312500000000e-01 8.325195312500000000e-02 -2.094726562500000000e-01
1.046386718750000000e+00 -3.027343750000000000e-02 -1.928710937500000000e-01
9.497070312500000000e-01 7.080078125000000000e-02 -8.837890625000000000e-02
8.898925781250000000e-01 1.430664062500000000e-01 -4.370117187500000000e-02
8.898925781250000000e-01 1.430664062500000000e-01 -4.370117187500000000e-02
9.228515625000000000e-01 -3.125000000000000000e-02 -1.330566406250000000e-01
8.615722656250000000e-01 -1.586914062500000000e-02 -1.418457031250000000e-01
7.922363281250000000e-01 -8.959960937500000000e-02 -1.101074218750000000e-01
1.016113281250000000e+00 -3.051757812500000000e-02 -3.693847656250000000e-01
1.023681640625000000e+00 -2.053222656250000000e-01 -1.518554687500000000e-01
1.023681640625000000e+00 -2.053222656250000000e-01 -1.518554687500000000e-01
1.023681640625000000e+00 -2.053222656250000000e-01 -1.518554687500000000e-01
7.368164062500000000e-01 -2.832031250000000000e-02 2.685546875000000000e-03
8.457031250000000000e-01 -1.418457031250000000e-01 6.225585937500000000e-02
1.117187500000000000e+00 -2.709960937500000000e-01 1.660156250000000000e-02
9.372558593750000000e-01 3.515625000000000000e-02 -1.660156250000000000e-01
9.372558593750000000e-01 3.515625000000000000e-02 -1.660156250000000000e-01
9.372558593750000000e-01 3.515625000000000000e-02 -1.660156250000000000e-01
9.455566406250000000e-01 -1.315917968750000000e-01 -3.857421875000000000e-02
1.111572265625000000e+00 -5.810546875000000000e-02 -6.201171875000000000e-02
1.111572265625000000e+00 -5.810546875000000000e-02 -6.201171875000000000e-02
1.211669921875000000e+00 2.001953125000000000e-02 2.124023437500000000e-02
1.211669921875000000e+00 2.001953125000000000e-02 2.124023437500000000e-02
1.211669921875000000e+00 2.001953125000000000e-02 2.124023437500000000e-02
1.001953125000000000e+00 -9.399414062500000000e-02 1.513671875000000000e-02
1.192382812500000000e+00 -1.113281250000000000e-01 7.568359375000000000e-02
1.202636718750000000e+00 -1.323242187500000000e-01 5.053710937500000000e-02
1.153808593750000000e+00 -9.619140625000000000e-02 -9.765625000000000000e-04
1.153808593750000000e+00 -9.619140625000000000e-02 -9.765625000000000000e-04
1.153808593750000000e+00 -9.619140625000000000e-02 -9.765625000000000000e-04
1.088378906250000000e+00 -4.443359375000000000e-02 1.308593750000000000e-01
1.080078125000000000e+00 -4.223632812500000000e-02 1.303710937500000000e-01
1.065185546875000000e+00 -4.614257812500000000e-02 1.430664062500000000e-01
9.980468750000000000e-01 -5.126953125000000000e-02 1.010742187500000000e-01
9.926757812500000000e-01 -8.032226562500000000e-02 1.091308593750000000e-01
9.753417968750000000e-01 -3.686523437500000000e-02 1.213378906250000000e-01
9.753417968750000000e-01 -3.686523437500000000e-02 1.213378906250000000e-01
9.753417968750000000e-01 -3.686523437500000000e-02 1.213378906250000000e-01
9.753417968750000000e-01 -3.686523437500000000e-02 1.213378906250000000e-01
1.050292968750000000e+00 -6.835937500000000000e-02 1.147460937500000000e-01
1.432617187500000000e+00 -8.911132812500000000e-02 1.660156250000000000e-01
1.432617187500000000e+00 -8.911132812500000000e-02 1.660156250000000000e-01
1.338378906250000000e+00 -4.809570312500000000e-02 3.393554687500000000e-02
1.338378906250000000e+00 -4.809570312500000000e-02 3.393554687500000000e-02
1.171875000000000000e+00 -5.371093750000000000e-02 4.687500000000000000e-02
1.060546875000000000e+00 -6.274414062500000000e-02 7.617187500000000000e-02
1.032226562500000000e+00 -7.031250000000000000e-02 -8.471679687500000000e-02
1.032226562500000000e+00 -7.031250000000000000e-02 -8.471679687500000000e-02
1.032226562500000000e+00 -7.031250000000000000e-02 -8.471679687500000000e-02
1.134033203125000000e+00 -8.276367187500000000e-02 -3.686523437500000000e-02
1.134033203125000000e+00 -8.276367187500000000e-02 -3.686523437500000000e-02
1.134033203125000000e+00 -8.276367187500000000e-02 -3.686523437500000000e-02
9.929199218750000000e-01 -9.277343750000000000e-02 2.197265625000000000e-03
1.083496093750000000e+00 5.615234375000000000e-03 -3.417968750000000000e-03
1.083496093750000000e+00 5.615234375000000000e-03 -3.417968750000000000e-03
7.387695312500000000e-01 -8.691406250000000000e-02 7.495117187500000000e-02
7.819824218750000000e-01 -7.861328125000000000e-02 1.464843750000000000e-03
7.580566406250000000e-01 1.904296875000000000e-02 -2.465820312500000000e-02
7.768554687500000000e-01 -2.563476562500000000e-02 -6.762695312500000000e-02
8.164062500000000000e-01 -6.689453125000000000e-02 -1.540527343750000000e-01
7.248535156250000000e-01 -1.733398437500000000e-02 -1.706542968750000000e-01
7.915039062500000000e-01 7.885742187500000000e-02 -1.306152343750000000e-01
9.521484375000000000e-01 1.320800781250000000e-01 -1.152343750000000000e-01
1.010009765625000000e+00 1.555175781250000000e-01 -1.906738281250000000e-01
1.010009765625000000e+00 1.555175781250000000e-01 -1.906738281250000000e-01
1.014892578125000000e+00 1.320800781250000000e-01 -1.948242187500000000e-01
9.597167968750000000e-01 -6.591796875000000000e-03 -2.011718750000000000e-01
9.350585937500000000e-01 8.935546875000000000e-02 -1.169433593750000000e-01
9.350585937500000000e-01 8.935546875000000000e-02 -1.169433593750000000e-01
9.990234375000000000e-01 6.787109375000000000e-02 -2.016601562500000000e-01
9.990234375000000000e-01 6.787109375000000000e-02 -2.016601562500000000e-01
1.069091796875000000e+00 -7.788085937500000000e-02 -1.169433593750000000e-01
1.069091796875000000e+00 -7.788085937500000000e-02 -1.169433593750000000e-01
9.279785156250000000e-01 -7.788085937500000000e-02 -1.926269531250000000e-01
9.279785156250000000e-01 -7.788085937500000000e-02 -1.926269531250000000e-01
9.318847656250000000e-01 6.958007812500000000e-02 -2.070312500000000000e-01
9.765625000000000000e-01 5.126953125000000000e-03 -1.596679687500000000e-01
1.023193359375000000e+00 -5.200195312500000000e-02 -1.740722656250000000e-01
1.017578125000000000e+00 -4.907226562500000000e-02 -1.791992187500000000e-01
1.017578125000000000e+00 -4.907226562500000000e-02 -1.791992187500000000e-01
1.024414062500000000e+00 -1.450195312500000000e-01 -1.657714843750000000e-01
9.797363281250000000e-01 -4.028320312500000000e-02 -1.997070312500000000e-01
1.020507812500000000e+00 -9.057617187500000000e-02 -1.599121093750000000e-01
9.270019531250000000e-01 -4.321289062500000000e-02 -2.038574218750000000e-01
9.270019531250000000e-01 -4.321289062500000000e-02 -2.038574218750000000e-01
1.015136718750000000e+00 -4.052734375000000000e-02 -2.102050781250000000e-01
1.008056640625000000e+00 -4.248046875000000000e-02 -2.082519531250000000e-01
1.022949218750000000e+00 -3.417968750000000000e-02 -1.638183593750000000e-01
1.022949218750000000e+00 -3.417968750000000000e-02 -1.638183593750000000e-01
1.019287109375000000e+00 -9.057617187500000000e-02 -1.594238281250000000e-01
1.024414062500000000e+00 -3.930664062500000000e-02 -1.718750000000000000e-01
1.014648437500000000e+00 -4.125976562500000000e-02 -1.772460937500000000e-01
1.014648437500000000e+00 -4.125976562500000000e-02 -1.772460937500000000e-01
1.015136718750000000e+00 -3.149414062500000000e-02 -1.752929687500000000e-01
1.014892578125000000e+00 -8.081054687500000000e-02 -1.860351562500000000e-01
1.015625000000000000e+00 -7.763671875000000000e-02 -1.801757812500000000e-01
1.015625000000000000e+00 -7.763671875000000000e-02 -1.801757812500000000e-01
1.008544921875000000e+00 -7.690429687500000000e-02 -2.507324218750000000e-01
1.008544921875000000e+00 -7.690429687500000000e-02 -2.507324218750000000e-01
1.015380859375000000e+00 -7.861328125000000000e-02 -2.587890625000000000e-01
1.015380859375000000e+00 -7.861328125000000000e-02 -2.587890625000000000e-01
1.008056640625000000e+00 -7.885742187500000000e-02 -2.521972656250000000e-01
1.008056640625000000e+00 -7.885742187500000000e-02 -2.521972656250000000e-01
1.011230468750000000e+00 -7.861328125000000000e-02 -2.583007812500000000e-01
1.011230468750000000e+00 -7.861328125000000000e-02 -2.583007812500000000e-01
1.008789062500000000e+00 -8.300781250000000000e-02 -1.821289062500000000e-01
1.008789062500000000e+00 -8.300781250000000000e-02 -1.821289062500000000e-01
1.010009765625000000e+00 -8.129882812500000000e-02 -1.850585937500000000e-01
1.013671875000000000e+00 -7.910156250000000000e-02 -2.543945312500000000e-01
1.007080078125000000e+00 -8.300781250000000000e-02 -2.512207031250000000e-01
1.013671875000000000e+00 -7.836914062500000000e-02 -2.653808593750000000e-01
1.013671875000000000e+00 -7.836914062500000000e-02 -2.653808593750000000e-01
1.008056640625000000e+00 -7.836914062500000000e-02 -2.695312500000000000e-01
1.008056640625000000e+00 -7.836914062500000000e-02 -2.695312500000000000e-01
1.005859375000000000e+00 -8.032226562500000000e-02 -2.746582031250000000e-01
1.009033203125000000e+00 -8.032226562500000000e-02 -2.717285156250000000e-01
1.002929687500000000e+00 -8.032226562500000000e-02 -2.685546875000000000e-01
1.006103515625000000e+00 -8.618164062500000000e-02 -2.678222656250000000e-01
1.007080078125000000e+00 -8.105468750000000000e-02 -2.695312500000000000e-01
1.005859375000000000e+00 -7.934570312500000000e-02 -2.719726562500000000e-01
1.004638671875000000e+00 -7.812500000000000000e-02 -2.619628906250000000e-01
1.008789062500000000e+00 -7.836914062500000000e-02 -2.617187500000000000e-01
1.005371093750000000e+00 -7.836914062500000000e-02 -2.626953125000000000e-01
1.005371093750000000e+00 -7.958984375000000000e-02 -2.629394531250000000e-01
1.013427734375000000e+00 -8.300781250000000000e-02 -2.583007812500000000e-01
1.005615234375000000e+00 -7.568359375000000000e-02 -2.690429687500000000e-01
1.007080078125000000e+00 -8.007812500000000000e-02 -2.556152343750000000e-01
1.007080078125000000e+00 -8.007812500000000000e-02 -2.556152343750000000e-01
1.007812500000000000e+00 -8.081054687500000000e-02 -2.714843750000000000e-01
1.007324218750000000e+00 -7.958984375000000000e-02 -2.644042968750000000e-01
9.362792968750000000e-01 -8.154296875000000000e-02 -2.666015625000000000e-01
1.008056640625000000e+00 -8.471679687500000000e-02 -2.695312500000000000e-01
1.003906250000000000e+00 -8.178710937500000000e-02 -2.585449218750000000e-01
1.004882812500000000e+00 -7.861328125000000000e-02 -2.612304687500000000e-01
1.006835937500000000e+00 -8.276367187500000000e-02 -2.626953125000000000e-01
1.003662109375000000e+00 -8.154296875000000000e-02 -2.619628906250000000e-01
1.004150390625000000e+00 -8.422851562500000000e-02 -2.668457031250000000e-01
1.002685546875000000e+00 -8.276367187500000000e-02 -2.656250000000000000e-01
1.007568359375000000e+00 -8.105468750000000000e-02 -2.705078125000000000e-01
1.007568359375000000e+00 -8.105468750000000000e-02 -2.705078125000000000e-01
1.007080078125000000e+00 -8.081054687500000000e-02 -2.634277343750000000e-01
1.002441406250000000e+00 -8.300781250000000000e-02 -2.651367187500000000e-01
1.002441406250000000e+00 -8.300781250000000000e-02 -2.651367187500000000e-01
1.003662109375000000e+00 -8.081054687500000000e-02 -2.712402343750000000e-01
1.000732421875000000e+00 -8.496093750000000000e-02 -2.739257812500000000e-01
1.003417968750000000e+00 -8.642578125000000000e-02 -2.714843750000000000e-01
1.003662109375000000e+00 -8.227539062500000000e-02 -2.614746093750000000e-01
1.003662109375000000e+00 -8.227539062500000000e-02 -2.614746093750000000e-01
1.005126953125000000e+00 -8.374023437500000000e-02 -2.609863281250000000e-01
1.006103515625000000e+00 -8.154296875000000000e-02 -2.622070312500000000e-01
1.008056640625000000e+00 -8.154296875000000000e-02 -2.624511718750000000e-01
1.006591796875000000e+00 -8.056640625000000000e-02 -2.653808593750000000e-01
1.006591796875000000e+00 -8.056640625000000000e-02 -2.653808593750000000e-01
1.003906250000000000e+00 -8.032226562500000000e-02 -2.607421875000000000e-01
1.005615234375000000e+00 -8.618164062500000000e-02 -1.872558593750000000e-01
1.005371093750000000e+00 -7.690429687500000000e-02 -2.631835937500000000e-01
1.009277343750000000e+00 -8.325195312500000000e-02 -2.580566406250000000e-01
1.011230468750000000e+00 -8.276367187500000000e-02 -2.539062500000000000e-01
1.007080078125000000e+00 -7.861328125000000000e-02 -2.561035156250000000e-01
1.009521484375000000e+00 -7.714843750000000000e-02 -2.612304687500000000e-01
1.005615234375000000e+00 -7.812500000000000000e-02 -2.597656250000000000e-01
1.008056640625000000e+00 -8.032226562500000000e-02 -2.543945312500000000e-01
1.013427734375000000e+00 -8.544921875000000000e-02 -2.590332031250000000e-01
1.006591796875000000e+00 -8.203125000000000000e-02 -2.558593750000000000e-01
1.010742187500000000e+00 -8.325195312500000000e-02 -2.639160156250000000e-01
1.010009765625000000e+00 -8.325195312500000000e-02 -2.548828125000000000e-01
1.010986328125000000e+00 -8.081054687500000000e-02 -2.568359375000000000e-01
1.009033203125000000e+00 -8.398437500000000000e-02 -2.543945312500000000e-01
1.005371093750000000e+00 -8.081054687500000000e-02 -2.663574218750000000e-01
1.012451171875000000e+00 -8.081054687500000000e-02 -2.507324218750000000e-01
1.004882812500000000e+00 -8.081054687500000000e-02 -2.563476562500000000e-01
1.010742187500000000e+00 -8.203125000000000000e-02 -2.600097656250000000e-01
1.007080078125000000e+00 -7.934570312500000000e-02 -2.570800781250000000e-01
