9.821777343750000000e-01 -1.279296875000000000e-01 1.523437500000000000e-01
9.855957031250000000e-01 -1.303710937500000000e-01 1.472167968750000000e-01
9.816894531250000000e-01 -1.289062500000000000e-01 1.447753906250000000e-01
9.838867187500000000e-01 -1.298828125000000000e-01 1.491699218750000000e-01
9.833984375000000000e-01 -1.328125000000000000e-01 1.423339843750000000e-01
9.848632812500000000e-01 -1.286621093750000000e-01 1.381835937500000000e-01
9.882812500000000000e-01 -1.281738281250000000e-01 1.406250000000000000e-01
9.836425781250000000e-01 -1.325683593750000000e-01 1.381835937500000000e-01
9.824218750000000000e-01 -1.357421875000000000e-01 1.369628906250000000e-01
9.833984375000000000e-01 -1.303710937500000000e-01 1.367187500000000000e-01
9.824218750000000000e-01 -1.335449218750000000e-01 1.333007812500000000e-01
9.819335937500000000e-01 -1.303710937500000000e-01 1.381835937500000000e-01
9.843750000000000000e-01 -1.318359375000000000e-01 1.286621093750000000e-01
9.833984375000000000e-01 -1.313476562500000000e-01 1.398925781250000000e-01
9.858398437500000000e-01 -1.318359375000000000e-01 1.308593750000000000e-01
9.838867187500000000e-01 -1.325683593750000000e-01 1.357421875000000000e-01
9.826660156250000000e-01 -1.325683593750000000e-01 1.369628906250000000e-01
9.897460937500000000e-01 -1.335449218750000000e-01 1.350097656250000000e-01
9.846191406250000000e-01 -1.342773437500000000e-01 1.396484375000000000e-01
9.846191406250000000e-01 -1.303710937500000000e-01 1.386718750000000000e-01
9.831542968750000000e-01 -1.271972656250000000e-01 1.379394531250000000e-01
9.838867187500000000e-01 -1.291503906250000000e-01 1.342773437500000000e-01
9.846191406250000000e-01 -1.311035156250000000e-01 1.406250000000000000e-01
9.814453125000000000e-01 -1.271972656250000000e-01 1.372070312500000000e-01
9.826660156250000000e-01 -1.291503906250000000e-01 1.369628906250000000e-01
9.792480468750000000e-01 -1.308593750000000000e-01 1.372070312500000000e-01
9.831542968750000000e-01 -1.308593750000000000e-01 1.416015625000000000e-01
9.836425781250000000e-01 -1.293945312500000000e-01 1.396484375000000000e-01
9.851074218750000000e-01 -1.284179687500000000e-01 1.416015625000000000e-01
9.885253906250000000e-01 -1.306152343750000000e-01 1.416015625000000000e-01
9.838867187500000000e-01 -1.291503906250000000e-01 1.425781250000000000e-01
9.833984375000000000e-01 -1.306152343750000000e-01 1.433105468750000000e-01
9.831542968750000000e-01 -1.264648437500000000e-01 1.403808593750000000e-01
9.875488281250000000e-01 -1.271972656250000000e-01 1.416015625000000000e-01
9.807128906250000000e-01 -6.201171875000000000e-02 1.384277343750000000e-01
9.863281250000000000e-01 -1.289062500000000000e-01 1.469726562500000000e-01
9.829101562500000000e-01 -1.274414062500000000e-01 1.386718750000000000e-01
9.833984375000000000e-01 -1.271972656250000000e-01 1.396484375000000000e-01
9.843750000000000000e-01 -1.313476562500000000e-01 1.455078125000000000e-01
9.824218750000000000e-01 -1.333007812500000000e-01 1.347656250000000000e-01
9.797363281250000000e-01 -1.279296875000000000e-01 1.372070312500000000e-01
9.824218750000000000e-01 -6.201171875000000000e-02 1.433105468750000000e-01
9.870605468750000000e-01 -5.151367187500000000e-02 1.413574218750000000e-01
9.929199218750000000e-01 -4.785156250000000000e-02 1.496582031250000000e-01
9.782714843750000000e-01 -4.858398437500000000e-02 1.354980468750000000e-01
9.790039062500000000e-01 -6.176757812500000000e-02 1.479492187500000000e-01
1.068847656250000000e+00 -1.359863281250000000e-01 9.423828125000000000e-02
9.760742187500000000e-01 -5.908203125000000000e-02 1.301269531250000000e-01
9.750976562500000000e-01 -6.176757812500000000e-02 1.440429687500000000e-01
1.066162109375000000e+00 -1.264648437500000000e-01 1.052246093750000000e-01
1.029052734375000000e+00 -6.201171875000000000e-02 1.276855468750000000e-01
9.833984375000000000e-01 -4.858398437500000000e-02 1.406250000000000000e-01
1.071044921875000000e+00 -1.271972656250000000e-01 9.472656250000000000e-02
9.895019531250000000e-01 -5.883789062500000000e-02 1.320800781250000000e-01
1.013916015625000000e+00 -5.957031250000000000e-02 1.359863281250000000e-01
9.975585937500000000e-01 -1.376953125000000000e-01 1.374511718750000000e-01
1.018066406250000000e+00 -1.269531250000000000e-01 5.395507812500000000e-02
1.079101562500000000e+00 -1.491699218750000000e-01 1.513671875000000000e-01
1.066162109375000000e+00 -5.029296875000000000e-02 1.257324218750000000e-01
1.022705078125000000e+00 -1.979980468750000000e-01 1.425781250000000000e-01
1.129882812500000000e+00 -7.861328125000000000e-02 1.286621093750000000e-01
9.904785156250000000e-01 -1.342773437500000000e-01 5.419921875000000000e-02
1.010009765625000000e+00 -1.315917968750000000e-01 1.372070312500000000e-01
1.025878906250000000e+00 -9.936523437500000000e-02 1.269531250000000000e-01
1.071044921875000000e+00 -1.057128906250000000e-01 1.374511718750000000e-01
9.807128906250000000e-01 -1.062011718750000000e-01 6.079101562500000000e-02
9.851074218750000000e-01 -1.010742187500000000e-01 1.291503906250000000e-01
1.062988281250000000e+00 -9.497070312500000000e-02 5.737304687500000000e-02
1.026367187500000000e+00 -1.247558593750000000e-01 5.664062500000000000e-02
1.075439453125000000e+00 -1.079101562500000000e-01 1.296386718750000000e-01
1.076660156250000000e+00 -9.716796875000000000e-02 4.418945312500000000e-02
9.692382812500000000e-01 -1.149902343750000000e-01 4.663085937500000000e-02
9.990234375000000000e-01 -2.009277343750000000e-01 6.103515625000000000e-02
1.048828125000000000e+00 -1.030273437500000000e-01 4.687500000000000000e-02
1.084472656250000000e+00 -2.048339843750000000e-01 5.834960937500000000e-02
1.002685546875000000e+00 -6.225585937500000000e-02 5.346679687500000000e-02
9.929199218750000000e-01 -1.508789062500000000e-01 5.590820312500000000e-02
9.897460937500000000e-01 -1.386718750000000000e-01 5.151367187500000000e-02
1.045898437500000000e+00 -1.452636718750000000e-01 3.784179687500000000e-02
1.078613281250000000e+00 -1.252441406250000000e-01 6.225585937500000000e-02
9.123535156250000000e-01 -4.663085937500000000e-02 4.785156250000000000e-02
9.936523437500000000e-01 -5.786132812500000000e-02 1.279296875000000000e-01
1.008544921875000000e+00 -8.105468750000000000e-02 4.321289062500000000e-02
9.870605468750000000e-01 -7.519531250000000000e-02 5.419921875000000000e-02
9.252929687500000000e-01 -1.279296875000000000e-01 4.589843750000000000e-02
9.643554687500000000e-01 -4.199218750000000000e-02 4.077148437500000000e-02
1.062988281250000000e+00 -1.286621093750000000e-01 5.322265625000000000e-02
9.772949218750000000e-01 -7.641601562500000000e-02 4.614257812500000000e-02
9.785156250000000000e-01 -3.906250000000000000e-02 1.286621093750000000e-01
9.716796875000000000e-01 -4.321289062500000000e-02 1.386718750000000000e-01
9.924316406250000000e-01 -1.386718750000000000e-01 1.350097656250000000e-01
9.792480468750000000e-01 -4.785156250000000000e-02 1.352539062500000000e-01
9.960937500000000000e-01 -4.296875000000000000e-02 1.403808593750000000e-01
1.072265625000000000e+00 -8.544921875000000000e-02 1.372070312500000000e-01
9.853515625000000000e-01 -4.003906250000000000e-02 1.298828125000000000e-01
9.743652343750000000e-01 -1.354980468750000000e-01 1.359863281250000000e-01
9.741210937500000000e-01 -5.834960937500000000e-02 1.315917968750000000e-01
9.860839843750000000e-01 -6.152343750000000000e-02 1.401367187500000000e-01
9.890136718750000000e-01 -3.295898437500000000e-02 1.257324218750000000e-01
9.924316406250000000e-01 -7.617187500000000000e-02 1.357421875000000000e-01
9.882812500000000000e-01 -8.276367187500000000e-02 1.369628906250000000e-01
9.829101562500000000e-01 -3.833007812500000000e-02 6.225585937500000000e-02
9.816894531250000000e-01 -4.394531250000000000e-02 1.345214843750000000e-01
9.909667968750000000e-01 -5.834960937500000000e-02 1.315917968750000000e-01
9.826660156250000000e-01 -6.176757812500000000e-02 1.359863281250000000e-01
9.838867187500000000e-01 -6.225585937500000000e-02 1.259765625000000000e-01
9.831542968750000000e-01 -1.306152343750000000e-01 1.354980468750000000e-01
9.848632812500000000e-01 -1.335449218750000000e-01 1.435546875000000000e-01
9.780273437500000000e-01 -1.391601562500000000e-01 1.496582031250000000e-01
9.863281250000000000e-01 -1.293945312500000000e-01 1.481933593750000000e-01
9.809570312500000000e-01 -5.175781250000000000e-02 1.545410156250000000e-01
9.855957031250000000e-01 -4.589843750000000000e-02 1.503906250000000000e-01
9.726562500000000000e-01 -4.589843750000000000e-02 1.018066406250000000e-01
9.851074218750000000e-01 -4.541015625000000000e-02 1.535644531250000000e-01
9.895019531250000000e-01 -4.980468750000000000e-02 1.467285156250000000e-01
9.880371093750000000e-01 -5.468750000000000000e-02 1.491699218750000000e-01
9.797363281250000000e-01 -1.284179687500000000e-01 9.423828125000000000e-02
9.829101562500000000e-01 -5.493164062500000000e-02 9.448242187500000000e-02
9.821777343750000000e-01 -5.200195312500000000e-02 1.560058593750000000e-01
9.807128906250000000e-01 -5.151367187500000000e-02 1.013183593750000000e-01
9.841308593750000000e-01 -4.760742187500000000e-02 1.003417968750000000e-01
9.853515625000000000e-01 -5.102539062500000000e-02 1.049804687500000000e-01
9.885253906250000000e-01 -5.200195312500000000e-02 1.027832031250000000e-01
9.843750000000000000e-01 -5.493164062500000000e-02 1.103515625000000000e-01
9.797363281250000000e-01 -5.883789062500000000e-02 1.098632812500000000e-01
9.860839843750000000e-01 -5.126953125000000000e-02 1.086425781250000000e-01
9.843750000000000000e-01 -4.882812500000000000e-02 1.071777343750000000e-01
9.797363281250000000e-01 -5.273437500000000000e-02 1.147460937500000000e-01
9.819335937500000000e-01 -4.931640625000000000e-02 1.147460937500000000e-01
9.860839843750000000e-01 -4.833984375000000000e-02 1.081542968750000000e-01
9.851074218750000000e-01 -5.639648437500000000e-02 1.108398437500000000e-01
9.880371093750000000e-01 -4.736328125000000000e-02 1.091308593750000000e-01
9.819335937500000000e-01 -5.737304687500000000e-02 1.071777343750000000e-01
9.829101562500000000e-01 -5.371093750000000000e-02 1.047363281250000000e-01
9.814453125000000000e-01 -5.102539062500000000e-02 1.093750000000000000e-01
9.826660156250000000e-01 -5.810546875000000000e-02 1.086425781250000000e-01
9.807128906250000000e-01 -5.664062500000000000e-02 1.083984375000000000e-01
9.824218750000000000e-01 -4.858398437500000000e-02 1.120605468750000000e-01
9.843750000000000000e-01 -5.004882812500000000e-02 1.149902343750000000e-01
9.831542968750000000e-01 -5.126953125000000000e-02 1.091308593750000000e-01
9.787597656250000000e-01 -5.224609375000000000e-02 1.110839843750000000e-01
9.821777343750000000e-01 -4.663085937500000000e-02 1.027832031250000000e-01
9.824218750000000000e-01 -4.687500000000000000e-02 1.127929687500000000e-01
9.829101562500000000e-01 -4.931640625000000000e-02 1.140136718750000000e-01
9.848632812500000000e-01 -4.760742187500000000e-02 1.115722656250000000e-01
9.831542968750000000e-01 -5.541992187500000000e-02 1.125488281250000000e-01
9.792480468750000000e-01 -5.932617187500000000e-02 1.123046875000000000e-01
9.848632812500000000e-01 -5.102539062500000000e-02 1.127929687500000000e-01
9.807128906250000000e-01 -4.638671875000000000e-02 1.130371093750000000e-01
9.799804687500000000e-01 -4.736328125000000000e-02 1.132812500000000000e-01
9.853515625000000000e-01 -5.639648437500000000e-02 1.105957031250000000e-01
9.824218750000000000e-01 -5.371093750000000000e-02 1.108398437500000000e-01
9.838867187500000000e-01 -5.590820312500000000e-02 1.098632812500000000e-01
9.843750000000000000e-01 -4.956054687500000000e-02 1.081542968750000000e-01
9.824218750000000000e-01 -4.687500000000000000e-02 1.025390625000000000e-01
9.838867187500000000e-01 -5.932617187500000000e-02 1.096191406250000000e-01
9.814453125000000000e-01 -6.201171875000000000e-02 1.044921875000000000e-01
9.836425781250000000e-01 -5.468750000000000000e-02 9.765625000000000000e-02
9.863281250000000000e-01 -5.395507812500000000e-02 1.557617187500000000e-01
9.855957031250000000e-01 -1.257324218750000000e-01 1.545410156250000000e-01
9.782714843750000000e-01 -5.957031250000000000e-02 1.542968750000000000e-01
9.870605468750000000e-01 -1.320800781250000000e-01 1.450195312500000000e-01
9.802246093750000000e-01 -5.932617187500000000e-02 1.542968750000000000e-01
1.067871093750000000e+00 -1.362304687500000000e-01 1.406250000000000000e-01
9.782714843750000000e-01 -1.513671875000000000e-01 1.489257812500000000e-01
1.028076171875000000e+00 -1.435546875000000000e-01 1.550292968750000000e-01
9.692382812500000000e-01 -1.530761718750000000e-01 1.545410156250000000e-01
1.086425781250000000e+00 1.540527343750000000e-01 1.315917968750000000e-01
1.066162109375000000e+00 -2.343750000000000000e-02 1.762695312500000000e-01
9.836425781250000000e-01 -4.443359375000000000e-02 1.755371093750000000e-01
9.970703125000000000e-01 -8.544921875000000000e-02 1.970214843750000000e-01
9.902343750000000000e-01 1.220703125000000000e-03 1.452636718750000000e-01
9.887695312500000000e-01 -7.885742187500000000e-02 1.152343750000000000e-01
1.025390625000000000e+00 6.591796875000000000e-03 1.599121093750000000e-01
9.794921875000000000e-01 -4.663085937500000000e-02 2.004394531250000000e-01
9.958496093750000000e-01 -4.272460937500000000e-02 1.679687500000000000e-01
1.020996093750000000e+00 -4.589843750000000000e-02 1.828613281250000000e-01
9.885253906250000000e-01 -8.691406250000000000e-02 1.811523437500000000e-01
9.858398437500000000e-01 -7.543945312500000000e-02 3.269042968750000000e-01
9.863281250000000000e-01 -3.979492187500000000e-02 1.569824218750000000e-01
9.716796875000000000e-01 -5.810546875000000000e-02 2.309570312500000000e-01
1.005371093750000000e+00 -1.103515625000000000e-01 1.694335937500000000e-01
9.770507812500000000e-01 4.394531250000000000e-03 2.539062500000000000e-01
1.010742187500000000e+00 6.591796875000000000e-03 1.774902343750000000e-01
9.909667968750000000e-01 -6.396484375000000000e-02 1.594238281250000000e-01
1.025390625000000000e+00 -4.174804687500000000e-02 2.546386718750000000e-01
1.029785156250000000e+00 -5.664062500000000000e-02 1.782226562500000000e-01
9.797363281250000000e-01 -9.301757812500000000e-02 2.529296875000000000e-01
5.053710937500000000e-01 -2.758789062500000000e-02 -7.836914062500000000e-02
8.122558593750000000e-01 -3.857421875000000000e-02 1.857910156250000000e-01
1.028564453125000000e+00 -5.981445312500000000e-02 1.596679687500000000e-01
9.714355468750000000e-01 -5.224609375000000000e-02 1.850585937500000000e-01
9.794921875000000000e-01 3.027343750000000000e-02 1.579589843750000000e-01
9.770507812500000000e-01 7.324218750000000000e-04 2.006835937500000000e-01
9.951171875000000000e-01 -3.710937500000000000e-02 1.464843750000000000e-01
9.843750000000000000e-01 -3.588867187500000000e-02 1.960449218750000000e-01
1.029541015625000000e+00 -7.373046875000000000e-02 1.921386718750000000e-01
9.741210937500000000e-01 -4.858398437500000000e-02 1.901855468750000000e-01
9.826660156250000000e-01 -6.225585937500000000e-02 1.215820312500000000e-01
9.870605468750000000e-01 -6.079101562500000000e-02 1.240234375000000000e-01
