9.865722656250000000e-01 2.636718750000000000e-02 4.809570312500000000e-02
9.865722656250000000e-01 2.636718750000000000e-02 4.809570312500000000e-02
9.873046875000000000e-01 3.051757812500000000e-02 4.980468750000000000e-02
9.873046875000000000e-01 3.051757812500000000e-02 4.980468750000000000e-02
9.860839843750000000e-01 -3.125000000000000000e-02 5.078125000000000000e-02
9.863281250000000000e-01 2.856445312500000000e-02 4.760742187500000000e-02
9.892578125000000000e-01 3.002929687500000000e-02 4.394531250000000000e-02
9.887695312500000000e-01 3.100585937500000000e-02 3.906250000000000000e-02
9.838867187500000000e-01 2.709960937500000000e-02 3.857421875000000000e-02
9.841308593750000000e-01 -3.076171875000000000e-02 3.247070312500000000e-02
9.865722656250000000e-01 -3.002929687500000000e-02 3.906250000000000000e-02
9.875488281250000000e-01 2.612304687500000000e-02 9.130859375000000000e-02
9.846191406250000000e-01 2.880859375000000000e-02 9.082031250000000000e-02
9.855957031250000000e-01 2.661132812500000000e-02 8.813476562500000000e-02
9.890136718750000000e-01 2.978515625000000000e-02 8.593750000000000000e-02
9.855957031250000000e-01 -3.027343750000000000e-02 8.520507812500000000e-02
9.848632812500000000e-01 -3.076171875000000000e-02 3.881835937500000000e-02
9.904785156250000000e-01 -2.856445312500000000e-02 9.350585937500000000e-02
9.843750000000000000e-01 2.636718750000000000e-02 3.198242187500000000e-02
9.870605468750000000e-01 2.539062500000000000e-02 3.466796875000000000e-02
9.848632812500000000e-01 2.856445312500000000e-02 4.638671875000000000e-02
9.860839843750000000e-01 2.954101562500000000e-02 3.564453125000000000e-02
9.846191406250000000e-01 2.880859375000000000e-02 3.515625000000000000e-02
9.904785156250000000e-01 2.709960937500000000e-02 3.881835937500000000e-02
9.846191406250000000e-01 -2.978515625000000000e-02 3.540039062500000000e-02
9.858398437500000000e-01 3.027343750000000000e-02 3.662109375000000000e-02
9.899902343750000000e-01 2.734375000000000000e-02 3.833007812500000000e-02
9.880371093750000000e-01 2.392578125000000000e-02 3.540039062500000000e-02
9.877929687500000000e-01 2.685546875000000000e-02 4.589843750000000000e-02
9.858398437500000000e-01 -2.490234375000000000e-02 4.418945312500000000e-02
9.843750000000000000e-01 -1.879882812500000000e-02 3.686523437500000000e-02
9.836425781250000000e-01 -1.928710937500000000e-02 4.052734375000000000e-02
9.855957031250000000e-01 -7.324218750000000000e-03 9.204101562500000000e-02
9.816894531250000000e-01 -9.521484375000000000e-03 9.106445312500000000e-02
9.890136718750000000e-01 7.324218750000000000e-02 8.251953125000000000e-02
9.909667968750000000e-01 4.760742187500000000e-02 -6.835937500000000000e-03
9.797363281250000000e-01 1.267089843750000000e-01 -2.441406250000000000e-04
1.065185546875000000e+00 1.098632812500000000e-01 -2.661132812500000000e-02
1.014892578125000000e+00 1.179199218750000000e-01 7.519531250000000000e-02
9.294433593750000000e-01 1.359863281250000000e-01 5.468750000000000000e-02
9.697265625000000000e-01 1.276855468750000000e-01 1.032714843750000000e-01
1.068115234375000000e+00 5.053710937500000000e-02 1.459960937500000000e-01
9.816894531250000000e-01 1.535644531250000000e-01 9.741210937500000000e-02
1.009277343750000000e+00 2.062988281250000000e-01 1.542968750000000000e-01
1.009521484375000000e+00 2.016601562500000000e-01 9.423828125000000000e-02
9.826660156250000000e-01 1.166992187500000000e-01 9.765625000000000000e-02
1.019042968750000000e+00 1.254882812500000000e-01 1.005859375000000000e-01
9.350585937500000000e-01 1.376953125000000000e-01 9.692382812500000000e-02
1.135742187500000000e+00 1.230468750000000000e-01 5.932617187500000000e-02
1.139892578125000000e+00 3.327636718750000000e-01 5.224609375000000000e-02
1.214111328125000000e+00 1.596679687500000000e-01 -2.221679687500000000e-02
9.877929687500000000e-01 7.519531250000000000e-02 -3.295898437500000000e-02
1.015136718750000000e+00 -8.813476562500000000e-02 -7.812500000000000000e-02
1.031738281250000000e+00 2.905273437500000000e-02 -4.467773437500000000e-02
9.470214843750000000e-01 -1.889648437500000000e-01 -7.519531250000000000e-02
7.951660156250000000e-01 6.103515625000000000e-03 -2.685546875000000000e-02
9.643554687500000000e-01 6.372070312500000000e-02 -3.417968750000000000e-03
1.022705078125000000e+00 6.494140625000000000e-02 -1.123046875000000000e-02
9.101562500000000000e-01 -5.859375000000000000e-03 4.272460937500000000e-02
9.997558593750000000e-01 -1.342773437500000000e-02 5.151367187500000000e-02
1.043945312500000000e+00 -6.274414062500000000e-02 1.284179687500000000e-01
1.174560546875000000e+00 -2.512207031250000000e-01 1.481933593750000000e-01
1.404296875000000000e+00 -2.028808593750000000e-01 -1.350097656250000000e-01
1.226074218750000000e+00 7.714843750000000000e-02 -2.846679687500000000e-01
6.533203125000000000e-01 4.055175781250000000e-01 -1.511230468750000000e-01
1.197509765625000000e+00 -6.030273437500000000e-02 -8.471679687500000000e-02
1.002929687500000000e+00 -4.394531250000000000e-02 -5.175781250000000000e-02
8.461914062500000000e-01 1.533203125000000000e-01 8.691406250000000000e-02
9.653320312500000000e-01 9.252929687500000000e-02 5.810546875000000000e-02
8.701171875000000000e-01 2.758789062500000000e-02 1.289062500000000000e-01
8.076171875000000000e-01 5.664062500000000000e-02 1.098632812500000000e-01
9.199218750000000000e-01 6.591796875000000000e-02 6.054687500000000000e-02
1.131835937500000000e+00 5.712890625000000000e-02 6.738281250000000000e-02
9.765625000000000000e-01 -3.027343750000000000e-02 5.615234375000000000e-02
1.072509765625000000e+00 -1.020507812500000000e-01 -2.807617187500000000e-02
1.213623046875000000e+00 8.398437500000000000e-02 -2.592773437500000000e-01
1.213378906250000000e+00 -2.675781250000000000e-01 -1.335449218750000000e-01
9.079589843750000000e-01 -2.224121093750000000e-01 -1.818847656250000000e-01
1.082031250000000000e+00 -2.856445312500000000e-02 -1.809082031250000000e-01
8.601074218750000000e-01 -2.863769531250000000e-01 -2.004394531250000000e-01
9.782714843750000000e-01 -1.755371093750000000e-01 -2.111816406250000000e-01
9.338378906250000000e-01 -2.634277343750000000e-01 -1.643066406250000000e-01
1.008056640625000000e+00 -1.782226562500000000e-01 -1.325683593750000000e-01
9.067382812500000000e-01 -1.237792968750000000e-01 -1.264648437500000000e-01
9.104003906250000000e-01 -1.208496093750000000e-01 -1.328125000000000000e-01
9.797363281250000000e-01 -1.892089843750000000e-01 -3.173828125000000000e-02
9.172363281250000000e-01 -1.926269531250000000e-01 -6.518554687500000000e-02
1.073730468750000000e+00 -1.376953125000000000e-01 -7.690429687500000000e-02
1.017822265625000000e+00 -8.911132812500000000e-02 -8.178710937500000000e-02
9.130859375000000000e-01 -1.320800781250000000e-01 -3.466796875000000000e-02
1.094726562500000000e+00 -4.956054687500000000e-02 -1.374511718750000000e-01
9.072265625000000000e-01 4.125976562500000000e-02 -3.662109375000000000e-02
9.912109375000000000e-01 9.594726562500000000e-02 7.739257812500000000e-02
1.070556640625000000e+00 -1.271972656250000000e-01 3.417968750000000000e-03
1.033203125000000000e+00 -6.958007812500000000e-02 -5.053710937500000000e-02
1.074707031250000000e+00 1.638183593750000000e-01 2.490234375000000000e-02
9.245605468750000000e-01 3.466796875000000000e-02 -1.367187500000000000e-02
9.316406250000000000e-01 8.398437500000000000e-02 1.562500000000000000e-02
9.882812500000000000e-01 4.370117187500000000e-02 -1.806640625000000000e-02
9.799804687500000000e-01 8.618164062500000000e-02 -9.765625000000000000e-03
9.912109375000000000e-01 9.033203125000000000e-02 3.149414062500000000e-02
1.025390625000000000e+00 7.910156250000000000e-02 1.005859375000000000e-01
1.006103515625000000e+00 4.223632812500000000e-02 1.113281250000000000e-01
1.018310546875000000e+00 1.335449218750000000e-01 2.133789062500000000e-01
9.812011718750000000e-01 1.379394531250000000e-01 2.180175781250000000e-01
1.070312500000000000e+00 1.645507812500000000e-01 1.606445312500000000e-01
1.209228515625000000e+00 9.716796875000000000e-02 1.789550781250000000e-01
1.438720703125000000e+00 1.171875000000000000e-01 -1.057128906250000000e-01
1.077148437500000000e+00 1.000976562500000000e-02 -1.113281250000000000e-01
7.407226562500000000e-01 -2.792968750000000000e-01 -5.688476562500000000e-02
1.091796875000000000e+00 1.220703125000000000e-01 -2.734375000000000000e-02
9.116210937500000000e-01 8.544921875000000000e-02 2.294921875000000000e-02
8.657226562500000000e-01 -4.394531250000000000e-03 2.172851562500000000e-02
9.492187500000000000e-01 1.511230468750000000e-01 -5.126953125000000000e-03
1.000976562500000000e+00 -2.075195312500000000e-02 1.098632812500000000e-02
9.157714843750000000e-01 1.350097656250000000e-01 -1.977539062500000000e-02
9.067382812500000000e-01 -7.080078125000000000e-03 -4.882812500000000000e-03
9.826660156250000000e-01 1.542968750000000000e-01 1.394042968750000000e-01
1.079345703125000000e+00 6.152343750000000000e-02 -1.586914062500000000e-02
1.132080078125000000e+00 4.467773437500000000e-02 1.030273437500000000e-01
1.059570312500000000e+00 -6.811523437500000000e-02 2.578125000000000000e-01
1.498291015625000000e+00 9.277343750000000000e-02 -5.805664062500000000e-01
8.977050781250000000e-01 2.438964843750000000e-01 -2.907714843750000000e-01
1.018798828125000000e+00 2.512207031250000000e-01 -1.091308593750000000e-01
1.081298828125000000e+00 3.491210937500000000e-02 -1.027832031250000000e-01
8.393554687500000000e-01 1.328125000000000000e-01 1.538085937500000000e-02
9.389648437500000000e-01 -2.126464843750000000e-01 -6.372070312500000000e-02
8.583984375000000000e-01 8.276367187500000000e-02 9.814453125000000000e-02
1.021972656250000000e+00 6.909179687500000000e-02 1.960449218750000000e-01
9.492187500000000000e-01 1.118164062500000000e-01 1.669921875000000000e-01
1.026123046875000000e+00 1.735839843750000000e-01 2.116699218750000000e-01
1.218750000000000000e+00 2.868652343750000000e-01 9.985351562500000000e-02
1.338134765625000000e+00 4.443359375000000000e-02 2.639160156250000000e-01
1.328857421875000000e+00 2.663574218750000000e-01 -4.538574218750000000e-01
8.762207031250000000e-01 -9.936523437500000000e-02 -2.272949218750000000e-01
9.599609375000000000e-01 1.530761718750000000e-01 2.075195312500000000e-02
9.372558593750000000e-01 1.135253906250000000e-01 -1.320800781250000000e-01
9.570312500000000000e-01 -7.226562500000000000e-02 -1.281738281250000000e-01
1.017822265625000000e+00 -1.271972656250000000e-01 -6.103515625000000000e-03
1.001708984375000000e+00 1.953125000000000000e-03 3.906250000000000000e-02
7.363281250000000000e-01 -9.375000000000000000e-02 1.245117187500000000e-01
1.002929687500000000e+00 7.080078125000000000e-03 2.062988281250000000e-01
9.978027343750000000e-01 6.958007812500000000e-02 1.933593750000000000e-01
1.277343750000000000e+00 -5.297851562500000000e-02 2.587890625000000000e-01
1.692626953125000000e+00 -3.051757812500000000e-02 -1.606445312500000000e-01
1.072998046875000000e+00 2.155761718750000000e-01 -3.852539062500000000e-01
7.192382812500000000e-01 3.198242187500000000e-02 -4.638671875000000000e-02
1.065917968750000000e+00 -1.152343750000000000e-01 -4.150390625000000000e-02
8.872070312500000000e-01 -7.324218750000000000e-04 -2.075195312500000000e-02
7.885742187500000000e-01 6.176757812500000000e-02 7.153320312500000000e-02
8.676757812500000000e-01 5.200195312500000000e-02 1.345214843750000000e-01
8.752441406250000000e-01 4.980468750000000000e-02 1.530761718750000000e-01
7.868652343750000000e-01 -5.419921875000000000e-02 1.945800781250000000e-01
1.171142578125000000e+00 -7.250976562500000000e-02 1.201171875000000000e-01
1.397216796875000000e+00 2.949218750000000000e-01 2.436523437500000000e-01
1.312011718750000000e+00 -1.750488281250000000e-01 -9.765625000000000000e-04
1.387207031250000000e+00 1.374511718750000000e-01 -4.921875000000000000e-01
8.420410156250000000e-01 -4.150390625000000000e-03 -1.093750000000000000e-01
8.918457031250000000e-01 1.877441406250000000e-01 -6.347656250000000000e-03
1.086181640625000000e+00 3.090820312500000000e-01 -6.103515625000000000e-03
9.384765625000000000e-01 -1.086425781250000000e-01 8.349609375000000000e-02
8.889160156250000000e-01 -7.006835937500000000e-02 1.083984375000000000e-01
8.088378906250000000e-01 -1.513671875000000000e-02 1.040039062500000000e-01
8.815917968750000000e-01 2.929687500000000000e-03 1.743164062500000000e-01
1.082519531250000000e+00 3.002929687500000000e-02 2.089843750000000000e-01
1.145996093750000000e+00 -4.760742187500000000e-02 1.899414062500000000e-01
1.234130859375000000e+00 1.132812500000000000e-01 3.090820312500000000e-01
1.674560546875000000e+00 1.950683593750000000e-01 -3.996582031250000000e-01
6.789550781250000000e-01 1.608886718750000000e-01 -1.643066406250000000e-01
9.218750000000000000e-01 -6.933593750000000000e-02 -7.714843750000000000e-02
1.056152343750000000e+00 1.103515625000000000e-01 -5.078125000000000000e-02
7.988281250000000000e-01 1.916503906250000000e-01 5.957031250000000000e-02
8.364257812500000000e-01 -6.298828125000000000e-02 8.740234375000000000e-02
8.947753906250000000e-01 -7.812500000000000000e-03 5.859375000000000000e-02
8.986816406250000000e-01 6.323242187500000000e-02 2.148437500000000000e-01
1.075927734375000000e+00 6.640625000000000000e-02 2.104492187500000000e-01
1.202880859375000000e+00 1.391601562500000000e-01 9.155273437500000000e-02
1.510742187500000000e+00 9.106445312500000000e-02 4.291992187500000000e-01
9.592285156250000000e-01 6.567382812500000000e-02 -1.181640625000000000e-01
1.254394531250000000e+00 2.946777343750000000e-01 -4.833984375000000000e-01
9.729003906250000000e-01 6.420898437500000000e-02 -2.729492187500000000e-01
7.226562500000000000e-01 1.352539062500000000e-01 -6.030273437500000000e-02
9.770507812500000000e-01 1.513671875000000000e-01 -5.419921875000000000e-02
9.379882812500000000e-01 -1.967773437500000000e-01 -7.885742187500000000e-02
9.541015625000000000e-01 1.147460937500000000e-02 5.102539062500000000e-02
7.819824218750000000e-01 -1.513671875000000000e-01 4.516601562500000000e-02
9.526367187500000000e-01 -1.337890625000000000e-01 2.170410156250000000e-01
9.772949218750000000e-01 -3.417968750000000000e-02 7.080078125000000000e-02
1.287353515625000000e+00 1.171875000000000000e-01 1.198730468750000000e-01
1.433837890625000000e+00 9.936523437500000000e-02 1.289062500000000000e-01
1.306640625000000000e+00 -7.617187500000000000e-02 -4.887695312500000000e-01
7.670898437500000000e-01 2.343750000000000000e-02 -2.766113281250000000e-01
1.105712890625000000e+00 -1.442871093750000000e-01 -3.051757812500000000e-02
8.535156250000000000e-01 -1.298828125000000000e-01 -9.155273437500000000e-02
7.158203125000000000e-01 4.223632812500000000e-02 5.883789062500000000e-02
8.837890625000000000e-01 1.523437500000000000e-01 4.980468750000000000e-02
8.813476562500000000e-01 1.545410156250000000e-01 1.376953125000000000e-01
8.151855468750000000e-01 -6.811523437500000000e-02 1.127929687500000000e-01
1.325439453125000000e+00 5.859375000000000000e-03 1.542968750000000000e-01
1.362304687500000000e+00 1.474609375000000000e-01 2.360839843750000000e-01
