9.843750000000000000e-01 1.245117187500000000e-02 1.013183593750000000e-01
9.843750000000000000e-01 1.245117187500000000e-02 1.013183593750000000e-01
9.882812500000000000e-01 1.293945312500000000e-02 9.863281250000000000e-02
9.882812500000000000e-01 1.293945312500000000e-02 9.863281250000000000e-02
9.951171875000000000e-01 4.150390625000000000e-03 9.692382812500000000e-02
9.956054687500000000e-01 -6.982421875000000000e-02 1.362304687500000000e-01
1.072998046875000000e+00 -7.812500000000000000e-02 1.425781250000000000e-01
9.997558593750000000e-01 -9.350585937500000000e-02 1.457519531250000000e-01
9.926757812500000000e-01 -3.833007812500000000e-02 1.450195312500000000e-01
9.968261718750000000e-01 -5.029296875000000000e-02 1.472167968750000000e-01
9.904785156250000000e-01 -4.125976562500000000e-02 1.340332031250000000e-01
9.892578125000000000e-01 -3.344726562500000000e-02 1.447753906250000000e-01
9.885253906250000000e-01 -6.347656250000000000e-02 1.464843750000000000e-01
1.083251953125000000e+00 -5.126953125000000000e-03 5.297851562500000000e-02
9.924316406250000000e-01 6.567382812500000000e-02 1.347656250000000000e-01
9.719238281250000000e-01 2.978515625000000000e-02 1.047363281250000000e-01
1.008544921875000000e+00 -7.739257812500000000e-02 1.394042968750000000e-01
1.078369140625000000e+00 -4.687500000000000000e-02 1.330566406250000000e-01
9.921875000000000000e-01 -5.883789062500000000e-02 1.049804687500000000e-01
9.907226562500000000e-01 -8.911132812500000000e-02 9.887695312500000000e-02
9.973144531250000000e-01 -7.348632812500000000e-02 1.518554687500000000e-01
9.958496093750000000e-01 -7.470703125000000000e-02 1.528320312500000000e-01
1.071044921875000000e+00 -7.885742187500000000e-02 1.286621093750000000e-01
9.882812500000000000e-01 -9.228515625000000000e-02 1.335449218750000000e-01
1.064453125000000000e+00 -3.271484375000000000e-02 1.269531250000000000e-01
9.951171875000000000e-01 -7.983398437500000000e-02 5.981445312500000000e-02
1.064697265625000000e+00 -7.763671875000000000e-02 1.274414062500000000e-01
1.064941406250000000e+00 -6.689453125000000000e-02 1.254882812500000000e-01
9.953613281250000000e-01 1.660156250000000000e-02 5.859375000000000000e-02
9.943847656250000000e-01 1.220703125000000000e-02 1.367187500000000000e-01
9.943847656250000000e-01 2.197265625000000000e-03 1.289062500000000000e-01
9.990234375000000000e-01 -8.496093750000000000e-02 1.357421875000000000e-01
1.072753906250000000e+00 -3.613281250000000000e-02 1.257324218750000000e-01
9.980468750000000000e-01 -7.763671875000000000e-02 1.333007812500000000e-01
9.826660156250000000e-01 -8.789062500000000000e-02 1.296386718750000000e-01
1.083984375000000000e+00 -7.519531250000000000e-02 9.179687500000000000e-02
1.048828125000000000e+00 -2.905273437500000000e-02 6.494140625000000000e-02
9.719238281250000000e-01 -4.760742187500000000e-02 4.882812500000000000e-03
1.026611328125000000e+00 -7.031250000000000000e-02 8.520507812500000000e-02
1.026123046875000000e+00 -5.224609375000000000e-02 4.150390625000000000e-02
1.073242187500000000e+00 -5.468750000000000000e-02 -2.270507812500000000e-02
9.250488281250000000e-01 -6.323242187500000000e-02 1.437988281250000000e-01
1.033691406250000000e+00 -6.518554687500000000e-02 3.857421875000000000e-02
9.887695312500000000e-01 -2.106933593750000000e-01 -7.202148437500000000e-02
9.553222656250000000e-01 -1.008300781250000000e-01 2.709960937500000000e-02
9.670410156250000000e-01 -2.155761718750000000e-01 -1.376953125000000000e-01
9.221191406250000000e-01 -2.658691406250000000e-01 -9.765625000000000000e-02
7.863769531250000000e-01 -1.391601562500000000e-01 -9.716796875000000000e-02
7.854003906250000000e-01 3.027343750000000000e-02 -5.144042968750000000e-01
1.007324218750000000e+00 -2.373046875000000000e-01 -1.650390625000000000e-01
9.548339843750000000e-01 1.345214843750000000e-01 -5.253906250000000000e-01
8.195800781250000000e-01 1.352539062500000000e-01 -2.910156250000000000e-01
7.368164062500000000e-01 -5.395507812500000000e-02 -4.313964843750000000e-01
6.977539062500000000e-01 5.371093750000000000e-03 -4.958496093750000000e-01
6.003417968750000000e-01 2.465820312500000000e-02 -6.643066406250000000e-01
6.879882812500000000e-01 1.708984375000000000e-02 -7.575683593750000000e-01
3.613281250000000000e-01 8.862304687500000000e-02 -7.304687500000000000e-01
3.137207031250000000e-01 9.057617187500000000e-02 -8.532714843750000000e-01
4.467773437500000000e-02 2.563476562500000000e-02 -8.693847656250000000e-01
5.810546875000000000e-02 3.637695312500000000e-02 -8.383789062500000000e-01
-6.909179687500000000e-02 7.324218750000000000e-02 -8.364257812500000000e-01
-1.284179687500000000e-01 6.640625000000000000e-02 -8.342285156250000000e-01
-7.763671875000000000e-02 2.807617187500000000e-02 -6.806640625000000000e-01
-2.563476562500000000e-02 -8.056640625000000000e-02 -9.340820312500000000e-01
-8.789062500000000000e-02 -2.905273437500000000e-02 -1.008056640625000000e+00
4.150390625000000000e-02 -1.560058593750000000e-01 -1.062988281250000000e+00
1.242675781250000000e-01 -1.059570312500000000e-01 -1.091064453125000000e+00
3.391113281250000000e-01 -2.163085937500000000e-01 -9.326171875000000000e-01
4.287109375000000000e-01 -1.979980468750000000e-01 -1.135253906250000000e+00
4.982910156250000000e-01 -1.706542968750000000e-01 -1.128906250000000000e+00
6.228027343750000000e-01 -2.241210937500000000e-01 -1.040039062500000000e+00
7.373046875000000000e-01 -2.280273437500000000e-01 -9.663085937500000000e-01
7.634277343750000000e-01 -2.949218750000000000e-01 -7.690429687500000000e-01
8.400878906250000000e-01 -2.363281250000000000e-01 -4.291992187500000000e-01
7.194824218750000000e-01 -2.370605468750000000e-01 -2.856445312500000000e-01
8.159179687500000000e-01 -2.429199218750000000e-01 -1.096191406250000000e-01
1.026367187500000000e+00 -3.020019531250000000e-01 -2.302246093750000000e-01
9.975585937500000000e-01 -3.901367187500000000e-01 -3.955078125000000000e-02
9.196777343750000000e-01 -3.574218750000000000e-01 -3.173828125000000000e-02
9.846191406250000000e-01 -4.250488281250000000e-01 4.467773437500000000e-02
1.039794921875000000e+00 -2.841796875000000000e-01 1.928710937500000000e-02
9.826660156250000000e-01 -3.603515625000000000e-01 9.741210937500000000e-02
9.355468750000000000e-01 -5.661621093750000000e-01 3.186035156250000000e-01
8.820800781250000000e-01 -4.423828125000000000e-01 2.016601562500000000e-01
8.999023437500000000e-01 -4.208984375000000000e-01 2.495117187500000000e-01
9.545898437500000000e-01 -5.761718750000000000e-01 4.643554687500000000e-01
6.684570312500000000e-01 -6.257324218750000000e-01 3.774414062500000000e-01
7.268066406250000000e-01 -4.506835937500000000e-01 4.904785156250000000e-01
7.575683593750000000e-01 -5.458984375000000000e-01 4.108886718750000000e-01
7.248535156250000000e-01 -2.841796875000000000e-01 6.069335937500000000e-01
8.366699218750000000e-01 -4.201660156250000000e-01 5.942382812500000000e-01
8.066406250000000000e-01 -2.402343750000000000e-01 4.689941406250000000e-01
9.035644531250000000e-01 -1.496582031250000000e-01 6.555175781250000000e-01
8.442382812500000000e-01 -1.513671875000000000e-02 7.602539062500000000e-01
8.105468750000000000e-01 5.737304687500000000e-02 7.634277343750000000e-01
8.142089843750000000e-01 4.555664062500000000e-01 1.005859375000000000e+00
7.814941406250000000e-01 2.827148437500000000e-01 7.468261718750000000e-01
8.183593750000000000e-01 3.278808593750000000e-01 7.543945312500000000e-01
5.629882812500000000e-01 1.916503906250000000e-01 8.166503906250000000e-01
5.231933593750000000e-01 2.810058593750000000e-01 6.401367187500000000e-01
5.341796875000000000e-01 2.600097656250000000e-01 7.551269531250000000e-01
3.674316406250000000e-01 4.230957031250000000e-01 8.085937500000000000e-01
6.228027343750000000e-01 4.985351562500000000e-01 8.671875000000000000e-01
4.570312500000000000e-01 3.803710937500000000e-01 9.855957031250000000e-01
4.565429687500000000e-01 2.490234375000000000e-01 1.075195312500000000e+00
4.160156250000000000e-01 3.906250000000000000e-01 9.140625000000000000e-01
3.964843750000000000e-01 2.287597656250000000e-01 1.124511718750000000e+00
4.704589843750000000e-01 2.717285156250000000e-01 1.028808593750000000e+00
4.020996093750000000e-01 2.519531250000000000e-01 9.560546875000000000e-01
3.674316406250000000e-01 2.661132812500000000e-01 1.146240234375000000e+00
3.640136718750000000e-01 1.894531250000000000e-01 9.643554687500000000e-01
2.033691406250000000e-01 1.408691406250000000e-01 1.065673828125000000e+00
2.829589843750000000e-01 1.362304687500000000e-01 9.853515625000000000e-01
1.103515625000000000e-01 3.149414062500000000e-02 1.136474609375000000e+00
2.563476562500000000e-01 8.593750000000000000e-02 1.190185546875000000e+00
1.918945312500000000e-01 -9.521484375000000000e-03 1.117187500000000000e+00
2.006835937500000000e-01 7.543945312500000000e-02 1.164550781250000000e+00
1.467285156250000000e-01 8.740234375000000000e-02 1.125000000000000000e+00
1.301269531250000000e-01 4.443359375000000000e-02 1.073242187500000000e+00
8.398437500000000000e-02 -2.929687500000000000e-03 1.018798828125000000e+00
7.055664062500000000e-02 -7.006835937500000000e-02 8.937988281250000000e-01
2.490234375000000000e-02 -1.494140625000000000e-01 8.649902343750000000e-01
8.666992187500000000e-02 -1.337890625000000000e-01 1.080322265625000000e+00
1.484375000000000000e-01 -9.228515625000000000e-02 1.081787109375000000e+00
1.313476562500000000e-01 -1.252441406250000000e-01 1.080810546875000000e+00
1.972656250000000000e-01 -6.469726562500000000e-02 1.244140625000000000e+00
9.765625000000000000e-02 -6.787109375000000000e-02 1.245605468750000000e+00
2.136230468750000000e-01 -8.862304687500000000e-02 1.182861328125000000e+00
8.081054687500000000e-02 -4.882812500000000000e-03 1.079101562500000000e+00
1.479492187500000000e-01 9.033203125000000000e-02 1.044677734375000000e+00
1.669921875000000000e-01 3.442382812500000000e-02 1.054687500000000000e+00
1.787109375000000000e-01 7.934570312500000000e-02 1.036376953125000000e+00
2.187500000000000000e-01 5.029296875000000000e-02 1.093505859375000000e+00
2.026367187500000000e-01 5.346679687500000000e-02 1.144775390625000000e+00
2.177734375000000000e-01 7.348632812500000000e-02 1.107177734375000000e+00
1.752929687500000000e-01 -1.660156250000000000e-02 1.059082031250000000e+00
2.529296875000000000e-01 5.859375000000000000e-03 1.031982421875000000e+00
1.601562500000000000e-01 -6.738281250000000000e-02 1.093017578125000000e+00
2.050781250000000000e-01 5.126953125000000000e-03 1.051269531250000000e+00
2.121582031250000000e-01 2.783203125000000000e-02 1.050048828125000000e+00
1.577148437500000000e-01 -2.343750000000000000e-02 1.148437500000000000e+00
1.696777343750000000e-01 -1.733398437500000000e-02 1.149902343750000000e+00
1.679687500000000000e-01 -1.391601562500000000e-02 1.060058593750000000e+00
1.679687500000000000e-01 -6.835937500000000000e-03 1.093750000000000000e+00
1.623535156250000000e-01 6.347656250000000000e-02 1.090332031250000000e+00
1.694335937500000000e-01 6.372070312500000000e-02 1.045166015625000000e+00
1.762695312500000000e-01 -5.126953125000000000e-03 1.126708984375000000e+00
1.794433593750000000e-01 -1.879882812500000000e-02 1.143066406250000000e+00
1.804199218750000000e-01 -2.148437500000000000e-02 1.135009765625000000e+00
1.782226562500000000e-01 -2.587890625000000000e-02 1.052490234375000000e+00
1.816406250000000000e-01 -2.539062500000000000e-02 1.037597656250000000e+00
2.687988281250000000e-01 -2.026367187500000000e-02 1.031494140625000000e+00
1.857910156250000000e-01 -1.391601562500000000e-02 1.041015625000000000e+00
2.617187500000000000e-01 -9.765625000000000000e-03 1.062500000000000000e+00
2.526855468750000000e-01 -1.147460937500000000e-02 1.058349609375000000e+00
2.639160156250000000e-01 -1.098632812500000000e-02 1.057617187500000000e+00
2.741699218750000000e-01 -7.568359375000000000e-03 1.038818359375000000e+00
2.722167968750000000e-01 -1.123046875000000000e-02 1.038574218750000000e+00
2.795410156250000000e-01 -1.367187500000000000e-02 1.040771484375000000e+00
2.202148437500000000e-01 -1.293945312500000000e-02 1.045898437500000000e+00
2.775878906250000000e-01 -1.733398437500000000e-02 1.040771484375000000e+00
2.800292968750000000e-01 -1.342773437500000000e-02 1.038330078125000000e+00
2.797851562500000000e-01 -1.098632812500000000e-02 1.037353515625000000e+00
2.736816406250000000e-01 -1.464843750000000000e-02 1.040771484375000000e+00
2.724609375000000000e-01 -1.538085937500000000e-02 1.057861328125000000e+00
2.592773437500000000e-01 -1.025390625000000000e-02 1.043945312500000000e+00
2.644042968750000000e-01 -9.521484375000000000e-03 1.056884765625000000e+00
2.551269531250000000e-01 -1.391601562500000000e-02 1.093750000000000000e+00
1.833496093750000000e-01 -1.196289062500000000e-02 1.047119140625000000e+00
2.551269531250000000e-01 -2.856445312500000000e-02 1.185302734375000000e+00
3.325195312500000000e-01 -2.978515625000000000e-02 1.111816406250000000e+00
7.202148437500000000e-02 -1.220703125000000000e-03 1.075683593750000000e+00
2.023925781250000000e-01 6.665039062500000000e-02 1.012939453125000000e+00
2.028808593750000000e-01 -1.757812500000000000e-02 1.053466796875000000e+00
1.584472656250000000e-01 -1.074218750000000000e-02 1.039306640625000000e+00
2.573242187500000000e-01 -3.125000000000000000e-02 1.108642578125000000e+00
1.762695312500000000e-01 -1.562500000000000000e-02 1.127441406250000000e+00
1.721191406250000000e-01 -1.220703125000000000e-02 1.128906250000000000e+00
1.596679687500000000e-01 -1.953125000000000000e-02 1.142578125000000000e+00
1.733398437500000000e-01 -1.513671875000000000e-02 1.131591796875000000e+00
1.640625000000000000e-01 6.298828125000000000e-02 1.071533203125000000e+00
1.772460937500000000e-01 -1.245117187500000000e-02 1.038330078125000000e+00
1.862792968750000000e-01 -1.171875000000000000e-02 1.056640625000000000e+00
1.696777343750000000e-01 -1.416015625000000000e-02 1.140380859375000000e+00
1.865234375000000000e-01 -1.806640625000000000e-02 1.137695312500000000e+00
2.163085937500000000e-01 -6.591796875000000000e-03 1.028076171875000000e+00
1.662597656250000000e-01 -2.050781250000000000e-02 1.060058593750000000e+00
1.730957031250000000e-01 -9.277343750000000000e-03 1.132324218750000000e+00
1.777343750000000000e-01 -1.611328125000000000e-02 1.147949218750000000e+00
2.570800781250000000e-01 -2.661132812500000000e-02 1.218017578125000000e+00
2.700195312500000000e-01 -4.150390625000000000e-03 1.006347656250000000e+00
1.474609375000000000e-01 6.420898437500000000e-02 1.088867187500000000e+00
2.028808593750000000e-01 -7.568359375000000000e-03 9.707031250000000000e-01
2.187500000000000000e-01 -1.220703125000000000e-02 1.185546875000000000e+00
2.465820312500000000e-01 -2.539062500000000000e-02 1.145751953125000000e+00
1.889648437500000000e-01 -1.513671875000000000e-02 1.070068359375000000e+00
1.633300781250000000e-01 -9.765625000000000000e-03 9.782714843750000000e-01
1.633300781250000000e-01 -2.441406250000000000e-04 1.061767578125000000e+00
2.575683593750000000e-01 -1.831054687500000000e-02 1.172119140625000000e+00
2.558593750000000000e-01 -1.123046875000000000e-02 1.026123046875000000e+00
