9.819335937500000000e-01 -1.464843750000000000e-03 6.323242187500000000e-02
9.904785156250000000e-01 6.542968750000000000e-02 -4.394531250000000000e-03
9.904785156250000000e-01 6.542968750000000000e-02 -4.394531250000000000e-03
9.958496093750000000e-01 7.373046875000000000e-02 -2.490234375000000000e-02
9.780273437500000000e-01 6.469726562500000000e-02 -1.293945312500000000e-02
9.838867187500000000e-01 7.080078125000000000e-02 -1.171875000000000000e-02
9.934082031250000000e-01 7.128906250000000000e-02 -6.835937500000000000e-03
9.938964843750000000e-01 6.787109375000000000e-02 -1.049804687500000000e-02
9.865722656250000000e-01 7.470703125000000000e-02 -1.171875000000000000e-02
1.070312500000000000e+00 -2.197265625000000000e-03 -1.147460937500000000e-02
9.963378906250000000e-01 -1.953125000000000000e-03 -8.300781250000000000e-03
9.853515625000000000e-01 6.567382812500000000e-02 -1.464843750000000000e-02
9.912109375000000000e-01 6.469726562500000000e-02 -1.855468750000000000e-02
9.980468750000000000e-01 6.518554687500000000e-02 -1.831054687500000000e-02
9.821777343750000000e-01 6.420898437500000000e-02 -2.368164062500000000e-02
1.062744140625000000e+00 -2.685546875000000000e-03 2.612304687500000000e-02
9.838867187500000000e-01 6.738281250000000000e-02 1.098632812500000000e-02
1.029052734375000000e+00 6.982421875000000000e-02 2.197265625000000000e-03
9.902343750000000000e-01 6.860351562500000000e-02 -3.784179687500000000e-02
9.995117187500000000e-01 7.666015625000000000e-02 -1.291503906250000000e-01
1.030029296875000000e+00 8.056640625000000000e-02 -4.785156250000000000e-02
1.003906250000000000e+00 7.348632812500000000e-02 -5.712890625000000000e-02
9.340820312500000000e-01 6.933593750000000000e-02 -8.618164062500000000e-02
1.012451171875000000e+00 9.179687500000000000e-02 -8.007812500000000000e-02
1.019775390625000000e+00 4.663085937500000000e-02 2.612304687500000000e-02
9.326171875000000000e-01 8.691406250000000000e-02 1.489257812500000000e-02
1.001708984375000000e+00 9.277343750000000000e-03 -8.911132812500000000e-02
1.019042968750000000e+00 2.148437500000000000e-02 -3.930664062500000000e-02
1.030029296875000000e+00 -2.929687500000000000e-02 -5.786132812500000000e-02
9.060058593750000000e-01 -9.765625000000000000e-03 7.983398437500000000e-02
8.449707031250000000e-01 -1.538085937500000000e-02 -1.489257812500000000e-02
9.653320312500000000e-01 6.372070312500000000e-02 2.783203125000000000e-02
9.130859375000000000e-01 -1.220703125000000000e-03 -9.301757812500000000e-02
9.370117187500000000e-01 -3.076171875000000000e-02 -1.069335937500000000e-01
9.628906250000000000e-01 -7.690429687500000000e-02 -1.979980468750000000e-01
8.686523437500000000e-01 -1.433105468750000000e-01 -3.222656250000000000e-01
8.068847656250000000e-01 2.197265625000000000e-03 -4.667968750000000000e-01
7.224121093750000000e-01 4.370117187500000000e-02 -5.910644531250000000e-01
6.000976562500000000e-01 1.413574218750000000e-01 -4.995117187500000000e-01
5.256347656250000000e-01 -2.661132812500000000e-02 -8.005371093750000000e-01
5.075683593750000000e-01 -6.347656250000000000e-03 -8.627929687500000000e-01
3.969726562500000000e-01 2.099609375000000000e-02 -8.107910156250000000e-01
3.161621093750000000e-01 -1.538085937500000000e-02 -8.115234375000000000e-01
2.321777343750000000e-01 -1.147460937500000000e-02 -9.458007812500000000e-01
1.650390625000000000e-01 -2.563476562500000000e-02 -9.492187500000000000e-01
2.658691406250000000e-01 7.177734375000000000e-02 -9.274902343750000000e-01
4.443359375000000000e-01 1.245117187500000000e-02 -9.252929687500000000e-01
5.146484375000000000e-01 -8.056640625000000000e-03 -9.479980468750000000e-01
4.697265625000000000e-01 5.371093750000000000e-03 -8.532714843750000000e-01
6.264648437500000000e-01 -1.733398437500000000e-02 -9.157714843750000000e-01
6.806640625000000000e-01 4.931640625000000000e-02 -1.011962890625000000e+00
7.565917968750000000e-01 1.054687500000000000e-01 -8.212890625000000000e-01
8.359375000000000000e-01 2.517089843750000000e-01 -6.303710937500000000e-01
8.674316406250000000e-01 5.444335937500000000e-02 -4.599609375000000000e-01
8.098144531250000000e-01 1.770019531250000000e-01 -4.599609375000000000e-01
1.867675781250000000e-01 9.079589843750000000e-01 8.764648437500000000e-01
8.476562500000000000e-01 1.474609375000000000e-01 -4.074707031250000000e-01
8.696289062500000000e-01 5.102539062500000000e-02 -4.262695312500000000e-01
8.090820312500000000e-01 -2.246093750000000000e-02 -4.956054687500000000e-01
8.493652343750000000e-01 6.689453125000000000e-02 -4.123535156250000000e-01
8.459472656250000000e-01 3.027343750000000000e-02 -4.677734375000000000e-01
8.837890625000000000e-01 -1.391601562500000000e-02 -5.212402343750000000e-01
7.878417968750000000e-01 -9.521484375000000000e-03 -5.285644531250000000e-01
8.811035156250000000e-01 8.447265625000000000e-02 -4.157714843750000000e-01
8.828125000000000000e-01 9.082031250000000000e-02 -4.733886718750000000e-01
8.361816406250000000e-01 -1.513671875000000000e-02 -4.982910156250000000e-01
8.344726562500000000e-01 6.738281250000000000e-02 -5.180664062500000000e-01
7.863769531250000000e-01 8.447265625000000000e-02 -4.873046875000000000e-01
8.041992187500000000e-01 4.492187500000000000e-02 -5.827636718750000000e-01
8.298339843750000000e-01 8.813476562500000000e-02 -5.693359375000000000e-01
8.376464843750000000e-01 3.320312500000000000e-02 -5.637207031250000000e-01
8.386230468750000000e-01 4.101562500000000000e-02 -5.625000000000000000e-01
7.397460937500000000e-01 4.345703125000000000e-02 -5.336914062500000000e-01
7.248535156250000000e-01 5.102539062500000000e-02 -5.466308593750000000e-01
7.346191406250000000e-01 4.077148437500000000e-02 -6.262207031250000000e-01
7.399902343750000000e-01 3.906250000000000000e-02 -5.476074218750000000e-01
7.458496093750000000e-01 1.262207031250000000e-01 -5.466308593750000000e-01
7.404785156250000000e-01 -1.464843750000000000e-03 -6.486816406250000000e-01
7.253417968750000000e-01 5.053710937500000000e-02 -5.544433593750000000e-01
7.807617187500000000e-01 1.264648437500000000e-01 -5.402832031250000000e-01
7.338867187500000000e-01 1.364746093750000000e-01 -5.573730468750000000e-01
7.434082031250000000e-01 1.376953125000000000e-01 -5.563964843750000000e-01
7.319335937500000000e-01 1.254882812500000000e-01 -5.395507812500000000e-01
7.368164062500000000e-01 4.785156250000000000e-02 -5.327148437500000000e-01
7.414550781250000000e-01 1.311035156250000000e-01 -5.375976562500000000e-01
8.127441406250000000e-01 1.284179687500000000e-01 -5.324707031250000000e-01
7.465820312500000000e-01 6.079101562500000000e-02 -5.927734375000000000e-01
7.387695312500000000e-01 1.279296875000000000e-01 -5.341796875000000000e-01
7.446289062500000000e-01 6.127929687500000000e-02 -5.329589843750000000e-01
7.473144531250000000e-01 6.225585937500000000e-02 -5.439453125000000000e-01
7.443847656250000000e-01 1.250000000000000000e-01 -5.366210937500000000e-01
7.355957031250000000e-01 1.354980468750000000e-01 -5.402832031250000000e-01
7.282714843750000000e-01 1.379394531250000000e-01 -5.432128906250000000e-01
7.443847656250000000e-01 1.354980468750000000e-01 -5.515136718750000000e-01
7.407226562500000000e-01 1.464843750000000000e-01 -5.424804687500000000e-01
8.283691406250000000e-01 1.381835937500000000e-01 -5.532226562500000000e-01
7.414550781250000000e-01 1.452636718750000000e-01 -5.800781250000000000e-01
7.275390625000000000e-01 1.384277343750000000e-01 -4.843750000000000000e-01
7.309570312500000000e-01 1.098632812500000000e-01 -5.754394531250000000e-01
7.497558593750000000e-01 1.496582031250000000e-01 -5.715332031250000000e-01
7.380371093750000000e-01 1.042480468750000000e-01 -5.886230468750000000e-01
7.722167968750000000e-01 1.555175781250000000e-01 -6.330566406250000000e-01
6.833496093750000000e-01 1.196289062500000000e-01 -6.379394531250000000e-01
6.494140625000000000e-01 5.883789062500000000e-02 -6.767578125000000000e-01
5.344238281250000000e-01 4.150390625000000000e-02 -6.862792968750000000e-01
5.085449218750000000e-01 1.276855468750000000e-01 -7.370605468750000000e-01
4.128417968750000000e-01 1.298828125000000000e-01 -8.952636718750000000e-01
3.071289062500000000e-01 1.318359375000000000e-01 -9.169921875000000000e-01
1.894531250000000000e-01 1.408691406250000000e-01 -1.070312500000000000e+00
1.462402343750000000e-01 1.525878906250000000e-01 -1.036621093750000000e+00
7.470703125000000000e-02 -7.958984375000000000e-02 -1.133300781250000000e+00
-4.077148437500000000e-02 7.324218750000000000e-03 -1.042236328125000000e+00
-2.050781250000000000e-01 7.299804687500000000e-02 -1.088134765625000000e+00
-1.005859375000000000e-01 2.270507812500000000e-02 -1.035888671875000000e+00
-1.176757812500000000e-01 2.929687500000000000e-03 -1.012939453125000000e+00
-2.500000000000000000e-01 1.372070312500000000e-01 -1.154785156250000000e+00
-6.811523437500000000e-02 -3.359375000000000000e-01 -9.023437500000000000e-01
-1.887207031250000000e-01 1.530761718750000000e-01 -1.069335937500000000e+00
2.880859375000000000e-02 7.446289062500000000e-02 -9.064941406250000000e-01
2.141113281250000000e-01 8.056640625000000000e-02 -9.616699218750000000e-01
2.995605468750000000e-01 -1.708984375000000000e-03 -7.912597656250000000e-01
4.501953125000000000e-01 8.544921875000000000e-02 -7.409667968750000000e-01
5.737304687500000000e-01 8.105468750000000000e-02 -5.607910156250000000e-01
7.126464843750000000e-01 7.080078125000000000e-02 -3.664550781250000000e-01
7.614746093750000000e-01 8.105468750000000000e-02 -5.349121093750000000e-01
8.212890625000000000e-01 7.958984375000000000e-02 -5.087890625000000000e-01
8.493652343750000000e-01 3.637695312500000000e-02 -3.471679687500000000e-01
9.082031250000000000e-01 8.227539062500000000e-02 -3.044433593750000000e-01
9.399414062500000000e-01 7.495117187500000000e-02 -2.700195312500000000e-01
7.827148437500000000e-01 -1.757812500000000000e-02 -1.386718750000000000e-01
8.281250000000000000e-01 2.587890625000000000e-02 -4.492187500000000000e-02
8.581542968750000000e-01 6.665039062500000000e-02 -8.911132812500000000e-02
9.277343750000000000e-01 1.464843750000000000e-02 -1.533203125000000000e-01
9.648437500000000000e-01 2.026367187500000000e-02 -5.444335937500000000e-02
9.143066406250000000e-01 -3.979492187500000000e-02 -5.810546875000000000e-02
8.552246093750000000e-01 -1.533203125000000000e-01 -4.833984375000000000e-02
9.548339843750000000e-01 -8.789062500000000000e-02 -1.877441406250000000e-01
1.125244140625000000e+00 1.525878906250000000e-01 -2.739257812500000000e-01
1.147949218750000000e+00 1.022949218750000000e-01 -1.723632812500000000e-01
9.536132812500000000e-01 -1.513671875000000000e-02 1.538085937500000000e-02
8.725585937500000000e-01 1.586914062500000000e-02 9.765625000000000000e-04
1.077392578125000000e+00 8.398437500000000000e-02 -1.269531250000000000e-01
1.069091796875000000e+00 9.008789062500000000e-02 -9.692382812500000000e-02
1.072021484375000000e+00 6.909179687500000000e-02 -1.916503906250000000e-01
9.716796875000000000e-01 3.295898437500000000e-02 -1.020507812500000000e-01
1.017333984375000000e+00 8.276367187500000000e-02 -1.398925781250000000e-01
1.000976562500000000e+00 3.613281250000000000e-02 -6.127929687500000000e-02
9.790039062500000000e-01 6.420898437500000000e-02 -1.506347656250000000e-01
9.914550781250000000e-01 7.617187500000000000e-02 -9.838867187500000000e-02
1.069091796875000000e+00 -2.929687500000000000e-03 -1.032714843750000000e-01
1.076904296875000000e+00 6.567382812500000000e-02 -5.688476562500000000e-02
9.919433593750000000e-01 8.422851562500000000e-02 -1.315917968750000000e-01
9.272460937500000000e-01 8.227539062500000000e-02 1.049804687500000000e-02
9.184570312500000000e-01 7.128906250000000000e-02 -2.587890625000000000e-02
9.780273437500000000e-01 8.300781250000000000e-02 -8.032226562500000000e-02
1.068847656250000000e+00 7.739257812500000000e-02 -3.442382812500000000e-02
1.032226562500000000e+00 7.617187500000000000e-02 -4.565429687500000000e-02
1.054687500000000000e+00 7.495117187500000000e-02 -3.198242187500000000e-02
9.189453125000000000e-01 7.299804687500000000e-02 9.765625000000000000e-04
9.357910156250000000e-01 7.958984375000000000e-02 -2.514648437500000000e-02
1.028808593750000000e+00 7.421875000000000000e-02 -2.954101562500000000e-02
1.072021484375000000e+00 7.202148437500000000e-02 5.371093750000000000e-03
9.987792968750000000e-01 7.910156250000000000e-02 -8.544921875000000000e-02
1.024902343750000000e+00 7.958984375000000000e-02 -7.006835937500000000e-02
9.824218750000000000e-01 6.738281250000000000e-02 -7.714843750000000000e-02
9.755859375000000000e-01 6.909179687500000000e-02 -8.959960937500000000e-02
9.938964843750000000e-01 6.616210937500000000e-02 -4.394531250000000000e-02
1.062744140625000000e+00 7.299804687500000000e-02 -5.200195312500000000e-02
9.760742187500000000e-01 7.373046875000000000e-02 -3.662109375000000000e-02
9.873046875000000000e-01 7.373046875000000000e-02 -5.493164062500000000e-02
9.782714843750000000e-01 7.861328125000000000e-02 -5.517578125000000000e-02
9.692382812500000000e-01 7.397460937500000000e-02 -4.565429687500000000e-02
9.855957031250000000e-01 7.543945312500000000e-02 -5.834960937500000000e-02
9.702148437500000000e-01 7.470703125000000000e-02 -5.419921875000000000e-02
9.780273437500000000e-01 7.934570312500000000e-02 -5.590820312500000000e-02
9.780273437500000000e-01 7.885742187500000000e-02 -1.311035156250000000e-01
9.772949218750000000e-01 8.007812500000000000e-02 -6.127929687500000000e-02
9.743652343750000000e-01 7.739257812500000000e-02 -1.335449218750000000e-01
9.731445312500000000e-01 8.374023437500000000e-02 -1.386718750000000000e-01
9.792480468750000000e-01 7.836914062500000000e-02 -1.445312500000000000e-01
9.743652343750000000e-01 7.250976562500000000e-02 -1.369628906250000000e-01
9.697265625000000000e-01 8.081054687500000000e-02 -1.376953125000000000e-01
9.731445312500000000e-01 8.300781250000000000e-02 -1.372070312500000000e-01
9.812011718750000000e-01 8.081054687500000000e-02 -1.560058593750000000e-01
9.731445312500000000e-01 7.910156250000000000e-02 -1.435546875000000000e-01
1.031250000000000000e+00 8.251953125000000000e-02 -1.384277343750000000e-01
9.758300781250000000e-01 7.617187500000000000e-02 -1.433105468750000000e-01
9.765625000000000000e-01 8.007812500000000000e-02 -1.450195312500000000e-01
9.763183593750000000e-01 7.714843750000000000e-02 -1.542968750000000000e-01
9.782714843750000000e-01 7.568359375000000000e-02 -1.364746093750000000e-01
9.753417968750000000e-01 7.690429687500000000e-02 -1.503906250000000000e-01
9.699707031250000000e-01 7.373046875000000000e-02 -1.325683593750000000e-01
9.746093750000000000e-01 7.495117187500000000e-02 -1.416015625000000000e-01
9.809570312500000000e-01 7.202148437500000000e-02 -1.411132812500000000e-01
9.707031250000000000e-01 7.543945312500000000e-02 -1.455078125000000000e-01
9.702148437500000000e-01 7.397460937500000000e-02 -1.428222656250000000e-01
9.758300781250000000e-01 7.495117187500000000e-02 -1.433105468750000000e-01
9.702148437500000000e-01 7.885742187500000000e-02 -1.496582031250000000e-01
9.772949218750000000e-01 7.910156250000000000e-02 -1.430664062500000000e-01
9.755859375000000000e-01 8.325195312500000000e-02 -1.406250000000000000e-01
