9.814453125000000000e-01 -4.174804687500000000e-02 -1.281738281250000000e-01
1.024169921875000000e+00 -4.833984375000000000e-02 -1.342773437500000000e-01
1.024169921875000000e+00 -4.833984375000000000e-02 -1.342773437500000000e-01
9.760742187500000000e-01 -8.642578125000000000e-02 -1.401367187500000000e-01
9.802246093750000000e-01 -8.447265625000000000e-02 -9.838867187500000000e-02
9.829101562500000000e-01 -8.520507812500000000e-02 -1.110839843750000000e-01
1.022216796875000000e+00 -8.740234375000000000e-02 -1.242675781250000000e-01
9.792480468750000000e-01 -8.349609375000000000e-02 -1.125488281250000000e-01
1.025390625000000000e+00 -3.442382812500000000e-02 -1.550292968750000000e-01
1.020507812500000000e+00 -8.789062500000000000e-02 -1.442871093750000000e-01
1.022216796875000000e+00 -4.785156250000000000e-02 -1.064453125000000000e-01
9.707031250000000000e-01 -5.981445312500000000e-02 -1.242675781250000000e-01
1.019287109375000000e+00 -4.785156250000000000e-02 -2.143554687500000000e-01
9.575195312500000000e-01 -3.759765625000000000e-02 -1.574707031250000000e-01
1.001220703125000000e+00 -6.958007812500000000e-02 -2.092285156250000000e-01
1.081542968750000000e+00 4.638671875000000000e-03 -1.618652343750000000e-01
1.014648437500000000e+00 -6.982421875000000000e-02 -1.596679687500000000e-01
1.012939453125000000e+00 -6.909179687500000000e-02 -2.053222656250000000e-01
1.021240234375000000e+00 -8.935546875000000000e-02 -1.950683593750000000e-01
9.365234375000000000e-01 -9.375000000000000000e-02 -1.596679687500000000e-01
1.011718750000000000e+00 -7.177734375000000000e-02 -1.674804687500000000e-01
9.536132812500000000e-01 -3.076171875000000000e-02 -2.392578125000000000e-01
9.309082031250000000e-01 1.311035156250000000e-01 -2.734375000000000000e-01
1.052001953125000000e+00 -3.979492187500000000e-02 -1.398925781250000000e-01
1.012695312500000000e+00 -1.240234375000000000e-01 -1.501464843750000000e-01
9.387207031250000000e-01 -7.006835937500000000e-02 -1.157226562500000000e-01
1.019775390625000000e+00 -9.765625000000000000e-04 -1.679687500000000000e-01
9.460449218750000000e-01 -3.149414062500000000e-02 -1.738281250000000000e-01
9.055175781250000000e-01 -2.319335937500000000e-02 -2.248535156250000000e-01
1.003417968750000000e+00 1.428222656250000000e-01 -2.761230468750000000e-01
1.077636718750000000e+00 3.369140625000000000e-02 -2.067871093750000000e-01
1.052490234375000000e+00 1.391601562500000000e-02 -4.631347656250000000e-01
7.675781250000000000e-01 -6.665039062500000000e-02 -3.493652343750000000e-01
9.111328125000000000e-01 1.245117187500000000e-02 -4.760742187500000000e-01
1.267089843750000000e+00 3.881835937500000000e-02 -7.543945312500000000e-01
1.662597656250000000e+00 -3.393554687500000000e-01 -8.120117187500000000e-01
1.406494140625000000e+00 -1.071777343750000000e-01 -5.830078125000000000e-01
6.086425781250000000e-01 -1.354980468750000000e-01 -1.501464843750000000e-01
1.733398437500000000e-02 -1.875000000000000000e-01 -5.322265625000000000e-02
1.232910156250000000e-01 -1.586914062500000000e-01 1.838378906250000000e-01
3.483886718750000000e-01 -3.498535156250000000e-01 -5.427246093750000000e-01
2.415527343750000000e+00 -1.818847656250000000e-01 -5.346679687500000000e-02
1.870361328125000000e+00 -2.810058593750000000e-01 -8.657226562500000000e-01
1.311035156250000000e+00 -1.555175781250000000e-01 -4.050292968750000000e-01
6.066894531250000000e-01 -2.832031250000000000e-01 -5.468750000000000000e-02
-2.880859375000000000e-01 1.630859375000000000e-01 7.421875000000000000e-02
1.105957031250000000e-01 6.079101562500000000e-02 -5.639648437500000000e-02
1.293945312500000000e-01 -9.863281250000000000e-02 1.538085937500000000e-02
2.074218750000000000e+00 -2.509765625000000000e-01 -1.476074218750000000e+00
3.711669921875000000e+00 1.516113281250000000e-01 -8.249511718750000000e-01
1.547119140625000000e+00 -4.101562500000000000e-02 -1.831054687500000000e-01
8.232421875000000000e-01 1.586914062500000000e-01 -2.465820312500000000e-02
-9.125976562500000000e-01 -4.636230468750000000e-01 -4.650878906250000000e-01
-8.544921875000000000e-02 2.929687500000000000e-02 -9.228515625000000000e-02
4.040527343750000000e-01 -4.711914062500000000e-02 -4.345703125000000000e-02
2.780761718750000000e-01 -9.682617187500000000e-01 -4.057617187500000000e-01
3.138916015625000000e+00 -4.877929687500000000e-01 -1.593261718750000000e+00
1.503906250000000000e+00 -3.203125000000000000e-01 -1.569824218750000000e-01
9.912109375000000000e-01 -7.812500000000000000e-02 -1.049804687500000000e-02
-7.324218750000000000e-04 -1.538085937500000000e-01 2.719726562500000000e-01
-8.666992187500000000e-02 1.901855468750000000e-01 6.347656250000000000e-02
-1.037597656250000000e-01 -1.018066406250000000e-01 -1.169433593750000000e-01
-1.928710937500000000e-02 -2.722167968750000000e-01 -5.297851562500000000e-02
4.360107421875000000e+00 -1.338134765625000000e+00 2.487792968750000000e+00
1.977050781250000000e+00 3.691406250000000000e-01 -8.073730468750000000e-01
1.163330078125000000e+00 1.806640625000000000e-02 -2.900390625000000000e-01
7.702636718750000000e-01 8.813476562500000000e-02 9.301757812500000000e-02
-2.922363281250000000e-01 1.977539062500000000e-02 9.741210937500000000e-02
-5.004882812500000000e-02 -1.416015625000000000e-02 -1.665039062500000000e-01
3.173828125000000000e-01 -8.276367187500000000e-02 -9.277343750000000000e-02
5.141601562500000000e-01 -9.575195312500000000e-01 -1.072509765625000000e+00
2.974365234375000000e+00 6.420898437500000000e-02 -9.113769531250000000e-01
1.282226562500000000e+00 -3.757324218750000000e-01 -3.811035156250000000e-01
1.171875000000000000e+00 5.395507812500000000e-02 -1.401367187500000000e-01
-8.959960937500000000e-02 -2.199707031250000000e-01 2.067871093750000000e-01
-1.320800781250000000e-01 1.496582031250000000e-01 7.885742187500000000e-02
-1.088867187500000000e-01 1.708984375000000000e-02 -2.248535156250000000e-01
3.735351562500000000e-01 5.556640625000000000e-01 -5.344238281250000000e-01
2.310791015625000000e+00 3.188476562500000000e-01 -2.066650390625000000e+00
1.812011718750000000e+00 7.829589843750000000e-01 -1.618652343750000000e-01
1.357910156250000000e+00 -4.399414062500000000e-01 -3.181152343750000000e-01
-7.519531250000000000e-02 -5.981445312500000000e-02 1.003417968750000000e-01
-3.981933593750000000e-01 1.254882812500000000e-01 1.364746093750000000e-01
5.908203125000000000e-02 5.908203125000000000e-02 -5.004882812500000000e-02
1.713867187500000000e-01 -6.811523437500000000e-02 -4.394531250000000000e-03
8.615722656250000000e-01 -7.375488281250000000e-01 -2.802978515625000000e+00
2.887695312500000000e+00 -8.666992187500000000e-02 -1.093261718750000000e+00
1.506103515625000000e+00 -4.882812500000000000e-01 -1.147460937500000000e-01
1.290771484375000000e+00 5.834960937500000000e-02 -1.396484375000000000e-01
3.356933593750000000e-01 -1.313476562500000000e-01 -5.053710937500000000e-02
-5.908203125000000000e-02 8.789062500000000000e-02 -7.373046875000000000e-02
-2.216796875000000000e-01 -9.057617187500000000e-02 -2.368164062500000000e-01
2.919921875000000000e-01 -6.469726562500000000e-02 -1.254882812500000000e-01
2.563964843750000000e+00 -8.464355468750000000e-01 2.075195312500000000e+00
2.163818359375000000e+00 4.516601562500000000e-02 -7.360839843750000000e-01
1.113281250000000000e+00 1.684570312500000000e-02 -1.069335937500000000e-01
6.259765625000000000e-01 -3.259277343750000000e-01 -5.297851562500000000e-02
8.789062500000000000e-02 -7.080078125000000000e-02 3.002929687500000000e-02
-2.138671875000000000e-01 4.223632812500000000e-02 -1.286621093750000000e-01
7.226562500000000000e-02 -5.615234375000000000e-03 -1.323242187500000000e-01
1.274414062500000000e+00 -3.166503906250000000e-01 -1.714599609375000000e+00
2.818603515625000000e+00 1.923828125000000000e-01 -9.873046875000000000e-01
1.363525390625000000e+00 -5.869140625000000000e-01 -3.286132812500000000e-01
1.348144531250000000e+00 -1.408691406250000000e-01 -2.321777343750000000e-01
5.500488281250000000e-01 6.250000000000000000e-02 -4.663085937500000000e-02
9.008789062500000000e-02 -2.575683593750000000e-01 -7.788085937500000000e-02
-1.008300781250000000e-01 -1.591796875000000000e-01 -1.169433593750000000e-01
3.349609375000000000e-01 -6.176757812500000000e-02 9.619140625000000000e-02
1.292236328125000000e+00 -1.386718750000000000e-01 -3.138916015625000000e+00
2.747314453125000000e+00 -2.216796875000000000e-01 -9.477539062500000000e-01
6.604003906250000000e-01 3.662109375000000000e-02 -1.059570312500000000e-01
9.101562500000000000e-01 -3.334960937500000000e-01 1.147460937500000000e-02
3.669433593750000000e-01 -2.785644531250000000e-01 6.884765625000000000e-02
2.531738281250000000e-01 -2.070312500000000000e-01 -2.163085937500000000e-01
3.984375000000000000e-01 1.320800781250000000e-01 -1.516113281250000000e-01
5.488281250000000000e-01 -1.843261718750000000e-01 -8.056640625000000000e-02
7.155273437500000000e+00 -5.864257812500000000e-01 -2.012451171875000000e+00
1.312255859375000000e+00 -2.019042968750000000e-01 -7.543945312500000000e-01
1.008544921875000000e+00 -2.124023437500000000e-01 -3.439941406250000000e-01
6.865234375000000000e-01 -1.000976562500000000e-02 -4.045410156250000000e-01
-1.538085937500000000e-01 -6.713867187500000000e-02 -1.442871093750000000e-01
3.117675781250000000e-01 3.908691406250000000e-01 -2.197265625000000000e-03
6.364746093750000000e-01 2.414550781250000000e-01 -1.533203125000000000e-01
1.875732421875000000e+00 -1.220703125000000000e-03 -2.358398437500000000e-01
1.295166015625000000e+00 -4.606933593750000000e-01 -2.187500000000000000e-01
1.235839843750000000e+00 -1.733398437500000000e-01 -1.621093750000000000e-01
6.894531250000000000e-01 -1.757812500000000000e-01 -1.215820312500000000e-01
5.534667968750000000e-01 -1.953125000000000000e-03 -4.179687500000000000e-01
1.228759765625000000e+00 2.453613281250000000e-01 -4.833984375000000000e-01
1.082031250000000000e+00 1.645507812500000000e-01 -5.122070312500000000e-01
1.316406250000000000e+00 -6.127929687500000000e-02 -4.213867187500000000e-01
1.196533203125000000e+00 -1.872558593750000000e-01 -3.874511718750000000e-01
6.228027343750000000e-01 -6.762695312500000000e-02 -1.826171875000000000e-01
6.228027343750000000e-01 -1.442871093750000000e-01 -3.784179687500000000e-02
6.396484375000000000e-01 -1.469726562500000000e-01 -6.347656250000000000e-02
4.406738281250000000e-01 -1.018066406250000000e-01 -1.538085937500000000e-01
6.223144531250000000e-01 -5.883789062500000000e-02 -6.027832031250000000e-01
2.364013671875000000e+00 -4.436035156250000000e-01 -1.069091796875000000e+00
1.581787109375000000e+00 -1.706542968750000000e-01 -4.060058593750000000e-01
1.119873046875000000e+00 -1.936035156250000000e-01 -2.670898437500000000e-01
6.645507812500000000e-01 1.250000000000000000e-01 -3.442382812500000000e-02
8.081054687500000000e-02 1.823730468750000000e-01 -5.834960937500000000e-02
3.203125000000000000e-01 6.176757812500000000e-02 -5.566406250000000000e-02
1.398925781250000000e-01 1.335449218750000000e-01 1.953125000000000000e-01
1.437988281250000000e+00 1.823730468750000000e-01 -1.920166015625000000e+00
2.517822265625000000e+00 -4.150390625000000000e-01 -1.063476562500000000e+00
1.036132812500000000e+00 2.299804687500000000e-01 -2.414550781250000000e-01
1.270996093750000000e+00 -1.105957031250000000e-01 -2.587890625000000000e-01
3.286132812500000000e-01 -1.152343750000000000e-01 -2.416992187500000000e-02
1.464843750000000000e-01 1.977539062500000000e-02 1.135253906250000000e-01
1.574707031250000000e-01 7.910156250000000000e-02 -5.493164062500000000e-02
4.338378906250000000e-01 -1.630859375000000000e-01 -1.357421875000000000e-01
2.775878906250000000e+00 3.344726562500000000e-02 3.017578125000000000e-01
1.418701171875000000e+00 -1.491699218750000000e-01 -3.686523437500000000e-01
1.214599609375000000e+00 -2.687988281250000000e-01 -2.155761718750000000e-01
9.973144531250000000e-01 1.333007812500000000e-01 -9.033203125000000000e-02
1.577148437500000000e-01 -1.794433593750000000e-01 8.081054687500000000e-02
-1.953125000000000000e-02 2.636718750000000000e-02 -1.782226562500000000e-02
-1.635742187500000000e-02 -1.611328125000000000e-02 -1.982421875000000000e-01
2.265136718750000000e+00 -4.724121093750000000e-01 -8.193359375000000000e-01
2.772949218750000000e+00 -3.894042968750000000e-01 -6.245117187500000000e-01
1.276123046875000000e+00 3.693847656250000000e-01 -2.233886718750000000e-01
1.097900390625000000e+00 -2.934570312500000000e-01 -1.215820312500000000e-01
2.895507812500000000e-01 -1.328125000000000000e-01 1.311035156250000000e-01
-4.296875000000000000e-02 1.953125000000000000e-03 -7.983398437500000000e-02
1.901855468750000000e-01 1.320800781250000000e-01 -7.836914062500000000e-02
4.965820312500000000e-01 -6.892089843750000000e-01 -3.344726562500000000e-01
5.766601562500000000e+00 -1.203613281250000000e+00 -2.989746093750000000e+00
1.277832031250000000e+00 -2.243652343750000000e-01 -2.011718750000000000e-01
1.209228515625000000e+00 -4.101562500000000000e-02 -1.042480468750000000e-01
6.445312500000000000e-01 1.926269531250000000e-01 5.004882812500000000e-02
2.238769531250000000e-01 -2.443847656250000000e-01 7.934570312500000000e-02
4.199218750000000000e-02 1.464843750000000000e-02 -1.291503906250000000e-01
-1.499023437500000000e-01 1.054687500000000000e-01 -2.473144531250000000e-01
2.284179687500000000e+00 -9.306640625000000000e-01 4.826660156250000000e-01
2.276611328125000000e+00 -1.835937500000000000e-01 -4.370117187500000000e-01
1.170898437500000000e+00 1.904296875000000000e-02 -2.370605468750000000e-01
8.339843750000000000e-01 -2.893066406250000000e-01 -5.737304687500000000e-02
2.822265625000000000e-01 9.277343750000000000e-03 9.033203125000000000e-03
-8.789062500000000000e-02 -7.666015625000000000e-02 -2.153320312500000000e-01
1.850585937500000000e-01 1.000976562500000000e-02 -6.103515625000000000e-03
9.614257812500000000e-01 -2.143554687500000000e-01 -1.146728515625000000e+00
3.990234375000000000e+00 3.666992187500000000e-01 -8.601074218750000000e-01
1.459472656250000000e+00 -5.527343750000000000e-01 -1.909179687500000000e-01
1.270751953125000000e+00 1.611328125000000000e-02 -2.097167968750000000e-01
5.612792968750000000e-01 1.196289062500000000e-01 -3.002929687500000000e-02
3.154296875000000000e-01 -3.317871093750000000e-01 -1.342773437500000000e-02
2.700195312500000000e-01 -6.005859375000000000e-02 -7.446289062500000000e-02
2.016601562500000000e-01 1.081542968750000000e-01 -7.934570312500000000e-02
1.412597656250000000e+00 -1.469726562500000000e-01 -3.312988281250000000e-01
2.656005859375000000e+00 -4.140625000000000000e-01 -8.959960937500000000e-01
1.650146484375000000e+00 1.577148437500000000e-01 -3.488769531250000000e-01
1.342285156250000000e+00 -2.109375000000000000e-01 -2.692871093750000000e-01
1.225585937500000000e-01 -2.963867187500000000e-01 -3.759765625000000000e-02
2.050781250000000000e-02 -1.462402343750000000e-01 3.222656250000000000e-02
-1.538085937500000000e-01 -1.350097656250000000e-01 -1.374511718750000000e-01
2.851562500000000000e-01 -1.381835937500000000e-01 -4.687500000000000000e-02
3.287353515625000000e+00 2.377929687500000000e-01 -1.024414062500000000e+00
9.902343750000000000e-01 -2.888183593750000000e-01 -1.882324218750000000e-01
1.331298828125000000e+00 -1.672363281250000000e-01 -6.591796875000000000e-02
