1.025146484375000000e+00 -2.524414062500000000e-01 -2.153320312500000000e-01
9.362792968750000000e-01 -1.796875000000000000e-01 -1.894531250000000000e-01
9.362792968750000000e-01 -1.796875000000000000e-01 -1.894531250000000000e-01
1.006347656250000000e+00 -1.838378906250000000e-01 -1.940917968750000000e-01
1.006347656250000000e+00 -1.838378906250000000e-01 -1.940917968750000000e-01
1.012695312500000000e+00 -1.850585937500000000e-01 -1.967773437500000000e-01
1.009521484375000000e+00 -2.553710937500000000e-01 -1.940917968750000000e-01
9.291992187500000000e-01 -2.592773437500000000e-01 -9.887695312500000000e-02
9.282226562500000000e-01 -2.504882812500000000e-01 -1.054687500000000000e-01
1.009033203125000000e+00 -2.536621093750000000e-01 -1.494140625000000000e-01
1.016601562500000000e+00 -2.702636718750000000e-01 -1.462402343750000000e-01
9.699707031250000000e-01 -2.602539062500000000e-01 -1.271972656250000000e-01
9.267578125000000000e-01 -2.695312500000000000e-01 -1.044921875000000000e-01
7.202148437500000000e-01 -1.225585937500000000e-01 -1.621093750000000000e-01
6.994628906250000000e-01 -1.147460937500000000e-01 -7.543945312500000000e-02
9.670410156250000000e-01 -3.403320312500000000e-01 9.716796875000000000e-02
9.670410156250000000e-01 -3.403320312500000000e-01 9.716796875000000000e-02
1.396484375000000000e+00 -3.977050781250000000e-01 -1.240234375000000000e-01
1.396484375000000000e+00 -3.977050781250000000e-01 -1.240234375000000000e-01
1.677246093750000000e+00 -3.110351562500000000e-01 -1.811523437500000000e-01
1.677246093750000000e+00 -3.110351562500000000e-01 -1.811523437500000000e-01
1.673095703125000000e+00 -2.907714843750000000e-01 -2.221679687500000000e-01
1.673095703125000000e+00 -2.907714843750000000e-01 -2.221679687500000000e-01
1.673095703125000000e+00 -2.907714843750000000e-01 -2.221679687500000000e-01
1.457519531250000000e+00 -3.984375000000000000e-01 -5.195312500000000000e-01
1.457519531250000000e+00 -3.984375000000000000e-01 -5.195312500000000000e-01
5.268554687500000000e-01 -1.391601562500000000e-01 5.200195312500000000e-02
5.268554687500000000e-01 -1.391601562500000000e-01 5.200195312500000000e-02
-7.373046875000000000e-02 -7.812500000000000000e-03 1.093750000000000000e-01
1.306152343750000000e-01 -1.562500000000000000e-01 7.666015625000000000e-02
-1.123046875000000000e-02 -8.666992187500000000e-02 4.394531250000000000e-02
1.892089843750000000e+00 -3.964843750000000000e-01 -5.444335937500000000e-02
1.401123046875000000e+00 -3.540039062500000000e-01 9.936523437500000000e-02
1.401123046875000000e+00 -3.540039062500000000e-01 9.936523437500000000e-02
2.813720703125000000e+00 -6.669921875000000000e-01 -1.115722656250000000e-01
2.813720703125000000e+00 -6.669921875000000000e-01 -1.115722656250000000e-01
1.903076171875000000e+00 -2.749023437500000000e-01 -2.692871093750000000e-01
1.903076171875000000e+00 -2.749023437500000000e-01 -2.692871093750000000e-01
1.087646484375000000e+00 -2.897949218750000000e-01 -1.630859375000000000e-01
1.087646484375000000e+00 -2.897949218750000000e-01 -1.630859375000000000e-01
1.401367187500000000e-01 8.105468750000000000e-02 -1.220703125000000000e-03
1.401367187500000000e-01 8.105468750000000000e-02 -1.220703125000000000e-03
2.319335937500000000e-02 9.057617187500000000e-02 2.519531250000000000e-01
1.066894531250000000e-01 -1.386718750000000000e-01 2.319335937500000000e-02
1.398925781250000000e-01 -1.330566406250000000e-01 1.135253906250000000e-01
8.415527343750000000e-01 -2.770996093750000000e-01 -2.548828125000000000e-01
1.918212890625000000e+00 -4.492187500000000000e-01 -3.881835937500000000e-02
2.032226562500000000e+00 -3.796386718750000000e-01 -2.067871093750000000e-01
2.249023437500000000e+00 -4.992675781250000000e-01 -1.682128906250000000e-01
1.310058593750000000e+00 -4.655761718750000000e-01 -3.830566406250000000e-01
4.951171875000000000e-01 -3.149414062500000000e-02 -1.008300781250000000e-01
-1.972656250000000000e-01 2.636718750000000000e-02 1.782226562500000000e-01
8.300781250000000000e-02 -6.518554687500000000e-02 4.907226562500000000e-02
1.049804687500000000e-01 -3.442382812500000000e-02 2.028808593750000000e-01
4.819335937500000000e-01 -2.929687500000000000e-02 -2.399902343750000000e-01
1.670166015625000000e+00 -5.905761718750000000e-01 1.909179687500000000e-01
1.767822265625000000e+00 -3.459472656250000000e-01 3.002929687500000000e-02
2.862792968750000000e+00 -2.924804687500000000e-01 -3.791503906250000000e-01
1.559570312500000000e+00 -1.640625000000000000e-01 -3.937988281250000000e-01
6.994628906250000000e-01 -2.731933593750000000e-01 -1.994628906250000000e-01
-2.119140625000000000e-01 8.203125000000000000e-02 1.645507812500000000e-01
-2.954101562500000000e-02 -9.399414062500000000e-02 4.394531250000000000e-02
1.628417968750000000e-01 -1.025390625000000000e-02 1.518554687500000000e-01
3.181152343750000000e-01 -1.518554687500000000e-01 3.857421875000000000e-02
1.050048828125000000e+00 -3.659667968750000000e-01 -2.260742187500000000e-01
2.112060546875000000e+00 -7.700195312500000000e-01 -2.587890625000000000e-02
2.239257812500000000e+00 -2.573242187500000000e-01 -2.548828125000000000e-01
1.958496093750000000e+00 -5.922851562500000000e-01 -3.195800781250000000e-01
1.070556640625000000e+00 -2.443847656250000000e-01 -3.203125000000000000e-01
2.229003906250000000e-01 -6.103515625000000000e-03 -1.977539062500000000e-02
-1.142578125000000000e-01 -3.759765625000000000e-02 1.999511718750000000e-01
1.135253906250000000e-01 -1.577148437500000000e-01 3.588867187500000000e-02
9.985351562500000000e-02 -5.859375000000000000e-03 1.455078125000000000e-01
5.954589843750000000e-01 -1.333007812500000000e-01 -1.350097656250000000e-01
2.712158203125000000e+00 -1.826171875000000000e-01 9.692382812500000000e-02
2.041748046875000000e+00 -3.234863281250000000e-01 -2.587890625000000000e-01
2.210205078125000000e+00 -4.279785156250000000e-01 -4.418945312500000000e-02
1.324951171875000000e+00 -7.080078125000000000e-02 -3.039550781250000000e-01
2.854003906250000000e-01 -1.340332031250000000e-01 -1.179199218750000000e-01
-1.914062500000000000e-01 -1.855468750000000000e-01 9.008789062500000000e-02
5.761718750000000000e-02 -1.516113281250000000e-01 -2.880859375000000000e-02
1.403808593750000000e-01 1.340332031250000000e-01 3.222656250000000000e-02
2.673339843750000000e-01 -1.748046875000000000e-01 3.833007812500000000e-02
1.876464843750000000e+00 -4.812011718750000000e-01 -3.327636718750000000e-01
1.933837890625000000e+00 -4.316406250000000000e-01 1.928710937500000000e-01
2.942871093750000000e+00 -7.626953125000000000e-01 -8.984375000000000000e-02
1.415283203125000000e+00 -2.822265625000000000e-01 -1.586914062500000000e-01
8.193359375000000000e-01 -3.242187500000000000e-01 -2.006835937500000000e-01
-1.049804687500000000e-01 1.154785156250000000e-01 2.084960937500000000e-01
8.544921875000000000e-03 -4.101562500000000000e-02 -2.807617187500000000e-02
1.206054687500000000e-01 -1.311035156250000000e-01 1.115722656250000000e-01
2.004394531250000000e-01 -4.907226562500000000e-02 1.162109375000000000e-01
7.192382812500000000e-01 -1.184082031250000000e-01 -1.950683593750000000e-01
2.581787109375000000e+00 -4.416503906250000000e-01 -2.031250000000000000e-01
1.820800781250000000e+00 -1.904296875000000000e-02 -2.131347656250000000e-01
2.525634765625000000e+00 -5.771484375000000000e-01 -3.889160156250000000e-01
1.318115234375000000e+00 -1.010742187500000000e-01 -3.806152343750000000e-01
3.937988281250000000e-01 -5.346679687500000000e-02 -1.088867187500000000e-01
-6.591796875000000000e-03 -9.106445312500000000e-02 1.367187500000000000e-01
-6.591796875000000000e-03 -9.106445312500000000e-02 1.367187500000000000e-01
5.273437500000000000e-02 2.099609375000000000e-02 -0.000000000000000000e+00
1.835937500000000000e-01 -2.595214843750000000e-01 7.910156250000000000e-02
1.043212890625000000e+00 -3.806152343750000000e-01 -2.128906250000000000e-01
2.427001953125000000e+00 -4.243164062500000000e-01 -5.541992187500000000e-02
2.419189453125000000e+00 -4.108886718750000000e-01 -2.734375000000000000e-02
1.848632812500000000e+00 -3.505859375000000000e-01 -2.324218750000000000e-01
1.191894531250000000e+00 -3.920898437500000000e-01 -3.049316406250000000e-01
8.520507812500000000e-02 -3.198242187500000000e-02 -1.562500000000000000e-02
-1.303710937500000000e-01 -2.807617187500000000e-02 1.145019531250000000e-01
1.005859375000000000e-01 -3.784179687500000000e-02 2.292480468750000000e-01
1.591796875000000000e-01 -8.862304687500000000e-02 1.376953125000000000e-01
8.654785156250000000e-01 6.542968750000000000e-02 -9.619140625000000000e-02
2.226318359375000000e+00 -4.431152343750000000e-01 -2.185058593750000000e-01
1.672119140625000000e+00 -1.989746093750000000e-01 2.678222656250000000e-01
2.366210937500000000e+00 -3.605957031250000000e-01 -2.026367187500000000e-01
1.345947265625000000e+00 -1.950683593750000000e-01 -3.693847656250000000e-01
6.914062500000000000e-01 -8.740234375000000000e-02 -2.006835937500000000e-01
-1.354980468750000000e-01 2.050781250000000000e-02 1.027832031250000000e-01
2.514648437500000000e-02 -2.028808593750000000e-01 1.311035156250000000e-01
1.096191406250000000e-01 8.447265625000000000e-02 1.213378906250000000e-01
5.390625000000000000e-01 -3.244628906250000000e-01 -1.354980468750000000e-01
1.576171875000000000e+00 -5.090332031250000000e-01 4.882812500000000000e-04
1.576171875000000000e+00 -5.090332031250000000e-01 4.882812500000000000e-04
2.045898437500000000e+00 -3.059082031250000000e-01 2.910156250000000000e-01
1.626220703125000000e+00 -4.833984375000000000e-01 -2.919921875000000000e-01
1.276123046875000000e+00 -2.878417968750000000e-01 -2.907714843750000000e-01
2.802734375000000000e-01 4.931640625000000000e-02 2.270507812500000000e-02
1.425781250000000000e-01 -1.433105468750000000e-01 1.086425781250000000e-01
2.167968750000000000e-01 3.955078125000000000e-02 -1.684570312500000000e-02
7.590332031250000000e-01 -2.766113281250000000e-01 -8.300781250000000000e-02
2.156982421875000000e+00 -6.921386718750000000e-01 -9.765625000000000000e-04
2.156982421875000000e+00 -6.921386718750000000e-01 -9.765625000000000000e-04
2.166992187500000000e+00 -1.340332031250000000e-01 -2.646484375000000000e-01
2.166992187500000000e+00 -1.340332031250000000e-01 -2.646484375000000000e-01
1.169433593750000000e+00 -3.359375000000000000e-01 -3.195800781250000000e-01
2.180175781250000000e-01 -6.250000000000000000e-02 -7.617187500000000000e-02
1.970214843750000000e-01 -1.354980468750000000e-01 7.202148437500000000e-02
1.401367187500000000e-01 2.734375000000000000e-02 6.835937500000000000e-02
3.028564453125000000e+00 -4.077148437500000000e-01 -1.372070312500000000e-01
8.752441406250000000e-01 -2.839355468750000000e-01 -1.079101562500000000e-01
8.752441406250000000e-01 -2.839355468750000000e-01 -1.079101562500000000e-01
8.752441406250000000e-01 -2.839355468750000000e-01 -1.079101562500000000e-01
1.354980468750000000e-01 2.221679687500000000e-02 1.904296875000000000e-01
1.045410156250000000e+00 -4.782714843750000000e-01 -7.360839843750000000e-01
2.761474609375000000e+00 -2.033691406250000000e-01 1.271972656250000000e-01
2.206054687500000000e+00 -5.749511718750000000e-01 -3.544921875000000000e-01
8.447265625000000000e-01 -2.116699218750000000e-01 -2.675781250000000000e-01
6.787109375000000000e-02 -7.739257812500000000e-02 2.270507812500000000e-02
6.787109375000000000e-02 -7.739257812500000000e-02 2.270507812500000000e-02
-1.538085937500000000e-02 -1.491699218750000000e-01 5.004882812500000000e-02
1.735839843750000000e-01 7.812500000000000000e-03 -2.905273437500000000e-02
6.982421875000000000e-01 -2.141113281250000000e-01 -3.149414062500000000e-01
2.363281250000000000e+00 -5.771484375000000000e-01 -2.661132812500000000e-02
2.227539062500000000e+00 -4.477539062500000000e-01 -8.618164062500000000e-02
2.094970703125000000e+00 -4.624023437500000000e-01 -1.171875000000000000e-01
1.500488281250000000e+00 -2.626953125000000000e-01 -2.717285156250000000e-01
1.500488281250000000e+00 -2.626953125000000000e-01 -2.717285156250000000e-01
5.378417968750000000e-01 -3.784179687500000000e-01 -1.252441406250000000e-01
5.378417968750000000e-01 -3.784179687500000000e-01 -1.252441406250000000e-01
-2.292480468750000000e-01 4.101562500000000000e-02 3.085937500000000000e-01
-2.292480468750000000e-01 4.101562500000000000e-02 3.085937500000000000e-01
1.281738281250000000e-01 8.813476562500000000e-02 1.437988281250000000e-01
1.281738281250000000e-01 8.813476562500000000e-02 1.437988281250000000e-01
3.273925781250000000e-01 -2.590332031250000000e-01 -3.515625000000000000e-02
1.353515625000000000e+00 -5.478515625000000000e-01 -2.878417968750000000e-01
2.431640625000000000e+00 -3.830566406250000000e-01 1.879882812500000000e-01
2.431640625000000000e+00 -3.830566406250000000e-01 1.879882812500000000e-01
2.555664062500000000e+00 -6.301269531250000000e-01 -1.997070312500000000e-01
2.555664062500000000e+00 -6.301269531250000000e-01 -1.997070312500000000e-01
1.739746093750000000e+00 -3.579101562500000000e-01 -3.530273437500000000e-01
1.739746093750000000e+00 -3.579101562500000000e-01 -3.530273437500000000e-01
8.054199218750000000e-01 -1.752929687500000000e-01 -3.178710937500000000e-01
8.054199218750000000e-01 -1.752929687500000000e-01 -3.178710937500000000e-01
-1.010742187500000000e-01 -1.281738281250000000e-01 1.750488281250000000e-01
7.641601562500000000e-02 5.541992187500000000e-02 -3.417968750000000000e-03
1.928710937500000000e-01 -7.153320312500000000e-02 4.223632812500000000e-02
2.026367187500000000e-02 -1.906738281250000000e-01 1.533203125000000000e-01
5.327148437500000000e-01 -5.810546875000000000e-02 -4.121093750000000000e-01
2.724365234375000000e+00 -4.572753906250000000e-01 -1.228027343750000000e-01
1.962402343750000000e+00 -3.574218750000000000e-01 -2.480468750000000000e-01
2.494384765625000000e+00 -4.792480468750000000e-01 -4.072265625000000000e-01
8.637695312500000000e-01 -2.773437500000000000e-01 -3.164062500000000000e-01
2.082519531250000000e-01 -8.032226562500000000e-02 3.540039062500000000e-02
-7.666015625000000000e-02 -1.708984375000000000e-02 4.003906250000000000e-02
1.105957031250000000e-01 -7.397460937500000000e-02 4.711914062500000000e-02
3.662109375000000000e-02 -6.274414062500000000e-02 1.423339843750000000e-01
3.537597656250000000e-01 -1.318359375000000000e-01 -9.179687500000000000e-02
1.611816406250000000e+00 -4.392089843750000000e-01 -5.119628906250000000e-01
1.830810546875000000e+00 -2.036132812500000000e-01 2.011718750000000000e-01
2.510253906250000000e+00 -4.333496093750000000e-01 1.652832031250000000e-01
1.724853515625000000e+00 -4.875488281250000000e-01 -1.994628906250000000e-01
1.378662109375000000e+00 -2.260742187500000000e-01 -2.995605468750000000e-01
4.245605468750000000e-01 -2.070312500000000000e-01 -1.296386718750000000e-01
-1.977539062500000000e-01 1.477050781250000000e-01 9.106445312500000000e-02
1.564941406250000000e-01 -4.443359375000000000e-02 1.398925781250000000e-01
2.617187500000000000e-01 -5.322265625000000000e-02 -8.447265625000000000e-02
1.350341796875000000e+00 -3.779296875000000000e-01 -2.275390625000000000e-01
3.027587890625000000e+00 -5.156250000000000000e-01 1.328125000000000000e-01
1.793212890625000000e+00 -3.537597656250000000e-01 -1.486816406250000000e-01
1.793212890625000000e+00 -3.537597656250000000e-01 -1.486816406250000000e-01
