1.026855468750000000e+00 -6.713867187500000000e-02 -1.013183593750000000e-01
9.692382812500000000e-01 -7.104492187500000000e-02 -1.042480468750000000e-01
1.030029296875000000e+00 -7.519531250000000000e-02 -1.108398437500000000e-01
1.030029296875000000e+00 -7.202148437500000000e-02 -1.113281250000000000e-01
1.028564453125000000e+00 -6.933593750000000000e-02 -1.081542968750000000e-01
9.707031250000000000e-01 -6.787109375000000000e-02 -1.098632812500000000e-01
1.028564453125000000e+00 -6.909179687500000000e-02 -1.057128906250000000e-01
1.028808593750000000e+00 -7.177734375000000000e-02 -1.110839843750000000e-01
9.711914062500000000e-01 -6.933593750000000000e-02 -1.125488281250000000e-01
9.724121093750000000e-01 -6.958007812500000000e-02 -1.079101562500000000e-01
1.023681640625000000e+00 -6.933593750000000000e-02 -1.083984375000000000e-01
9.714355468750000000e-01 -7.006835937500000000e-02 -1.049804687500000000e-01
9.724121093750000000e-01 -7.495117187500000000e-02 -1.071777343750000000e-01
1.026611328125000000e+00 -7.617187500000000000e-02 -1.142578125000000000e-01
1.026367187500000000e+00 -8.032226562500000000e-02 -1.533203125000000000e-01
9.729003906250000000e-01 -7.714843750000000000e-02 -1.374511718750000000e-01
9.362792968750000000e-01 -8.862304687500000000e-02 -1.538085937500000000e-01
1.025390625000000000e+00 -6.494140625000000000e-02 -9.692382812500000000e-02
9.963378906250000000e-01 1.220703125000000000e-03 -1.911621093750000000e-01
9.743652343750000000e-01 -6.445312500000000000e-02 -1.667480468750000000e-01
9.504394531250000000e-01 -6.567382812500000000e-02 -2.778320312500000000e-01
6.840820312500000000e-01 -1.279296875000000000e-01 -3.557128906250000000e-01
4.470214843750000000e-01 -5.297851562500000000e-02 9.277343750000000000e-03
8.601074218750000000e-01 1.347656250000000000e-01 2.609863281250000000e-01
1.863525390625000000e+00 -8.300781250000000000e-02 -3.452148437500000000e-01
2.468017578125000000e+00 -1.948242187500000000e-01 -6.015625000000000000e-01
1.363525390625000000e+00 -1.420898437500000000e-01 -4.389648437500000000e-01
4.956054687500000000e-01 -1.733398437500000000e-02 7.324218750000000000e-04
-1.523437500000000000e-01 1.440429687500000000e-02 1.901855468750000000e-01
-1.838378906250000000e-01 2.343750000000000000e-02 2.246093750000000000e-01
1.684570312500000000e-01 -6.005859375000000000e-02 1.625976562500000000e-01
6.564941406250000000e-01 1.025390625000000000e-02 1.733398437500000000e-02
4.208496093750000000e+00 -3.920898437500000000e-01 -1.626220703125000000e+00
1.496337890625000000e+00 -3.200683593750000000e-01 -4.970703125000000000e-01
3.486328125000000000e-01 2.004394531250000000e-01 1.323242187500000000e-01
-2.753906250000000000e-01 5.395507812500000000e-02 4.150390625000000000e-02
-4.394531250000000000e-02 3.100585937500000000e-02 9.057617187500000000e-02
2.421875000000000000e-01 -2.126464843750000000e-01 1.513671875000000000e-01
7.377929687500000000e-01 -1.015625000000000000e-01 -2.702636718750000000e-01
6.128662109375000000e+00 -6.044921875000000000e-01 -1.426025390625000000e+00
9.067382812500000000e-01 -1.232910156250000000e-01 -1.477050781250000000e-01
-1.611328125000000000e-02 1.711425781250000000e-01 7.250976562500000000e-02
-1.657714843750000000e-01 1.684570312500000000e-02 1.801757812500000000e-01
1.960449218750000000e-01 4.077148437500000000e-02 1.525878906250000000e-01
4.599609375000000000e-01 -1.174316406250000000e-01 2.163085937500000000e-01
3.459228515625000000e+00 1.437988281250000000e-01 -5.734863281250000000e-01
1.704833984375000000e+00 1.574707031250000000e-01 -3.442382812500000000e-01
5.515136718750000000e-01 5.273437500000000000e-02 -8.593750000000000000e-02
-3.833007812500000000e-01 -1.391601562500000000e-02 -3.417968750000000000e-02
7.739257812500000000e-02 -4.614257812500000000e-02 1.713867187500000000e-01
1.027832031250000000e-01 -2.905273437500000000e-02 9.765625000000000000e-02
6.557617187500000000e-01 1.806640625000000000e-02 -6.267089843750000000e-01
5.733642578125000000e+00 -6.533203125000000000e-01 -1.682617187500000000e+00
9.350585937500000000e-01 -1.232910156250000000e-01 -4.357910156250000000e-01
1.708984375000000000e-01 2.172851562500000000e-01 4.736328125000000000e-02
-4.389648437500000000e-01 -2.856445312500000000e-02 1.015625000000000000e-01
1.489257812500000000e-01 -3.466796875000000000e-02 3.225097656250000000e-01
3.439941406250000000e-01 6.420898437500000000e-02 2.043457031250000000e-01
1.230957031250000000e+00 1.652832031250000000e-01 -2.201660156250000000e+00
2.958984375000000000e+00 -3.181152343750000000e-01 -1.759033203125000000e+00
9.248046875000000000e-01 1.892089843750000000e-01 -1.945800781250000000e-01
-1.987304687500000000e-01 9.179687500000000000e-02 3.125000000000000000e-02
-6.176757812500000000e-02 2.856445312500000000e-02 2.915039062500000000e-01
1.713867187500000000e-01 -4.931640625000000000e-02 4.760742187500000000e-02
6.088867187500000000e-01 4.345703125000000000e-02 2.319335937500000000e-01
5.239990234375000000e+00 -1.621093750000000000e-01 -2.515380859375000000e+00
8.571777343750000000e-01 -3.471679687500000000e-01 -5.642089843750000000e-01
2.268066406250000000e-01 2.360839843750000000e-01 1.484375000000000000e-01
-3.557128906250000000e-01 5.078125000000000000e-02 1.840820312500000000e-01
3.662109375000000000e-02 -1.257324218750000000e-01 -1.022949218750000000e-01
3.645019531250000000e-01 -9.277343750000000000e-02 1.516113281250000000e-01
2.010742187500000000e+00 2.485351562500000000e-01 -2.141357421875000000e+00
2.049560546875000000e+00 -6.469726562500000000e-01 -1.870117187500000000e-01
7.722167968750000000e-01 -9.277343750000000000e-03 9.594726562500000000e-02
-3.713378906250000000e-01 1.608886718750000000e-01 2.607421875000000000e-01
-2.661132812500000000e-02 -1.953125000000000000e-02 7.666015625000000000e-02
-1.806640625000000000e-02 -9.838867187500000000e-02 2.661132812500000000e-02
5.346679687500000000e-01 -1.074218750000000000e-01 5.795898437500000000e-01
4.459960937500000000e+00 4.252929687500000000e-01 -1.472167968750000000e-01
1.319580078125000000e+00 1.274414062500000000e-01 -3.527832031250000000e-01
6.494140625000000000e-01 2.121582031250000000e-01 2.099609375000000000e-02
-4.772949218750000000e-01 1.115722656250000000e-01 1.064453125000000000e-01
-1.210937500000000000e-01 6.347656250000000000e-03 1.000976562500000000e-01
-5.371093750000000000e-03 -8.618164062500000000e-02 1.159667968750000000e-01
7.551269531250000000e-01 -2.685546875000000000e-02 5.310058593750000000e-01
5.064941406250000000e+00 3.798828125000000000e-01 -9.335937500000000000e-01
1.360839843750000000e+00 -1.791992187500000000e-01 -9.987792968750000000e-01
5.981445312500000000e-01 1.291503906250000000e-01 -6.469726562500000000e-02
-3.112792968750000000e-01 3.063964843750000000e-01 3.039550781250000000e-01
-1.057128906250000000e-01 -3.173828125000000000e-03 1.330566406250000000e-01
4.687500000000000000e-02 -3.264160156250000000e-01 3.613281250000000000e-02
6.621093750000000000e-01 -2.177734375000000000e-01 9.057617187500000000e-02
4.662353515625000000e+00 -3.393554687500000000e-02 -1.482666015625000000e+00
1.153320312500000000e+00 -1.223144531250000000e-01 -1.204833984375000000e+00
5.720214843750000000e-01 1.896972656250000000e-01 -3.466796875000000000e-02
-5.495605468750000000e-01 8.227539062500000000e-02 1.740722656250000000e-01
3.442382812500000000e-02 5.053710937500000000e-02 1.083984375000000000e-01
-7.324218750000000000e-04 -8.569335937500000000e-02 -2.563476562500000000e-02
7.468261718750000000e-01 -1.242675781250000000e-01 5.036621093750000000e-01
5.257324218750000000e+00 -2.263183593750000000e-01 -1.425781250000000000e+00
1.072509765625000000e+00 -3.374023437500000000e-01 -1.241455078125000000e+00
7.175292968750000000e-01 3.159179687500000000e-01 -1.757812500000000000e-02
-4.597167968750000000e-01 8.911132812500000000e-02 1.040039062500000000e-01
-5.810546875000000000e-02 -1.442871093750000000e-01 -2.709960937500000000e-02
8.496093750000000000e-02 -7.983398437500000000e-02 4.125976562500000000e-02
5.871582031250000000e-01 -1.257324218750000000e-01 3.503417968750000000e-01
5.711181640625000000e+00 -7.707519531250000000e-01 -1.826660156250000000e+00
9.343261718750000000e-01 -3.178710937500000000e-01 -1.103515625000000000e+00
4.348144531250000000e-01 1.914062500000000000e-01 3.735351562500000000e-02
-4.023437500000000000e-01 3.393554687500000000e-02 1.076660156250000000e-01
-1.311035156250000000e-01 -8.496093750000000000e-02 2.832031250000000000e-02
1.982421875000000000e-01 -4.492187500000000000e-02 -7.568359375000000000e-03
7.827148437500000000e-01 -6.665039062500000000e-02 2.023925781250000000e-01
8.000000000000000000e+00 -2.484375000000000000e+00 -1.832275390625000000e+00
1.096435546875000000e+00 -1.511230468750000000e-01 -2.465820312500000000e-01
3.234863281250000000e-01 1.721191406250000000e-01 3.393554687500000000e-02
-5.058593750000000000e-01 -1.147460937500000000e-02 1.625976562500000000e-01
1.054687500000000000e-01 -4.077148437500000000e-02 1.044921875000000000e-01
1.162109375000000000e-01 1.171875000000000000e-02 1.916503906250000000e-01
5.085449218750000000e-01 -8.300781250000000000e-02 -4.360351562500000000e-01
5.972167968750000000e+00 -1.464843750000000000e-02 -1.618164062500000000e+00
1.090087890625000000e+00 -9.692382812500000000e-02 -1.625976562500000000e-01
1.794433593750000000e-01 1.713867187500000000e-01 -1.708984375000000000e-03
-2.856445312500000000e-01 -7.763671875000000000e-02 1.044921875000000000e-01
-3.857421875000000000e-02 -9.619140625000000000e-02 -1.962890625000000000e-01
2.023925781250000000e-01 2.734375000000000000e-02 1.057128906250000000e-01
8.510742187500000000e-01 2.978515625000000000e-02 -2.050781250000000000e-01
7.875488281250000000e+00 -1.870117187500000000e+00 -1.005859375000000000e+00
1.376953125000000000e+00 -3.066406250000000000e-01 -5.036621093750000000e-01
5.073242187500000000e-01 2.641601562500000000e-01 -7.080078125000000000e-03
-4.558105468750000000e-01 -6.542968750000000000e-02 2.600097656250000000e-01
8.959960937500000000e-02 6.640625000000000000e-02 3.662109375000000000e-02
2.270507812500000000e-02 -7.348632812500000000e-02 4.443359375000000000e-02
3.908691406250000000e-01 -4.223632812500000000e-02 4.519042968750000000e-01
2.705322265625000000e+00 3.249511718750000000e-01 3.039550781250000000e-01
2.525146484375000000e+00 -2.949218750000000000e-01 2.490234375000000000e-01
1.231201171875000000e+00 1.025390625000000000e-02 -3.308105468750000000e-01
-1.076660156250000000e-01 9.936523437500000000e-02 6.103515625000000000e-03
-2.124023437500000000e-01 6.323242187500000000e-02 1.389160156250000000e-01
-4.296875000000000000e-02 2.441406250000000000e-03 5.615234375000000000e-03
1.357421875000000000e-01 -6.542968750000000000e-02 1.120605468750000000e-01
5.515136718750000000e-01 1.928710937500000000e-02 4.301757812500000000e-01
5.217041015625000000e+00 2.683105468750000000e-01 -1.842041015625000000e+00
1.578857421875000000e+00 -3.151855468750000000e-01 -9.577636718750000000e-01
5.783691406250000000e-01 2.097167968750000000e-01 -3.076171875000000000e-02
-3.669433593750000000e-01 -3.076171875000000000e-02 5.810546875000000000e-02
-8.569335937500000000e-02 1.171875000000000000e-02 3.232421875000000000e-01
9.814453125000000000e-02 -1.198730468750000000e-01 -2.148437500000000000e-02
1.416015625000000000e-01 -7.739257812500000000e-02 1.518554687500000000e-01
9.528808593750000000e-01 1.264648437500000000e-01 5.615234375000000000e-03
4.017578125000000000e+00 -8.974609375000000000e-01 -3.154785156250000000e+00
1.089111328125000000e+00 -4.370117187500000000e-02 -1.164550781250000000e-01
5.053710937500000000e-02 1.508789062500000000e-01 1.362304687500000000e-01
-3.391113281250000000e-01 1.884765625000000000e-01 1.711425781250000000e-01
5.517578125000000000e-02 0.000000000000000000e+00 2.587890625000000000e-02
-2.246093750000000000e-02 -4.785156250000000000e-02 1.420898437500000000e-01
8.195800781250000000e-01 -7.788085937500000000e-02 9.440917968750000000e-01
5.791503906250000000e+00 3.041992187500000000e-01 1.063964843750000000e+00
1.254882812500000000e+00 2.026367187500000000e-02 -1.367675781250000000e+00
7.424316406250000000e-01 2.531738281250000000e-01 7.763671875000000000e-02
-7.678222656250000000e-01 7.666015625000000000e-02 8.300781250000000000e-02
3.564453125000000000e-02 8.520507812500000000e-02 -8.544921875000000000e-02
2.097167968750000000e-01 -1.374511718750000000e-01 -5.615234375000000000e-03
4.045410156250000000e-01 -4.589843750000000000e-02 1.662597656250000000e-01
2.114501953125000000e+00 3.747558593750000000e-01 -2.056640625000000000e+00
2.171875000000000000e+00 -3.669433593750000000e-01 3.393554687500000000e-01
8.173828125000000000e-01 1.323242187500000000e-01 -1.022949218750000000e-01
-4.111328125000000000e-01 4.687500000000000000e-02 -3.076171875000000000e-02
-9.790039062500000000e-02 -2.392578125000000000e-02 1.606445312500000000e-01
1.884765625000000000e-01 -1.159667968750000000e-01 -2.026367187500000000e-01
4.248046875000000000e-02 -6.762695312500000000e-02 3.979492187500000000e-02
7.465820312500000000e-01 -9.497070312500000000e-02 5.227050781250000000e-01
4.615966796875000000e+00 3.552246093750000000e-01 -2.113281250000000000e+00
8.645019531250000000e-01 -1.774902343750000000e-01 -2.453613281250000000e-01
8.593750000000000000e-02 2.656250000000000000e-01 2.905273437500000000e-02
-3.732910156250000000e-01 8.837890625000000000e-02 2.111816406250000000e-01
-1.879882812500000000e-02 -2.294921875000000000e-02 -2.685546875000000000e-02
1.550292968750000000e-01 -2.636718750000000000e-02 -6.811523437500000000e-02
7.709960937500000000e-01 -5.615234375000000000e-02 8.083496093750000000e-01
6.011474609375000000e+00 2.553710937500000000e-01 6.926269531250000000e-01
6.340332031250000000e-01 -3.417968750000000000e-02 -9.252929687500000000e-02
3.754882812500000000e-01 2.070312500000000000e-01 -6.909179687500000000e-02
-5.466308593750000000e-01 1.518554687500000000e-01 5.322265625000000000e-02
1.308593750000000000e-01 2.685546875000000000e-02 1.855468750000000000e-02
7.983398437500000000e-02 -1.103515625000000000e-01 4.052734375000000000e-02
3.835449218750000000e-01 9.521484375000000000e-03 2.885742187500000000e-01
2.079101562500000000e+00 3.884277343750000000e-01 -2.429199218750000000e+00
3.384521484375000000e+00 -3.955078125000000000e-02 -2.534912109375000000e+00
7.419433593750000000e-01 4.265136718750000000e-01 9.277343750000000000e-02
-3.398437500000000000e-01 3.613281250000000000e-02 6.127929687500000000e-02
-3.317871093750000000e-01 7.104492187500000000e-02 -6.250000000000000000e-02
1.066894531250000000e-01 -2.150878906250000000e-01 -2.111816406250000000e-01
1.967773437500000000e-01 -2.539062500000000000e-02 1.972656250000000000e-01
6.713867187500000000e-01 3.320312500000000000e-02 -4.882812500000000000e-01
3.791259765625000000e+00 -1.108154296875000000e+00 -3.755859375000000000e+00
1.855468750000000000e-01 2.519531250000000000e-01 -4.562988281250000000e-01
-2.658691406250000000e-01 1.584472656250000000e-01 2.048339843750000000e-01
-3.879394531250000000e-01 1.379394531250000000e-01 -2.492675781250000000e-01
5.395507812500000000e-02 -4.980468750000000000e-02 -1.552734375000000000e-01
2.768554687500000000e-01 -4.760742187500000000e-02 2.087402343750000000e-01
