9.978027343750000000e-01 -2.783203125000000000e-02 5.712890625000000000e-02
9.946289062500000000e-01 -3.051757812500000000e-02 5.761718750000000000e-02
9.946289062500000000e-01 -3.051757812500000000e-02 5.761718750000000000e-02
9.946289062500000000e-01 -3.051757812500000000e-02 5.761718750000000000e-02
9.951171875000000000e-01 -2.514648437500000000e-02 1.281738281250000000e-01
9.990234375000000000e-01 3.100585937500000000e-02 1.301269531250000000e-01
9.929199218750000000e-01 -2.880859375000000000e-02 1.311035156250000000e-01
1.066650390625000000e+00 -2.954101562500000000e-02 5.297851562500000000e-02
1.066650390625000000e+00 -2.758789062500000000e-02 1.315917968750000000e-01
9.953613281250000000e-01 -3.027343750000000000e-02 1.386718750000000000e-01
9.975585937500000000e-01 -2.075195312500000000e-02 1.374511718750000000e-01
1.069824218750000000e+00 -1.684570312500000000e-02 6.054687500000000000e-02
9.909667968750000000e-01 -2.856445312500000000e-02 1.313476562500000000e-01
9.895019531250000000e-01 2.978515625000000000e-02 5.883789062500000000e-02
9.909667968750000000e-01 2.124023437500000000e-02 1.257324218750000000e-01
1.068115234375000000e+00 2.001953125000000000e-02 1.311035156250000000e-01
9.970703125000000000e-01 1.806640625000000000e-02 1.386718750000000000e-01
9.992675781250000000e-01 7.080078125000000000e-03 5.664062500000000000e-02
9.785156250000000000e-01 2.197265625000000000e-03 1.391601562500000000e-01
9.990234375000000000e-01 -3.881835937500000000e-02 3.979492187500000000e-02
1.007812500000000000e+00 -6.176757812500000000e-02 1.257324218750000000e-01
9.816894531250000000e-01 3.173828125000000000e-03 9.814453125000000000e-02
1.082519531250000000e+00 -3.173828125000000000e-03 1.289062500000000000e-01
1.076660156250000000e+00 9.155273437500000000e-02 3.344726562500000000e-02
9.938964843750000000e-01 7.568359375000000000e-02 5.249023437500000000e-02
9.936523437500000000e-01 -9.765625000000000000e-03 5.078125000000000000e-02
9.938964843750000000e-01 2.612304687500000000e-02 3.613281250000000000e-02
9.960937500000000000e-01 2.978515625000000000e-02 6.713867187500000000e-02
1.062988281250000000e+00 1.855468750000000000e-02 7.983398437500000000e-02
9.904785156250000000e-01 2.416992187500000000e-02 8.618164062500000000e-02
9.936523437500000000e-01 -2.954101562500000000e-02 8.935546875000000000e-02
9.870605468750000000e-01 2.978515625000000000e-02 3.247070312500000000e-02
1.066894531250000000e+00 1.074218750000000000e-02 3.588867187500000000e-02
1.077392578125000000e+00 -7.714843750000000000e-02 -1.098632812500000000e-02
9.936523437500000000e-01 -3.344726562500000000e-02 7.275390625000000000e-02
9.821777343750000000e-01 -3.417968750000000000e-02 9.082031250000000000e-02
1.013671875000000000e+00 -5.468750000000000000e-02 1.257324218750000000e-01
1.128662109375000000e+00 5.859375000000000000e-03 -2.685546875000000000e-03
1.078613281250000000e+00 -4.101562500000000000e-02 5.639648437500000000e-02
1.009033203125000000e+00 3.222656250000000000e-02 2.060546875000000000e-01
1.190917968750000000e+00 3.002929687500000000e-02 9.277343750000000000e-02
9.079589843750000000e-01 -1.416015625000000000e-02 1.518554687500000000e-01
9.687500000000000000e-01 1.967773437500000000e-01 4.687500000000000000e-02
9.929199218750000000e-01 2.517089843750000000e-01 1.396484375000000000e-01
1.018554687500000000e+00 5.444335937500000000e-02 9.814453125000000000e-02
9.541015625000000000e-01 3.906250000000000000e-02 1.445312500000000000e-01
9.707031250000000000e-01 8.544921875000000000e-03 1.987304687500000000e-01
1.139160156250000000e+00 7.031250000000000000e-02 2.021484375000000000e-01
1.131347656250000000e+00 1.931152343750000000e-01 2.534179687500000000e-01
1.093750000000000000e+00 2.102050781250000000e-01 2.216796875000000000e-01
1.204833984375000000e+00 1.711425781250000000e-01 1.669921875000000000e-01
1.366210937500000000e+00 1.760253906250000000e-01 -2.001953125000000000e-02
1.023925781250000000e+00 5.371093750000000000e-03 -3.540039062500000000e-02
8.830566406250000000e-01 -1.000976562500000000e-01 2.905273437500000000e-02
1.125488281250000000e+00 1.274414062500000000e-01 6.494140625000000000e-02
1.073730468750000000e+00 4.760742187500000000e-02 -2.246093750000000000e-02
8.430175781250000000e-01 -8.056640625000000000e-02 6.933593750000000000e-02
9.401855468750000000e-01 -2.126464843750000000e-01 1.420898437500000000e-01
1.020996093750000000e+00 -2.490234375000000000e-01 9.277343750000000000e-02
8.864746093750000000e-01 -5.004882812500000000e-02 1.437988281250000000e-01
8.496093750000000000e-01 -8.276367187500000000e-02 1.176757812500000000e-01
9.570312500000000000e-01 -2.807617187500000000e-02 2.153320312500000000e-01
1.046630859375000000e+00 -7.202148437500000000e-02 5.737304687500000000e-02
1.161621093750000000e+00 -6.298828125000000000e-02 1.665039062500000000e-01
1.165283203125000000e+00 1.831054687500000000e-01 4.392089843750000000e-01
1.234619140625000000e+00 -1.645507812500000000e-01 -2.514648437500000000e-02
9.199218750000000000e-01 -2.565917968750000000e-01 -2.167968750000000000e-01
1.157958984375000000e+00 1.027832031250000000e-01 1.254882812500000000e-01
1.151611328125000000e+00 -2.604980468750000000e-01 -7.836914062500000000e-02
7.905273437500000000e-01 -1.433105468750000000e-01 -1.855468750000000000e-02
8.391113281250000000e-01 4.443359375000000000e-02 3.344726562500000000e-02
9.934082031250000000e-01 1.245117187500000000e-02 -1.953125000000000000e-02
8.000488281250000000e-01 -1.123046875000000000e-02 4.174804687500000000e-02
8.098144531250000000e-01 6.762695312500000000e-02 1.145019531250000000e-01
9.238281250000000000e-01 -2.783203125000000000e-02 1.965332031250000000e-01
1.197509765625000000e+00 3.906250000000000000e-03 8.105468750000000000e-02
1.237060546875000000e+00 -3.637695312500000000e-02 2.221679687500000000e-01
1.159667968750000000e+00 -4.150390625000000000e-03 3.503417968750000000e-01
1.211181640625000000e+00 1.013183593750000000e-01 1.721191406250000000e-01
1.260742187500000000e+00 2.084960937500000000e-01 -2.478027343750000000e-01
7.763671875000000000e-01 -3.208007812500000000e-01 -1.325683593750000000e-01
1.156738281250000000e+00 -6.152343750000000000e-02 9.008789062500000000e-02
1.059814453125000000e+00 1.408691406250000000e-01 -1.220703125000000000e-03
8.308105468750000000e-01 8.056640625000000000e-02 1.464843750000000000e-01
7.871093750000000000e-01 -1.542968750000000000e-01 1.079101562500000000e-01
9.436035156250000000e-01 -2.414550781250000000e-01 1.887207031250000000e-01
8.896484375000000000e-01 -1.528320312500000000e-01 1.076660156250000000e-01
8.891601562500000000e-01 -1.347656250000000000e-01 3.142089843750000000e-01
9.716796875000000000e-01 -4.199218750000000000e-02 1.640625000000000000e-01
1.290283203125000000e+00 4.516601562500000000e-02 1.398925781250000000e-01
1.262939453125000000e+00 -2.028808593750000000e-01 5.073242187500000000e-01
1.383300781250000000e+00 -3.808593750000000000e-02 4.467773437500000000e-02
1.012207031250000000e+00 -2.160644531250000000e-01 -3.137207031250000000e-01
9.316406250000000000e-01 1.706542968750000000e-01 -1.000976562500000000e-02
1.049804687500000000e+00 -2.573242187500000000e-01 -7.983398437500000000e-02
8.391113281250000000e-01 -5.810546875000000000e-02 6.396484375000000000e-02
7.370605468750000000e-01 8.325195312500000000e-02 5.639648437500000000e-02
1.013671875000000000e+00 1.560058593750000000e-01 5.810546875000000000e-02
9.548339843750000000e-01 8.349609375000000000e-02 1.342773437500000000e-01
8.518066406250000000e-01 8.544921875000000000e-03 2.607421875000000000e-01
9.531250000000000000e-01 9.521484375000000000e-03 1.215820312500000000e-01
1.173828125000000000e+00 -9.179687500000000000e-02 9.643554687500000000e-02
1.188232421875000000e+00 7.836914062500000000e-02 3.330078125000000000e-01
1.189208984375000000e+00 -1.313476562500000000e-01 5.927734375000000000e-01
1.693359375000000000e+00 7.275390625000000000e-02 -1.928710937500000000e-02
7.968750000000000000e-01 6.323242187500000000e-02 -1.142578125000000000e-01
9.633789062500000000e-01 -2.783203125000000000e-01 2.075195312500000000e-02
1.223144531250000000e+00 9.448242187500000000e-02 6.347656250000000000e-02
9.194335937500000000e-01 -6.616210937500000000e-02 1.411132812500000000e-01
7.504882812500000000e-01 1.806640625000000000e-02 1.015625000000000000e-01
8.610839843750000000e-01 -1.936035156250000000e-01 1.467285156250000000e-01
8.620605468750000000e-01 -1.928710937500000000e-01 1.186523437500000000e-01
8.818359375000000000e-01 -1.359863281250000000e-01 2.583007812500000000e-01
8.676757812500000000e-01 -1.301269531250000000e-01 3.427734375000000000e-01
1.102539062500000000e+00 -1.181640625000000000e-01 1.499023437500000000e-01
1.340576171875000000e+00 -2.294921875000000000e-02 2.585449218750000000e-01
1.179931640625000000e+00 -1.391601562500000000e-02 5.046386718750000000e-01
1.645751953125000000e+00 -2.221679687500000000e-01 -2.375488281250000000e-01
6.711425781250000000e-01 -9.106445312500000000e-02 8.813476562500000000e-02
1.082519531250000000e+00 9.326171875000000000e-02 8.813476562500000000e-02
1.097167968750000000e+00 -2.207031250000000000e-01 3.417968750000000000e-03
7.351074218750000000e-01 -2.612304687500000000e-02 1.279296875000000000e-01
8.571777343750000000e-01 -1.953125000000000000e-02 4.028320312500000000e-02
9.230957031250000000e-01 6.323242187500000000e-02 5.957031250000000000e-02
7.836914062500000000e-01 -2.929687500000000000e-03 1.062011718750000000e-01
8.527832031250000000e-01 1.416015625000000000e-02 2.556152343750000000e-01
1.013183593750000000e+00 -1.782226562500000000e-02 2.065429687500000000e-01
1.372558593750000000e+00 -1.384277343750000000e-01 1.437988281250000000e-01
1.166748046875000000e+00 -6.665039062500000000e-02 4.333496093750000000e-01
1.227294921875000000e+00 1.235351562500000000e-01 1.621093750000000000e-01
1.184814453125000000e+00 1.772460937500000000e-01 -4.033203125000000000e-01
7.971191406250000000e-01 -3.588867187500000000e-01 6.323242187500000000e-02
1.203125000000000000e+00 1.520996093750000000e-01 -4.272460937500000000e-02
1.074462890625000000e+00 1.381835937500000000e-01 2.685546875000000000e-02
7.116699218750000000e-01 1.831054687500000000e-02 5.932617187500000000e-02
8.237304687500000000e-01 -1.518554687500000000e-01 5.493164062500000000e-02
1.009765625000000000e+00 -2.219238281250000000e-01 5.419921875000000000e-02
7.954101562500000000e-01 -1.274414062500000000e-01 1.574707031250000000e-01
8.471679687500000000e-01 -3.710937500000000000e-02 2.482910156250000000e-01
1.053222656250000000e+00 -9.033203125000000000e-03 1.677246093750000000e-01
1.229492187500000000e+00 -9.277343750000000000e-02 1.960449218750000000e-01
1.204101562500000000e+00 -1.428222656250000000e-01 4.750976562500000000e-01
1.585205078125000000e+00 -1.586914062500000000e-02 -3.830566406250000000e-01
8.891601562500000000e-01 -1.203613281250000000e-01 -6.909179687500000000e-02
1.016845703125000000e+00 1.762695312500000000e-01 -4.150390625000000000e-03
1.163574218750000000e+00 -2.102050781250000000e-01 1.733398437500000000e-02
8.881835937500000000e-01 1.464843750000000000e-03 6.591796875000000000e-02
7.756347656250000000e-01 -2.880859375000000000e-02 1.503906250000000000e-01
9.350585937500000000e-01 1.337890625000000000e-01 1.369628906250000000e-01
8.645019531250000000e-01 4.980468750000000000e-02 2.001953125000000000e-01
8.049316406250000000e-01 7.202148437500000000e-02 2.568359375000000000e-01
1.029296875000000000e+00 1.337890625000000000e-01 2.792968750000000000e-01
1.122802734375000000e+00 -2.509765625000000000e-01 1.884765625000000000e-01
1.158935546875000000e+00 -1.364746093750000000e-01 3.757324218750000000e-01
1.127441406250000000e+00 -3.881835937500000000e-02 5.090332031250000000e-01
1.406982421875000000e+00 1.762695312500000000e-01 -1.159667968750000000e-01
8.540039062500000000e-01 7.983398437500000000e-02 -2.607421875000000000e-01
9.680175781250000000e-01 -3.439941406250000000e-01 5.517578125000000000e-02
1.443603515625000000e+00 4.150390625000000000e-01 -1.831054687500000000e-02
8.498535156250000000e-01 3.271484375000000000e-02 1.386718750000000000e-01
6.953125000000000000e-01 1.806640625000000000e-02 1.262207031250000000e-01
1.085449218750000000e+00 -7.934570312500000000e-02 -1.757812500000000000e-02
9.013671875000000000e-01 -1.818847656250000000e-01 9.790039062500000000e-02
9.687500000000000000e-01 -1.166992187500000000e-01 1.042480468750000000e-01
1.149414062500000000e+00 7.739257812500000000e-02 2.141113281250000000e-01
1.065185546875000000e+00 -1.364746093750000000e-01 2.065429687500000000e-01
1.071777343750000000e+00 1.728515625000000000e-01 2.180175781250000000e-01
9.851074218750000000e-01 1.726074218750000000e-01 3.249511718750000000e-01
1.667724609375000000e+00 1.696777343750000000e-01 -6.950683593750000000e-01
7.495117187500000000e-01 -3.801269531250000000e-01 -9.741210937500000000e-02
8.037109375000000000e-01 2.958984375000000000e-01 -1.269531250000000000e-01
1.506835937500000000e+00 1.391601562500000000e-02 -1.342773437500000000e-01
8.132324218750000000e-01 -9.594726562500000000e-02 -8.789062500000000000e-03
1.021240234375000000e+00 7.495117187500000000e-02 3.076171875000000000e-02
9.133300781250000000e-01 -9.521484375000000000e-03 1.340332031250000000e-01
8.625488281250000000e-01 3.369140625000000000e-02 3.808593750000000000e-02
8.935546875000000000e-01 5.566406250000000000e-02 1.889648437500000000e-01
8.493652343750000000e-01 7.592773437500000000e-02 2.700195312500000000e-01
9.284667968750000000e-01 7.324218750000000000e-03 1.982421875000000000e-01
1.214843750000000000e+00 -5.712890625000000000e-02 2.158203125000000000e-01
1.264160156250000000e+00 -9.912109375000000000e-02 4.248046875000000000e-01
1.166992187500000000e+00 2.429199218750000000e-01 4.614257812500000000e-01
1.326904296875000000e+00 2.263183593750000000e-01 -2.365722656250000000e-01
8.312988281250000000e-01 -7.592773437500000000e-02 -1.452636718750000000e-01
1.014892578125000000e+00 -1.166992187500000000e-01 7.763671875000000000e-02
1.330322265625000000e+00 2.141113281250000000e-01 2.392578125000000000e-02
8.994140625000000000e-01 -6.738281250000000000e-02 9.252929687500000000e-02
8.791503906250000000e-01 2.294921875000000000e-02 1.315917968750000000e-01
9.772949218750000000e-01 -4.418945312500000000e-02 1.315917968750000000e-01
8.610839843750000000e-01 -1.733398437500000000e-01 1.525878906250000000e-01
8.815917968750000000e-01 -1.179199218750000000e-01 1.596679687500000000e-01
9.560546875000000000e-01 -7.739257812500000000e-02 1.713867187500000000e-01
1.065185546875000000e+00 -1.345214843750000000e-01 5.615234375000000000e-02
1.208740234375000000e+00 1.394042968750000000e-01 2.111816406250000000e-01
1.098144531250000000e+00 1.235351562500000000e-01 4.072265625000000000e-01
1.693115234375000000e+00 1.196289062500000000e-02 -3.291015625000000000e-01
8.281250000000000000e-01 -3.522949218750000000e-01 -4.370117187500000000e-02
8.010253906250000000e-01 1.770019531250000000e-01 1.384277343750000000e-01
1.293212890625000000e+00 -2.724609375000000000e-01 -1.311035156250000000e-01
9.660644531250000000e-01 -5.688476562500000000e-02 1.369628906250000000e-01
