1.014648437500000000e+00 2.978515625000000000e-02 -2.043457031250000000e-01
1.028808593750000000e+00 2.343750000000000000e-02 -1.979980468750000000e-01
1.028808593750000000e+00 2.343750000000000000e-02 -1.979980468750000000e-01
1.022949218750000000e+00 -2.783203125000000000e-02 -2.080078125000000000e-01
1.016601562500000000e+00 2.026367187500000000e-02 -2.055664062500000000e-01
1.019531250000000000e+00 2.343750000000000000e-02 -1.997070312500000000e-01
1.020507812500000000e+00 -2.490234375000000000e-02 -2.041015625000000000e-01
1.020507812500000000e+00 -2.490234375000000000e-02 -2.041015625000000000e-01
1.024414062500000000e+00 -2.490234375000000000e-02 -2.084960937500000000e-01
1.018554687500000000e+00 -2.172851562500000000e-02 -2.089843750000000000e-01
1.022460937500000000e+00 -2.929687500000000000e-02 -2.055664062500000000e-01
1.015380859375000000e+00 -2.661132812500000000e-02 -2.045898437500000000e-01
1.025146484375000000e+00 -1.953125000000000000e-02 -2.045898437500000000e-01
1.022705078125000000e+00 -2.587890625000000000e-02 -1.994628906250000000e-01
1.017333984375000000e+00 -1.708984375000000000e-02 -1.953125000000000000e-01
1.019531250000000000e+00 -2.270507812500000000e-02 -2.038574218750000000e-01
1.019775390625000000e+00 2.783203125000000000e-02 -2.048339843750000000e-01
1.024902343750000000e+00 2.905273437500000000e-02 -2.124023437500000000e-01
1.022460937500000000e+00 -2.124023437500000000e-02 -1.567382812500000000e-01
1.020996093750000000e+00 -1.977539062500000000e-02 -1.606445312500000000e-01
1.030761718750000000e+00 -1.464843750000000000e-03 -1.806640625000000000e-01
1.022705078125000000e+00 -2.050781250000000000e-02 -1.765136718750000000e-01
9.243164062500000000e-01 2.587890625000000000e-02 -2.060546875000000000e-01
9.348144531250000000e-01 -6.738281250000000000e-02 -2.712402343750000000e-01
9.641113281250000000e-01 7.324218750000000000e-04 -3.386230468750000000e-01
8.989257812500000000e-01 4.638671875000000000e-03 -2.612304687500000000e-01
8.476562500000000000e-01 -1.306152343750000000e-01 -1.745605468750000000e-01
1.190429687500000000e+00 -5.468750000000000000e-02 -2.553710937500000000e-01
1.097900390625000000e+00 -7.250976562500000000e-02 -2.319335937500000000e-01
9.594726562500000000e-01 1.708984375000000000e-02 -1.977539062500000000e-01
9.680175781250000000e-01 -1.440429687500000000e-01 -2.131347656250000000e-01
1.023193359375000000e+00 -2.031250000000000000e-01 -1.701660156250000000e-01
9.558105468750000000e-01 -2.077636718750000000e-01 -3.430175781250000000e-01
8.461914062500000000e-01 -4.467773437500000000e-02 -4.033203125000000000e-01
6.818847656250000000e-01 3.393554687500000000e-02 -4.299316406250000000e-01
4.941406250000000000e-01 -1.293945312500000000e-01 -6.079101562500000000e-01
1.039794921875000000e+00 -2.807617187500000000e-02 -5.788574218750000000e-01
1.107177734375000000e+00 -2.016601562500000000e-01 -5.283203125000000000e-01
8.977050781250000000e-01 -1.264648437500000000e-01 -2.768554687500000000e-01
8.393554687500000000e-01 2.526855468750000000e-01 -3.291015625000000000e-01
8.825683593750000000e-01 1.894531250000000000e-01 -4.433593750000000000e-01
8.408203125000000000e-01 -6.494140625000000000e-02 -4.865722656250000000e-01
6.108398437500000000e-01 7.739257812500000000e-02 -4.477539062500000000e-01
5.456542968750000000e-01 1.225585937500000000e-01 -5.727539062500000000e-01
6.096191406250000000e-01 1.213378906250000000e-01 -5.969238281250000000e-01
3.505859375000000000e-01 -8.056640625000000000e-02 -5.861816406250000000e-01
3.505859375000000000e-01 -8.056640625000000000e-02 -5.861816406250000000e-01
4.902343750000000000e-01 8.618164062500000000e-02 -5.954589843750000000e-01
3.298339843750000000e-01 1.000976562500000000e-01 -5.942382812500000000e-01
2.900390625000000000e-01 1.132812500000000000e-01 -7.912597656250000000e-01
-8.715820312500000000e-02 2.929687500000000000e-03 -8.525390625000000000e-01
-4.052734375000000000e-02 2.514648437500000000e-02 -7.614746093750000000e-01
-9.008789062500000000e-02 1.301269531250000000e-01 -5.715332031250000000e-01
5.419921875000000000e-02 2.441406250000000000e-02 -6.782226562500000000e-01
4.035644531250000000e-01 -3.903808593750000000e-01 -1.101318359375000000e+00
2.419433593750000000e-01 -3.020019531250000000e-01 -1.761230468750000000e+00
6.296386718750000000e-01 -1.855468750000000000e-01 -2.153808593750000000e+00
8.430175781250000000e-01 -3.229980468750000000e-01 -1.541015625000000000e+00
6.584472656250000000e-01 -3.508300781250000000e-01 -8.029785156250000000e-01
8.430175781250000000e-01 1.708984375000000000e-02 -3.264160156250000000e-01
6.315917968750000000e-01 2.124023437500000000e-02 -3.295898437500000000e-02
4.538574218750000000e-01 -2.275390625000000000e-01 -4.321289062500000000e-02
5.881347656250000000e-01 -2.795410156250000000e-01 -3.129882812500000000e-01
7.854003906250000000e-01 -2.583007812500000000e-01 -3.664550781250000000e-01
1.001220703125000000e+00 -4.321289062500000000e-01 -2.561035156250000000e-01
1.187255859375000000e+00 -4.536132812500000000e-01 -3.393554687500000000e-01
1.281250000000000000e+00 -3.259277343750000000e-01 -3.132324218750000000e-01
9.233398437500000000e-01 -4.079589843750000000e-01 2.177734375000000000e-01
8.571777343750000000e-01 -5.322265625000000000e-01 -9.838867187500000000e-02
8.881835937500000000e-01 -3.588867187500000000e-01 -5.664062500000000000e-02
7.534179687500000000e-01 -3.251953125000000000e-01 1.591796875000000000e-01
6.811523437500000000e-01 -4.907226562500000000e-01 4.621582031250000000e-01
7.526855468750000000e-01 -8.908691406250000000e-01 1.564941406250000000e-01
5.498046875000000000e-01 -1.140869140625000000e+00 1.591796875000000000e-01
6.520996093750000000e-01 -1.030273437500000000e+00 8.203125000000000000e-02
5.002441406250000000e-01 -9.133300781250000000e-01 1.911621093750000000e-01
4.240722656250000000e-01 -8.654785156250000000e-01 1.030273437500000000e-01
5.815429687500000000e-01 -7.883300781250000000e-01 2.043457031250000000e-01
6.506347656250000000e-01 -8.481445312500000000e-01 3.364257812500000000e-01
6.135253906250000000e-01 -8.420410156250000000e-01 4.323730468750000000e-01
4.875488281250000000e-01 -8.391113281250000000e-01 5.659179687500000000e-01
5.861816406250000000e-01 -7.907714843750000000e-01 5.642089843750000000e-01
8.134765625000000000e-01 -5.249023437500000000e-01 8.151855468750000000e-01
8.134765625000000000e-01 -5.249023437500000000e-01 8.151855468750000000e-01
6.589355468750000000e-01 -2.419433593750000000e-01 9.572753906250000000e-01
6.589355468750000000e-01 -2.419433593750000000e-01 9.572753906250000000e-01
7.543945312500000000e-02 -2.133789062500000000e-01 1.216552734375000000e+00
4.055175781250000000e-01 2.001953125000000000e-02 7.844238281250000000e-01
4.201660156250000000e-01 -1.611328125000000000e-02 9.965820312500000000e-01
4.436035156250000000e-01 6.054687500000000000e-02 9.157714843750000000e-01
4.660644531250000000e-01 2.661132812500000000e-02 1.032958984375000000e+00
4.909667968750000000e-01 -8.764648437500000000e-02 1.082031250000000000e+00
5.710449218750000000e-01 -2.390136718750000000e-01 9.902343750000000000e-01
4.018554687500000000e-01 -2.211914062500000000e-01 9.023437500000000000e-01
3.247070312500000000e-01 -2.226562500000000000e-01 1.068603515625000000e+00
5.668945312500000000e-01 -2.937011718750000000e-01 9.843750000000000000e-01
4.072265625000000000e-01 -3.964843750000000000e-01 1.039794921875000000e+00
3.747558593750000000e-01 -3.251953125000000000e-01 9.755859375000000000e-01
5.244140625000000000e-01 -3.142089843750000000e-01 1.002685546875000000e+00
4.111328125000000000e-01 -2.644042968750000000e-01 1.022216796875000000e+00
4.550781250000000000e-01 -2.600097656250000000e-01 1.023437500000000000e+00
4.050292968750000000e-01 -2.346191406250000000e-01 9.086914062500000000e-01
2.902832031250000000e-01 -9.033203125000000000e-03 8.095703125000000000e-01
2.036132812500000000e-01 -1.650390625000000000e-01 1.275634765625000000e+00
6.887207031250000000e-01 -2.131347656250000000e-01 1.128417968750000000e+00
4.294433593750000000e-01 -1.250000000000000000e-01 9.282226562500000000e-01
2.897949218750000000e-01 -5.932617187500000000e-02 1.064697265625000000e+00
3.645019531250000000e-01 -1.030273437500000000e-01 1.006347656250000000e+00
4.614257812500000000e-01 -2.080078125000000000e-01 1.010498046875000000e+00
4.199218750000000000e-01 -1.667480468750000000e-01 1.012207031250000000e+00
4.462890625000000000e-01 -2.507324218750000000e-01 1.072998046875000000e+00
3.676757812500000000e-01 -2.546386718750000000e-01 1.079345703125000000e+00
4.521484375000000000e-01 -2.319335937500000000e-01 1.069091796875000000e+00
3.664550781250000000e-01 -2.338867187500000000e-01 9.714355468750000000e-01
3.591308593750000000e-01 -2.197265625000000000e-01 9.833984375000000000e-01
4.377441406250000000e-01 -2.194824218750000000e-01 1.003906250000000000e+00
3.486328125000000000e-01 -1.777343750000000000e-01 1.020751953125000000e+00
4.394531250000000000e-01 -2.121582031250000000e-01 1.065429687500000000e+00
4.538574218750000000e-01 -2.114257812500000000e-01 1.083496093750000000e+00
3.444824218750000000e-01 -1.569824218750000000e-01 9.916992187500000000e-01
3.374023437500000000e-01 -2.739257812500000000e-01 1.141113281250000000e+00
5.307617187500000000e-01 -1.152343750000000000e-01 1.030273437500000000e+00
3.540039062500000000e-01 -2.707519531250000000e-01 1.077880859375000000e+00
3.562011718750000000e-01 -2.517089843750000000e-01 9.985351562500000000e-01
3.562011718750000000e-01 -2.517089843750000000e-01 9.985351562500000000e-01
4.506835937500000000e-01 -2.534179687500000000e-01 9.792480468750000000e-01
4.406738281250000000e-01 -2.531738281250000000e-01 9.865722656250000000e-01
3.679199218750000000e-01 -1.716308593750000000e-01 9.697265625000000000e-01
4.443359375000000000e-01 -1.645507812500000000e-01 9.711914062500000000e-01
4.428710937500000000e-01 -1.701660156250000000e-01 9.841308593750000000e-01
4.514160156250000000e-01 -1.757812500000000000e-01 9.812011718750000000e-01
3.747558593750000000e-01 -1.738281250000000000e-01 9.785156250000000000e-01
4.387207031250000000e-01 -1.696777343750000000e-01 9.704589843750000000e-01
4.555664062500000000e-01 -1.738281250000000000e-01 9.736328125000000000e-01
4.458007812500000000e-01 -1.860351562500000000e-01 1.031250000000000000e+00
4.384765625000000000e-01 -1.872558593750000000e-01 9.836425781250000000e-01
4.433593750000000000e-01 -1.809082031250000000e-01 9.714355468750000000e-01
4.406738281250000000e-01 -1.762695312500000000e-01 9.782714843750000000e-01
4.484863281250000000e-01 -1.728515625000000000e-01 9.787597656250000000e-01
4.401855468750000000e-01 -1.694335937500000000e-01 9.885253906250000000e-01
4.445800781250000000e-01 -1.738281250000000000e-01 9.726562500000000000e-01
4.433593750000000000e-01 -1.716308593750000000e-01 9.775390625000000000e-01
3.686523437500000000e-01 -1.711425781250000000e-01 9.797363281250000000e-01
3.715820312500000000e-01 -1.743164062500000000e-01 9.870605468750000000e-01
3.715820312500000000e-01 -1.816406250000000000e-01 9.809570312500000000e-01
3.664550781250000000e-01 -1.799316406250000000e-01 9.777832031250000000e-01
4.379882812500000000e-01 -1.730957031250000000e-01 9.865722656250000000e-01
3.659667968750000000e-01 -1.706542968750000000e-01 9.809570312500000000e-01
3.688964843750000000e-01 -1.718750000000000000e-01 9.838867187500000000e-01
3.691406250000000000e-01 -1.723632812500000000e-01 9.829101562500000000e-01
3.710937500000000000e-01 -2.141113281250000000e-01 9.965820312500000000e-01
4.392089843750000000e-01 -1.779785156250000000e-01 9.719238281250000000e-01
4.445800781250000000e-01 -1.867675781250000000e-01 1.024902343750000000e+00
3.750000000000000000e-01 -1.772460937500000000e-01 9.868164062500000000e-01
4.440917968750000000e-01 -1.850585937500000000e-01 9.743652343750000000e-01
2.900390625000000000e-01 -4.191894531250000000e-01 9.912109375000000000e-01
4.157714843750000000e-01 -6.738281250000000000e-02 1.099853515625000000e+00
2.932128906250000000e-01 -1.835937500000000000e-01 9.943847656250000000e-01
4.489746093750000000e-01 -1.652832031250000000e-01 1.085449218750000000e+00
3.527832031250000000e-01 -1.787109375000000000e-01 9.987792968750000000e-01
3.488769531250000000e-01 -1.713867187500000000e-01 9.709472656250000000e-01
3.488769531250000000e-01 -1.713867187500000000e-01 9.709472656250000000e-01
2.912597656250000000e-01 -2.170410156250000000e-01 1.086181640625000000e+00
2.912597656250000000e-01 -2.170410156250000000e-01 1.086181640625000000e+00
4.619140625000000000e-01 -1.853027343750000000e-01 9.790039062500000000e-01
3.769531250000000000e-01 -1.694335937500000000e-01 1.081298828125000000e+00
3.583984375000000000e-01 -1.730957031250000000e-01 9.877929687500000000e-01
3.723144531250000000e-01 -1.638183593750000000e-01 9.770507812500000000e-01
3.532714843750000000e-01 -1.628417968750000000e-01 9.826660156250000000e-01
3.730468750000000000e-01 -1.865234375000000000e-01 9.912109375000000000e-01
3.664550781250000000e-01 -1.740722656250000000e-01 9.841308593750000000e-01
3.596191406250000000e-01 -1.796875000000000000e-01 1.065917968750000000e+00
3.732910156250000000e-01 -2.041015625000000000e-01 1.030517578125000000e+00
3.518066406250000000e-01 -1.706542968750000000e-01 9.829101562500000000e-01
3.693847656250000000e-01 -1.667480468750000000e-01 1.028564453125000000e+00
3.588867187500000000e-01 -2.502441406250000000e-01 1.063476562500000000e+00
3.713378906250000000e-01 -1.735839843750000000e-01 9.809570312500000000e-01
3.581542968750000000e-01 -1.699218750000000000e-01 9.877929687500000000e-01
3.691406250000000000e-01 -1.811523437500000000e-01 9.816894531250000000e-01
4.411621093750000000e-01 -1.669921875000000000e-01 9.753417968750000000e-01
3.598632812500000000e-01 -2.714843750000000000e-01 1.016357421875000000e+00
4.436035156250000000e-01 -1.723632812500000000e-01 9.880371093750000000e-01
3.654785156250000000e-01 -1.762695312500000000e-01 9.943847656250000000e-01
3.684082031250000000e-01 -1.823730468750000000e-01 9.885253906250000000e-01
3.681640625000000000e-01 -1.821289062500000000e-01 9.853515625000000000e-01
3.676757812500000000e-01 -1.872558593750000000e-01 9.775390625000000000e-01
4.033203125000000000e-01 -2.580566406250000000e-01 9.833984375000000000e-01
3.703613281250000000e-01 -1.708984375000000000e-01 9.997558593750000000e-01
3.483886718750000000e-01 -1.760253906250000000e-01 9.907226562500000000e-01
3.652343750000000000e-01 -1.733398437500000000e-01 9.865722656250000000e-01
3.581542968750000000e-01 -1.745605468750000000e-01 9.824218750000000000e-01
3.588867187500000000e-01 -1.782226562500000000e-01 9.880371093750000000e-01
3.615722656250000000e-01 -1.748046875000000000e-01 9.877929687500000000e-01
3.530273437500000000e-01 -1.752929687500000000e-01 9.877929687500000000e-01
3.647460937500000000e-01 -1.713867187500000000e-01 9.863281250000000000e-01
3.579101562500000000e-01 -1.713867187500000000e-01 9.887695312500000000e-01
3.542480468750000000e-01 -1.716308593750000000e-01 9.814453125000000000e-01
2.976074218750000000e-01 -2.070312500000000000e-01 1.157226562500000000e+00
5.573730468750000000e-01 -2.893066406250000000e-01 8.776855468750000000e-01
4.912109375000000000e-01 -2.919921875000000000e-01 7.829589843750000000e-01
