9.289550781250000000e-01 -1.235351562500000000e-01 -2.236328125000000000e-01
9.289550781250000000e-01 -1.235351562500000000e-01 -2.236328125000000000e-01
9.289550781250000000e-01 -1.235351562500000000e-01 -2.236328125000000000e-01
9.279785156250000000e-01 -1.206054687500000000e-01 -2.248535156250000000e-01
9.291992187500000000e-01 -1.196289062500000000e-01 -2.209472656250000000e-01
9.272460937500000000e-01 -1.203613281250000000e-01 -2.268066406250000000e-01
9.282226562500000000e-01 -1.213378906250000000e-01 -2.761230468750000000e-01
9.282226562500000000e-01 -1.879882812500000000e-01 -2.285156250000000000e-01
9.287109375000000000e-01 -1.879882812500000000e-01 -2.321777343750000000e-01
9.238281250000000000e-01 -1.223144531250000000e-01 -2.326660156250000000e-01
9.262695312500000000e-01 -1.889648437500000000e-01 -2.280273437500000000e-01
9.270019531250000000e-01 -1.220703125000000000e-01 -2.324218750000000000e-01
9.240722656250000000e-01 -1.889648437500000000e-01 -2.241210937500000000e-01
9.250488281250000000e-01 -1.884765625000000000e-01 -2.338867187500000000e-01
9.282226562500000000e-01 -1.198730468750000000e-01 -2.268066406250000000e-01
9.277343750000000000e-01 -1.193847656250000000e-01 -2.253417968750000000e-01
9.233398437500000000e-01 -1.213378906250000000e-01 -2.360839843750000000e-01
9.248046875000000000e-01 -1.159667968750000000e-01 -2.282714843750000000e-01
9.257812500000000000e-01 -1.196289062500000000e-01 -2.287597656250000000e-01
9.262695312500000000e-01 -1.203613281250000000e-01 -2.346191406250000000e-01
9.313964843750000000e-01 -1.206054687500000000e-01 -2.287597656250000000e-01
9.270019531250000000e-01 -1.171875000000000000e-01 -2.341308593750000000e-01
9.274902343750000000e-01 -1.882324218750000000e-01 -2.370605468750000000e-01
9.274902343750000000e-01 -1.245117187500000000e-01 -2.368164062500000000e-01
9.230957031250000000e-01 -1.232910156250000000e-01 -2.399902343750000000e-01
9.223632812500000000e-01 -1.877441406250000000e-01 -2.438964843750000000e-01
9.194335937500000000e-01 -1.242675781250000000e-01 -2.363281250000000000e-01
9.189453125000000000e-01 -1.235351562500000000e-01 -2.333984375000000000e-01
9.245605468750000000e-01 -1.223144531250000000e-01 -2.380371093750000000e-01
9.235839843750000000e-01 -1.215820312500000000e-01 -2.336425781250000000e-01
9.211425781250000000e-01 -1.892089843750000000e-01 -2.329101562500000000e-01
9.282226562500000000e-01 -1.237792968750000000e-01 -2.385253906250000000e-01
9.243164062500000000e-01 -1.928710937500000000e-01 -2.373046875000000000e-01
9.216308593750000000e-01 -1.242675781250000000e-01 -2.385253906250000000e-01
9.238281250000000000e-01 -1.223144531250000000e-01 -2.333984375000000000e-01
9.238281250000000000e-01 -1.213378906250000000e-01 -2.287597656250000000e-01
9.260253906250000000e-01 -1.193847656250000000e-01 -2.285156250000000000e-01
9.262695312500000000e-01 -1.191406250000000000e-01 -2.343750000000000000e-01
9.279785156250000000e-01 -1.206054687500000000e-01 -2.324218750000000000e-01
9.252929687500000000e-01 -1.191406250000000000e-01 -2.351074218750000000e-01
9.204101562500000000e-01 -1.176757812500000000e-01 -2.329101562500000000e-01
9.218750000000000000e-01 -1.186523437500000000e-01 -2.385253906250000000e-01
9.226074218750000000e-01 -1.186523437500000000e-01 -2.395019531250000000e-01
9.233398437500000000e-01 -1.206054687500000000e-01 -2.355957031250000000e-01
9.204101562500000000e-01 -1.218261718750000000e-01 -2.358398437500000000e-01
9.245605468750000000e-01 -1.181640625000000000e-01 -2.414550781250000000e-01
9.226074218750000000e-01 -1.220703125000000000e-01 -2.355957031250000000e-01
9.243164062500000000e-01 -1.174316406250000000e-01 -2.446289062500000000e-01
9.274902343750000000e-01 -1.159667968750000000e-01 -2.192382812500000000e-01
9.626464843750000000e-01 -2.106933593750000000e-01 -4.277343750000000000e-01
9.543457031250000000e-01 -1.176757812500000000e-01 -3.281250000000000000e-01
9.091796875000000000e-01 -1.108398437500000000e-01 -1.796875000000000000e-01
9.130859375000000000e-01 -1.889648437500000000e-01 -1.850585937500000000e-01
9.360351562500000000e-01 -1.040039062500000000e-01 -2.546386718750000000e-01
1.020263671875000000e+00 -1.062011718750000000e-01 -1.853027343750000000e-01
1.009277343750000000e+00 -1.074218750000000000e-01 -1.862792968750000000e-01
1.014160156250000000e+00 -1.877441406250000000e-01 -2.626953125000000000e-01
9.350585937500000000e-01 -1.909179687500000000e-01 -2.194824218750000000e-01
9.360351562500000000e-01 -1.965332031250000000e-01 -2.709960937500000000e-01
9.274902343750000000e-01 -1.931152343750000000e-01 -2.207031250000000000e-01
9.257812500000000000e-01 -1.791992187500000000e-01 -2.263183593750000000e-01
9.199218750000000000e-01 -2.700195312500000000e-01 -3.354492187500000000e-01
9.270019531250000000e-01 -2.434082031250000000e-01 -2.397460937500000000e-01
8.688964843750000000e-01 -2.375488281250000000e-01 -1.726074218750000000e-01
9.582519531250000000e-01 -2.128906250000000000e-01 -1.240234375000000000e-01
9.931640625000000000e-01 -4.028320312500000000e-02 -1.188964843750000000e-01
1.017578125000000000e+00 -1.611328125000000000e-01 -2.109375000000000000e-01
9.138183593750000000e-01 -2.353515625000000000e-01 -1.689453125000000000e-01
9.660644531250000000e-01 -2.390136718750000000e-01 -1.784667968750000000e-01
9.472656250000000000e-01 -3.234863281250000000e-01 -1.713867187500000000e-01
9.094238281250000000e-01 -3.205566406250000000e-01 -1.713867187500000000e-01
9.611816406250000000e-01 -1.662597656250000000e-01 -3.029785156250000000e-01
8.354492187500000000e-01 -1.286621093750000000e-01 -4.455566406250000000e-01
8.532714843750000000e-01 8.789062500000000000e-02 -2.939453125000000000e-01
1.095703125000000000e+00 -1.584472656250000000e-01 -4.145507812500000000e-01
8.461914062500000000e-01 6.738281250000000000e-02 -3.767089843750000000e-01
8.874511718750000000e-01 -1.367187500000000000e-02 -2.475585937500000000e-01
8.710937500000000000e-01 2.441406250000000000e-04 -4.450683593750000000e-01
8.012695312500000000e-01 -9.228515625000000000e-02 -2.998046875000000000e-01
7.783203125000000000e-01 -1.945800781250000000e-01 -2.346191406250000000e-01
7.172851562500000000e-01 1.757812500000000000e-02 -1.799316406250000000e-01
9.384765625000000000e-01 -1.003417968750000000e-01 -4.980468750000000000e-02
6.721191406250000000e-01 -1.372070312500000000e-01 -2.336425781250000000e-01
8.691406250000000000e-01 -1.003417968750000000e-01 -3.974609375000000000e-01
8.691406250000000000e-01 -1.003417968750000000e-01 -3.974609375000000000e-01
8.916015625000000000e-01 -2.609863281250000000e-01 -3.708496093750000000e-01
9.023437500000000000e-01 -1.052246093750000000e-01 -4.360351562500000000e-01
8.740234375000000000e-01 -2.597656250000000000e-01 -4.130859375000000000e-01
8.681640625000000000e-01 -1.647949218750000000e-01 -3.562011718750000000e-01
1.214111328125000000e+00 -2.636718750000000000e-01 1.433105468750000000e-01
1.368408203125000000e+00 -5.895996093750000000e-01 1.931152343750000000e-01
1.388671875000000000e+00 -6.455078125000000000e-01 1.870117187500000000e-01
1.176513671875000000e+00 -4.016113281250000000e-01 3.266601562500000000e-01
9.729003906250000000e-01 -3.117675781250000000e-01 3.125000000000000000e-01
9.050292968750000000e-01 -2.399902343750000000e-01 2.866210937500000000e-01
9.050292968750000000e-01 -2.399902343750000000e-01 2.866210937500000000e-01
8.046875000000000000e-01 -2.990722656250000000e-01 2.912597656250000000e-01
8.930664062500000000e-01 -3.405761718750000000e-01 3.884277343750000000e-01
8.930664062500000000e-01 -3.405761718750000000e-01 3.884277343750000000e-01
8.596191406250000000e-01 -4.353027343750000000e-01 5.371093750000000000e-01
8.049316406250000000e-01 -3.386230468750000000e-01 6.196289062500000000e-01
8.049316406250000000e-01 -3.386230468750000000e-01 6.196289062500000000e-01
8.869628906250000000e-01 -1.550292968750000000e-01 6.667480468750000000e-01
8.869628906250000000e-01 -1.550292968750000000e-01 6.667480468750000000e-01
6.774902343750000000e-01 -2.492675781250000000e-01 6.745605468750000000e-01
5.544433593750000000e-01 -3.569335937500000000e-01 7.155761718750000000e-01
5.532226562500000000e-01 -4.218750000000000000e-01 6.467285156250000000e-01
5.607910156250000000e-01 -5.288085937500000000e-01 7.897949218750000000e-01
5.759277343750000000e-01 -4.660644531250000000e-01 8.107910156250000000e-01
4.936523437500000000e-01 -4.553222656250000000e-01 8.476562500000000000e-01
4.765625000000000000e-01 -2.944335937500000000e-01 8.969726562500000000e-01
4.853515625000000000e-01 -3.371582031250000000e-01 7.929687500000000000e-01
5.429687500000000000e-01 -1.850585937500000000e-01 8.666992187500000000e-01
6.564941406250000000e-01 -1.687011718750000000e-01 9.719238281250000000e-01
7.001953125000000000e-01 -1.857910156250000000e-01 9.494628906250000000e-01
6.066894531250000000e-01 -5.273437500000000000e-02 8.981933593750000000e-01
4.807128906250000000e-01 -1.123046875000000000e-02 8.564453125000000000e-01
5.510253906250000000e-01 -1.108398437500000000e-01 8.425292968750000000e-01
5.407714843750000000e-01 -9.155273437500000000e-02 1.071777343750000000e+00
4.150390625000000000e-01 -1.552734375000000000e-01 9.357910156250000000e-01
3.596191406250000000e-01 -1.450195312500000000e-01 9.270019531250000000e-01
2.939453125000000000e-01 2.978515625000000000e-02 9.218750000000000000e-01
4.050292968750000000e-01 1.733398437500000000e-02 1.141357421875000000e+00
4.514160156250000000e-01 -1.977539062500000000e-02 1.029296875000000000e+00
2.880859375000000000e-01 -7.104492187500000000e-02 1.131591796875000000e+00
3.752441406250000000e-01 2.807617187500000000e-02 1.064453125000000000e+00
2.783203125000000000e-01 -1.262207031250000000e-01 1.025634765625000000e+00
3.225097656250000000e-01 -6.225585937500000000e-02 9.716796875000000000e-01
2.324218750000000000e-01 -1.384277343750000000e-01 9.992675781250000000e-01
2.348632812500000000e-01 -1.936035156250000000e-01 1.050537109375000000e+00
2.199707031250000000e-01 -1.994628906250000000e-01 1.060791015625000000e+00
4.633789062500000000e-01 -6.982421875000000000e-02 1.045410156250000000e+00
3.537597656250000000e-01 -4.174804687500000000e-02 9.990234375000000000e-01
3.566894531250000000e-01 8.544921875000000000e-03 9.980468750000000000e-01
3.801269531250000000e-01 -8.081054687500000000e-02 1.015380859375000000e+00
3.068847656250000000e-01 -8.032226562500000000e-02 9.787597656250000000e-01
3.125000000000000000e-01 -4.125976562500000000e-02 1.076171875000000000e+00
3.061523437500000000e-01 -1.313476562500000000e-01 1.046386718750000000e+00
3.889160156250000000e-01 -1.340332031250000000e-01 1.040771484375000000e+00
3.894042968750000000e-01 -5.004882812500000000e-02 1.063232421875000000e+00
3.928222656250000000e-01 -3.759765625000000000e-02 9.809570312500000000e-01
4.020996093750000000e-01 -3.222656250000000000e-02 9.831542968750000000e-01
3.942871093750000000e-01 -8.959960937500000000e-02 1.067138671875000000e+00
3.857421875000000000e-01 -3.784179687500000000e-02 1.086181640625000000e+00
3.771972656250000000e-01 -5.053710937500000000e-02 1.073486328125000000e+00
3.830566406250000000e-01 -4.492187500000000000e-02 1.069824218750000000e+00
3.962402343750000000e-01 -3.515625000000000000e-02 9.895019531250000000e-01
3.999023437500000000e-01 -3.710937500000000000e-02 1.063720703125000000e+00
3.881835937500000000e-01 -4.272460937500000000e-02 1.067382812500000000e+00
3.898925781250000000e-01 -3.540039062500000000e-02 1.067138671875000000e+00
3.867187500000000000e-01 -8.618164062500000000e-02 1.064697265625000000e+00
3.916015625000000000e-01 -3.759765625000000000e-02 1.071777343750000000e+00
3.906250000000000000e-01 -4.687500000000000000e-02 1.072265625000000000e+00
3.977050781250000000e-01 -4.711914062500000000e-02 1.064208984375000000e+00
3.925781250000000000e-01 -4.809570312500000000e-02 1.067871093750000000e+00
3.979492187500000000e-01 -4.248046875000000000e-02 1.071044921875000000e+00
3.947753906250000000e-01 -3.735351562500000000e-02 9.960937500000000000e-01
3.874511718750000000e-01 -3.784179687500000000e-02 1.074218750000000000e+00
3.930664062500000000e-01 -5.078125000000000000e-02 1.075195312500000000e+00
3.493652343750000000e-01 -9.228515625000000000e-02 1.078125000000000000e+00
4.296875000000000000e-01 -4.052734375000000000e-02 1.051513671875000000e+00
3.728027343750000000e-01 -8.544921875000000000e-02 8.635253906250000000e-01
2.556152343750000000e-01 -2.807617187500000000e-02 8.991699218750000000e-01
2.314453125000000000e-01 -1.320800781250000000e-01 1.036621093750000000e+00
2.456054687500000000e-01 -4.614257812500000000e-02 1.062011718750000000e+00
2.253417968750000000e-01 2.709960937500000000e-02 1.092285156250000000e+00
2.675781250000000000e-01 1.562500000000000000e-02 1.047607421875000000e+00
2.338867187500000000e-01 -8.593750000000000000e-02 9.982910156250000000e-01
2.893066406250000000e-01 -1.340332031250000000e-01 9.768066406250000000e-01
3.061523437500000000e-01 -1.650390625000000000e-01 1.013671875000000000e+00
3.510742187500000000e-01 -2.695312500000000000e-01 1.029296875000000000e+00
3.554687500000000000e-01 -2.749023437500000000e-01 9.748535156250000000e-01
4.873046875000000000e-01 -2.294921875000000000e-01 8.452148437500000000e-01
6.166992187500000000e-01 -2.099609375000000000e-01 8.693847656250000000e-01
7.158203125000000000e-01 -1.821289062500000000e-01 8.518066406250000000e-01
7.099609375000000000e-01 -1.647949218750000000e-01 8.867187500000000000e-01
6.853027343750000000e-01 -2.573242187500000000e-01 7.485351562500000000e-01
7.709960937500000000e-01 -2.780761718750000000e-01 7.695312500000000000e-01
7.275390625000000000e-01 -1.005859375000000000e-01 7.812500000000000000e-01
7.939453125000000000e-01 -6.201171875000000000e-02 7.380371093750000000e-01
7.307128906250000000e-01 -3.754882812500000000e-01 6.086425781250000000e-01
8.349609375000000000e-01 -2.338867187500000000e-01 7.180175781250000000e-01
8.330078125000000000e-01 -2.277832031250000000e-01 6.035156250000000000e-01
7.844238281250000000e-01 -2.131347656250000000e-01 6.015625000000000000e-01
7.844238281250000000e-01 -2.131347656250000000e-01 6.015625000000000000e-01
8.967285156250000000e-01 -2.365722656250000000e-01 5.500488281250000000e-01
9.394531250000000000e-01 -3.159179687500000000e-01 4.968261718750000000e-01
9.631347656250000000e-01 -2.619628906250000000e-01 4.345703125000000000e-01
9.631347656250000000e-01 -2.619628906250000000e-01 4.345703125000000000e-01
9.089355468750000000e-01 -1.779785156250000000e-01 3.601074218750000000e-01
9.152832031250000000e-01 -1.599121093750000000e-01 2.871093750000000000e-01
9.267578125000000000e-01 -2.333984375000000000e-01 3.347167968750000000e-01
9.733886718750000000e-01 -3.354492187500000000e-01 2.092285156250000000e-01
1.081787109375000000e+00 -2.446289062500000000e-01 6.079101562500000000e-02
1.090820312500000000e+00 -2.880859375000000000e-01 -8.496093750000000000e-02
1.193847656250000000e+00 -2.941894531250000000e-01 -1.296386718750000000e-01
1.084716796875000000e+00 -3.815917968750000000e-01 -2.514648437500000000e-01
1.036376953125000000e+00 -3.720703125000000000e-01 -3.574218750000000000e-01
1.075683593750000000e+00 -4.377441406250000000e-01 -5.075683593750000000e-01
9.057617187500000000e-01 -3.920898437500000000e-01 -5.637207031250000000e-01
