1.028808593750000000e+00 -4.443359375000000000e-02 -1.086425781250000000e-01
1.028808593750000000e+00 -4.443359375000000000e-02 -1.086425781250000000e-01
1.028808593750000000e+00 -4.443359375000000000e-02 -1.086425781250000000e-01
1.025390625000000000e+00 -4.223632812500000000e-02 -1.875000000000000000e-01
1.025390625000000000e+00 -4.223632812500000000e-02 -1.875000000000000000e-01
1.025390625000000000e+00 -4.223632812500000000e-02 -1.875000000000000000e-01
1.025390625000000000e+00 -4.223632812500000000e-02 -1.875000000000000000e-01
1.026611328125000000e+00 -4.345703125000000000e-02 -1.137695312500000000e-01
1.026611328125000000e+00 -4.345703125000000000e-02 -1.137695312500000000e-01
1.029541015625000000e+00 -4.321289062500000000e-02 -1.105957031250000000e-01
1.025634765625000000e+00 -4.199218750000000000e-02 -1.213378906250000000e-01
1.022460937500000000e+00 -4.370117187500000000e-02 -1.110839843750000000e-01
1.024902343750000000e+00 -3.906250000000000000e-02 -1.157226562500000000e-01
1.020507812500000000e+00 -4.394531250000000000e-02 -1.203613281250000000e-01
1.019531250000000000e+00 -3.833007812500000000e-02 -1.062011718750000000e-01
1.024414062500000000e+00 -3.930664062500000000e-02 -1.154785156250000000e-01
1.019531250000000000e+00 -4.736328125000000000e-02 -1.918945312500000000e-01
1.023437500000000000e+00 -3.759765625000000000e-02 -1.110839843750000000e-01
1.023437500000000000e+00 -4.223632812500000000e-02 -1.174316406250000000e-01
1.022460937500000000e+00 -4.296875000000000000e-02 -1.894531250000000000e-01
1.022216796875000000e+00 -4.223632812500000000e-02 -1.030273437500000000e-01
1.026367187500000000e+00 -4.443359375000000000e-02 -1.149902343750000000e-01
1.021484375000000000e+00 -4.614257812500000000e-02 -1.179199218750000000e-01
9.748535156250000000e-01 -3.930664062500000000e-02 -9.814453125000000000e-02
1.019531250000000000e+00 -4.980468750000000000e-02 -1.042480468750000000e-01
1.028076171875000000e+00 -4.809570312500000000e-02 -9.643554687500000000e-02
1.025146484375000000e+00 -3.784179687500000000e-02 -1.477050781250000000e-01
9.721679687500000000e-01 -4.882812500000000000e-02 -1.535644531250000000e-01
1.025146484375000000e+00 -5.175781250000000000e-02 -1.550292968750000000e-01
9.821777343750000000e-01 -5.419921875000000000e-02 -1.474609375000000000e-01
1.024902343750000000e+00 -5.615234375000000000e-02 -1.179199218750000000e-01
1.017089843750000000e+00 -3.808593750000000000e-02 -1.220703125000000000e-01
9.743652343750000000e-01 -3.442382812500000000e-02 -1.940917968750000000e-01
1.015380859375000000e+00 -3.857421875000000000e-02 -1.982421875000000000e-01
1.014892578125000000e+00 -9.155273437500000000e-02 -2.001953125000000000e-01
1.019531250000000000e+00 -4.174804687500000000e-02 -2.136230468750000000e-01
1.015136718750000000e+00 -4.272460937500000000e-02 -1.613769531250000000e-01
1.016845703125000000e+00 -4.858398437500000000e-02 -2.077636718750000000e-01
1.018798828125000000e+00 -6.152343750000000000e-02 -2.072753906250000000e-01
1.015625000000000000e+00 -6.176757812500000000e-02 -1.928710937500000000e-01
9.240722656250000000e-01 -5.908203125000000000e-02 -1.594238281250000000e-01
9.738769531250000000e-01 -1.525878906250000000e-01 -1.894531250000000000e-01
1.023925781250000000e+00 -5.346679687500000000e-02 -1.564941406250000000e-01
1.006103515625000000e+00 -3.881835937500000000e-02 -2.119140625000000000e-01
1.014648437500000000e+00 -8.959960937500000000e-02 -2.050781250000000000e-01
1.025634765625000000e+00 -3.906250000000000000e-02 -2.067871093750000000e-01
1.010009765625000000e+00 -4.711914062500000000e-02 -2.163085937500000000e-01
1.011474609375000000e+00 -8.642578125000000000e-02 -1.879882812500000000e-01
1.024169921875000000e+00 -4.028320312500000000e-02 -1.979980468750000000e-01
1.011962890625000000e+00 -4.760742187500000000e-02 -2.126464843750000000e-01
1.005859375000000000e+00 -3.735351562500000000e-02 -2.082519531250000000e-01
1.007812500000000000e+00 -9.228515625000000000e-02 -1.672363281250000000e-01
1.007568359375000000e+00 -4.760742187500000000e-02 -2.111816406250000000e-01
1.021728515625000000e+00 -5.932617187500000000e-02 -2.070312500000000000e-01
1.016845703125000000e+00 -1.298828125000000000e-01 -1.994628906250000000e-01
1.019287109375000000e+00 -5.273437500000000000e-02 -1.223144531250000000e-01
1.031250000000000000e+00 -4.760742187500000000e-02 -1.147460937500000000e-01
1.014892578125000000e+00 -5.175781250000000000e-02 -1.928710937500000000e-01
1.018066406250000000e+00 -3.271484375000000000e-02 -1.088867187500000000e-01
1.030029296875000000e+00 -4.003906250000000000e-02 -1.208496093750000000e-01
1.017089843750000000e+00 -3.564453125000000000e-02 -1.958007812500000000e-01
1.015625000000000000e+00 -4.443359375000000000e-02 -1.999511718750000000e-01
1.026367187500000000e+00 -4.516601562500000000e-02 -2.172851562500000000e-01
1.018310546875000000e+00 -5.078125000000000000e-02 -2.060546875000000000e-01
1.003173828125000000e+00 -3.955078125000000000e-02 -2.172851562500000000e-01
1.018066406250000000e+00 -4.418945312500000000e-02 -1.860351562500000000e-01
1.023437500000000000e+00 -3.149414062500000000e-02 -2.058105468750000000e-01
1.015380859375000000e+00 -8.789062500000000000e-02 -2.573242187500000000e-01
9.685058593750000000e-01 -8.105468750000000000e-02 -1.787109375000000000e-01
9.694824218750000000e-01 -7.617187500000000000e-02 -2.634277343750000000e-01
9.638671875000000000e-01 -4.223632812500000000e-02 -1.643066406250000000e-01
1.004882812500000000e+00 -1.259765625000000000e-01 -2.124023437500000000e-01
9.724121093750000000e-01 -8.203125000000000000e-02 -1.665039062500000000e-01
9.760742187500000000e-01 -6.127929687500000000e-02 -1.098632812500000000e-01
1.005859375000000000e+00 -3.369140625000000000e-02 -1.997070312500000000e-01
1.030029296875000000e+00 -3.686523437500000000e-02 -2.102050781250000000e-01
1.019531250000000000e+00 -8.032226562500000000e-02 -1.157226562500000000e-01
1.023437500000000000e+00 -9.252929687500000000e-02 -2.136230468750000000e-01
1.022216796875000000e+00 -4.711914062500000000e-02 -1.237792968750000000e-01
1.018554687500000000e+00 -3.710937500000000000e-02 -1.931152343750000000e-01
1.026611328125000000e+00 -4.541015625000000000e-02 -1.882324218750000000e-01
1.024902343750000000e+00 -3.906250000000000000e-02 -1.882324218750000000e-01
1.025634765625000000e+00 -3.491210937500000000e-02 -1.020507812500000000e-01
1.012695312500000000e+00 -4.711914062500000000e-02 -1.166992187500000000e-01
9.750976562500000000e-01 -4.150390625000000000e-02 -1.542968750000000000e-01
1.017578125000000000e+00 -4.345703125000000000e-02 -9.472656250000000000e-02
9.743652343750000000e-01 -4.638671875000000000e-02 -4.272460937500000000e-02
9.755859375000000000e-01 -8.935546875000000000e-02 -1.076660156250000000e-01
9.360351562500000000e-01 -5.224609375000000000e-02 -1.130371093750000000e-01
1.017578125000000000e+00 -5.541992187500000000e-02 -1.975097656250000000e-01
1.027343750000000000e+00 -9.204101562500000000e-02 -1.188964843750000000e-01
1.022949218750000000e+00 -3.320312500000000000e-02 -1.489257812500000000e-01
9.775390625000000000e-01 -3.662109375000000000e-02 -1.367187500000000000e-01
1.027832031250000000e+00 -3.442382812500000000e-02 -1.462402343750000000e-01
9.877929687500000000e-01 -3.491210937500000000e-02 -4.125976562500000000e-02
1.029785156250000000e+00 -4.345703125000000000e-02 -1.267089843750000000e-01
9.785156250000000000e-01 -3.979492187500000000e-02 -4.272460937500000000e-02
9.846191406250000000e-01 -8.471679687500000000e-02 -5.126953125000000000e-02
9.799804687500000000e-01 -9.008789062500000000e-02 -1.501464843750000000e-01
9.870605468750000000e-01 -4.687500000000000000e-02 -1.328125000000000000e-01
1.018310546875000000e+00 -4.077148437500000000e-02 -1.010742187500000000e-01
1.025146484375000000e+00 -4.248046875000000000e-02 -2.006835937500000000e-01
1.018066406250000000e+00 -5.932617187500000000e-02 -1.887207031250000000e-01
1.028320312500000000e+00 -3.417968750000000000e-02 -1.960449218750000000e-01
1.003906250000000000e+00 -8.349609375000000000e-02 -1.022949218750000000e-01
9.855957031250000000e-01 -5.053710937500000000e-02 -1.530761718750000000e-01
9.704589843750000000e-01 -3.955078125000000000e-02 -1.513671875000000000e-01
1.024414062500000000e+00 -8.593750000000000000e-02 -9.643554687500000000e-02
1.010009765625000000e+00 -3.906250000000000000e-02 -1.044921875000000000e-01
9.741210937500000000e-01 -4.223632812500000000e-02 -1.494140625000000000e-01
1.024902343750000000e+00 -3.686523437500000000e-02 -1.320800781250000000e-01
9.738769531250000000e-01 -3.955078125000000000e-02 -5.444335937500000000e-02
9.807128906250000000e-01 -9.155273437500000000e-02 -4.003906250000000000e-02
9.716796875000000000e-01 -9.301757812500000000e-02 -5.517578125000000000e-02
9.863281250000000000e-01 -3.491210937500000000e-02 -3.271484375000000000e-02
9.709472656250000000e-01 -3.515625000000000000e-02 -3.930664062500000000e-02
9.738769531250000000e-01 -5.322265625000000000e-02 -4.760742187500000000e-02
9.838867187500000000e-01 -4.565429687500000000e-02 -1.335449218750000000e-01
1.027343750000000000e+00 -4.199218750000000000e-02 -1.320800781250000000e-01
9.733886718750000000e-01 -4.028320312500000000e-02 -5.908203125000000000e-02
9.724121093750000000e-01 -4.980468750000000000e-02 -1.318359375000000000e-01
1.023193359375000000e+00 -3.588867187500000000e-02 -1.364746093750000000e-01
9.775390625000000000e-01 -3.833007812500000000e-02 -1.408691406250000000e-01
1.027587890625000000e+00 -9.155273437500000000e-02 -6.103515625000000000e-02
9.699707031250000000e-01 -8.129882812500000000e-02 -1.289062500000000000e-01
9.746093750000000000e-01 -4.052734375000000000e-02 -1.367187500000000000e-01
9.772949218750000000e-01 -3.686523437500000000e-02 -1.284179687500000000e-01
1.029052734375000000e+00 -9.375000000000000000e-02 -6.225585937500000000e-02
9.768066406250000000e-01 -3.491210937500000000e-02 -5.688476562500000000e-02
9.714355468750000000e-01 -9.350585937500000000e-02 -5.883789062500000000e-02
9.697265625000000000e-01 -9.326171875000000000e-02 -1.318359375000000000e-01
9.714355468750000000e-01 -3.881835937500000000e-02 -1.291503906250000000e-01
9.699707031250000000e-01 -3.564453125000000000e-02 -1.313476562500000000e-01
9.765625000000000000e-01 -3.393554687500000000e-02 -1.325683593750000000e-01
9.768066406250000000e-01 -4.394531250000000000e-02 -6.201171875000000000e-02
9.699707031250000000e-01 -4.248046875000000000e-02 -1.257324218750000000e-01
9.697265625000000000e-01 -4.028320312500000000e-02 -1.281738281250000000e-01
1.030761718750000000e+00 -3.784179687500000000e-02 -1.413574218750000000e-01
9.719238281250000000e-01 -4.467773437500000000e-02 -1.369628906250000000e-01
9.787597656250000000e-01 -3.710937500000000000e-02 -1.350097656250000000e-01
9.765625000000000000e-01 -3.173828125000000000e-02 -1.362304687500000000e-01
9.765625000000000000e-01 -3.417968750000000000e-02 -1.489257812500000000e-01
9.370117187500000000e-01 -9.204101562500000000e-02 -1.110839843750000000e-01
1.028564453125000000e+00 -3.271484375000000000e-02 -1.047363281250000000e-01
1.012939453125000000e+00 -3.417968750000000000e-02 -1.931152343750000000e-01
1.025390625000000000e+00 -9.057617187500000000e-02 -1.237792968750000000e-01
1.026367187500000000e+00 -3.662109375000000000e-02 -1.240234375000000000e-01
1.016601562500000000e+00 -4.345703125000000000e-02 -1.191406250000000000e-01
9.780273437500000000e-01 -3.491210937500000000e-02 -1.079101562500000000e-01
1.010009765625000000e+00 -3.588867187500000000e-02 -1.074218750000000000e-01
1.030273437500000000e+00 -9.057617187500000000e-02 -1.191406250000000000e-01
1.027587890625000000e+00 -4.931640625000000000e-02 -9.960937500000000000e-02
1.030517578125000000e+00 -7.519531250000000000e-02 -1.059570312500000000e-01
9.829101562500000000e-01 -8.496093750000000000e-02 -9.375000000000000000e-02
9.350585937500000000e-01 -3.808593750000000000e-02 -1.899414062500000000e-01
9.714355468750000000e-01 -3.417968750000000000e-02 -1.955566406250000000e-01
1.016601562500000000e+00 -3.857421875000000000e-02 -1.110839843750000000e-01
9.692382812500000000e-01 -9.130859375000000000e-02 -1.875000000000000000e-01
1.016113281250000000e+00 -3.784179687500000000e-02 -1.206054687500000000e-01
1.022460937500000000e+00 -3.808593750000000000e-02 -1.127929687500000000e-01
1.020019531250000000e+00 -3.222656250000000000e-02 -1.938476562500000000e-01
1.018554687500000000e+00 -3.857421875000000000e-02 -1.230468750000000000e-01
1.026123046875000000e+00 -3.833007812500000000e-02 -1.162109375000000000e-01
9.812011718750000000e-01 -4.199218750000000000e-02 -3.466796875000000000e-02
9.755859375000000000e-01 -3.637695312500000000e-02 -1.020507812500000000e-01
1.013671875000000000e+00 -3.320312500000000000e-02 -1.103515625000000000e-01
9.799804687500000000e-01 -9.155273437500000000e-02 -1.542968750000000000e-01
9.721679687500000000e-01 -4.077148437500000000e-02 -1.003417968750000000e-01
1.024414062500000000e+00 -4.516601562500000000e-02 -1.086425781250000000e-01
9.704589843750000000e-01 -4.052734375000000000e-02 -1.240234375000000000e-01
1.015869140625000000e+00 -9.228515625000000000e-02 -1.062011718750000000e-01
1.024414062500000000e+00 -4.248046875000000000e-02 -1.191406250000000000e-01
1.028076171875000000e+00 -3.613281250000000000e-02 -9.545898437500000000e-02
9.704589843750000000e-01 -4.272460937500000000e-02 -1.003417968750000000e-01
9.699707031250000000e-01 -4.223632812500000000e-02 -1.437988281250000000e-01
1.028808593750000000e+00 -3.881835937500000000e-02 -1.413574218750000000e-01
9.731445312500000000e-01 -4.638671875000000000e-02 -1.403808593750000000e-01
9.699707031250000000e-01 -3.320312500000000000e-02 -1.464843750000000000e-01
1.026611328125000000e+00 -4.125976562500000000e-02 -6.127929687500000000e-02
9.741210937500000000e-01 -3.808593750000000000e-02 -6.030273437500000000e-02
9.755859375000000000e-01 -3.710937500000000000e-02 -1.325683593750000000e-01
1.020996093750000000e+00 -4.492187500000000000e-02 -1.257324218750000000e-01
9.753417968750000000e-01 -3.710937500000000000e-02 -5.957031250000000000e-02
1.031250000000000000e+00 -4.003906250000000000e-02 -1.315917968750000000e-01
1.029785156250000000e+00 -3.833007812500000000e-02 -6.225585937500000000e-02
9.765625000000000000e-01 -4.809570312500000000e-02 -5.346679687500000000e-02
9.731445312500000000e-01 -4.394531250000000000e-02 -1.320800781250000000e-01
9.709472656250000000e-01 -3.491210937500000000e-02 -1.474609375000000000e-01
9.929199218750000000e-01 -9.008789062500000000e-02 -5.444335937500000000e-02
1.019775390625000000e+00 -3.979492187500000000e-02 -1.379394531250000000e-01
9.865722656250000000e-01 -3.198242187500000000e-02 -1.279296875000000000e-01
9.772949218750000000e-01 -3.442382812500000000e-02 -4.589843750000000000e-02
1.028076171875000000e+00 -4.418945312500000000e-02 -1.301269531250000000e-01
9.726562500000000000e-01 -3.515625000000000000e-02 -1.313476562500000000e-01
1.030029296875000000e+00 -9.301757812500000000e-02 -5.371093750000000000e-02
9.790039062500000000e-01 -3.808593750000000000e-02 -1.308593750000000000e-01
1.030761718750000000e+00 -9.326171875000000000e-02 -5.615234375000000000e-02
9.787597656250000000e-01 -9.082031250000000000e-02 -1.372070312500000000e-01
1.031005859375000000e+00 -3.881835937500000000e-02 -6.079101562500000000e-02
9.743652343750000000e-01 -3.759765625000000000e-02 -1.313476562500000000e-01
