9.294433593750000000e-01 -1.943359375000000000e-01 -2.221679687500000000e-01
9.279785156250000000e-01 -1.923828125000000000e-01 -2.800292968750000000e-01
9.279785156250000000e-01 -1.923828125000000000e-01 -2.800292968750000000e-01
9.282226562500000000e-01 -1.970214843750000000e-01 -2.209472656250000000e-01
9.291992187500000000e-01 -1.953125000000000000e-01 -2.209472656250000000e-01
9.270019531250000000e-01 -1.899414062500000000e-01 -2.194824218750000000e-01
9.301757812500000000e-01 -1.953125000000000000e-01 -2.756347656250000000e-01
9.291992187500000000e-01 -1.909179687500000000e-01 -2.778320312500000000e-01
9.260253906250000000e-01 -1.958007812500000000e-01 -2.797851562500000000e-01
9.277343750000000000e-01 -1.958007812500000000e-01 -2.758789062500000000e-01
9.252929687500000000e-01 -1.992187500000000000e-01 -2.207031250000000000e-01
9.326171875000000000e-01 -2.031250000000000000e-01 -2.187500000000000000e-01
9.262695312500000000e-01 -1.999511718750000000e-01 -2.199707031250000000e-01
9.296875000000000000e-01 -2.023925781250000000e-01 -2.202148437500000000e-01
9.316406250000000000e-01 -2.048339843750000000e-01 -2.221679687500000000e-01
9.323730468750000000e-01 -1.967773437500000000e-01 -2.250976562500000000e-01
9.355468750000000000e-01 -1.953125000000000000e-01 -2.727050781250000000e-01
9.294433593750000000e-01 -1.970214843750000000e-01 -2.668457031250000000e-01
9.274902343750000000e-01 -1.987304687500000000e-01 -2.607421875000000000e-01
9.357910156250000000e-01 -1.955566406250000000e-01 -2.600097656250000000e-01
9.348144531250000000e-01 -1.911621093750000000e-01 -2.609863281250000000e-01
1.000732421875000000e+00 -1.918945312500000000e-01 -2.700195312500000000e-01
9.331054687500000000e-01 -2.006835937500000000e-01 -2.624511718750000000e-01
1.000488281250000000e+00 -2.016601562500000000e-01 -2.585449218750000000e-01
9.335937500000000000e-01 -1.948242187500000000e-01 -2.639160156250000000e-01
1.002929687500000000e+00 -1.945800781250000000e-01 -2.631835937500000000e-01
9.316406250000000000e-01 -1.923828125000000000e-01 -2.631835937500000000e-01
9.323730468750000000e-01 -2.014160156250000000e-01 -2.666015625000000000e-01
9.326171875000000000e-01 -1.882324218750000000e-01 -2.719726562500000000e-01
1.012451171875000000e+00 -1.618652343750000000e-01 -2.492675781250000000e-01
9.294433593750000000e-01 -1.813964843750000000e-01 -2.885742187500000000e-01
9.028320312500000000e-01 -2.058105468750000000e-01 -3.322753906250000000e-01
7.106933593750000000e-01 -8.886718750000000000e-02 -2.246093750000000000e-01
6.391601562500000000e-01 -3.686523437500000000e-02 -1.750488281250000000e-01
7.573242187500000000e-01 -8.178710937500000000e-02 -1.208496093750000000e-01
8.669433593750000000e-01 -2.780761718750000000e-01 -3.352050781250000000e-01
9.775390625000000000e-01 -4.394531250000000000e-02 -2.827148437500000000e-01
1.068847656250000000e+00 -1.669921875000000000e-01 -3.271484375000000000e-02
1.296630859375000000e+00 -3.515625000000000000e-02 -4.497070312500000000e-01
1.643066406250000000e+00 -2.766113281250000000e-01 -4.511718750000000000e-01
1.856201171875000000e+00 -2.946777343750000000e-01 -8.247070312500000000e-01
1.856201171875000000e+00 -2.946777343750000000e-01 -8.247070312500000000e-01
1.017822265625000000e+00 1.733398437500000000e-02 -2.941894531250000000e-01
-6.755371093750000000e-01 3.212890625000000000e-01 1.965332031250000000e-01
-3.173828125000000000e-02 -6.005859375000000000e-02 -1.206054687500000000e-01
8.886718750000000000e-02 8.276367187500000000e-02 -1.054687500000000000e-01
-4.028320312500000000e-02 -7.128906250000000000e-02 -1.394042968750000000e-01
3.503417968750000000e-01 -7.470703125000000000e-02 -4.118652343750000000e-01
2.550048828125000000e+00 -8.623046875000000000e-01 -2.739257812500000000e-01
2.281494140625000000e+00 -2.097167968750000000e-01 -1.079101562500000000e-01
2.476562500000000000e+00 -2.968750000000000000e-01 -4.848632812500000000e-01
1.359130859375000000e+00 -2.255859375000000000e-01 -7.014160156250000000e-01
-1.770019531250000000e-01 -6.420898437500000000e-02 7.495117187500000000e-02
-2.517089843750000000e-01 9.741210937500000000e-02 7.861328125000000000e-02
1.633300781250000000e-01 -5.200195312500000000e-02 -2.072753906250000000e-01
-7.592773437500000000e-02 1.464843750000000000e-02 1.103515625000000000e-01
4.130859375000000000e-01 1.684570312500000000e-02 -3.369140625000000000e-02
2.230468750000000000e+00 -1.169433593750000000e-01 -6.579589843750000000e-01
3.047607421875000000e+00 -8.352050781250000000e-01 -3.488769531250000000e-01
2.439697265625000000e+00 9.960937500000000000e-02 -1.687011718750000000e-01
1.527099609375000000e+00 -2.270507812500000000e-01 -6.328125000000000000e-01
7.324218750000000000e-02 -3.266601562500000000e-01 -5.639648437500000000e-02
-5.085449218750000000e-01 1.875000000000000000e-01 7.983398437500000000e-02
1.875000000000000000e-01 3.881835937500000000e-02 -3.906250000000000000e-03
7.470703125000000000e-02 -6.103515625000000000e-02 -1.928710937500000000e-02
3.493652343750000000e-01 7.690429687500000000e-02 1.440429687500000000e-02
2.121337890625000000e+00 -5.839843750000000000e-01 -3.854980468750000000e-01
2.644042968750000000e+00 -8.105468750000000000e-02 -2.341308593750000000e-01
2.476074218750000000e+00 -5.192871093750000000e-01 -5.688476562500000000e-01
1.587890625000000000e+00 -2.302246093750000000e-01 -4.243164062500000000e-01
-2.888183593750000000e-01 2.128906250000000000e-01 7.177734375000000000e-02
3.181152343750000000e-01 8.764648437500000000e-02 -4.663085937500000000e-02
3.437500000000000000e-01 -8.666992187500000000e-02 -4.645996093750000000e-01
3.437500000000000000e-01 -8.666992187500000000e-02 -4.645996093750000000e-01
2.494628906250000000e+00 -5.104980468750000000e-01 -2.473144531250000000e-01
2.494628906250000000e+00 -5.104980468750000000e-01 -2.473144531250000000e-01
2.549804687500000000e+00 -2.189941406250000000e-01 -4.692382812500000000e-01
2.501220703125000000e+00 -2.470703125000000000e-01 -6.833496093750000000e-01
1.039794921875000000e+00 -1.665039062500000000e-01 -4.401855468750000000e-01
-5.690917968750000000e-01 1.503906250000000000e-01 1.145019531250000000e-01
1.074218750000000000e-02 1.274414062500000000e-01 1.220703125000000000e-02
2.092285156250000000e-01 7.690429687500000000e-02 -2.856445312500000000e-02
3.833007812500000000e-02 -2.478027343750000000e-01 -2.026367187500000000e-02
3.703613281250000000e-01 7.592773437500000000e-02 -2.624511718750000000e-01
2.710937500000000000e+00 1.293945312500000000e-01 -4.150390625000000000e-02
2.470703125000000000e+00 -4.694824218750000000e-01 -2.739257812500000000e-01
2.790039062500000000e+00 -3.222656250000000000e-02 -5.869140625000000000e-01
1.234863281250000000e+00 -1.281738281250000000e-01 -2.812500000000000000e-01
-4.592285156250000000e-01 -7.153320312500000000e-02 2.604980468750000000e-01
-2.368164062500000000e-02 -2.563476562500000000e-02 -1.840820312500000000e-01
2.111816406250000000e-01 -1.049804687500000000e-01 -1.806640625000000000e-02
2.880859375000000000e-02 5.590820312500000000e-02 2.739257812500000000e-01
2.712402343750000000e-01 6.250000000000000000e-02 -3.151855468750000000e-01
2.740478515625000000e+00 -4.267578125000000000e-01 -2.062988281250000000e-01
2.197021484375000000e+00 1.391601562500000000e-01 2.165527343750000000e-01
2.835205078125000000e+00 -2.434082031250000000e-01 -4.990234375000000000e-01
1.352294921875000000e+00 -1.279296875000000000e-01 -3.525390625000000000e-01
-4.047851562500000000e-01 -6.689453125000000000e-02 5.224609375000000000e-02
-1.540527343750000000e-01 1.367187500000000000e-02 -3.125000000000000000e-02
1.057128906250000000e-01 -5.566406250000000000e-02 -8.740234375000000000e-02
-1.416015625000000000e-02 8.544921875000000000e-02 1.447753906250000000e-01
2.585205078125000000e+00 -4.929199218750000000e-01 -1.394042968750000000e-01
2.681396484375000000e+00 8.227539062500000000e-02 -5.744628906250000000e-01
2.453857421875000000e+00 -4.597167968750000000e-01 -7.004394531250000000e-01
2.453857421875000000e+00 -4.597167968750000000e-01 -7.004394531250000000e-01
9.260253906250000000e-01 -2.697753906250000000e-01 -2.033691406250000000e-01
-7.790527343750000000e-01 1.708984375000000000e-03 1.855468750000000000e-01
2.827148437500000000e-01 4.101562500000000000e-02 -1.420898437500000000e-01
-8.056640625000000000e-02 1.635742187500000000e-02 4.345703125000000000e-02
1.577148437500000000e-01 -1.953125000000000000e-03 6.950683593750000000e-01
6.115722656250000000e-01 -2.634277343750000000e-01 -9.504394531250000000e-01
3.441894531250000000e+00 -1.586914062500000000e-01 2.028808593750000000e-01
2.248046875000000000e+00 -3.420410156250000000e-01 -1.303710937500000000e-01
2.163085937500000000e+00 -1.411132812500000000e-01 -3.691406250000000000e-01
1.051269531250000000e+00 -2.062988281250000000e-01 -3.916015625000000000e-01
-4.233398437500000000e-01 -1.147460937500000000e-02 9.399414062500000000e-02
1.342773437500000000e-01 1.884765625000000000e-01 1.660156250000000000e-02
5.810546875000000000e-02 -1.091308593750000000e-01 2.368164062500000000e-02
2.124023437500000000e-02 -2.343750000000000000e-02 5.541992187500000000e-02
7.631835937500000000e-01 -3.244628906250000000e-01 -4.289550781250000000e-01
3.393066406250000000e+00 -4.565429687500000000e-02 2.019042968750000000e-01
2.650634765625000000e+00 -3.344726562500000000e-01 -4.628906250000000000e-01
1.766845703125000000e+00 -3.547363281250000000e-01 -4.011230468750000000e-01
-7.226562500000000000e-02 -8.593750000000000000e-02 -1.967773437500000000e-01
-1.928710937500000000e-01 -1.428222656250000000e-01 6.396484375000000000e-02
5.761718750000000000e-02 7.299804687500000000e-02 -1.994628906250000000e-01
1.389160156250000000e-01 7.885742187500000000e-02 -2.036132812500000000e-01
3.508300781250000000e-01 -2.402343750000000000e-01 2.192382812500000000e-01
2.497558593750000000e+00 -3.159179687500000000e-01 -5.070800781250000000e-01
2.723388671875000000e+00 -2.687988281250000000e-01 -1.970214843750000000e-01
8.830566406250000000e-01 -2.597656250000000000e-01 -2.773437500000000000e-01
-7.170410156250000000e-01 3.076171875000000000e-02 1.091308593750000000e-01
-7.170410156250000000e-01 3.076171875000000000e-02 1.091308593750000000e-01
1.018066406250000000e-01 -2.246093750000000000e-02 2.685546875000000000e-03
1.474609375000000000e-01 8.959960937500000000e-02 -5.273437500000000000e-02
8.886718750000000000e-02 7.812500000000000000e-03 2.763671875000000000e-01
9.204101562500000000e-01 -3.181152343750000000e-01 -6.872558593750000000e-01
3.459472656250000000e+00 -6.069335937500000000e-01 7.617187500000000000e-02
2.526611328125000000e+00 -3.041992187500000000e-01 -7.929687500000000000e-01
1.276367187500000000e+00 -3.293457031250000000e-01 -4.321289062500000000e-01
-4.895019531250000000e-01 2.202148437500000000e-01 1.159667968750000000e-01
-9.765625000000000000e-04 1.513671875000000000e-02 -4.760742187500000000e-02
1.193847656250000000e-01 6.469726562500000000e-02 3.100585937500000000e-02
1.464843750000000000e-01 -4.150390625000000000e-02 1.601562500000000000e-01
1.014892578125000000e+00 -7.202148437500000000e-02 -8.010253906250000000e-01
2.182128906250000000e+00 -6.057128906250000000e-01 -2.189941406250000000e-01
1.373535156250000000e+00 -3.564453125000000000e-02 1.562500000000000000e-02
9.477539062500000000e-01 -9.472656250000000000e-02 -2.358398437500000000e-01
1.041015625000000000e+00 -1.882324218750000000e-01 -1.721191406250000000e-01
5.480957031250000000e-01 2.197265625000000000e-03 -1.362304687500000000e-01
1.197998046875000000e+00 -1.157226562500000000e-01 -1.835937500000000000e-01
9.797363281250000000e-01 -1.564941406250000000e-01 -8.715820312500000000e-02
1.003417968750000000e+00 -1.535644531250000000e-01 -1.542968750000000000e-01
9.553222656250000000e-01 -1.354980468750000000e-01 -1.022949218750000000e-01
1.020507812500000000e+00 -1.062011718750000000e-01 -2.045898437500000000e-01
9.748535156250000000e-01 -1.977539062500000000e-01 -2.185058593750000000e-01
1.013183593750000000e+00 -1.203613281250000000e-01 -1.064453125000000000e-01
9.777832031250000000e-01 -1.191406250000000000e-01 -1.052246093750000000e-01
1.010986328125000000e+00 -1.562500000000000000e-01 -1.889648437500000000e-01
1.020263671875000000e+00 -1.027832031250000000e-01 -1.066894531250000000e-01
9.802246093750000000e-01 -6.103515625000000000e-02 -1.879882812500000000e-01
9.775390625000000000e-01 -1.533203125000000000e-01 -9.619140625000000000e-02
1.014404296875000000e+00 -1.059570312500000000e-01 -1.171875000000000000e-01
1.010986328125000000e+00 -1.062011718750000000e-01 -2.065429687500000000e-01
1.017089843750000000e+00 -1.181640625000000000e-01 -1.584472656250000000e-01
1.015380859375000000e+00 -1.088867187500000000e-01 -2.014160156250000000e-01
1.029296875000000000e+00 -1.166992187500000000e-01 -1.181640625000000000e-01
1.023925781250000000e+00 -1.054687500000000000e-01 -1.147460937500000000e-01
1.030517578125000000e+00 -1.000976562500000000e-01 -1.074218750000000000e-01
1.027832031250000000e+00 -1.093750000000000000e-01 -1.186523437500000000e-01
1.022216796875000000e+00 -1.457519531250000000e-01 -1.079101562500000000e-01
1.022949218750000000e+00 -9.619140625000000000e-02 -1.186523437500000000e-01
1.018554687500000000e+00 -1.540527343750000000e-01 -1.992187500000000000e-01
1.018554687500000000e+00 -1.540527343750000000e-01 -1.992187500000000000e-01
1.013183593750000000e+00 -1.071777343750000000e-01 -1.984863281250000000e-01
1.018310546875000000e+00 -1.054687500000000000e-01 -2.001953125000000000e-01
1.017333984375000000e+00 -1.040039062500000000e-01 -2.036132812500000000e-01
1.019042968750000000e+00 -9.936523437500000000e-02 -1.567382812500000000e-01
1.000976562500000000e+00 -1.135253906250000000e-01 -1.599121093750000000e-01
1.007812500000000000e+00 -1.906738281250000000e-01 -2.690429687500000000e-01
1.006347656250000000e+00 -1.540527343750000000e-01 -2.390136718750000000e-01
9.396972656250000000e-01 -5.249023437500000000e-02 -2.780761718750000000e-01
7.844238281250000000e-01 -1.550292968750000000e-01 -3.342285156250000000e-01
6.120605468750000000e-01 -1.499023437500000000e-01 -1.708984375000000000e-01
9.470214843750000000e-01 -8.227539062500000000e-02 -1.169433593750000000e-01
1.231933593750000000e+00 -2.893066406250000000e-01 3.247070312500000000e-01
2.517089843750000000e+00 -3.085937500000000000e-01 -6.591796875000000000e-01
-6.335449218750000000e-01 7.714843750000000000e-02 1.418457031250000000e-01
1.791992187500000000e-01 4.199218750000000000e-02 -1.936035156250000000e-01
1.416015625000000000e-01 -6.176757812500000000e-02 -8.032226562500000000e-02
-8.032226562500000000e-02 5.126953125000000000e-03 -2.612304687500000000e-02
9.340820312500000000e-01 -1.176757812500000000e-01 -7.492675781250000000e-01
9.340820312500000000e-01 -1.176757812500000000e-01 -7.492675781250000000e-01
2.369628906250000000e+00 -8.349609375000000000e-02 5.129394531250000000e-01
2.682373046875000000e+00 -4.567871093750000000e-01 -5.593261718750000000e-01
2.682373046875000000e+00 -4.567871093750000000e-01 -5.593261718750000000e-01
1.839599609375000000e+00 -3.347167968750000000e-01 -3.601074218750000000e-01
5.224609375000000000e-02 -2.270507812500000000e-02 3.759765625000000000e-02
-4.628906250000000000e-01 3.027343750000000000e-02 1.325683593750000000e-01
1.572265625000000000e-01 5.371093750000000000e-03 -1.049804687500000000e-01
