1.021484375000000000e+00 -7.299804687500000000e-02 2.924804687500000000e-01
9.807128906250000000e-01 -8.081054687500000000e-02 2.954101562500000000e-01
9.807128906250000000e-01 -8.081054687500000000e-02 2.954101562500000000e-01
9.807128906250000000e-01 -8.081054687500000000e-02 2.954101562500000000e-01
9.719238281250000000e-01 -7.373046875000000000e-02 3.125000000000000000e-01
1.019287109375000000e+00 -6.982421875000000000e-02 2.822265625000000000e-01
9.692382812500000000e-01 -6.982421875000000000e-02 3.105468750000000000e-01
9.692382812500000000e-01 -6.982421875000000000e-02 3.105468750000000000e-01
1.023925781250000000e+00 -8.715820312500000000e-02 3.107910156250000000e-01
1.027832031250000000e+00 -8.129882812500000000e-02 3.068847656250000000e-01
1.024414062500000000e+00 -7.836914062500000000e-02 3.122558593750000000e-01
9.719238281250000000e-01 -8.984375000000000000e-02 3.764648437500000000e-01
1.020263671875000000e+00 -8.642578125000000000e-02 3.112792968750000000e-01
1.020996093750000000e+00 -8.642578125000000000e-02 3.044433593750000000e-01
9.760742187500000000e-01 -8.105468750000000000e-02 3.020019531250000000e-01
9.807128906250000000e-01 -8.178710937500000000e-02 2.976074218750000000e-01
1.031250000000000000e+00 -6.982421875000000000e-02 2.956542968750000000e-01
1.017822265625000000e+00 -7.348632812500000000e-02 2.927246093750000000e-01
9.880371093750000000e-01 -7.153320312500000000e-02 2.949218750000000000e-01
9.909667968750000000e-01 1.074218750000000000e-02 3.349609375000000000e-01
1.002929687500000000e+00 6.591796875000000000e-03 3.403320312500000000e-01
1.017333984375000000e+00 -7.055664062500000000e-02 3.811035156250000000e-01
1.069580078125000000e+00 2.319335937500000000e-02 3.774414062500000000e-01
1.029541015625000000e+00 -2.734375000000000000e-02 2.902832031250000000e-01
9.235839843750000000e-01 -9.521484375000000000e-03 3.227539062500000000e-01
1.026611328125000000e+00 2.246093750000000000e-02 2.856445312500000000e-01
1.078613281250000000e+00 6.005859375000000000e-02 2.341308593750000000e-01
1.064941406250000000e+00 -1.318359375000000000e-02 2.497558593750000000e-01
9.494628906250000000e-01 2.392578125000000000e-02 2.385253906250000000e-01
1.014404296875000000e+00 3.515625000000000000e-02 2.922363281250000000e-01
9.780273437500000000e-01 4.101562500000000000e-02 3.344726562500000000e-01
9.423828125000000000e-01 -3.662109375000000000e-03 1.904296875000000000e-01
6.740722656250000000e-01 -1.455078125000000000e-01 1.435546875000000000e-01
7.971191406250000000e-01 -2.114257812500000000e-01 1.850585937500000000e-01
1.391601562500000000e+00 -1.394042968750000000e-01 4.199218750000000000e-01
1.263183593750000000e+00 -1.936035156250000000e-01 5.620117187500000000e-01
1.452636718750000000e+00 5.517578125000000000e-02 6.486816406250000000e-01
1.494873046875000000e+00 -1.948242187500000000e-01 2.993164062500000000e-01
7.602539062500000000e-01 -8.325195312500000000e-02 6.005859375000000000e-02
7.497558593750000000e-01 1.511230468750000000e-01 -2.197265625000000000e-02
9.421386718750000000e-01 -1.679687500000000000e-01 -7.324218750000000000e-03
2.373046875000000000e-01 -1.369628906250000000e-01 -3.173828125000000000e-03
7.934570312500000000e-02 -1.826171875000000000e-01 -2.521972656250000000e-01
2.031738281250000000e+00 1.967773437500000000e-01 2.656250000000000000e-01
2.031738281250000000e+00 1.967773437500000000e-01 2.656250000000000000e-01
1.349365234375000000e+00 1.162109375000000000e-01 4.399414062500000000e-01
1.198730468750000000e+00 3.515625000000000000e-02 8.325195312500000000e-02
5.505371093750000000e-01 -1.477050781250000000e-01 -1.721191406250000000e-01
5.979003906250000000e-01 -1.787109375000000000e-01 -1.232910156250000000e-01
2.229003906250000000e-01 -9.790039062500000000e-02 -9.326171875000000000e-02
-1.472167968750000000e-01 -1.708984375000000000e-03 3.161621093750000000e-01
1.369384765625000000e+00 -9.472656250000000000e-02 7.421875000000000000e-02
3.428710937500000000e+00 1.000976562500000000e-02 -3.027343750000000000e-02
4.335937500000000000e-01 -1.628417968750000000e-01 -3.186035156250000000e-01
1.030761718750000000e+00 -2.387695312500000000e-01 5.966796875000000000e-01
7.233886718750000000e-01 4.077148437500000000e-02 -2.285156250000000000e-01
7.788085937500000000e-02 1.408691406250000000e-01 -3.664550781250000000e-01
-6.506347656250000000e-01 -1.235351562500000000e-01 9.277343750000000000e-03
2.212158203125000000e+00 -4.521484375000000000e-01 2.197265625000000000e-03
1.921875000000000000e+00 4.492187500000000000e-02 5.268554687500000000e-01
1.065185546875000000e+00 7.983398437500000000e-02 2.822265625000000000e-01
8.483886718750000000e-01 1.640625000000000000e-01 -9.814453125000000000e-02
7.751464843750000000e-01 -2.912597656250000000e-01 -1.018066406250000000e-01
1.564941406250000000e-01 -2.658691406250000000e-01 -1.501464843750000000e-01
-4.760742187500000000e-01 8.056640625000000000e-02 2.165527343750000000e-01
1.815673828125000000e+00 -2.192382812500000000e-01 1.711425781250000000e-01
2.593017578125000000e+00 3.063964843750000000e-01 5.571289062500000000e-01
4.606933593750000000e-01 2.014160156250000000e-01 -3.129882812500000000e-01
8.789062500000000000e-01 -1.828613281250000000e-01 3.515625000000000000e-01
9.687500000000000000e-01 -7.495117187500000000e-02 -1.677246093750000000e-01
-1.904296875000000000e-02 -1.923828125000000000e-01 -1.479492187500000000e-01
-7.211914062500000000e-01 5.908203125000000000e-02 -1.440429687500000000e-02
1.823730468750000000e+00 -6.196289062500000000e-01 -6.560058593750000000e-01
1.864013671875000000e+00 3.864746093750000000e-01 4.726562500000000000e-01
5.412597656250000000e-01 -2.458496093750000000e-01 4.797363281250000000e-01
9.008789062500000000e-01 1.953125000000000000e-03 -6.958007812500000000e-02
1.243164062500000000e+00 -9.716796875000000000e-02 -1.408691406250000000e-01
1.662597656250000000e-01 -1.569824218750000000e-01 -1.848144531250000000e-01
-2.360839843750000000e-01 4.980468750000000000e-02 -1.318359375000000000e-02
3.859863281250000000e-01 -1.569824218750000000e-01 3.037109375000000000e-01
5.826904296875000000e+00 -1.000732421875000000e+00 -1.629882812500000000e+00
5.905761718750000000e-01 1.538085937500000000e-01 7.104492187500000000e-02
6.508789062500000000e-01 -1.120605468750000000e-01 1.569824218750000000e-01
4.833984375000000000e-01 -2.661132812500000000e-02 -2.082519531250000000e-01
4.833984375000000000e-01 -2.661132812500000000e-02 -2.082519531250000000e-01
-3.486328125000000000e-01 8.129882812500000000e-02 1.462402343750000000e-01
-1.489257812500000000e-02 -1.850585937500000000e-01 -7.614746093750000000e-01
6.614257812500000000e+00 2.414550781250000000e-01 -3.393554687500000000e-02
9.133300781250000000e-01 -2.648925781250000000e-01 2.873535156250000000e-01
6.669921875000000000e-01 6.787109375000000000e-02 8.984375000000000000e-02
1.385986328125000000e+00 8.813476562500000000e-02 -3.881835937500000000e-02
7.763671875000000000e-01 -3.833007812500000000e-01 -9.716796875000000000e-02
-1.264648437500000000e-01 2.099609375000000000e-02 -6.591796875000000000e-02
-1.357421875000000000e-01 -1.420898437500000000e-01 -2.714843750000000000e-01
2.995849609375000000e+00 -6.369628906250000000e-01 6.540527343750000000e-01
1.471923828125000000e+00 3.054199218750000000e-01 6.660156250000000000e-01
5.107421875000000000e-01 -1.828613281250000000e-01 -3.674316406250000000e-01
1.280273437500000000e+00 -3.176269531250000000e-01 3.691406250000000000e-01
7.832031250000000000e-01 -6.372070312500000000e-02 -5.151367187500000000e-02
-1.264648437500000000e-01 -5.126953125000000000e-03 9.179687500000000000e-02
-1.948242187500000000e-01 -9.057617187500000000e-02 -5.214843750000000000e-01
1.944335937500000000e+00 -3.601074218750000000e-01 2.082519531250000000e-01
1.627685546875000000e+00 3.369140625000000000e-02 2.385253906250000000e-01
8.806152343750000000e-01 -1.254882812500000000e-01 2.541503906250000000e-01
1.078125000000000000e+00 1.911621093750000000e-01 -7.543945312500000000e-02
1.100341796875000000e+00 -1.511230468750000000e-01 -1.708984375000000000e-03
5.004882812500000000e-01 -1.589355468750000000e-01 -1.247558593750000000e-01
1.672363281250000000e-01 -3.369140625000000000e-02 -6.591796875000000000e-02
5.439453125000000000e-01 -2.658691406250000000e-01 -8.520507812500000000e-02
3.347900390625000000e+00 -1.313476562500000000e-01 3.735351562500000000e-02
8.244628906250000000e-01 -5.737304687500000000e-02 2.280273437500000000e-01
6.826171875000000000e-01 -3.532714843750000000e-01 2.167968750000000000e-01
1.162841796875000000e+00 -1.188964843750000000e-01 4.443359375000000000e-02
5.900878906250000000e-01 9.912109375000000000e-02 7.714843750000000000e-02
1.401367187500000000e-01 -2.441406250000000000e-02 -7.470703125000000000e-02
5.490722656250000000e-01 -6.958007812500000000e-02 -3.586425781250000000e-01
2.833740234375000000e+00 -1.362304687500000000e-01 2.224121093750000000e-01
1.156250000000000000e+00 -8.740234375000000000e-02 3.193359375000000000e-01
6.823730468750000000e-01 2.116699218750000000e-01 1.345214843750000000e-01
1.095214843750000000e+00 4.833984375000000000e-02 1.494140625000000000e-01
9.602050781250000000e-01 -1.877441406250000000e-01 1.489257812500000000e-01
4.155273437500000000e-01 -4.833984375000000000e-02 2.685546875000000000e-03
1.396972656250000000e+00 -5.156250000000000000e-01 6.250000000000000000e-01
1.396972656250000000e+00 -5.156250000000000000e-01 6.250000000000000000e-01
5.520019531250000000e-01 -5.908203125000000000e-02 -7.421875000000000000e-02
5.520019531250000000e-01 -5.908203125000000000e-02 -7.421875000000000000e-02
9.492187500000000000e-01 -3.293457031250000000e-01 2.214355468750000000e-01
9.953613281250000000e-01 -2.165527343750000000e-01 3.173828125000000000e-02
6.193847656250000000e-01 1.708984375000000000e-02 2.167968750000000000e-01
1.916503906250000000e-01 2.954101562500000000e-02 -1.928710937500000000e-01
6.911621093750000000e-01 5.981445312500000000e-02 -1.655273437500000000e-01
2.719726562500000000e+00 -2.731933593750000000e-01 2.241210937500000000e-01
1.123779296875000000e+00 -1.684570312500000000e-02 1.711425781250000000e-01
7.648925781250000000e-01 3.398437500000000000e-01 1.049804687500000000e-01
9.938964843750000000e-01 -1.562500000000000000e-02 1.105957031250000000e-01
1.055664062500000000e+00 -2.827148437500000000e-01 1.428222656250000000e-01
4.892578125000000000e-01 -8.789062500000000000e-03 1.560058593750000000e-01
3.242187500000000000e-01 9.008789062500000000e-02 -7.055664062500000000e-02
1.085693359375000000e+00 -2.211914062500000000e-01 1.813964843750000000e-01
3.257324218750000000e+00 -1.965332031250000000e-01 -2.680664062500000000e-01
6.777343750000000000e-01 1.127929687500000000e-01 9.326171875000000000e-02
6.726074218750000000e-01 -1.892089843750000000e-01 1.923828125000000000e-01
1.054931640625000000e+00 -1.550292968750000000e-01 1.245117187500000000e-01
6.667480468750000000e-01 1.486816406250000000e-01 -4.638671875000000000e-03
2.058105468750000000e-01 -6.201171875000000000e-02 -5.639648437500000000e-02
5.476074218750000000e-01 -6.713867187500000000e-02 -2.468261718750000000e-01
2.689453125000000000e+00 -7.690429687500000000e-02 1.840820312500000000e-01
1.486328125000000000e+00 -1.428222656250000000e-01 2.573242187500000000e-01
7.258300781250000000e-01 3.862304687500000000e-01 1.311035156250000000e-01
9.550781250000000000e-01 8.862304687500000000e-02 -2.441406250000000000e-04
9.372558593750000000e-01 -2.355957031250000000e-01 -2.709960937500000000e-02
3.796386718750000000e-01 -8.300781250000000000e-02 2.001953125000000000e-02
2.785644531250000000e-01 1.542968750000000000e-01 -1.394042968750000000e-01
1.476806640625000000e+00 -3.234863281250000000e-01 4.670410156250000000e-01
2.479003906250000000e+00 -4.028320312500000000e-02 -3.344726562500000000e-02
9.262695312500000000e-01 -1.069335937500000000e-01 -8.789062500000000000e-02
1.009033203125000000e+00 -2.229003906250000000e-01 2.795410156250000000e-01
8.901367187500000000e-01 -1.022949218750000000e-01 7.690429687500000000e-02
5.351562500000000000e-01 2.026367187500000000e-01 9.741210937500000000e-02
2.294921875000000000e-01 8.300781250000000000e-03 -5.834960937500000000e-02
4.675292968750000000e-01 -2.583007812500000000e-01 -4.392089843750000000e-01
1.200927734375000000e+00 -1.210937500000000000e-01 2.749023437500000000e-01
1.200927734375000000e+00 -1.210937500000000000e-01 2.749023437500000000e-01
1.019531250000000000e+00 1.513671875000000000e-02 2.441406250000000000e-04
1.019531250000000000e+00 1.513671875000000000e-02 2.441406250000000000e-04
1.217529296875000000e+00 -2.241210937500000000e-01 4.199218750000000000e-02
5.068359375000000000e-01 3.686523437500000000e-02 5.786132812500000000e-02
3.808593750000000000e-01 1.062011718750000000e-01 -7.348632812500000000e-02
6.032714843750000000e-01 -1.613769531250000000e-01 1.032714843750000000e-01
2.710449218750000000e+00 -1.606445312500000000e-01 3.237304687500000000e-01
1.113525390625000000e+00 -8.300781250000000000e-02 2.087402343750000000e-01
8.288574218750000000e-01 -2.763671875000000000e-01 2.341308593750000000e-01
9.069824218750000000e-01 -1.870117187500000000e-01 5.664062500000000000e-02
8.676757812500000000e-01 6.860351562500000000e-02 5.200195312500000000e-02
4.538574218750000000e-01 -2.539062500000000000e-01 -1.584472656250000000e-01
3.530273437500000000e-01 4.052734375000000000e-02 -8.496093750000000000e-02
1.512695312500000000e+00 3.784179687500000000e-02 7.275390625000000000e-02
1.997070312500000000e+00 -5.212402343750000000e-01 5.200195312500000000e-02
1.124023437500000000e+00 2.268066406250000000e-01 3.828125000000000000e-01
8.188476562500000000e-01 2.448730468750000000e-01 1.323242187500000000e-01
1.151611328125000000e+00 -1.145019531250000000e-01 1.083984375000000000e-01
6.093750000000000000e-01 -1.662597656250000000e-01 -9.326171875000000000e-02
1.865234375000000000e-01 8.642578125000000000e-02 -1.125488281250000000e-01
3.105468750000000000e-01 -9.838867187500000000e-02 2.468261718750000000e-01
2.701416015625000000e+00 -3.364257812500000000e-01 3.903808593750000000e-01
1.492675781250000000e+00 1.064453125000000000e-01 6.079101562500000000e-01
6.135253906250000000e-01 -2.231445312500000000e-01 8.422851562500000000e-02
9.162597656250000000e-01 -1.535644531250000000e-01 3.420410156250000000e-01
7.814941406250000000e-01 1.203613281250000000e-01 1.333007812500000000e-01
3.281250000000000000e-01 -9.252929687500000000e-02 -2.473144531250000000e-01
3.254394531250000000e-01 -1.594238281250000000e-01 -2.622070312500000000e-01
2.165771484375000000e+00 3.491210937500000000e-02 6.398925781250000000e-01
2.009765625000000000e+00 -1.491699218750000000e-01 2.998046875000000000e-01
6.303710937500000000e-01 1.496582031250000000e-01 3.056640625000000000e-01
8.183593750000000000e-01 3.139648437500000000e-01 4.467773437500000000e-02
1.244873046875000000e+00 -1.772460937500000000e-01 2.185058593750000000e-01
6.284179687500000000e-01 -1.489257812500000000e-01 8.300781250000000000e-03
2.038574218750000000e-01 1.691894531250000000e-01 -3.076171875000000000e-02
1.047363281250000000e-01 -1.015625000000000000e-01 -7.080078125000000000e-03
2.762451171875000000e+00 -6.354980468750000000e-01 9.484863281250000000e-01
