9.399414062500000000e-01 -2.548828125000000000e-01 -2.871093750000000000e-01
9.428710937500000000e-01 -2.561035156250000000e-01 -2.937011718750000000e-01
9.428710937500000000e-01 -2.561035156250000000e-01 -2.937011718750000000e-01
9.479980468750000000e-01 -2.583007812500000000e-01 -2.832031250000000000e-01
9.484863281250000000e-01 -2.502441406250000000e-01 -2.836914062500000000e-01
9.489746093750000000e-01 -2.521972656250000000e-01 -2.907714843750000000e-01
9.462890625000000000e-01 -1.875000000000000000e-01 -2.944335937500000000e-01
8.706054687500000000e-01 -2.546386718750000000e-01 -3.063964843750000000e-01
8.686523437500000000e-01 -1.855468750000000000e-01 -3.039550781250000000e-01
9.438476562500000000e-01 -2.517089843750000000e-01 -2.978515625000000000e-01
9.458007812500000000e-01 -1.867675781250000000e-01 -3.002929687500000000e-01
9.411621093750000000e-01 -1.850585937500000000e-01 -3.054199218750000000e-01
9.404296875000000000e-01 -2.536621093750000000e-01 -3.015136718750000000e-01
9.426269531250000000e-01 -1.813964843750000000e-01 -3.107910156250000000e-01
9.450683593750000000e-01 -2.526855468750000000e-01 -2.946777343750000000e-01
9.401855468750000000e-01 -2.504882812500000000e-01 -3.044433593750000000e-01
8.723144531250000000e-01 -2.502441406250000000e-01 -3.083496093750000000e-01
9.387207031250000000e-01 -2.514648437500000000e-01 -3.007812500000000000e-01
9.404296875000000000e-01 -2.531738281250000000e-01 -3.059082031250000000e-01
8.740234375000000000e-01 -2.504882812500000000e-01 -3.041992187500000000e-01
9.460449218750000000e-01 -1.850585937500000000e-01 -3.051757812500000000e-01
8.725585937500000000e-01 -1.850585937500000000e-01 -3.022460937500000000e-01
8.735351562500000000e-01 -1.823730468750000000e-01 -3.083496093750000000e-01
9.467773437500000000e-01 -1.689453125000000000e-01 -3.017578125000000000e-01
9.594726562500000000e-01 -2.106933593750000000e-01 -3.034667968750000000e-01
9.101562500000000000e-01 -1.584472656250000000e-01 -3.427734375000000000e-01
9.482421875000000000e-01 -1.811523437500000000e-01 -2.949218750000000000e-01
8.601074218750000000e-01 -2.326660156250000000e-01 -3.400878906250000000e-01
8.508300781250000000e-01 -2.656250000000000000e-01 -3.820800781250000000e-01
8.640136718750000000e-01 -1.147460937500000000e-01 -3.649902343750000000e-01
8.676757812500000000e-01 -1.557617187500000000e-01 -3.696289062500000000e-01
8.466796875000000000e-01 -2.048339843750000000e-01 -3.491210937500000000e-01
9.062500000000000000e-01 -2.075195312500000000e-01 -3.564453125000000000e-01
8.642578125000000000e-01 -1.877441406250000000e-01 -4.033203125000000000e-01
9.428710937500000000e-01 -2.080078125000000000e-01 -3.886718750000000000e-01
8.745117187500000000e-01 -1.794433593750000000e-01 -3.864746093750000000e-01
9.416503906250000000e-01 -2.536621093750000000e-01 -2.990722656250000000e-01
9.404296875000000000e-01 -2.734375000000000000e-01 -2.832031250000000000e-01
9.396972656250000000e-01 -3.200683593750000000e-01 -2.924804687500000000e-01
9.479980468750000000e-01 -2.270507812500000000e-01 -3.408203125000000000e-01
8.647460937500000000e-01 -1.811523437500000000e-01 -3.347167968750000000e-01
9.150390625000000000e-01 -1.235351562500000000e-01 -2.236328125000000000e-01
1.016845703125000000e+00 -2.089843750000000000e-01 -2.736816406250000000e-01
9.934082031250000000e-01 -3.181152343750000000e-01 -1.083984375000000000e-01
9.226074218750000000e-01 -3.354492187500000000e-01 -1.909179687500000000e-01
8.679199218750000000e-01 -2.480468750000000000e-01 -1.804199218750000000e-01
8.696289062500000000e-01 -2.683105468750000000e-01 -2.255859375000000000e-01
1.001708984375000000e+00 -3.298339843750000000e-01 -3.137207031250000000e-01
9.345703125000000000e-01 -3.781738281250000000e-01 -3.142089843750000000e-01
8.740234375000000000e-01 -3.017578125000000000e-01 -2.495117187500000000e-01
9.587402343750000000e-01 -2.829589843750000000e-01 -2.500000000000000000e-01
9.423828125000000000e-01 -3.273925781250000000e-01 -1.625976562500000000e-01
8.601074218750000000e-01 -2.407226562500000000e-01 -2.319335937500000000e-01
9.418945312500000000e-01 -2.885742187500000000e-01 -2.619628906250000000e-01
8.989257812500000000e-01 -3.078613281250000000e-01 -2.382812500000000000e-01
9.555664062500000000e-01 -3.911132812500000000e-01 -3.227539062500000000e-01
9.233398437500000000e-01 -3.327636718750000000e-01 -2.312011718750000000e-01
1.096923828125000000e+00 -2.121582031250000000e-01 -3.659667968750000000e-01
7.895507812500000000e-01 -4.052734375000000000e-02 -2.246093750000000000e-01
8.334960937500000000e-01 -1.057128906250000000e-01 -3.437500000000000000e-01
9.599609375000000000e-01 -1.584472656250000000e-01 -4.436035156250000000e-01
8.710937500000000000e-01 -1.823730468750000000e-01 -2.875976562500000000e-01
7.939453125000000000e-01 -1.770019531250000000e-01 -3.647460937500000000e-01
8.559570312500000000e-01 -2.768554687500000000e-01 -3.894042968750000000e-01
8.654785156250000000e-01 -2.670898437500000000e-01 -4.506835937500000000e-01
9.089355468750000000e-01 -2.839355468750000000e-01 -4.375000000000000000e-01
9.548339843750000000e-01 -2.644042968750000000e-01 -4.604492187500000000e-01
8.801269531250000000e-01 -1.000976562500000000e-01 -4.462890625000000000e-01
8.569335937500000000e-01 -7.202148437500000000e-02 -4.685058593750000000e-01
8.898925781250000000e-01 -2.128906250000000000e-01 -3.601074218750000000e-01
8.076171875000000000e-01 -3.205566406250000000e-01 -3.447265625000000000e-01
9.577636718750000000e-01 -1.123046875000000000e-01 -3.437500000000000000e-01
8.442382812500000000e-01 -1.418457031250000000e-01 -3.913574218750000000e-01
8.603515625000000000e-01 -1.542968750000000000e-01 -3.566894531250000000e-01
8.449707031250000000e-01 -6.225585937500000000e-02 -3.662109375000000000e-01
8.859863281250000000e-01 -1.140136718750000000e-01 -4.487304687500000000e-01
9.052734375000000000e-01 -1.054687500000000000e-01 -3.625488281250000000e-01
8.974609375000000000e-01 -1.079101562500000000e-01 -3.457031250000000000e-01
8.969726562500000000e-01 -4.272460937500000000e-02 -3.640136718750000000e-01
8.059082031250000000e-01 1.904296875000000000e-02 -3.630371093750000000e-01
8.461914062500000000e-01 5.468750000000000000e-02 -4.675292968750000000e-01
9.621582031250000000e-01 -1.049804687500000000e-02 -4.555664062500000000e-01
1.437988281250000000e+00 -2.910156250000000000e-01 -2.927246093750000000e-01
1.159912109375000000e+00 -1.423339843750000000e-01 -2.456054687500000000e-01
1.032470703125000000e+00 -1.359863281250000000e-01 -1.203613281250000000e-01
8.105468750000000000e-01 -3.161621093750000000e-01 -1.298828125000000000e-01
9.462890625000000000e-01 -3.454589843750000000e-01 -1.970214843750000000e-01
9.550781250000000000e-01 -3.220214843750000000e-01 -2.587890625000000000e-01
8.234863281250000000e-01 -1.657714843750000000e-01 -2.687988281250000000e-01
7.644042968750000000e-01 -2.775878906250000000e-01 -2.788085937500000000e-01
8.364257812500000000e-01 -3.398437500000000000e-01 -2.426757812500000000e-01
7.802734375000000000e-01 -2.719726562500000000e-01 -3.933105468750000000e-01
9.624023437500000000e-01 -2.692871093750000000e-01 -4.411621093750000000e-01
1.071044921875000000e+00 -1.184082031250000000e-01 -5.683593750000000000e-01
1.190429687500000000e+00 -3.149414062500000000e-01 -4.990234375000000000e-01
1.640136718750000000e+00 -3.400878906250000000e-01 -8.569335937500000000e-02
6.730957031250000000e-01 -1.823730468750000000e-01 -1.496582031250000000e-01
8.488769531250000000e-01 -2.700195312500000000e-01 -3.281250000000000000e-01
8.613281250000000000e-01 -2.875976562500000000e-01 -2.622070312500000000e-01
7.897949218750000000e-01 -2.045898437500000000e-01 -2.514648437500000000e-01
8.884277343750000000e-01 1.855468750000000000e-02 -2.270507812500000000e-01
9.658203125000000000e-01 -8.959960937500000000e-02 -3.518066406250000000e-01
6.845703125000000000e-01 -1.083984375000000000e-01 -2.956542968750000000e-01
8.210449218750000000e-01 -1.623535156250000000e-01 -3.457031250000000000e-01
9.455566406250000000e-01 -3.208007812500000000e-01 -3.044433593750000000e-01
9.228515625000000000e-01 -2.937011718750000000e-01 -3.488769531250000000e-01
1.272216796875000000e+00 -1.799316406250000000e-01 -4.902343750000000000e-01
1.323242187500000000e+00 8.105468750000000000e-02 -3.332519531250000000e-01
8.298339843750000000e-01 4.492187500000000000e-02 -3.808593750000000000e-02
6.552734375000000000e-01 -3.312988281250000000e-01 -2.641601562500000000e-01
1.114013671875000000e+00 -1.882324218750000000e-01 -3.198242187500000000e-01
9.763183593750000000e-01 1.318359375000000000e-01 -2.258300781250000000e-01
8.339843750000000000e-01 -1.203613281250000000e-01 -1.972656250000000000e-01
9.467773437500000000e-01 -2.695312500000000000e-01 -2.363281250000000000e-01
9.511718750000000000e-01 -2.060546875000000000e-01 -2.290039062500000000e-01
9.038085937500000000e-01 -1.640625000000000000e-01 -1.818847656250000000e-01
1.011962890625000000e+00 -2.934570312500000000e-01 -2.719726562500000000e-01
9.221191406250000000e-01 -3.789062500000000000e-01 -3.999023437500000000e-01
8.566894531250000000e-01 -3.132324218750000000e-01 -3.425292968750000000e-01
9.665527343750000000e-01 2.807617187500000000e-02 -2.482910156250000000e-01
1.252929687500000000e+00 9.790039062500000000e-02 -9.985351562500000000e-02
1.006591796875000000e+00 -1.184082031250000000e-01 -5.688476562500000000e-02
9.824218750000000000e-01 -9.692382812500000000e-02 -9.448242187500000000e-02
9.470214843750000000e-01 -4.882812500000000000e-03 -1.945800781250000000e-01
8.552246093750000000e-01 -1.464843750000000000e-02 -3.212890625000000000e-01
1.042480468750000000e+00 -1.120605468750000000e-01 -3.354492187500000000e-01
9.938964843750000000e-01 -1.828613281250000000e-01 -2.331542968750000000e-01
8.879394531250000000e-01 7.812500000000000000e-03 -2.495117187500000000e-01
8.979492187500000000e-01 2.221679687500000000e-02 -3.405761718750000000e-01
9.155273437500000000e-01 -1.245117187500000000e-01 -3.347167968750000000e-01
9.824218750000000000e-01 -2.436523437500000000e-01 -2.541503906250000000e-01
1.253173828125000000e+00 -2.636718750000000000e-01 -8.032226562500000000e-02
7.028808593750000000e-01 -2.177734375000000000e-01 -3.999023437500000000e-01
9.128417968750000000e-01 -2.717285156250000000e-01 -3.947753906250000000e-01
9.477539062500000000e-01 -2.390136718750000000e-01 -3.664550781250000000e-01
8.532714843750000000e-01 -2.204589843750000000e-01 -2.858886718750000000e-01
8.928222656250000000e-01 -2.294921875000000000e-01 -3.098144531250000000e-01
9.020996093750000000e-01 -2.961425781250000000e-01 -3.339843750000000000e-01
9.406738281250000000e-01 -3.513183593750000000e-01 -3.876953125000000000e-01
9.042968750000000000e-01 -1.850585937500000000e-01 -3.498535156250000000e-01
8.281250000000000000e-01 -2.302246093750000000e-01 -3.601074218750000000e-01
9.477539062500000000e-01 -2.382812500000000000e-01 -4.052734375000000000e-01
8.486328125000000000e-01 -2.792968750000000000e-01 -2.949218750000000000e-01
9.548339843750000000e-01 -2.292480468750000000e-01 -3.039550781250000000e-01
1.001220703125000000e+00 -1.796875000000000000e-01 -3.789062500000000000e-01
8.610839843750000000e-01 -2.170410156250000000e-01 -3.879394531250000000e-01
8.598632812500000000e-01 -1.198730468750000000e-01 -3.937988281250000000e-01
9.628906250000000000e-01 -2.031250000000000000e-01 -3.950195312500000000e-01
9.057617187500000000e-01 -1.850585937500000000e-01 -3.864746093750000000e-01
8.864746093750000000e-01 -1.660156250000000000e-01 -3.491210937500000000e-01
9.006347656250000000e-01 -1.647949218750000000e-01 -3.903808593750000000e-01
8.701171875000000000e-01 -2.543945312500000000e-01 -3.784179687500000000e-01
9.570312500000000000e-01 -2.770996093750000000e-01 -3.005371093750000000e-01
9.099121093750000000e-01 -2.792968750000000000e-01 -2.919921875000000000e-01
9.575195312500000000e-01 -2.746582031250000000e-01 -3.847656250000000000e-01
9.387207031250000000e-01 -2.568359375000000000e-01 -3.828125000000000000e-01
8.686523437500000000e-01 -1.794433593750000000e-01 -4.040527343750000000e-01
8.464355468750000000e-01 -1.716308593750000000e-01 -3.552246093750000000e-01
8.833007812500000000e-01 -1.613769531250000000e-01 -4.416503906250000000e-01
8.920898437500000000e-01 -1.743164062500000000e-01 -3.725585937500000000e-01
9.035644531250000000e-01 -1.777343750000000000e-01 -3.681640625000000000e-01
8.491210937500000000e-01 -1.657714843750000000e-01 -3.620605468750000000e-01
8.588867187500000000e-01 -1.657714843750000000e-01 -3.576660156250000000e-01
8.608398437500000000e-01 -1.821289062500000000e-01 -3.562011718750000000e-01
8.591308593750000000e-01 -2.507324218750000000e-01 -3.466796875000000000e-01
8.535156250000000000e-01 -2.521972656250000000e-01 -3.508300781250000000e-01
8.562011718750000000e-01 -2.634277343750000000e-01 -3.464355468750000000e-01
8.588867187500000000e-01 -2.648925781250000000e-01 -3.442382812500000000e-01
8.730468750000000000e-01 -2.695312500000000000e-01 -3.469238281250000000e-01
9.072265625000000000e-01 -2.553710937500000000e-01 -3.476562500000000000e-01
8.159179687500000000e-01 -2.609863281250000000e-01 -4.521484375000000000e-01
8.444824218750000000e-01 -2.678222656250000000e-01 -3.654785156250000000e-01
8.066406250000000000e-01 -2.592773437500000000e-01 -4.631347656250000000e-01
8.771972656250000000e-01 -2.751464843750000000e-01 -4.267578125000000000e-01
7.863769531250000000e-01 -1.716308593750000000e-01 -4.189453125000000000e-01
8.073730468750000000e-01 -1.875000000000000000e-01 -5.083007812500000000e-01
8.474121093750000000e-01 -2.604980468750000000e-01 -4.609375000000000000e-01
8.083496093750000000e-01 -1.765136718750000000e-01 -4.084472656250000000e-01
8.422851562500000000e-01 -1.860351562500000000e-01 -5.173339843750000000e-01
9.440917968750000000e-01 -2.612304687500000000e-01 -4.431152343750000000e-01
8.879394531250000000e-01 -2.609863281250000000e-01 -4.150390625000000000e-01
8.837890625000000000e-01 -2.707519531250000000e-01 -4.201660156250000000e-01
8.776855468750000000e-01 -1.721191406250000000e-01 -4.575195312500000000e-01
8.359375000000000000e-01 -1.853027343750000000e-01 -4.311523437500000000e-01
8.891601562500000000e-01 -2.607421875000000000e-01 -4.594726562500000000e-01
8.044433593750000000e-01 -2.534179687500000000e-01 -4.267578125000000000e-01
9.023437500000000000e-01 -2.595214843750000000e-01 -4.074707031250000000e-01
8.872070312500000000e-01 -2.646484375000000000e-01 -4.589843750000000000e-01
8.977050781250000000e-01 -2.548828125000000000e-01 -4.111328125000000000e-01
8.974609375000000000e-01 -1.787109375000000000e-01 -4.680175781250000000e-01
7.983398437500000000e-01 -1.711425781250000000e-01 -4.257812500000000000e-01
8.974609375000000000e-01 -2.578125000000000000e-01 -4.389648437500000000e-01
8.811035156250000000e-01 -2.524414062500000000e-01 -4.658203125000000000e-01
9.040527343750000000e-01 -1.875000000000000000e-01 -4.523925781250000000e-01
9.038085937500000000e-01 -2.509765625000000000e-01 -4.548339843750000000e-01
8.940429687500000000e-01 -2.521972656250000000e-01 -4.541015625000000000e-01
8.854980468750000000e-01 -1.853027343750000000e-01 -4.567871093750000000e-01
8.874511718750000000e-01 -2.543945312500000000e-01 -4.440917968750000000e-01
8.942871093750000000e-01 -2.587890625000000000e-01 -4.528808593750000000e-01
8.576660156250000000e-01 -2.668457031250000000e-01 -3.559570312500000000e-01
