1.031005859375000000e+00 -1.740722656250000000e-01 -3.027343750000000000e-02
1.031005859375000000e+00 -1.740722656250000000e-01 -3.027343750000000000e-02
9.702148437500000000e-01 -1.770019531250000000e-01 3.100585937500000000e-02
1.025878906250000000e+00 -1.684570312500000000e-01 -2.734375000000000000e-02
1.027343750000000000e+00 -1.640625000000000000e-01 -3.002929687500000000e-02
1.026855468750000000e+00 -1.694335937500000000e-01 -2.856445312500000000e-02
9.750976562500000000e-01 -1.677246093750000000e-01 2.636718750000000000e-02
1.026367187500000000e+00 -1.657714843750000000e-01 -2.978515625000000000e-02
9.736328125000000000e-01 -1.657714843750000000e-01 -3.027343750000000000e-02
1.028564453125000000e+00 -1.611328125000000000e-01 2.587890625000000000e-02
9.714355468750000000e-01 -1.669921875000000000e-01 3.125000000000000000e-02
9.694824218750000000e-01 -1.594238281250000000e-01 2.709960937500000000e-02
9.714355468750000000e-01 -1.669921875000000000e-01 3.076171875000000000e-02
9.711914062500000000e-01 -1.691894531250000000e-01 2.539062500000000000e-02
9.699707031250000000e-01 -1.608886718750000000e-01 -3.051757812500000000e-02
9.750976562500000000e-01 -1.733398437500000000e-01 2.807617187500000000e-02
1.028808593750000000e+00 -1.589355468750000000e-01 2.978515625000000000e-02
1.022949218750000000e+00 -1.582031250000000000e-01 -1.953125000000000000e-02
9.694824218750000000e-01 -1.677246093750000000e-01 -2.001953125000000000e-02
9.709472656250000000e-01 -1.650390625000000000e-01 -3.027343750000000000e-02
9.709472656250000000e-01 -1.723632812500000000e-01 -2.685546875000000000e-02
1.025146484375000000e+00 -1.647949218750000000e-01 -2.392578125000000000e-02
1.030761718750000000e+00 -1.674804687500000000e-01 -2.685546875000000000e-02
9.714355468750000000e-01 -1.726074218750000000e-01 -2.832031250000000000e-02
9.699707031250000000e-01 -1.787109375000000000e-01 2.539062500000000000e-02
1.028076171875000000e+00 -1.679687500000000000e-01 -2.636718750000000000e-02
1.020996093750000000e+00 -1.616210937500000000e-01 2.319335937500000000e-02
1.031250000000000000e+00 -1.669921875000000000e-01 -2.783203125000000000e-02
1.028076171875000000e+00 -2.172851562500000000e-01 -2.734375000000000000e-02
9.699707031250000000e-01 -1.638183593750000000e-01 3.051757812500000000e-02
1.026367187500000000e+00 -1.723632812500000000e-01 3.002929687500000000e-02
1.027587890625000000e+00 -1.745605468750000000e-01 1.440429687500000000e-02
9.714355468750000000e-01 -1.811523437500000000e-01 -6.250000000000000000e-02
1.020751953125000000e+00 -1.850585937500000000e-01 3.662109375000000000e-03
1.030273437500000000e+00 -1.809082031250000000e-01 4.394531250000000000e-03
1.013183593750000000e+00 -1.726074218750000000e-01 1.440429687500000000e-02
1.028320312500000000e+00 -1.743164062500000000e-01 4.882812500000000000e-04
1.027343750000000000e+00 -1.760253906250000000e-01 4.394531250000000000e-03
1.015869140625000000e+00 -2.590332031250000000e-01 1.269531250000000000e-02
9.707031250000000000e-01 -1.777343750000000000e-01 1.196289062500000000e-02
9.729003906250000000e-01 -2.153320312500000000e-01 1.464843750000000000e-03
9.780273437500000000e-01 -1.574707031250000000e-01 -6.567382812500000000e-02
1.024902343750000000e+00 -2.041015625000000000e-01 4.882812500000000000e-03
1.029541015625000000e+00 -1.853027343750000000e-01 -6.347656250000000000e-02
1.020507812500000000e+00 -2.651367187500000000e-01 9.033203125000000000e-03
1.025390625000000000e+00 -2.641601562500000000e-01 -6.542968750000000000e-02
1.005859375000000000e+00 -2.680664062500000000e-01 -8.422851562500000000e-02
9.897460937500000000e-01 -1.972656250000000000e-01 -8.105468750000000000e-02
9.863281250000000000e-01 -1.960449218750000000e-01 -8.178710937500000000e-02
1.010253906250000000e+00 -1.706542968750000000e-01 -3.735351562500000000e-02
1.011230468750000000e+00 -1.662597656250000000e-01 -9.033203125000000000e-02
9.714355468750000000e-01 -2.722167968750000000e-01 -4.492187500000000000e-02
1.009521484375000000e+00 -2.783203125000000000e-01 -7.983398437500000000e-02
1.031005859375000000e+00 -1.677246093750000000e-01 -8.471679687500000000e-02
1.023193359375000000e+00 -1.694335937500000000e-01 -9.252929687500000000e-02
9.868164062500000000e-01 -2.092285156250000000e-01 -3.393554687500000000e-02
9.343261718750000000e-01 -1.848144531250000000e-01 -7.519531250000000000e-02
9.238281250000000000e-01 -1.984863281250000000e-01 -4.736328125000000000e-02
1.003173828125000000e+00 -2.143554687500000000e-01 -4.394531250000000000e-02
9.846191406250000000e-01 -2.431640625000000000e-01 1.391601562500000000e-02
9.736328125000000000e-01 -2.480468750000000000e-01 -8.374023437500000000e-02
9.201660156250000000e-01 -1.691894531250000000e-01 -8.374023437500000000e-02
1.025634765625000000e+00 -1.770019531250000000e-01 -9.082031250000000000e-02
9.948730468750000000e-01 -2.145996093750000000e-01 2.954101562500000000e-02
1.024169921875000000e+00 -2.612304687500000000e-01 9.765625000000000000e-04
1.028808593750000000e+00 -1.601562500000000000e-01 1.708984375000000000e-03
9.709472656250000000e-01 -1.652832031250000000e-01 1.000976562500000000e-02
9.838867187500000000e-01 -6.640625000000000000e-02 -1.403808593750000000e-01
9.130859375000000000e-01 -1.152343750000000000e-01 -1.269531250000000000e-01
1.078125000000000000e+00 -2.736816406250000000e-01 2.197265625000000000e-02
9.875488281250000000e-01 -2.429199218750000000e-01 -8.544921875000000000e-03
9.890136718750000000e-01 -1.579589843750000000e-01 2.075195312500000000e-02
1.027832031250000000e+00 -1.745605468750000000e-01 2.636718750000000000e-02
1.025634765625000000e+00 -2.607421875000000000e-01 4.882812500000000000e-03
1.075439453125000000e+00 -1.813964843750000000e-01 -9.521484375000000000e-03
1.072021484375000000e+00 -1.628417968750000000e-01 2.685546875000000000e-02
1.075927734375000000e+00 -2.072753906250000000e-01 2.343750000000000000e-02
9.074707031250000000e-01 -1.975097656250000000e-01 -7.788085937500000000e-02
9.572753906250000000e-01 -1.813964843750000000e-01 6.103515625000000000e-03
9.096679687500000000e-01 -1.110839843750000000e-01 -7.080078125000000000e-02
1.362060546875000000e+00 -9.814453125000000000e-02 3.051757812500000000e-02
5.773925781250000000e-01 -2.258300781250000000e-01 -5.786132812500000000e-02
1.034667968750000000e+00 -1.828613281250000000e-01 -7.324218750000000000e-02
1.150634765625000000e+00 -2.448730468750000000e-01 -5.859375000000000000e-03
9.724121093750000000e-01 -1.782226562500000000e-01 2.709960937500000000e-02
9.897460937500000000e-01 -2.375488281250000000e-01 -2.954101562500000000e-02
1.128906250000000000e+00 -1.708984375000000000e-01 -1.806640625000000000e-02
9.023437500000000000e-01 -3.295898437500000000e-02 -3.369140625000000000e-02
9.831542968750000000e-01 -1.132812500000000000e-01 1.171875000000000000e-02
1.009521484375000000e+00 -2.072753906250000000e-01 2.978515625000000000e-02
9.707031250000000000e-01 -2.028808593750000000e-01 1.318359375000000000e-02
9.208984375000000000e-01 -1.943359375000000000e-01 1.464843750000000000e-03
9.951171875000000000e-01 -1.130371093750000000e-01 1.660156250000000000e-02
9.809570312500000000e-01 -1.816406250000000000e-01 -2.832031250000000000e-02
1.092285156250000000e+00 -1.376953125000000000e-01 -1.953125000000000000e-02
1.074951171875000000e+00 -1.206054687500000000e-01 3.027343750000000000e-02
9.689941406250000000e-01 -1.452636718750000000e-01 1.123046875000000000e-02
1.036621093750000000e+00 -1.606445312500000000e-01 -2.954101562500000000e-02
1.016845703125000000e+00 -1.015625000000000000e-01 -7.421875000000000000e-02
1.020507812500000000e+00 -1.611328125000000000e-01 1.977539062500000000e-02
1.027099609375000000e+00 -1.669921875000000000e-01 2.954101562500000000e-02
1.028808593750000000e+00 -1.123046875000000000e-01 -2.734375000000000000e-02
9.809570312500000000e-01 -1.469726562500000000e-01 3.051757812500000000e-02
9.794921875000000000e-01 -9.863281250000000000e-02 2.587890625000000000e-02
9.868164062500000000e-01 -1.162109375000000000e-01 -3.051757812500000000e-02
9.777832031250000000e-01 -1.889648437500000000e-01 -2.587890625000000000e-02
9.758300781250000000e-01 -1.879882812500000000e-01 -2.465820312500000000e-02
1.026611328125000000e+00 -2.060546875000000000e-01 -2.636718750000000000e-02
9.763183593750000000e-01 -1.958007812500000000e-01 6.567382812500000000e-02
9.785156250000000000e-01 -2.089843750000000000e-01 -1.782226562500000000e-02
9.846191406250000000e-01 -1.611328125000000000e-01 -6.347656250000000000e-03
9.750976562500000000e-01 -1.640625000000000000e-01 6.713867187500000000e-02
1.010498046875000000e+00 -2.170410156250000000e-01 -7.080078125000000000e-03
9.758300781250000000e-01 -2.102050781250000000e-01 7.128906250000000000e-02
1.024658203125000000e+00 -1.232910156250000000e-01 7.299804687500000000e-02
9.812011718750000000e-01 -1.188964843750000000e-01 6.982421875000000000e-02
9.809570312500000000e-01 -1.118164062500000000e-01 8.203125000000000000e-02
9.772949218750000000e-01 -1.201171875000000000e-01 8.496093750000000000e-02
9.782714843750000000e-01 -1.235351562500000000e-01 7.910156250000000000e-02
9.755859375000000000e-01 -1.203613281250000000e-01 7.641601562500000000e-02
9.758300781250000000e-01 -1.889648437500000000e-01 7.714843750000000000e-02
9.760742187500000000e-01 -1.213378906250000000e-01 7.568359375000000000e-02
9.780273437500000000e-01 -1.931152343750000000e-01 7.421875000000000000e-02
9.743652343750000000e-01 -1.196289062500000000e-01 8.447265625000000000e-02
9.750976562500000000e-01 -1.882324218750000000e-01 7.812500000000000000e-02
9.750976562500000000e-01 -1.887207031250000000e-01 7.812500000000000000e-02
9.794921875000000000e-01 -1.936035156250000000e-01 8.569335937500000000e-02
9.768066406250000000e-01 -1.877441406250000000e-01 8.349609375000000000e-02
9.780273437500000000e-01 -1.906738281250000000e-01 8.691406250000000000e-02
9.780273437500000000e-01 -1.906738281250000000e-01 8.691406250000000000e-02
9.750976562500000000e-01 -1.208496093750000000e-01 7.763671875000000000e-02
9.831542968750000000e-01 -1.203613281250000000e-01 7.543945312500000000e-02
9.772949218750000000e-01 -1.164550781250000000e-01 7.592773437500000000e-02
9.770507812500000000e-01 -1.162109375000000000e-01 6.494140625000000000e-02
9.799804687500000000e-01 -1.191406250000000000e-01 7.055664062500000000e-02
9.782714843750000000e-01 -1.892089843750000000e-01 6.372070312500000000e-02
9.750976562500000000e-01 -1.232910156250000000e-01 6.640625000000000000e-02
9.777832031250000000e-01 -1.245117187500000000e-01 6.738281250000000000e-02
9.775390625000000000e-01 -1.232910156250000000e-01 6.762695312500000000e-02
9.760742187500000000e-01 -1.882324218750000000e-01 -2.441406250000000000e-04
9.812011718750000000e-01 -1.230468750000000000e-01 6.469726562500000000e-02
9.785156250000000000e-01 -1.250000000000000000e-01 6.713867187500000000e-02
9.782714843750000000e-01 -1.159667968750000000e-01 6.591796875000000000e-02
9.775390625000000000e-01 -1.159667968750000000e-01 7.104492187500000000e-02
9.775390625000000000e-01 -1.196289062500000000e-01 7.128906250000000000e-02
9.797363281250000000e-01 -1.206054687500000000e-01 6.884765625000000000e-02
9.768066406250000000e-01 -1.213378906250000000e-01 6.591796875000000000e-02
9.833984375000000000e-01 -1.921386718750000000e-01 7.080078125000000000e-02
9.743652343750000000e-01 -1.955566406250000000e-01 7.519531250000000000e-02
9.782714843750000000e-01 -1.921386718750000000e-01 7.299804687500000000e-02
9.824218750000000000e-01 -1.972656250000000000e-01 6.835937500000000000e-02
9.750976562500000000e-01 -2.028808593750000000e-01 -0.000000000000000000e+00
9.777832031250000000e-01 -2.045898437500000000e-01 6.909179687500000000e-02
9.804687500000000000e-01 -2.170410156250000000e-01 -3.417968750000000000e-03
1.029541015625000000e+00 -2.172851562500000000e-01 7.861328125000000000e-02
9.821777343750000000e-01 -2.165527343750000000e-01 7.055664062500000000e-02
9.956054687500000000e-01 -1.193847656250000000e-01 7.202148437500000000e-02
9.726562500000000000e-01 -1.088867187500000000e-01 7.397460937500000000e-02
9.721679687500000000e-01 -2.006835937500000000e-01 4.760742187500000000e-02
1.017822265625000000e+00 -1.533203125000000000e-01 9.350585937500000000e-02
1.031982421875000000e+00 -6.835937500000000000e-02 2.856445312500000000e-02
9.860839843750000000e-01 -1.171875000000000000e-01 5.541992187500000000e-02
1.012207031250000000e+00 -1.755371093750000000e-01 3.662109375000000000e-02
9.750976562500000000e-01 -1.916503906250000000e-01 4.101562500000000000e-02
1.075683593750000000e+00 -5.932617187500000000e-02 1.816406250000000000e-01
9.882812500000000000e-01 -6.469726562500000000e-02 2.060546875000000000e-01
9.790039062500000000e-01 2.416992187500000000e-02 1.665039062500000000e-01
1.026611328125000000e+00 -9.228515625000000000e-02 5.688476562500000000e-02
1.042236328125000000e+00 -1.005859375000000000e-01 1.220703125000000000e-01
1.070312500000000000e+00 -1.520996093750000000e-01 1.970214843750000000e-01
9.777832031250000000e-01 -1.196289062500000000e-01 1.389160156250000000e-01
9.755859375000000000e-01 -2.170410156250000000e-01 1.105957031250000000e-01
9.851074218750000000e-01 -1.098632812500000000e-01 1.516113281250000000e-01
9.790039062500000000e-01 -1.699218750000000000e-01 9.716796875000000000e-02
1.066162109375000000e+00 -2.182617187500000000e-01 1.757812500000000000e-01
9.826660156250000000e-01 -1.010742187500000000e-01 1.059570312500000000e-01
1.014404296875000000e+00 -1.540527343750000000e-01 1.054687500000000000e-01
9.841308593750000000e-01 -9.985351562500000000e-02 1.096191406250000000e-01
9.125976562500000000e-01 -1.657714843750000000e-01 1.447753906250000000e-01
9.326171875000000000e-01 -1.074218750000000000e-01 1.137695312500000000e-01
1.075195312500000000e+00 -1.174316406250000000e-01 1.735839843750000000e-01
9.726562500000000000e-01 -1.459960937500000000e-01 2.102050781250000000e-01
9.887695312500000000e-01 -1.699218750000000000e-01 1.166992187500000000e-01
1.026611328125000000e+00 -1.684570312500000000e-01 1.166992187500000000e-01
9.736328125000000000e-01 -1.228027343750000000e-01 1.076660156250000000e-01
9.934082031250000000e-01 -1.420898437500000000e-01 1.442871093750000000e-01
9.753417968750000000e-01 -9.497070312500000000e-02 1.484375000000000000e-01
1.024658203125000000e+00 -2.099609375000000000e-01 1.079101562500000000e-01
9.699707031250000000e-01 -2.043457031250000000e-01 1.560058593750000000e-01
1.021484375000000000e+00 -1.918945312500000000e-01 9.936523437500000000e-02
9.804687500000000000e-01 -1.916503906250000000e-01 9.448242187500000000e-02
1.224365234375000000e+00 -1.340332031250000000e-01 2.480468750000000000e-01
1.067871093750000000e+00 -2.160644531250000000e-01 1.518554687500000000e-01
9.882812500000000000e-01 -2.143554687500000000e-01 1.416015625000000000e-01
1.015625000000000000e+00 -1.018066406250000000e-01 5.639648437500000000e-02
9.877929687500000000e-01 -1.179199218750000000e-01 1.345214843750000000e-01
1.074707031250000000e+00 -1.972656250000000000e-01 1.450195312500000000e-01
9.860839843750000000e-01 -1.894531250000000000e-01 4.248046875000000000e-02
9.794921875000000000e-01 -1.943359375000000000e-01 5.859375000000000000e-02
9.758300781250000000e-01 -1.940917968750000000e-01 4.833984375000000000e-02
