1.026611327999999990e+00 3.173828000000000066e-03 -1.953125000000000000e-01
9.763183589999999690e-01 -7.250976600000000327e-02 -1.962890630000000136e-01
1.027343750000000000e+00 -6.665039100000000327e-02 -1.166992190000000068e-01
1.024658202999999990e+00 -7.373046900000000681e-02 -1.203613280000000035e-01
1.024658202999999990e+00 -7.373046900000000681e-02 -1.203613280000000035e-01
1.028564452999999990e+00 -8.642578099999999319e-02 -2.102050779999999897e-01
1.028564452999999990e+00 -8.642578099999999319e-02 -2.102050779999999897e-01
1.028564452999999990e+00 -8.642578099999999319e-02 -2.102050779999999897e-01
1.030273438000000041e+00 -7.714843799999999974e-02 -2.001953130000000136e-01
1.030273438000000041e+00 -7.714843799999999974e-02 -2.001953130000000136e-01
1.029785155999999979e+00 -8.789062500000000000e-02 -2.119140630000000136e-01
1.021240233999999969e+00 -7.885742199999999646e-02 -1.818847660000000033e-01
1.030761719000000021e+00 7.324218999999999868e-03 -1.652832029999999897e-01
9.907226559999999793e-01 -7.055664100000000327e-02 -2.163085939999999929e-01
9.736328130000000414e-01 -6.909179699999999646e-02 -1.721191410000000033e-01
9.721679690000000207e-01 -6.640625000000000000e-02 -2.509765629999999859e-01
8.527832029999999897e-01 -7.324218799999999974e-02 -1.560058589999999967e-01
9.089355470000000103e-01 -3.417968799999999974e-02 -1.542968750000000000e-01
9.174804690000000207e-01 -5.102539100000000327e-02 7.812500000000000000e-03
1.048828125000000000e+00 -6.347656000000000132e-03 -7.958984400000000681e-02
1.131835938000000041e+00 -8.544921999999999934e-03 -3.442382799999999660e-02
1.032470702999999990e+00 -8.496093799999999974e-02 -8.593750000000000000e-02
1.025146483999999969e+00 -1.977539099999999980e-02 -3.808593799999999974e-02
9.853515630000000414e-01 -2.685546999999999934e-03 -5.712890600000000013e-02
9.746093750000000000e-01 1.953125000000000000e-02 -1.350097660000000033e-01
9.824218750000000000e-01 -8.105468799999999974e-02 -1.284179689999999929e-01
9.753417970000000103e-01 1.123046899999999987e-02 -1.447753910000000033e-01
9.726562500000000000e-01 9.770000000000000039e-04 -1.516113279999999897e-01
9.689941410000000310e-01 2.439999999999999949e-04 -1.135253910000000033e-01
9.890136720000000103e-01 -2.099609399999999987e-02 -9.545898399999999673e-02
1.076904297000000010e+00 7.495117199999999646e-02 -1.877441410000000033e-01
9.274902339999999690e-01 9.277343799999999974e-02 -1.333007810000000071e-01
9.301757809999999793e-01 4.052734399999999987e-02 -1.257324220000000103e-01
1.039062500000000000e+00 4.125976600000000327e-02 -5.834960899999999673e-02
9.960937500000000000e-01 3.906250000000000000e-02 -5.493164100000000327e-02
1.006103516000000031e+00 6.201171899999999987e-02 -1.518554689999999929e-01
1.022705077999999990e+00 7.934570300000000354e-02 -1.337890630000000136e-01
1.028320313000000041e+00 9.179687500000000000e-02 -1.271972660000000033e-01
1.024169922000000010e+00 1.315917970000000103e-01 -1.296386720000000103e-01
9.863281250000000000e-01 -2.856445300000000007e-02 -1.425781250000000000e-01
1.023681641000000031e+00 -7.324218799999999974e-02 -1.145019530000000035e-01
1.017333983999999969e+00 2.294921899999999987e-02 -2.104492189999999929e-01
1.031250000000000000e+00 -1.257324220000000103e-01 -1.237792969999999965e-01
1.065429688000000041e+00 -9.936523399999999673e-02 -1.242675780000000035e-01
1.024414063000000041e+00 -4.931640600000000013e-02 -9.375000000000000000e-02
9.851074220000000103e-01 -3.808593799999999974e-02 -3.955078100000000013e-02
9.753417970000000103e-01 -6.127929700000000340e-02 -9.228515599999999319e-02
1.019042969000000021e+00 -1.044921879999999997e-01 -1.362304689999999929e-01
1.027099608999999969e+00 -5.029296899999999987e-02 -1.267089839999999967e-01
1.015869141000000031e+00 -4.296875000000000000e-02 -8.520507800000000354e-02
9.758300779999999897e-01 -5.981445299999999660e-02 -6.567382800000000354e-02
1.089843750000000000e+00 -5.297851600000000327e-02 -9.082031299999999974e-02
1.067382813000000041e+00 -5.004882799999999660e-02 -5.419921899999999987e-02
1.012207030999999979e+00 -5.175781299999999974e-02 -1.411132810000000071e-01
9.807128910000000310e-01 -6.274414100000000327e-02 -1.416015630000000136e-01
1.019775391000000031e+00 2.319335900000000020e-02 -1.064453129999999997e-01
9.741210940000000207e-01 1.977539099999999980e-02 -1.052246089999999967e-01
1.006103516000000031e+00 2.294921899999999987e-02 -1.091308589999999967e-01
1.021972655999999979e+00 -7.934570300000000354e-02 -1.721191410000000033e-01
1.086669922000000010e+00 4.394531000000000132e-03 -1.755371089999999967e-01
1.027343750000000000e+00 7.885742199999999646e-02 -1.906738279999999897e-01
1.011230469000000021e+00 -1.489257800000000007e-02 -1.997070310000000071e-01
1.019287108999999969e+00 -6.762695300000000354e-02 -1.811523439999999929e-01
9.211425779999999897e-01 7.812500000000000000e-03 -2.460937500000000000e-01
8.530273440000000207e-01 2.221679699999999993e-02 -2.963867190000000207e-01
6.860351559999999793e-01 -6.982421900000000681e-02 -2.124023439999999929e-01
8.076171880000000414e-01 -8.007812500000000000e-02 -9.130859400000000681e-02
7.827148440000000207e-01 1.921386720000000103e-01 -2.714843750000000000e-01
9.182128910000000310e-01 -1.218261719999999965e-01 7.080078000000000066e-03
8.796386720000000103e-01 6.860351600000000327e-02 -2.385253910000000033e-01
9.570312500000000000e-01 1.416015600000000013e-02 -1.486816410000000033e-01
9.011230470000000103e-01 8.569335899999999673e-02 -1.074218750000000000e-01
9.206542970000000103e-01 1.464844000000000085e-03 -1.328125000000000000e-01
9.497070309999999793e-01 -1.547851560000000071e-01 -4.370117200000000340e-02
1.138916016000000031e+00 8.154296900000000681e-02 -1.743164060000000071e-01
9.255371089999999690e-01 -8.398437500000000000e-02 -3.857421899999999987e-02
1.124511719000000021e+00 9.277343999999999868e-03 -1.999511720000000103e-01
1.074462891000000031e+00 -2.197265600000000013e-02 -1.264648439999999929e-01
1.189208983999999969e+00 1.464843799999999974e-02 -6.127929700000000340e-02
9.277343750000000000e-01 -4.882812999999999737e-03 -6.884765599999999319e-02
1.034179688000000041e+00 -8.544921900000000681e-02 -8.032226600000000327e-02
9.372558589999999690e-01 1.496582029999999897e-01 -6.396484400000000681e-02
9.689941410000000310e-01 -6.787109400000000681e-02 5.517578100000000013e-02
1.017333983999999969e+00 1.499023439999999929e-01 4.492187500000000000e-02
1.004882813000000041e+00 2.172851599999999980e-02 5.737304700000000340e-02
1.110107422000000010e+00 -1.416015600000000013e-02 5.590820299999999660e-02
1.166748047000000010e+00 1.267089839999999967e-01 -8.056640599999999319e-02
1.159423827999999990e+00 1.684570300000000007e-02 9.960937500000000000e-02
1.206054688000000041e+00 1.806640600000000013e-02 1.394042970000000103e-01
1.152587891000000031e+00 6.835937500000000000e-02 1.684570310000000071e-01
1.125244141000000031e+00 -3.076171899999999987e-02 2.124023439999999929e-01
1.042480469000000021e+00 2.880859399999999987e-02 1.643066410000000033e-01
1.086425780999999979e+00 -1.562500000000000000e-02 2.109375000000000000e-01
1.042724608999999969e+00 -8.544921999999999934e-03 1.643066410000000033e-01
1.050292969000000021e+00 6.323242199999999646e-02 1.726074220000000103e-01
1.039306641000000031e+00 -1.879882800000000007e-02 1.701660160000000033e-01
1.056884766000000031e+00 7.055664100000000327e-02 1.787109380000000136e-01
1.057373047000000010e+00 -1.147460900000000020e-02 2.587890629999999859e-01
1.125244141000000031e+00 7.641601600000000327e-02 1.594238279999999897e-01
1.206787108999999969e+00 -2.124023400000000020e-02 1.604003910000000033e-01
1.260742188000000041e+00 3.442382799999999660e-02 1.137695309999999932e-01
1.171875000000000000e+00 7.250976600000000327e-02 9.936523399999999673e-02
1.104736327999999990e+00 4.296875000000000000e-02 1.525878910000000033e-01
1.050537108999999969e+00 3.662109399999999987e-02 4.956054700000000340e-02
1.091552733999999969e+00 6.542968799999999974e-02 8.105468799999999974e-02
1.129882813000000041e+00 6.884765599999999319e-02 1.904296899999999987e-02
1.059814452999999990e+00 6.323242199999999646e-02 -7.495117199999999646e-02
1.126708983999999969e+00 -1.318359399999999987e-02 -1.301269529999999897e-01
1.140869141000000031e+00 1.440429699999999993e-02 -3.125000000000000000e-02
1.071533202999999990e+00 6.347656000000000132e-03 -1.113281250000000000e-01
1.025878905999999979e+00 -3.759765600000000013e-02 -1.384277339999999967e-01
8.059082029999999897e-01 -7.885742199999999646e-02 -3.466796899999999987e-02
7.907714839999999690e-01 -3.222656299999999974e-02 -4.370117200000000340e-02
7.907714839999999690e-01 -3.222656299999999974e-02 -4.370117200000000340e-02
8.627929690000000207e-01 7.324218999999999868e-03 8.300781000000000132e-03
8.449707029999999897e-01 5.859375000000000000e-03 -5.102539100000000327e-02
9.624023440000000207e-01 -6.347656299999999974e-02 3.417968999999999868e-03
1.015869141000000031e+00 1.708984399999999987e-02 4.394531000000000132e-03
9.658203130000000414e-01 6.518554699999999646e-02 -6.298828099999999319e-02
1.065917969000000021e+00 -1.806640600000000013e-02 8.544921999999999934e-03
1.030273438000000041e+00 9.326171900000000681e-02 -4.150390999999999803e-03
8.603515630000000414e-01 4.711914100000000327e-02 6.469726600000000327e-02
9.409179690000000207e-01 1.345214839999999967e-01 6.420898399999999673e-02
9.536132809999999793e-01 6.054687500000000000e-02 -3.417968999999999868e-03
9.260253910000000310e-01 9.008789100000000327e-02 -4.638671999999999934e-03
9.282226559999999793e-01 8.984375000000000000e-02 -2.197265999999999803e-03
1.031250000000000000e+00 8.178710899999999673e-02 7.055664100000000327e-02
9.843750000000000000e-01 2.148437500000000000e-02 -7.006835899999999673e-02
1.004150391000000031e+00 -1.469726560000000071e-01 -5.468750000000000000e-02
9.750976559999999793e-01 -3.662109399999999987e-02 -1.311035160000000033e-01
9.794921880000000414e-01 -5.126953100000000013e-02 -1.442871089999999967e-01
9.997558589999999690e-01 -4.760742200000000340e-02 -5.859375000000000000e-02
9.919433589999999690e-01 2.880859399999999987e-02 -6.030273399999999673e-02
9.912109380000000414e-01 -6.542968799999999974e-02 -5.322265600000000013e-02
1.026855469000000021e+00 -5.883789100000000327e-02 -5.102539100000000327e-02
9.924316410000000310e-01 -1.435546880000000136e-01 -1.291503910000000033e-01
9.782714839999999690e-01 -6.054687500000000000e-02 -1.547851560000000071e-01
1.026123047000000010e+00 -5.615234399999999987e-02 -1.391601560000000071e-01
9.716796880000000414e-01 -3.564453100000000013e-02 -1.315917970000000103e-01
9.816894529999999897e-01 -3.540039100000000327e-02 -1.452636720000000103e-01
9.821777339999999690e-01 -8.569335899999999673e-02 -1.455078130000000136e-01
9.760742190000000207e-01 -3.491210899999999673e-02 -1.384277339999999967e-01
9.802246089999999690e-01 -8.496093799999999974e-02 -1.406250000000000000e-01
9.770507809999999793e-01 -8.764648399999999673e-02 -1.384277339999999967e-01
9.809570309999999793e-01 -8.520507800000000354e-02 -1.428222660000000033e-01
9.758300779999999897e-01 -8.984375000000000000e-02 -1.391601560000000071e-01
9.780273440000000207e-01 -8.178710899999999673e-02 -1.345214839999999967e-01
9.812011720000000103e-01 -8.203125000000000000e-02 -1.335449220000000103e-01
9.807128910000000310e-01 -7.666015599999999319e-02 -1.347656250000000000e-01
9.792480470000000103e-01 -8.227539100000000327e-02 -1.330566410000000033e-01
9.802246089999999690e-01 -7.666015599999999319e-02 -1.320800779999999897e-01
9.719238279999999897e-01 -7.666015599999999319e-02 -1.298828130000000136e-01
9.748535160000000310e-01 -7.568359400000000681e-02 -1.298828130000000136e-01
9.824218750000000000e-01 -8.032226600000000327e-02 -1.359863279999999897e-01
9.765625000000000000e-01 -7.226562500000000000e-02 -1.367187500000000000e-01
9.804687500000000000e-01 -7.348632800000000354e-02 -5.053710899999999673e-02
9.770507809999999793e-01 -6.738281299999999974e-02 -5.493164100000000327e-02
9.765625000000000000e-01 -7.202148399999999673e-02 -5.078125000000000000e-02
9.814453130000000414e-01 -7.421875000000000000e-02 -5.126953100000000013e-02
9.819335940000000207e-01 -7.519531299999999974e-02 -1.252441410000000033e-01
9.772949220000000103e-01 -7.153320300000000354e-02 -5.957031299999999974e-02
9.790039059999999793e-01 -7.250976600000000327e-02 -5.517578100000000013e-02
9.785156250000000000e-01 -8.032226600000000327e-02 -5.371093799999999974e-02
9.770507809999999793e-01 -7.226562500000000000e-02 -5.175781299999999974e-02
9.782714839999999690e-01 -7.153320300000000354e-02 -5.175781299999999974e-02
9.790039059999999793e-01 -6.982421900000000681e-02 -5.737304700000000340e-02
9.775390630000000414e-01 -6.762695300000000354e-02 -5.615234399999999987e-02
9.826660160000000310e-01 -6.933593799999999974e-02 -5.908203100000000013e-02
9.804687500000000000e-01 -6.665039100000000327e-02 -1.291503910000000033e-01
9.758300779999999897e-01 -6.640625000000000000e-02 -5.493164100000000327e-02
9.768066410000000310e-01 -6.982421900000000681e-02 -5.175781299999999974e-02
9.833984380000000414e-01 -7.177734400000000681e-02 -1.308593750000000000e-01
9.812011720000000103e-01 -7.495117199999999646e-02 -1.311035160000000033e-01
9.731445309999999793e-01 -7.080078099999999319e-02 -1.320800779999999897e-01
9.782714839999999690e-01 -7.006835899999999673e-02 -1.347656250000000000e-01
9.738769529999999897e-01 -6.933593799999999974e-02 -1.271972660000000033e-01
9.775390630000000414e-01 -6.909179699999999646e-02 -1.328125000000000000e-01
9.748535160000000310e-01 -7.031250000000000000e-02 -1.347656250000000000e-01
9.794921880000000414e-01 -6.787109400000000681e-02 -1.318359380000000136e-01
9.785156250000000000e-01 -6.835937500000000000e-02 -1.337890630000000136e-01
9.780273440000000207e-01 -7.324218799999999974e-02 -1.333007810000000071e-01
9.782714839999999690e-01 -7.031250000000000000e-02 -1.325683589999999967e-01
9.760742190000000207e-01 -6.738281299999999974e-02 -1.296386720000000103e-01
9.782714839999999690e-01 -7.128906299999999974e-02 -1.350097660000000033e-01
9.770507809999999793e-01 -7.543945300000000354e-02 -1.379394529999999897e-01
9.777832029999999897e-01 -6.372070300000000354e-02 -1.347656250000000000e-01
9.780273440000000207e-01 -7.226562500000000000e-02 -1.296386720000000103e-01
9.816894529999999897e-01 -7.299804699999999646e-02 -1.323242189999999929e-01
9.729003910000000310e-01 -7.470703099999999319e-02 -1.279296880000000136e-01
9.772949220000000103e-01 -7.714843799999999974e-02 -1.293945310000000071e-01
9.750976559999999793e-01 -7.128906299999999974e-02 -6.201171899999999987e-02
9.816894529999999897e-01 -7.177734400000000681e-02 -1.286621089999999967e-01
9.765625000000000000e-01 -7.128906299999999974e-02 -1.274414060000000071e-01
9.794921880000000414e-01 -7.031250000000000000e-02 -1.376953130000000136e-01
9.785156250000000000e-01 -6.787109400000000681e-02 -1.284179689999999929e-01
9.792480470000000103e-01 -7.202148399999999673e-02 -1.303710939999999929e-01
9.758300779999999897e-01 -7.641601600000000327e-02 -1.359863279999999897e-01
9.799804690000000207e-01 -7.226562500000000000e-02 -1.308593750000000000e-01
9.782714839999999690e-01 -7.666015599999999319e-02 -1.323242189999999929e-01
9.750976559999999793e-01 -6.811523399999999673e-02 -1.340332029999999897e-01
