7.536621093750000000e-01 -1.367187500000000000e-02 -6.054687500000000000e-01
7.536621093750000000e-01 -1.367187500000000000e-02 -6.054687500000000000e-01
7.536621093750000000e-01 -1.367187500000000000e-02 -6.054687500000000000e-01
7.548828125000000000e-01 -1.635742187500000000e-02 -6.027832031250000000e-01
7.548828125000000000e-01 -1.635742187500000000e-02 -6.027832031250000000e-01
7.548828125000000000e-01 -1.635742187500000000e-02 -6.027832031250000000e-01
7.548828125000000000e-01 -1.635742187500000000e-02 -6.027832031250000000e-01
7.539062500000000000e-01 -1.513671875000000000e-02 -6.079101562500000000e-01
7.624511718750000000e-01 -1.220703125000000000e-02 -6.154785156250000000e-01
7.583007812500000000e-01 -1.538085937500000000e-02 -6.010742187500000000e-01
7.739257812500000000e-01 -1.147460937500000000e-02 -5.949707031250000000e-01
6.838378906250000000e-01 -1.074218750000000000e-02 -6.218261718750000000e-01
7.617187500000000000e-01 -2.172851562500000000e-02 -6.386718750000000000e-01
7.568359375000000000e-01 -9.033203125000000000e-03 -6.022949218750000000e-01
7.238769531250000000e-01 -1.562500000000000000e-02 -5.969238281250000000e-01
7.678222656250000000e-01 -1.562500000000000000e-02 -6.462402343750000000e-01
7.504882812500000000e-01 -1.904296875000000000e-02 -6.538085937500000000e-01
7.788085937500000000e-01 -1.318359375000000000e-02 -6.530761718750000000e-01
7.666015625000000000e-01 -1.879882812500000000e-02 -6.271972656250000000e-01
7.768554687500000000e-01 -2.246093750000000000e-02 -5.988769531250000000e-01
7.644042968750000000e-01 -1.635742187500000000e-02 -6.372070312500000000e-01
7.568359375000000000e-01 -1.904296875000000000e-02 -6.379394531250000000e-01
7.805175781250000000e-01 -1.733398437500000000e-02 -6.877441406250000000e-01
7.546386718750000000e-01 -2.514648437500000000e-02 -6.008300781250000000e-01
6.831054687500000000e-01 -2.954101562500000000e-02 -6.076660156250000000e-01
7.626953125000000000e-01 -2.563476562500000000e-02 -6.201171875000000000e-01
6.765136718750000000e-01 -2.197265625000000000e-02 -6.203613281250000000e-01
6.789550781250000000e-01 -2.001953125000000000e-02 -6.928710937500000000e-01
6.782226562500000000e-01 -2.978515625000000000e-02 -6.926269531250000000e-01
6.628417968750000000e-01 -3.051757812500000000e-02 -6.999511718750000000e-01
7.102050781250000000e-01 2.856445312500000000e-02 -7.016601562500000000e-01
6.979980468750000000e-01 -2.270507812500000000e-02 -7.004394531250000000e-01
7.136230468750000000e-01 -2.416992187500000000e-02 -7.163085937500000000e-01
7.045898437500000000e-01 -6.274414062500000000e-02 -7.072753906250000000e-01
7.133789062500000000e-01 2.563476562500000000e-02 -6.584472656250000000e-01
6.601562500000000000e-01 2.978515625000000000e-02 -7.019042968750000000e-01
7.148437500000000000e-01 -2.734375000000000000e-02 -7.006835937500000000e-01
7.180175781250000000e-01 3.027343750000000000e-02 -7.031250000000000000e-01
6.596679687500000000e-01 -2.612304687500000000e-02 -7.011718750000000000e-01
6.665039062500000000e-01 2.319335937500000000e-02 -6.237792968750000000e-01
6.652832031250000000e-01 2.148437500000000000e-02 -6.936035156250000000e-01
6.713867187500000000e-01 2.612304687500000000e-02 -6.245117187500000000e-01
7.509765625000000000e-01 -2.905273437500000000e-02 -6.188964843750000000e-01
6.772460937500000000e-01 -2.758789062500000000e-02 -5.988769531250000000e-01
7.536621093750000000e-01 -1.757812500000000000e-02 -6.057128906250000000e-01
7.622070312500000000e-01 -2.685546875000000000e-02 -5.947265625000000000e-01
7.653808593750000000e-01 -3.051757812500000000e-02 -6.059570312500000000e-01
7.758789062500000000e-01 2.636718750000000000e-02 -6.494140625000000000e-01
7.248535156250000000e-01 2.319335937500000000e-02 -6.511230468750000000e-01
7.802734375000000000e-01 -1.733398437500000000e-02 -6.430664062500000000e-01
7.309570312500000000e-01 -2.709960937500000000e-02 -5.593261718750000000e-01
7.380371093750000000e-01 2.709960937500000000e-02 -6.279296875000000000e-01
7.460937500000000000e-01 2.294921875000000000e-02 -5.549316406250000000e-01
8.193359375000000000e-01 1.098632812500000000e-02 -5.480957031250000000e-01
8.256835937500000000e-01 -6.298828125000000000e-02 -5.834960937500000000e-01
8.435058593750000000e-01 1.269531250000000000e-02 -5.744628906250000000e-01
7.924804687500000000e-01 2.734375000000000000e-02 -4.899902343750000000e-01
8.408203125000000000e-01 -1.831054687500000000e-02 -4.936523437500000000e-01
7.937011718750000000e-01 -1.953125000000000000e-02 -4.941406250000000000e-01
7.971191406250000000e-01 3.027343750000000000e-02 -5.634765625000000000e-01
8.000488281250000000e-01 -2.490234375000000000e-02 -4.848632812500000000e-01
7.973632812500000000e-01 -2.441406250000000000e-02 -5.144042968750000000e-01
7.968750000000000000e-01 -3.125000000000000000e-02 -4.750976562500000000e-01
8.122558593750000000e-01 2.270507812500000000e-02 -4.890136718750000000e-01
7.956542968750000000e-01 -2.783203125000000000e-02 -4.812011718750000000e-01
7.951660156250000000e-01 -2.807617187500000000e-02 -4.746093750000000000e-01
8.046875000000000000e-01 -2.905273437500000000e-02 -5.310058593750000000e-01
8.083496093750000000e-01 -2.441406250000000000e-02 -5.209960937500000000e-01
8.034667968750000000e-01 2.270507812500000000e-02 -4.760742187500000000e-01
8.029785156250000000e-01 2.319335937500000000e-02 -4.741210937500000000e-01
8.007812500000000000e-01 2.490234375000000000e-02 -4.833984375000000000e-01
7.978515625000000000e-01 2.172851562500000000e-02 -4.870605468750000000e-01
8.005371093750000000e-01 2.172851562500000000e-02 -5.288085937500000000e-01
8.007812500000000000e-01 2.636718750000000000e-02 -4.724121093750000000e-01
8.015136718750000000e-01 2.758789062500000000e-02 -4.934082031250000000e-01
7.854003906250000000e-01 3.051757812500000000e-02 -4.914550781250000000e-01
7.983398437500000000e-01 -3.027343750000000000e-02 -4.921875000000000000e-01
7.924804687500000000e-01 2.783203125000000000e-02 -4.919433593750000000e-01
7.890625000000000000e-01 3.100585937500000000e-02 -5.642089843750000000e-01
8.359375000000000000e-01 1.367187500000000000e-02 -5.859375000000000000e-01
8.415527343750000000e-01 2.832031250000000000e-02 -5.732421875000000000e-01
8.325195312500000000e-01 3.051757812500000000e-02 -4.958496093750000000e-01
8.339843750000000000e-01 -2.636718750000000000e-02 -5.644531250000000000e-01
8.413085937500000000e-01 2.441406250000000000e-02 -5.852050781250000000e-01
8.398437500000000000e-01 1.635742187500000000e-02 -5.783691406250000000e-01
8.374023437500000000e-01 -3.027343750000000000e-02 -5.798339843750000000e-01
8.327636718750000000e-01 1.586914062500000000e-02 -5.842285156250000000e-01
8.132324218750000000e-01 1.440429687500000000e-02 -5.368652343750000000e-01
8.220214843750000000e-01 1.513671875000000000e-02 -5.505371093750000000e-01
7.448730468750000000e-01 5.371093750000000000e-03 -5.351562500000000000e-01
8.154296875000000000e-01 1.708984375000000000e-02 -5.515136718750000000e-01
7.460937500000000000e-01 2.685546875000000000e-02 -5.563964843750000000e-01
7.478027343750000000e-01 1.879882812500000000e-02 -5.458984375000000000e-01
8.288574218750000000e-01 2.636718750000000000e-02 -5.930175781250000000e-01
8.156738281250000000e-01 2.563476562500000000e-02 -5.405273437500000000e-01
8.210449218750000000e-01 2.441406250000000000e-02 -5.324707031250000000e-01
8.264160156250000000e-01 -3.125000000000000000e-02 -5.400390625000000000e-01
8.266601562500000000e-01 3.027343750000000000e-02 -5.917968750000000000e-01
8.408203125000000000e-01 -3.076171875000000000e-02 -5.803222656250000000e-01
8.376464843750000000e-01 -2.709960937500000000e-02 -5.837402343750000000e-01
8.168945312500000000e-01 -2.978515625000000000e-02 -5.363769531250000000e-01
8.308105468750000000e-01 2.954101562500000000e-02 -5.866699218750000000e-01
8.281250000000000000e-01 2.758789062500000000e-02 -4.943847656250000000e-01
8.330078125000000000e-01 2.465820312500000000e-02 -4.919433593750000000e-01
7.863769531250000000e-01 2.026367187500000000e-02 -5.683593750000000000e-01
7.902832031250000000e-01 2.783203125000000000e-02 -4.912109375000000000e-01
7.861328125000000000e-01 -2.392578125000000000e-02 -4.909667968750000000e-01
8.010253906250000000e-01 2.099609375000000000e-02 -4.921875000000000000e-01
7.868652343750000000e-01 4.882812500000000000e-04 -4.755859375000000000e-01
8.012695312500000000e-01 2.612304687500000000e-02 -4.709472656250000000e-01
7.827148437500000000e-01 -2.148437500000000000e-02 -4.941406250000000000e-01
8.310546875000000000e-01 -2.490234375000000000e-02 -5.756835937500000000e-01
7.841796875000000000e-01 -2.050781250000000000e-02 -5.678710937500000000e-01
8.376464843750000000e-01 2.807617187500000000e-02 -5.793457031250000000e-01
8.315429687500000000e-01 2.294921875000000000e-02 -5.834960937500000000e-01
8.369140625000000000e-01 2.294921875000000000e-02 -5.886230468750000000e-01
8.273925781250000000e-01 2.246093750000000000e-02 -5.839843750000000000e-01
8.305664062500000000e-01 -2.099609375000000000e-02 -5.339355468750000000e-01
8.305664062500000000e-01 -2.099609375000000000e-02 -5.339355468750000000e-01
8.132324218750000000e-01 1.586914062500000000e-02 -5.368652343750000000e-01
8.212890625000000000e-01 2.929687500000000000e-02 -5.317382812500000000e-01
8.142089843750000000e-01 2.221679687500000000e-02 -5.935058593750000000e-01
7.458496093750000000e-01 5.615234375000000000e-03 -5.451660156250000000e-01
8.212890625000000000e-01 1.489257812500000000e-02 -5.927734375000000000e-01
7.446289062500000000e-01 2.465820312500000000e-02 -5.400390625000000000e-01
8.181152343750000000e-01 2.246093750000000000e-02 -5.400390625000000000e-01
7.446289062500000000e-01 3.100585937500000000e-02 -5.607910156250000000e-01
7.382812500000000000e-01 2.807617187500000000e-02 -5.493164062500000000e-01
8.137207031250000000e-01 -2.050781250000000000e-02 -5.588378906250000000e-01
7.309570312500000000e-01 2.343750000000000000e-02 -5.593261718750000000e-01
7.329101562500000000e-01 2.856445312500000000e-02 -5.598144531250000000e-01
7.395019531250000000e-01 1.977539062500000000e-02 -6.325683593750000000e-01
7.282714843750000000e-01 2.270507812500000000e-02 -6.325683593750000000e-01
7.282714843750000000e-01 2.270507812500000000e-02 -6.325683593750000000e-01
7.260742187500000000e-01 1.879882812500000000e-02 -6.306152343750000000e-01
7.268066406250000000e-01 2.221679687500000000e-02 -6.340332031250000000e-01
7.224121093750000000e-01 2.416992187500000000e-02 -6.364746093750000000e-01
7.790527343750000000e-01 2.587890625000000000e-02 -6.433105468750000000e-01
7.807617187500000000e-01 2.954101562500000000e-02 -6.352539062500000000e-01
7.712402343750000000e-01 2.807617187500000000e-02 -6.416015625000000000e-01
7.783203125000000000e-01 -2.954101562500000000e-02 -6.525878906250000000e-01
7.795410156250000000e-01 -2.734375000000000000e-02 -6.501464843750000000e-01
7.712402343750000000e-01 1.831054687500000000e-02 -5.986328125000000000e-01
7.712402343750000000e-01 1.367187500000000000e-02 -6.367187500000000000e-01
7.644042968750000000e-01 1.464843750000000000e-02 -6.552734375000000000e-01
7.622070312500000000e-01 1.318359375000000000e-02 -6.479492187500000000e-01
7.666015625000000000e-01 2.465820312500000000e-02 -5.964355468750000000e-01
7.656250000000000000e-01 -2.685546875000000000e-02 -6.533203125000000000e-01
7.626953125000000000e-01 -1.635742187500000000e-02 -5.983886718750000000e-01
7.697753906250000000e-01 -1.782226562500000000e-02 -6.491699218750000000e-01
7.666015625000000000e-01 -2.319335937500000000e-02 -6.496582031250000000e-01
7.661132812500000000e-01 2.856445312500000000e-02 -5.991210937500000000e-01
7.663574218750000000e-01 1.635742187500000000e-02 -5.942382812500000000e-01
7.690429687500000000e-01 2.246093750000000000e-02 -6.560058593750000000e-01
7.653808593750000000e-01 1.733398437500000000e-02 -5.983886718750000000e-01
7.646484375000000000e-01 2.319335937500000000e-02 -5.971679687500000000e-01
7.614746093750000000e-01 2.905273437500000000e-02 -5.991210937500000000e-01
7.587890625000000000e-01 3.027343750000000000e-02 -6.035156250000000000e-01
7.636718750000000000e-01 -2.832031250000000000e-02 -6.025390625000000000e-01
7.592773437500000000e-01 -2.465820312500000000e-02 -5.983886718750000000e-01
7.570800781250000000e-01 2.685546875000000000e-02 -6.054687500000000000e-01
7.583007812500000000e-01 -2.856445312500000000e-02 -6.040039062500000000e-01
7.590332031250000000e-01 -2.319335937500000000e-02 -6.101074218750000000e-01
7.592773437500000000e-01 -2.416992187500000000e-02 -6.025390625000000000e-01
7.609863281250000000e-01 3.002929687500000000e-02 -6.035156250000000000e-01
7.602539062500000000e-01 2.905273437500000000e-02 -6.079101562500000000e-01
7.604980468750000000e-01 2.246093750000000000e-02 -6.000976562500000000e-01
7.604980468750000000e-01 2.612304687500000000e-02 -6.013183593750000000e-01
7.512207031250000000e-01 2.832031250000000000e-02 -6.044921875000000000e-01
7.558593750000000000e-01 3.027343750000000000e-02 -6.040039062500000000e-01
7.585449218750000000e-01 2.441406250000000000e-02 -6.125488281250000000e-01
7.517089843750000000e-01 2.905273437500000000e-02 -5.993652343750000000e-01
7.661132812500000000e-01 2.636718750000000000e-02 -5.988769531250000000e-01
7.592773437500000000e-01 2.807617187500000000e-02 -6.071777343750000000e-01
7.604980468750000000e-01 2.880859375000000000e-02 -5.986328125000000000e-01
7.622070312500000000e-01 2.856445312500000000e-02 -6.059570312500000000e-01
6.853027343750000000e-01 2.392578125000000000e-02 -5.961914062500000000e-01
7.653808593750000000e-01 2.343750000000000000e-02 -6.064453125000000000e-01
7.553710937500000000e-01 3.100585937500000000e-02 -6.069335937500000000e-01
7.592773437500000000e-01 2.392578125000000000e-02 -6.074218750000000000e-01
7.617187500000000000e-01 3.051757812500000000e-02 -6.076660156250000000e-01
7.561035156250000000e-01 2.929687500000000000e-02 -6.022949218750000000e-01
7.570800781250000000e-01 2.709960937500000000e-02 -6.088867187500000000e-01
7.536621093750000000e-01 2.514648437500000000e-02 -6.037597656250000000e-01
7.536621093750000000e-01 2.685546875000000000e-02 -6.091308593750000000e-01
7.561035156250000000e-01 2.709960937500000000e-02 -6.086425781250000000e-01
7.561035156250000000e-01 2.441406250000000000e-02 -6.064453125000000000e-01
7.507324218750000000e-01 2.514648437500000000e-02 -6.098632812500000000e-01
6.875000000000000000e-01 2.685546875000000000e-02 -6.059570312500000000e-01
7.551269531250000000e-01 2.246093750000000000e-02 -6.120605468750000000e-01
6.857910156250000000e-01 2.709960937500000000e-02 -6.101074218750000000e-01
6.845703125000000000e-01 2.783203125000000000e-02 -6.166992187500000000e-01
7.543945312500000000e-01 2.758789062500000000e-02 -6.125488281250000000e-01
6.867675781250000000e-01 2.929687500000000000e-02 -6.123046875000000000e-01
7.509765625000000000e-01 2.685546875000000000e-02 -6.123046875000000000e-01
7.541503906250000000e-01 2.368164062500000000e-02 -6.123046875000000000e-01
6.867675781250000000e-01 2.636718750000000000e-02 -6.064453125000000000e-01
6.855468750000000000e-01 2.758789062500000000e-02 -6.147460937500000000e-01
6.860351562500000000e-01 2.587890625000000000e-02 -6.088867187500000000e-01
7.512207031250000000e-01 2.636718750000000000e-02 -6.154785156250000000e-01
