9.309082031250000000e-01 -1.325683593750000000e-01 -2.773437500000000000e-01
9.309082031250000000e-01 -1.325683593750000000e-01 -2.773437500000000000e-01
1.000244140625000000e+00 -1.320800781250000000e-01 -2.224121093750000000e-01
9.272460937500000000e-01 -1.367187500000000000e-01 -2.214355468750000000e-01
9.323730468750000000e-01 -1.330566406250000000e-01 -2.780761718750000000e-01
9.357910156250000000e-01 -1.372070312500000000e-01 -2.250976562500000000e-01
9.299316406250000000e-01 -1.364746093750000000e-01 -2.199707031250000000e-01
9.345703125000000000e-01 -1.298828125000000000e-01 -2.272949218750000000e-01
9.321289062500000000e-01 -1.323242187500000000e-01 -2.316894531250000000e-01
9.301757812500000000e-01 -1.379394531250000000e-01 -2.292480468750000000e-01
9.309082031250000000e-01 -1.335449218750000000e-01 -2.238769531250000000e-01
9.301757812500000000e-01 -1.315917968750000000e-01 -2.346191406250000000e-01
9.265136718750000000e-01 -1.306152343750000000e-01 -2.365722656250000000e-01
9.265136718750000000e-01 -1.345214843750000000e-01 -2.294921875000000000e-01
9.279785156250000000e-01 -1.347656250000000000e-01 -2.373046875000000000e-01
9.270019531250000000e-01 -1.296386718750000000e-01 -2.431640625000000000e-01
9.265136718750000000e-01 -1.342773437500000000e-01 -2.446289062500000000e-01
9.260253906250000000e-01 -1.284179687500000000e-01 -2.387695312500000000e-01
9.238281250000000000e-01 -1.293945312500000000e-01 -2.365722656250000000e-01
9.238281250000000000e-01 -1.298828125000000000e-01 -2.416992187500000000e-01
9.230957031250000000e-01 -1.291503906250000000e-01 -2.448730468750000000e-01
9.255371093750000000e-01 -1.308593750000000000e-01 -3.151855468750000000e-01
9.204101562500000000e-01 -1.257324218750000000e-01 -3.149414062500000000e-01
9.189453125000000000e-01 -6.176757812500000000e-02 -3.151855468750000000e-01
9.199218750000000000e-01 -1.298828125000000000e-01 -3.247070312500000000e-01
9.204101562500000000e-01 -1.293945312500000000e-01 -3.193359375000000000e-01
9.157714843750000000e-01 -1.269531250000000000e-01 -3.239746093750000000e-01
9.250488281250000000e-01 -1.291503906250000000e-01 -3.173828125000000000e-01
9.160156250000000000e-01 -1.308593750000000000e-01 -3.227539062500000000e-01
9.182128906250000000e-01 -1.325683593750000000e-01 -2.482910156250000000e-01
9.189453125000000000e-01 -1.311035156250000000e-01 -3.178710937500000000e-01
9.187011718750000000e-01 -1.274414062500000000e-01 -3.164062500000000000e-01
9.206542968750000000e-01 -1.279296875000000000e-01 -3.183593750000000000e-01
9.174804687500000000e-01 -1.264648437500000000e-01 -3.239746093750000000e-01
9.199218750000000000e-01 -1.267089843750000000e-01 -3.127441406250000000e-01
9.255371093750000000e-01 -1.298828125000000000e-01 -3.137207031250000000e-01
9.270019531250000000e-01 -1.296386718750000000e-01 -3.178710937500000000e-01
9.174804687500000000e-01 -1.308593750000000000e-01 -2.478027343750000000e-01
9.267578125000000000e-01 -1.274414062500000000e-01 -2.426757812500000000e-01
9.196777343750000000e-01 -1.257324218750000000e-01 -3.137207031250000000e-01
9.228515625000000000e-01 -1.281738281250000000e-01 -2.475585937500000000e-01
9.245605468750000000e-01 -1.303710937500000000e-01 -2.463378906250000000e-01
9.235839843750000000e-01 -1.301269531250000000e-01 -3.134765625000000000e-01
9.243164062500000000e-01 -1.306152343750000000e-01 -2.487792968750000000e-01
9.204101562500000000e-01 -6.176757812500000000e-02 -2.470703125000000000e-01
9.226074218750000000e-01 -1.262207031250000000e-01 -2.463378906250000000e-01
9.226074218750000000e-01 -1.296386718750000000e-01 -2.487792968750000000e-01
9.223632812500000000e-01 -1.298828125000000000e-01 -3.125000000000000000e-01
9.165039062500000000e-01 -1.262207031250000000e-01 -2.397460937500000000e-01
9.287109375000000000e-01 -1.315917968750000000e-01 -3.168945312500000000e-01
9.243164062500000000e-01 -1.267089843750000000e-01 -2.458496093750000000e-01
9.230957031250000000e-01 -1.284179687500000000e-01 -2.382812500000000000e-01
9.255371093750000000e-01 -1.323242187500000000e-01 -2.421875000000000000e-01
9.206542968750000000e-01 -1.342773437500000000e-01 -2.460937500000000000e-01
9.213867187500000000e-01 -1.267089843750000000e-01 -3.149414062500000000e-01
9.230957031250000000e-01 -1.325683593750000000e-01 -2.419433593750000000e-01
9.199218750000000000e-01 -1.306152343750000000e-01 -2.492675781250000000e-01
9.208984375000000000e-01 -1.333007812500000000e-01 -3.168945312500000000e-01
9.250488281250000000e-01 -1.369628906250000000e-01 -2.460937500000000000e-01
9.223632812500000000e-01 -1.306152343750000000e-01 -3.125000000000000000e-01
9.245605468750000000e-01 -1.271972656250000000e-01 -3.161621093750000000e-01
9.270019531250000000e-01 -1.259765625000000000e-01 -3.339843750000000000e-01
9.216308593750000000e-01 -4.418945312500000000e-02 -3.093261718750000000e-01
9.191894531250000000e-01 -4.443359375000000000e-02 -2.985839843750000000e-01
9.541015625000000000e-01 -9.179687500000000000e-02 -2.993164062500000000e-01
9.638671875000000000e-01 -7.226562500000000000e-02 -3.867187500000000000e-01
9.101562500000000000e-01 -7.226562500000000000e-02 -4.003906250000000000e-01
8.652343750000000000e-01 2.392578125000000000e-02 -1.813964843750000000e-01
9.082031250000000000e-01 -1.408691406250000000e-01 -3.154296875000000000e-01
8.791503906250000000e-01 -5.468750000000000000e-02 -3.767089843750000000e-01
7.707519531250000000e-01 -6.591796875000000000e-02 -2.705078125000000000e-01
7.204589843750000000e-01 -1.206054687500000000e-01 -7.031250000000000000e-02
9.899902343750000000e-01 8.203125000000000000e-02 -2.197265625000000000e-03
1.007568359375000000e+00 -8.032226562500000000e-02 2.617187500000000000e-01
9.443359375000000000e-01 -1.660156250000000000e-01 2.917480468750000000e-01
9.392089843750000000e-01 -1.269531250000000000e-01 5.034179687500000000e-01
8.654785156250000000e-01 1.464843750000000000e-03 5.141601562500000000e-01
8.737792968750000000e-01 -1.113281250000000000e-01 5.185546875000000000e-01
8.583984375000000000e-01 1.318359375000000000e-01 5.388183593750000000e-01
9.406738281250000000e-01 7.495117187500000000e-02 5.620117187500000000e-01
8.781738281250000000e-01 -9.277343750000000000e-03 6.042480468750000000e-01
1.009521484375000000e+00 -9.765625000000000000e-03 7.053222656250000000e-01
8.833007812500000000e-01 -2.148437500000000000e-02 6.896972656250000000e-01
8.078613281250000000e-01 8.593750000000000000e-02 6.293945312500000000e-01
8.068847656250000000e-01 3.808593750000000000e-02 6.386718750000000000e-01
8.330078125000000000e-01 -6.835937500000000000e-03 6.545410156250000000e-01
7.912597656250000000e-01 3.393554687500000000e-02 6.496582031250000000e-01
7.453613281250000000e-01 1.384277343750000000e-01 5.942382812500000000e-01
8.103027343750000000e-01 1.982421875000000000e-01 7.424316406250000000e-01
8.474121093750000000e-01 2.041015625000000000e-01 7.949218750000000000e-01
9.614257812500000000e-01 1.943359375000000000e-01 7.473144531250000000e-01
1.020507812500000000e+00 1.777343750000000000e-01 8.310546875000000000e-01
9.504394531250000000e-01 2.004394531250000000e-01 8.271484375000000000e-01
7.944335937500000000e-01 1.684570312500000000e-01 8.078613281250000000e-01
8.193359375000000000e-01 1.606445312500000000e-01 8.002929687500000000e-01
7.358398437500000000e-01 1.232910156250000000e-01 7.419433593750000000e-01
7.685546875000000000e-01 1.242675781250000000e-01 7.749023437500000000e-01
6.835937500000000000e-01 1.550292968750000000e-01 8.273925781250000000e-01
7.575683593750000000e-01 2.043457031250000000e-01 8.791503906250000000e-01
7.768554687500000000e-01 1.171875000000000000e-01 8.874511718750000000e-01
7.770996093750000000e-01 1.179199218750000000e-01 8.757324218750000000e-01
7.526855468750000000e-01 1.069335937500000000e-01 8.081054687500000000e-01
6.694335937500000000e-01 1.174316406250000000e-01 7.856445312500000000e-01
6.604003906250000000e-01 1.027832031250000000e-01 8.417968750000000000e-01
7.536621093750000000e-01 1.025390625000000000e-01 8.264160156250000000e-01
7.221679687500000000e-01 1.052246093750000000e-01 7.939453125000000000e-01
8.371582031250000000e-01 1.247558593750000000e-01 8.432617187500000000e-01
8.051757812500000000e-01 1.208496093750000000e-01 7.824707031250000000e-01
8.076171875000000000e-01 1.884765625000000000e-01 8.259277343750000000e-01
8.471679687500000000e-01 1.606445312500000000e-01 8.190917968750000000e-01
8.525390625000000000e-01 1.967773437500000000e-01 7.382812500000000000e-01
9.477539062500000000e-01 1.647949218750000000e-01 7.351074218750000000e-01
8.562011718750000000e-01 1.142578125000000000e-01 7.519531250000000000e-01
8.420410156250000000e-01 1.535644531250000000e-01 6.716308593750000000e-01
7.858886718750000000e-01 1.340332031250000000e-01 6.596679687500000000e-01
7.944335937500000000e-01 4.199218750000000000e-02 7.187500000000000000e-01
7.993164062500000000e-01 4.614257812500000000e-02 6.208496093750000000e-01
6.188964843750000000e-01 3.344726562500000000e-02 5.998535156250000000e-01
9.716796875000000000e-01 2.001953125000000000e-01 8.410644531250000000e-01
8.493652343750000000e-01 8.056640625000000000e-02 7.263183593750000000e-01
8.793945312500000000e-01 4.394531250000000000e-02 8.168945312500000000e-01
7.480468750000000000e-01 9.130859375000000000e-02 7.812500000000000000e-01
8.137207031250000000e-01 -5.126953125000000000e-03 7.416992187500000000e-01
7.968750000000000000e-01 7.421875000000000000e-02 7.194824218750000000e-01
7.888183593750000000e-01 2.270507812500000000e-02 6.611328125000000000e-01
7.856445312500000000e-01 2.807617187500000000e-02 6.047363281250000000e-01
7.387695312500000000e-01 -7.153320312500000000e-02 6.430664062500000000e-01
8.422851562500000000e-01 -9.375000000000000000e-02 5.883789062500000000e-01
8.295898437500000000e-01 -3.613281250000000000e-02 4.536132812500000000e-01
8.845214843750000000e-01 -1.501464843750000000e-01 3.054199218750000000e-01
8.598632812500000000e-01 -4.174804687500000000e-02 3.320312500000000000e-01
8.666992187500000000e-01 -1.445312500000000000e-01 2.148437500000000000e-01
1.002929687500000000e+00 -1.926269531250000000e-01 8.398437500000000000e-02
7.951660156250000000e-01 -2.556152343750000000e-01 -1.215820312500000000e-01
8.105468750000000000e-01 -3.857421875000000000e-02 -2.058105468750000000e-01
8.569335937500000000e-01 -6.152343750000000000e-02 -1.843261718750000000e-01
9.672851562500000000e-01 -1.367187500000000000e-01 -1.853027343750000000e-01
8.745117187500000000e-01 -1.311035156250000000e-01 -2.719726562500000000e-01
9.362792968750000000e-01 -1.459960937500000000e-01 -2.500000000000000000e-01
9.392089843750000000e-01 -1.987304687500000000e-01 -3.269042968750000000e-01
9.313964843750000000e-01 -1.953125000000000000e-01 -3.752441406250000000e-01
1.026367187500000000e+00 -1.013183593750000000e-01 -2.260742187500000000e-01
9.772949218750000000e-01 -1.406250000000000000e-01 -3.222656250000000000e-01
1.063720703125000000e+00 -1.040039062500000000e-01 -1.567382812500000000e-01
1.090332031250000000e+00 -1.474609375000000000e-01 -3.217773437500000000e-01
9.616699218750000000e-01 -5.981445312500000000e-02 -1.977539062500000000e-01
9.277343750000000000e-01 -1.340332031250000000e-01 -2.106933593750000000e-01
9.738769531250000000e-01 -5.810546875000000000e-02 -2.092285156250000000e-01
9.980468750000000000e-01 -6.225585937500000000e-02 -1.765136718750000000e-01
1.016601562500000000e+00 -5.810546875000000000e-02 -2.072753906250000000e-01
9.323730468750000000e-01 -1.293945312500000000e-01 -2.006835937500000000e-01
9.270019531250000000e-01 -5.834960937500000000e-02 -2.004394531250000000e-01
9.316406250000000000e-01 -4.492187500000000000e-02 -2.106933593750000000e-01
1.018554687500000000e+00 -4.687500000000000000e-02 -1.791992187500000000e-01
1.007568359375000000e+00 -5.273437500000000000e-02 -1.691894531250000000e-01
1.015625000000000000e+00 -4.833984375000000000e-02 -1.640625000000000000e-01
9.763183593750000000e-01 -4.711914062500000000e-02 -1.733398437500000000e-01
1.020019531250000000e+00 -5.249023437500000000e-02 -1.796875000000000000e-01
1.019531250000000000e+00 -4.785156250000000000e-02 -1.804199218750000000e-01
1.019775390625000000e+00 -3.833007812500000000e-02 -1.677246093750000000e-01
9.362792968750000000e-01 -4.589843750000000000e-02 -1.713867187500000000e-01
9.338378906250000000e-01 -3.955078125000000000e-02 -1.748046875000000000e-01
1.004638671875000000e+00 -4.663085937500000000e-02 -2.504882812500000000e-01
1.010986328125000000e+00 -5.737304687500000000e-02 -1.845703125000000000e-01
1.016113281250000000e+00 -6.250000000000000000e-02 -1.821289062500000000e-01
1.019531250000000000e+00 -5.932617187500000000e-02 -2.529296875000000000e-01
1.014404296875000000e+00 -5.688476562500000000e-02 -2.507324218750000000e-01
1.013671875000000000e+00 -6.054687500000000000e-02 -1.657714843750000000e-01
1.003906250000000000e+00 -5.932617187500000000e-02 -1.735839843750000000e-01
1.010498046875000000e+00 -6.250000000000000000e-02 -1.696777343750000000e-01
1.010742187500000000e+00 -5.322265625000000000e-02 -1.757812500000000000e-01
1.011474609375000000e+00 -4.882812500000000000e-02 -1.828613281250000000e-01
1.004638671875000000e+00 -5.346679687500000000e-02 -1.865234375000000000e-01
1.009521484375000000e+00 -5.664062500000000000e-02 -2.578125000000000000e-01
1.002441406250000000e+00 -5.981445312500000000e-02 -2.551269531250000000e-01
1.003417968750000000e+00 -5.224609375000000000e-02 -1.865234375000000000e-01
1.010253906250000000e+00 -5.322265625000000000e-02 -2.619628906250000000e-01
1.007812500000000000e+00 -5.493164062500000000e-02 -2.624511718750000000e-01
1.002441406250000000e+00 -5.004882812500000000e-02 -2.573242187500000000e-01
1.000488281250000000e+00 -4.956054687500000000e-02 -2.573242187500000000e-01
1.011962890625000000e+00 -5.517578125000000000e-02 -2.619628906250000000e-01
1.000244140625000000e+00 -5.053710937500000000e-02 -2.636718750000000000e-01
1.008544921875000000e+00 -4.980468750000000000e-02 -2.604980468750000000e-01
9.338378906250000000e-01 -5.029296875000000000e-02 -2.585449218750000000e-01
1.002197265625000000e+00 -4.760742187500000000e-02 -2.558593750000000000e-01
1.010253906250000000e+00 -5.102539062500000000e-02 -2.614746093750000000e-01
1.003417968750000000e+00 -4.980468750000000000e-02 -2.624511718750000000e-01
1.006103515625000000e+00 -5.371093750000000000e-02 -2.587890625000000000e-01
1.004882812500000000e+00 -4.614257812500000000e-02 -2.583007812500000000e-01
1.008789062500000000e+00 -4.956054687500000000e-02 -2.534179687500000000e-01
1.007324218750000000e+00 -5.322265625000000000e-02 -2.597656250000000000e-01
1.004638671875000000e+00 -5.468750000000000000e-02 -2.575683593750000000e-01
1.003662109375000000e+00 -5.297851562500000000e-02 -2.504882812500000000e-01
9.375000000000000000e-01 -4.858398437500000000e-02 -1.833496093750000000e-01
1.017578125000000000e+00 -5.883789062500000000e-02 -2.580566406250000000e-01
1.011230468750000000e+00 -5.834960937500000000e-02 -2.783203125000000000e-01
9.372558593750000000e-01 -5.322265625000000000e-02 -2.641601562500000000e-01
9.367675781250000000e-01 -5.493164062500000000e-02 -2.651367187500000000e-01
1.001953125000000000e+00 -5.444335937500000000e-02 -2.678222656250000000e-01
9.357910156250000000e-01 -5.737304687500000000e-02 -2.697753906250000000e-01
