1.021240234375000000e+00 -2.612304687500000000e-02 -2.131347656250000000e-01
1.024414062500000000e+00 -2.685546875000000000e-02 -2.111816406250000000e-01
1.024414062500000000e+00 -2.685546875000000000e-02 -2.111816406250000000e-01
1.020263671875000000e+00 -2.490234375000000000e-02 -2.075195312500000000e-01
1.019531250000000000e+00 -2.416992187500000000e-02 -2.006835937500000000e-01
1.025146484375000000e+00 -2.319335937500000000e-02 -2.062988281250000000e-01
1.024414062500000000e+00 -2.246093750000000000e-02 -2.087402343750000000e-01
1.018310546875000000e+00 -1.708984375000000000e-02 -1.970214843750000000e-01
1.018310546875000000e+00 -1.708984375000000000e-02 -1.970214843750000000e-01
1.020507812500000000e+00 -2.294921875000000000e-02 -2.004394531250000000e-01
1.020507812500000000e+00 -2.294921875000000000e-02 -2.004394531250000000e-01
1.024902343750000000e+00 -2.294921875000000000e-02 -2.004394531250000000e-01
1.026123046875000000e+00 -2.026367187500000000e-02 -2.065429687500000000e-01
1.030517578125000000e+00 1.708984375000000000e-02 -2.148437500000000000e-01
1.031005859375000000e+00 -2.514648437500000000e-02 -2.077636718750000000e-01
1.020263671875000000e+00 -3.002929687500000000e-02 -1.982421875000000000e-01
1.013183593750000000e+00 2.172851562500000000e-02 -1.940917968750000000e-01
1.013183593750000000e+00 2.172851562500000000e-02 -1.940917968750000000e-01
1.006103515625000000e+00 2.319335937500000000e-02 -1.193847656250000000e-01
1.009277343750000000e+00 -7.324218750000000000e-02 -2.048339843750000000e-01
9.721679687500000000e-01 -1.074218750000000000e-02 -1.992187500000000000e-01
1.000488281250000000e+00 -3.100585937500000000e-02 -2.143554687500000000e-01
1.000488281250000000e+00 -3.100585937500000000e-02 -2.143554687500000000e-01
1.022705078125000000e+00 7.666015625000000000e-02 -1.647949218750000000e-01
1.022705078125000000e+00 7.666015625000000000e-02 -1.647949218750000000e-01
1.012695312500000000e+00 -8.300781250000000000e-03 -1.943359375000000000e-01
1.012695312500000000e+00 -8.300781250000000000e-03 -1.943359375000000000e-01
1.030029296875000000e+00 4.370117187500000000e-02 -1.997070312500000000e-01
9.213867187500000000e-01 4.492187500000000000e-02 -2.019042968750000000e-01
9.792480468750000000e-01 1.416015625000000000e-01 -1.616210937500000000e-01
1.010498046875000000e+00 5.688476562500000000e-02 -2.150878906250000000e-01
9.375000000000000000e-01 -5.615234375000000000e-03 -2.006835937500000000e-01
9.375000000000000000e-01 -5.615234375000000000e-03 -2.006835937500000000e-01
9.826660156250000000e-01 -2.929687500000000000e-02 -2.111816406250000000e-01
1.007812500000000000e+00 -2.099609375000000000e-02 -2.021484375000000000e-01
1.024902343750000000e+00 7.324218750000000000e-03 -2.050781250000000000e-01
1.024902343750000000e+00 7.324218750000000000e-03 -2.050781250000000000e-01
1.024902343750000000e+00 7.324218750000000000e-03 -2.050781250000000000e-01
1.024902343750000000e+00 7.324218750000000000e-03 -2.050781250000000000e-01
1.007080078125000000e+00 -2.465820312500000000e-02 -2.058105468750000000e-01
1.062988281250000000e+00 1.904296875000000000e-02 -1.584472656250000000e-01
9.904785156250000000e-01 2.783203125000000000e-02 -1.574707031250000000e-01
1.019775390625000000e+00 -6.396484375000000000e-02 -2.067871093750000000e-01
1.019775390625000000e+00 -6.396484375000000000e-02 -2.067871093750000000e-01
1.019531250000000000e+00 -9.130859375000000000e-02 -1.918945312500000000e-01
1.023437500000000000e+00 -8.129882812500000000e-02 -1.928710937500000000e-01
9.357910156250000000e-01 -6.298828125000000000e-02 -2.131347656250000000e-01
9.223632812500000000e-01 -5.200195312500000000e-02 -2.651367187500000000e-01
1.043701171875000000e+00 -1.101074218750000000e-01 -3.613281250000000000e-02
8.610839843750000000e-01 6.835937500000000000e-03 -4.760742187500000000e-02
8.486328125000000000e-01 -1.105957031250000000e-01 -7.836914062500000000e-02
8.991699218750000000e-01 -2.319335937500000000e-02 -1.643066406250000000e-01
7.968750000000000000e-01 -5.883789062500000000e-02 -1.120605468750000000e-01
8.596191406250000000e-01 -1.323242187500000000e-01 -3.222656250000000000e-02
7.634277343750000000e-01 -8.276367187500000000e-02 -2.626953125000000000e-01
7.634277343750000000e-01 -8.276367187500000000e-02 -2.626953125000000000e-01
9.245605468750000000e-01 -1.220703125000000000e-03 -1.352539062500000000e-01
9.245605468750000000e-01 -1.220703125000000000e-03 -1.352539062500000000e-01
7.773437500000000000e-01 1.000976562500000000e-01 -2.224121093750000000e-01
7.773437500000000000e-01 1.000976562500000000e-01 -2.224121093750000000e-01
7.773437500000000000e-01 1.000976562500000000e-01 -2.224121093750000000e-01
1.020019531250000000e+00 -1.088867187500000000e-01 -2.255859375000000000e-01
1.132568359375000000e+00 1.098632812500000000e-02 -1.157226562500000000e-01
9.719238281250000000e-01 3.662109375000000000e-03 3.906250000000000000e-03
9.719238281250000000e-01 3.662109375000000000e-03 3.906250000000000000e-03
1.206298828125000000e+00 8.520507812500000000e-02 -1.250000000000000000e-01
1.206298828125000000e+00 8.520507812500000000e-02 -1.250000000000000000e-01
1.196289062500000000e+00 -1.220703125000000000e-03 -1.306152343750000000e-01
1.196289062500000000e+00 -1.220703125000000000e-03 -1.306152343750000000e-01
9.821777343750000000e-01 -3.735351562500000000e-02 5.371093750000000000e-03
9.821777343750000000e-01 -3.735351562500000000e-02 5.371093750000000000e-03
1.093017578125000000e+00 4.589843750000000000e-02 8.447265625000000000e-02
1.063232421875000000e+00 -7.958984375000000000e-02 1.367187500000000000e-01
9.567871093750000000e-01 1.433105468750000000e-01 1.352539062500000000e-01
1.087402343750000000e+00 -1.723632812500000000e-01 2.539062500000000000e-01
1.166992187500000000e+00 -2.075195312500000000e-02 1.899414062500000000e-01
1.166992187500000000e+00 -2.075195312500000000e-02 1.899414062500000000e-01
1.198974609375000000e+00 -1.660156250000000000e-02 1.147460937500000000e-01
1.098632812500000000e+00 1.425781250000000000e-01 9.619140625000000000e-02
1.148925781250000000e+00 3.784179687500000000e-02 1.108398437500000000e-01
1.148925781250000000e+00 3.784179687500000000e-02 1.108398437500000000e-01
1.210937500000000000e+00 5.957031250000000000e-02 2.106933593750000000e-01
1.210937500000000000e+00 5.957031250000000000e-02 2.106933593750000000e-01
1.210937500000000000e+00 5.957031250000000000e-02 2.106933593750000000e-01
1.313720703125000000e+00 4.150390625000000000e-02 9.545898437500000000e-02
1.108398437500000000e+00 4.882812500000000000e-04 -2.856445312500000000e-02
1.084472656250000000e+00 -1.269531250000000000e-02 -4.931640625000000000e-02
1.001708984375000000e+00 1.098632812500000000e-02 -1.154785156250000000e-01
1.017578125000000000e+00 -1.708984375000000000e-02 -1.435546875000000000e-01
9.621582031250000000e-01 6.347656250000000000e-02 -1.118164062500000000e-01
9.621582031250000000e-01 6.347656250000000000e-02 -1.118164062500000000e-01
8.674316406250000000e-01 2.124023437500000000e-02 -1.010742187500000000e-01
6.794433593750000000e-01 -8.789062500000000000e-03 -1.567382812500000000e-01
6.794433593750000000e-01 -8.789062500000000000e-03 -1.567382812500000000e-01
8.105468750000000000e-01 1.440429687500000000e-02 -1.474609375000000000e-01
8.105468750000000000e-01 1.440429687500000000e-02 -1.474609375000000000e-01
7.509765625000000000e-01 -2.587890625000000000e-02 -1.784667968750000000e-01
7.509765625000000000e-01 -2.587890625000000000e-02 -1.784667968750000000e-01
7.509765625000000000e-01 -2.587890625000000000e-02 -1.784667968750000000e-01
7.915039062500000000e-01 7.324218750000000000e-02 -3.222656250000000000e-01
8.959960937500000000e-01 7.592773437500000000e-02 -4.858398437500000000e-02
8.901367187500000000e-01 6.005859375000000000e-02 -2.670898437500000000e-01
8.901367187500000000e-01 6.005859375000000000e-02 -2.670898437500000000e-01
8.901367187500000000e-01 6.005859375000000000e-02 -2.670898437500000000e-01
8.708496093750000000e-01 7.177734375000000000e-02 -2.675781250000000000e-01
8.708496093750000000e-01 7.177734375000000000e-02 -2.675781250000000000e-01
8.708496093750000000e-01 7.177734375000000000e-02 -2.675781250000000000e-01
9.572753906250000000e-01 -2.026367187500000000e-02 -2.795410156250000000e-01
9.267578125000000000e-01 8.203125000000000000e-02 -2.700195312500000000e-01
1.019042968750000000e+00 9.252929687500000000e-02 -1.850585937500000000e-01
1.008789062500000000e+00 6.518554687500000000e-02 -2.111816406250000000e-01
1.024902343750000000e+00 6.689453125000000000e-02 -1.816406250000000000e-01
1.002929687500000000e+00 9.082031250000000000e-02 -1.689453125000000000e-01
1.020996093750000000e+00 6.420898437500000000e-02 -1.594238281250000000e-01
9.284667968750000000e-01 6.738281250000000000e-02 -1.992187500000000000e-01
9.738769531250000000e-01 7.250976562500000000e-02 -1.782226562500000000e-01
9.282226562500000000e-01 8.154296875000000000e-02 -2.585449218750000000e-01
9.282226562500000000e-01 8.154296875000000000e-02 -2.585449218750000000e-01
1.010742187500000000e+00 6.958007812500000000e-02 -2.717285156250000000e-01
9.611816406250000000e-01 7.910156250000000000e-02 -2.536621093750000000e-01
9.692382812500000000e-01 -2.148437500000000000e-02 -2.619628906250000000e-01
9.692382812500000000e-01 -2.148437500000000000e-02 -2.619628906250000000e-01
9.707031250000000000e-01 -2.685546875000000000e-03 -1.774902343750000000e-01
9.707031250000000000e-01 -2.685546875000000000e-03 -1.774902343750000000e-01
9.360351562500000000e-01 6.323242187500000000e-02 -1.730957031250000000e-01
9.360351562500000000e-01 6.323242187500000000e-02 -1.730957031250000000e-01
1.001708984375000000e+00 -3.417968750000000000e-03 -1.752929687500000000e-01
1.001708984375000000e+00 -3.417968750000000000e-03 -1.752929687500000000e-01
9.362792968750000000e-01 -8.056640625000000000e-03 -1.730957031250000000e-01
1.015380859375000000e+00 7.446289062500000000e-02 -1.699218750000000000e-01
1.018310546875000000e+00 7.128906250000000000e-02 -1.562500000000000000e-01
1.011718750000000000e+00 7.666015625000000000e-02 -2.087402343750000000e-01
1.011718750000000000e+00 7.666015625000000000e-02 -2.087402343750000000e-01
1.013671875000000000e+00 7.812500000000000000e-02 -1.704101562500000000e-01
1.026855468750000000e+00 7.763671875000000000e-02 -2.077636718750000000e-01
1.026855468750000000e+00 7.763671875000000000e-02 -2.077636718750000000e-01
1.019042968750000000e+00 7.128906250000000000e-02 -2.006835937500000000e-01
1.016357421875000000e+00 6.396484375000000000e-02 -2.026367187500000000e-01
1.016357421875000000e+00 6.396484375000000000e-02 -2.026367187500000000e-01
1.016357421875000000e+00 6.396484375000000000e-02 -2.026367187500000000e-01
1.020019531250000000e+00 6.274414062500000000e-02 -2.167968750000000000e-01
1.020019531250000000e+00 6.274414062500000000e-02 -2.167968750000000000e-01
1.025634765625000000e+00 6.347656250000000000e-02 -1.611328125000000000e-01
1.025634765625000000e+00 6.347656250000000000e-02 -1.611328125000000000e-01
1.009521484375000000e+00 6.640625000000000000e-02 -2.102050781250000000e-01
1.017089843750000000e+00 6.616210937500000000e-02 -2.070312500000000000e-01
1.017089843750000000e+00 6.616210937500000000e-02 -2.070312500000000000e-01
1.023925781250000000e+00 6.298828125000000000e-02 -2.038574218750000000e-01
1.023437500000000000e+00 -3.173828125000000000e-03 -1.901855468750000000e-01
1.023437500000000000e+00 -3.173828125000000000e-03 -1.901855468750000000e-01
1.023437500000000000e+00 -3.173828125000000000e-03 -1.901855468750000000e-01
1.022216796875000000e+00 -4.882812500000000000e-04 -1.899414062500000000e-01
1.026367187500000000e+00 -9.765625000000000000e-04 -1.899414062500000000e-01
1.026367187500000000e+00 -9.765625000000000000e-04 -1.899414062500000000e-01
1.015136718750000000e+00 6.591796875000000000e-02 -1.242675781250000000e-01
1.019531250000000000e+00 6.982421875000000000e-02 -1.889648437500000000e-01
1.019531250000000000e+00 7.080078125000000000e-02 -1.958007812500000000e-01
1.017333984375000000e+00 7.031250000000000000e-02 -1.208496093750000000e-01
1.026367187500000000e+00 7.128906250000000000e-02 -1.887207031250000000e-01
1.027587890625000000e+00 7.568359375000000000e-02 -1.892089843750000000e-01
1.019775390625000000e+00 8.081054687500000000e-02 -1.237792968750000000e-01
1.024658203125000000e+00 7.421875000000000000e-02 -1.928710937500000000e-01
1.019531250000000000e+00 7.543945312500000000e-02 -1.877441406250000000e-01
1.027099609375000000e+00 7.763671875000000000e-02 -1.945800781250000000e-01
1.021728515625000000e+00 7.275390625000000000e-02 -1.896972656250000000e-01
1.023193359375000000e+00 7.495117187500000000e-02 -1.921386718750000000e-01
1.016357421875000000e+00 7.348632812500000000e-02 -1.242675781250000000e-01
1.021972656250000000e+00 7.641601562500000000e-02 -1.911621093750000000e-01
1.027343750000000000e+00 7.519531250000000000e-02 -1.926269531250000000e-01
1.024658203125000000e+00 7.714843750000000000e-02 -1.899414062500000000e-01
1.021728515625000000e+00 7.104492187500000000e-02 -1.159667968750000000e-01
1.021484375000000000e+00 6.665039062500000000e-02 -1.928710937500000000e-01
1.023437500000000000e+00 6.542968750000000000e-02 -1.899414062500000000e-01
1.022949218750000000e+00 6.835937500000000000e-02 -1.225585937500000000e-01
1.023925781250000000e+00 7.495117187500000000e-02 -1.115722656250000000e-01
1.025634765625000000e+00 6.494140625000000000e-02 -1.879882812500000000e-01
1.023437500000000000e+00 6.933593750000000000e-02 -1.213378906250000000e-01
1.024658203125000000e+00 6.762695312500000000e-02 -1.237792968750000000e-01
1.024902343750000000e+00 6.860351562500000000e-02 -1.877441406250000000e-01
1.025634765625000000e+00 6.762695312500000000e-02 -1.906738281250000000e-01
1.017822265625000000e+00 6.616210937500000000e-02 -1.911621093750000000e-01
1.021728515625000000e+00 6.689453125000000000e-02 -1.215820312500000000e-01
1.027099609375000000e+00 6.884765625000000000e-02 -1.948242187500000000e-01
1.027343750000000000e+00 7.202148437500000000e-02 -1.877441406250000000e-01
1.022460937500000000e+00 7.641601562500000000e-02 -1.892089843750000000e-01
1.023193359375000000e+00 7.226562500000000000e-02 -1.882324218750000000e-01
1.019287109375000000e+00 7.446289062500000000e-02 -1.972656250000000000e-01
1.023193359375000000e+00 7.934570312500000000e-02 -1.892089843750000000e-01
1.021972656250000000e+00 6.787109375000000000e-02 -1.230468750000000000e-01
1.024902343750000000e+00 7.324218750000000000e-02 -1.994628906250000000e-01
1.026123046875000000e+00 6.762695312500000000e-02 -1.232910156250000000e-01
1.020263671875000000e+00 7.275390625000000000e-02 -1.975097656250000000e-01
1.025146484375000000e+00 6.933593750000000000e-02 -1.911621093750000000e-01
1.025390625000000000e+00 7.446289062500000000e-02 -1.914062500000000000e-01
1.021484375000000000e+00 7.275390625000000000e-02 -1.892089843750000000e-01
1.023925781250000000e+00 7.324218750000000000e-02 -1.894531250000000000e-01
1.021484375000000000e+00 6.665039062500000000e-02 -1.887207031250000000e-01
1.021728515625000000e+00 6.958007812500000000e-02 -1.914062500000000000e-01
1.020996093750000000e+00 -1.220703125000000000e-03 -1.225585937500000000e-01
9.709472656250000000e-01 -4.394531250000000000e-03 -1.926269531250000000e-01
