9.443359375000000000e-01 5.859375000000000000e-03 5.881347656250000000e-01
9.443359375000000000e-01 5.859375000000000000e-03 5.881347656250000000e-01
9.443359375000000000e-01 5.859375000000000000e-03 5.881347656250000000e-01
9.482421875000000000e-01 4.394531250000000000e-03 5.637207031250000000e-01
8.735351562500000000e-01 5.371093750000000000e-03 5.671386718750000000e-01
9.467773437500000000e-01 0.000000000000000000e+00 5.649414062500000000e-01
9.609375000000000000e-01 8.300781250000000000e-03 5.659179687500000000e-01
9.470214843750000000e-01 8.789062500000000000e-03 5.695800781250000000e-01
9.453125000000000000e-01 1.098632812500000000e-02 4.985351562500000000e-01
9.064941406250000000e-01 8.544921875000000000e-03 5.637207031250000000e-01
9.519042968750000000e-01 -6.860351562500000000e-02 4.953613281250000000e-01
8.713378906250000000e-01 -8.081054687500000000e-02 4.992675781250000000e-01
9.389648437500000000e-01 -7.446289062500000000e-02 5.708007812500000000e-01
9.379882812500000000e-01 -7.397460937500000000e-02 5.666503906250000000e-01
9.477539062500000000e-01 9.765625000000000000e-04 5.671386718750000000e-01
9.487304687500000000e-01 -6.762695312500000000e-02 5.668945312500000000e-01
8.620605468750000000e-01 -8.666992187500000000e-02 4.841308593750000000e-01
9.575195312500000000e-01 -9.082031250000000000e-02 4.941406250000000000e-01
9.289550781250000000e-01 -3.149414062500000000e-02 5.778808593750000000e-01
1.000732421875000000e+00 -8.447265625000000000e-02 5.847167968750000000e-01
8.540039062500000000e-01 -5.590820312500000000e-02 5.070800781250000000e-01
7.363281250000000000e-01 -1.230468750000000000e-01 5.285644531250000000e-01
1.082519531250000000e+00 -1.320800781250000000e-01 6.081542968750000000e-01
1.082519531250000000e+00 -1.320800781250000000e-01 6.081542968750000000e-01
9.440917968750000000e-01 -3.247070312500000000e-02 6.296386718750000000e-01
8.332519531250000000e-01 -1.264648437500000000e-01 4.924316406250000000e-01
8.796386718750000000e-01 -5.810546875000000000e-02 5.732421875000000000e-01
9.455566406250000000e-01 8.789062500000000000e-03 5.571289062500000000e-01
8.583984375000000000e-01 -6.835937500000000000e-02 5.722656250000000000e-01
9.667968750000000000e-01 -5.664062500000000000e-02 5.429687500000000000e-01
9.577636718750000000e-01 -1.494140625000000000e-01 4.897460937500000000e-01
1.007568359375000000e+00 -1.267089843750000000e-01 4.492187500000000000e-01
9.641113281250000000e-01 1.879882812500000000e-02 3.801269531250000000e-01
9.211425781250000000e-01 -4.101562500000000000e-02 3.300781250000000000e-01
9.958496093750000000e-01 -5.590820312500000000e-02 3.239746093750000000e-01
1.073242187500000000e+00 -1.477050781250000000e-01 2.988281250000000000e-01
9.912109375000000000e-01 -5.371093750000000000e-02 3.320312500000000000e-01
9.802246093750000000e-01 -9.228515625000000000e-02 2.561035156250000000e-01
1.007080078125000000e+00 -1.284179687500000000e-01 2.758789062500000000e-01
1.064697265625000000e+00 -1.430664062500000000e-01 2.612304687500000000e-01
1.005126953125000000e+00 -1.450195312500000000e-01 2.739257812500000000e-01
1.152587890625000000e+00 -1.413574218750000000e-01 2.158203125000000000e-01
9.890136718750000000e-01 -1.525878906250000000e-01 2.561035156250000000e-01
1.091552734375000000e+00 -1.206054687500000000e-01 3.134765625000000000e-01
1.080810546875000000e+00 -1.416015625000000000e-01 2.568359375000000000e-01
1.065185546875000000e+00 -6.127929687500000000e-02 2.729492187500000000e-01
1.005615234375000000e+00 -1.286621093750000000e-01 2.705078125000000000e-01
1.006103515625000000e+00 8.300781250000000000e-03 1.967773437500000000e-01
1.032226562500000000e+00 -1.416015625000000000e-02 2.309570312500000000e-01
1.039306640625000000e+00 2.441406250000000000e-03 2.385253906250000000e-01
1.022705078125000000e+00 -8.789062500000000000e-02 2.363281250000000000e-01
9.709472656250000000e-01 1.025390625000000000e-02 2.487792968750000000e-01
1.072021484375000000e+00 3.417968750000000000e-03 2.834472656250000000e-01
1.018554687500000000e+00 -9.301757812500000000e-02 2.861328125000000000e-01
9.118652343750000000e-01 -7.861328125000000000e-02 3.862304687500000000e-01
1.021484375000000000e+00 6.103515625000000000e-03 2.934570312500000000e-01
9.875488281250000000e-01 1.855468750000000000e-02 2.885742187500000000e-01
9.089355468750000000e-01 -4.980468750000000000e-02 3.552246093750000000e-01
1.010009765625000000e+00 -1.374511718750000000e-01 4.519042968750000000e-01
9.257812500000000000e-01 -5.859375000000000000e-02 3.706054687500000000e-01
9.306640625000000000e-01 4.150390625000000000e-03 4.069824218750000000e-01
9.157714843750000000e-01 -3.466796875000000000e-02 4.187011718750000000e-01
9.362792968750000000e-01 1.220703125000000000e-03 4.125976562500000000e-01
9.616699218750000000e-01 2.441406250000000000e-02 4.362792968750000000e-01
9.506835937500000000e-01 1.318359375000000000e-02 4.375000000000000000e-01
9.440917968750000000e-01 2.416992187500000000e-02 4.291992187500000000e-01
9.111328125000000000e-01 -3.051757812500000000e-02 4.724121093750000000e-01
9.206542968750000000e-01 2.612304687500000000e-02 5.871582031250000000e-01
8.740234375000000000e-01 2.636718750000000000e-02 4.987792968750000000e-01
8.706054687500000000e-01 3.417968750000000000e-03 4.848632812500000000e-01
8.583984375000000000e-01 -8.984375000000000000e-02 5.656738281250000000e-01
8.686523437500000000e-01 -8.789062500000000000e-02 5.908203125000000000e-01
8.740234375000000000e-01 -6.103515625000000000e-02 4.929199218750000000e-01
8.808593750000000000e-01 -8.740234375000000000e-02 5.935058593750000000e-01
8.762207031250000000e-01 -4.736328125000000000e-02 6.020507812500000000e-01
8.566894531250000000e-01 -5.126953125000000000e-02 5.732421875000000000e-01
7.998046875000000000e-01 -3.808593750000000000e-02 5.781250000000000000e-01
8.991699218750000000e-01 -1.408691406250000000e-01 5.329589843750000000e-01
9.594726562500000000e-01 -6.250000000000000000e-02 5.373535156250000000e-01
8.576660156250000000e-01 7.080078125000000000e-03 5.378417968750000000e-01
1.077392578125000000e+00 -1.391601562500000000e-01 4.978027343750000000e-01
9.946289062500000000e-01 -1.982421875000000000e-01 5.087890625000000000e-01
1.159912109375000000e+00 -1.555175781250000000e-01 4.860839843750000000e-01
9.951171875000000000e-01 -1.018066406250000000e-01 3.178710937500000000e-01
9.951171875000000000e-01 -1.018066406250000000e-01 3.178710937500000000e-01
9.951171875000000000e-01 -1.018066406250000000e-01 3.178710937500000000e-01
9.978027343750000000e-01 -3.393554687500000000e-02 3.110351562500000000e-01
9.682617187500000000e-01 3.100585937500000000e-02 3.940429687500000000e-01
1.006103515625000000e+00 -7.128906250000000000e-02 1.748046875000000000e-01
9.538574218750000000e-01 9.765625000000000000e-03 4.182128906250000000e-01
9.279785156250000000e-01 8.666992187500000000e-02 3.674316406250000000e-01
9.279785156250000000e-01 8.666992187500000000e-02 3.674316406250000000e-01
8.066406250000000000e-01 8.154296875000000000e-02 3.627929687500000000e-01
9.289550781250000000e-01 8.544921875000000000e-02 5.634765625000000000e-01
9.418945312500000000e-01 9.350585937500000000e-02 5.183105468750000000e-01
9.624023437500000000e-01 1.079101562500000000e-01 4.687500000000000000e-01
1.050781250000000000e+00 -6.420898437500000000e-02 4.543457031250000000e-01
1.118896484375000000e+00 -1.455078125000000000e-01 4.797363281250000000e-01
1.089843750000000000e+00 -1.943359375000000000e-01 3.493652343750000000e-01
9.438476562500000000e-01 -1.811523437500000000e-01 2.233886718750000000e-01
7.875976562500000000e-01 -2.602539062500000000e-01 2.866210937500000000e-01
8.452148437500000000e-01 -1.796875000000000000e-01 3.784179687500000000e-01
1.076904296875000000e+00 -9.497070312500000000e-02 4.645996093750000000e-01
1.005126953125000000e+00 -1.948242187500000000e-01 4.406738281250000000e-01
8.630371093750000000e-01 -1.188964843750000000e-01 3.601074218750000000e-01
8.647460937500000000e-01 -1.877441406250000000e-01 3.603515625000000000e-01
9.492187500000000000e-01 -1.628417968750000000e-01 4.306640625000000000e-01
8.664550781250000000e-01 -1.157226562500000000e-01 5.124511718750000000e-01
9.523925781250000000e-01 -1.386718750000000000e-01 5.178222656250000000e-01
9.492187500000000000e-01 -1.984863281250000000e-01 4.775390625000000000e-01
8.020019531250000000e-01 -1.398925781250000000e-01 5.410156250000000000e-01
9.980468750000000000e-01 -1.877441406250000000e-01 6.469726562500000000e-01
1.175048828125000000e+00 -1.149902343750000000e-01 5.036621093750000000e-01
1.073242187500000000e+00 -1.435546875000000000e-01 5.283203125000000000e-01
1.026611328125000000e+00 -1.997070312500000000e-01 2.197265625000000000e-01
9.816894531250000000e-01 -5.493164062500000000e-02 2.695312500000000000e-01
9.804687500000000000e-01 -1.257324218750000000e-01 3.103027343750000000e-01
9.106445312500000000e-01 -1.423339843750000000e-01 3.713378906250000000e-01
9.658203125000000000e-01 -1.406250000000000000e-01 3.923339843750000000e-01
8.730468750000000000e-01 -1.918945312500000000e-01 3.947753906250000000e-01
9.477539062500000000e-01 -5.639648437500000000e-02 3.552246093750000000e-01
9.345703125000000000e-01 -1.311035156250000000e-01 4.465332031250000000e-01
8.679199218750000000e-01 -6.079101562500000000e-02 4.262695312500000000e-01
1.005615234375000000e+00 -6.201171875000000000e-02 4.250488281250000000e-01
9.853515625000000000e-01 -5.371093750000000000e-02 4.687500000000000000e-01
1.008056640625000000e+00 -4.492187500000000000e-02 4.543457031250000000e-01
9.855957031250000000e-01 -4.272460937500000000e-02 3.750000000000000000e-01
1.066894531250000000e+00 -1.877441406250000000e-01 3.845214843750000000e-01
9.111328125000000000e-01 -1.225585937500000000e-01 5.168457031250000000e-01
1.008300781250000000e+00 -9.814453125000000000e-02 3.083496093750000000e-01
9.143066406250000000e-01 -1.032714843750000000e-01 4.042968750000000000e-01
9.106445312500000000e-01 -1.599121093750000000e-01 3.083496093750000000e-01
9.470214843750000000e-01 -2.346191406250000000e-01 3.281250000000000000e-01
9.152832031250000000e-01 -2.192382812500000000e-01 2.905273437500000000e-01
9.731445312500000000e-01 -1.901855468750000000e-01 3.647460937500000000e-01
9.921875000000000000e-01 -1.071777343750000000e-01 2.929687500000000000e-01
9.641113281250000000e-01 -4.638671875000000000e-02 3.857421875000000000e-01
8.610839843750000000e-01 -1.469726562500000000e-01 4.379882812500000000e-01
1.076660156250000000e+00 -1.520996093750000000e-01 2.331542968750000000e-01
9.252929687500000000e-01 -2.416992187500000000e-02 4.624023437500000000e-01
1.028564453125000000e+00 -9.326171875000000000e-02 4.125976562500000000e-01
8.027343750000000000e-01 -6.591796875000000000e-03 5.021972656250000000e-01
9.980468750000000000e-01 8.007812500000000000e-02 5.695800781250000000e-01
1.057373046875000000e+00 1.806640625000000000e-02 4.733886718750000000e-01
9.562988281250000000e-01 -1.437988281250000000e-01 5.734863281250000000e-01
8.925781250000000000e-01 -1.208496093750000000e-01 5.808105468750000000e-01
9.533691406250000000e-01 -1.528320312500000000e-01 5.053710937500000000e-01
9.077148437500000000e-01 -4.003906250000000000e-02 4.731445312500000000e-01
8.715820312500000000e-01 -1.481933593750000000e-01 5.126953125000000000e-01
9.443359375000000000e-01 -2.087402343750000000e-01 4.145507812500000000e-01
9.086914062500000000e-01 -1.494140625000000000e-01 4.108886718750000000e-01
9.125976562500000000e-01 -9.033203125000000000e-02 5.246582031250000000e-01
9.206542968750000000e-01 -4.345703125000000000e-02 4.763183593750000000e-01
9.311523437500000000e-01 -5.102539062500000000e-02 5.234375000000000000e-01
9.123535156250000000e-01 -5.566406250000000000e-02 4.980468750000000000e-01
8.686523437500000000e-01 -4.931640625000000000e-02 5.302734375000000000e-01
9.387207031250000000e-01 -8.569335937500000000e-02 5.104980468750000000e-01
9.155273437500000000e-01 -3.637695312500000000e-02 5.307617187500000000e-01
9.621582031250000000e-01 -9.179687500000000000e-02 4.829101562500000000e-01
9.509277343750000000e-01 -8.691406250000000000e-02 5.236816406250000000e-01
9.570312500000000000e-01 -8.374023437500000000e-02 4.689941406250000000e-01
9.406738281250000000e-01 -3.564453125000000000e-02 5.700683593750000000e-01
9.086914062500000000e-01 -3.613281250000000000e-02 5.312500000000000000e-01
9.631347656250000000e-01 -8.447265625000000000e-02 4.814453125000000000e-01
8.735351562500000000e-01 -7.421875000000000000e-02 5.717773437500000000e-01
8.735351562500000000e-01 -7.421875000000000000e-02 5.717773437500000000e-01
9.560546875000000000e-01 -7.812500000000000000e-02 4.963378906250000000e-01
9.396972656250000000e-01 -7.324218750000000000e-02 5.695800781250000000e-01
9.411621093750000000e-01 -7.592773437500000000e-02 4.938964843750000000e-01
9.572753906250000000e-01 -8.740234375000000000e-02 5.639648437500000000e-01
9.536132812500000000e-01 -8.032226562500000000e-02 4.978027343750000000e-01
9.533691406250000000e-01 -8.129882812500000000e-02 4.892578125000000000e-01
9.504394531250000000e-01 -8.032226562500000000e-02 4.821777343750000000e-01
8.652343750000000000e-01 -8.935546875000000000e-02 4.926757812500000000e-01
9.680175781250000000e-01 -8.740234375000000000e-02 5.778808593750000000e-01
9.599609375000000000e-01 -3.833007812500000000e-02 4.978027343750000000e-01
9.479980468750000000e-01 -4.565429687500000000e-02 4.772949218750000000e-01
9.443359375000000000e-01 -9.301757812500000000e-02 4.882812500000000000e-01
9.487304687500000000e-01 -3.515625000000000000e-02 4.877929687500000000e-01
9.541015625000000000e-01 -9.008789062500000000e-02 4.855957031250000000e-01
9.084472656250000000e-01 -3.588867187500000000e-02 4.831542968750000000e-01
9.443359375000000000e-01 -3.320312500000000000e-02 4.702148437500000000e-01
9.404296875000000000e-01 -4.467773437500000000e-02 4.746093750000000000e-01
9.545898437500000000e-01 -5.664062500000000000e-02 4.780273437500000000e-01
9.135742187500000000e-01 -1.257324218750000000e-01 4.704589843750000000e-01
9.069824218750000000e-01 -4.882812500000000000e-02 4.929199218750000000e-01
9.125976562500000000e-01 -3.979492187500000000e-02 4.814453125000000000e-01
9.672851562500000000e-01 -3.686523437500000000e-02 5.141601562500000000e-01
9.614257812500000000e-01 -6.127929687500000000e-02 4.792480468750000000e-01
9.064941406250000000e-01 -1.362304687500000000e-01 5.278320312500000000e-01
9.577636718750000000e-01 -1.354980468750000000e-01 5.217285156250000000e-01
9.504394531250000000e-01 -4.272460937500000000e-02 5.288085937500000000e-01
9.541015625000000000e-01 -4.541015625000000000e-02 4.802246093750000000e-01
9.140625000000000000e-01 -1.184082031250000000e-01 5.205078125000000000e-01
9.653320312500000000e-01 -1.093750000000000000e-01 5.656738281250000000e-01
9.082031250000000000e-01 -4.833984375000000000e-02 4.831542968750000000e-01
9.680175781250000000e-01 -8.740234375000000000e-02 5.085449218750000000e-01
9.470214843750000000e-01 -3.784179687500000000e-02 4.909667968750000000e-01
9.558105468750000000e-01 -5.444335937500000000e-02 5.756835937500000000e-01
9.462890625000000000e-01 -6.030273437500000000e-02 4.992675781250000000e-01
