6.650390625000000000e-01 3.107910156250000000e-01 7.763671875000000000e-01
6.650390625000000000e-01 3.107910156250000000e-01 7.763671875000000000e-01
7.165527343750000000e-01 3.081054687500000000e-01 7.749023437500000000e-01
7.001953125000000000e-01 3.051757812500000000e-01 7.653808593750000000e-01
7.001953125000000000e-01 3.051757812500000000e-01 7.653808593750000000e-01
7.114257812500000000e-01 3.068847656250000000e-01 7.617187500000000000e-01
7.087402343750000000e-01 2.973632812500000000e-01 7.604980468750000000e-01
7.180175781250000000e-01 3.750000000000000000e-01 7.800292968750000000e-01
7.167968750000000000e-01 3.056640625000000000e-01 7.231445312500000000e-01
7.124023437500000000e-01 3.049316406250000000e-01 7.207031250000000000e-01
7.133789062500000000e-01 3.017578125000000000e-01 7.202148437500000000e-01
7.087402343750000000e-01 3.085937500000000000e-01 7.253417968750000000e-01
7.087402343750000000e-01 3.059082031250000000e-01 7.768554687500000000e-01
7.050781250000000000e-01 3.015136718750000000e-01 7.189941406250000000e-01
7.128906250000000000e-01 2.985839843750000000e-01 7.766113281250000000e-01
6.572265625000000000e-01 3.020019531250000000e-01 7.272949218750000000e-01
7.158203125000000000e-01 3.000488281250000000e-01 7.216796875000000000e-01
7.155761718750000000e-01 3.037109375000000000e-01 7.216796875000000000e-01
7.075195312500000000e-01 2.932128906250000000e-01 7.253417968750000000e-01
7.060546875000000000e-01 3.823242187500000000e-01 7.243652343750000000e-01
6.892089843750000000e-01 3.901367187500000000e-01 7.204589843750000000e-01
6.152343750000000000e-01 4.052734375000000000e-01 7.744140625000000000e-01
5.974121093750000000e-01 3.659667968750000000e-01 7.314453125000000000e-01
6.318359375000000000e-01 3.703613281250000000e-01 7.246093750000000000e-01
5.551757812500000000e-01 3.691406250000000000e-01 7.338867187500000000e-01
5.427246093750000000e-01 4.382324218750000000e-01 7.351074218750000000e-01
5.727539062500000000e-01 3.681640625000000000e-01 8.254394531250000000e-01
5.717773437500000000e-01 3.916015625000000000e-01 7.873535156250000000e-01
5.537109375000000000e-01 3.071289062500000000e-01 8.840332031250000000e-01
5.366210937500000000e-01 3.996582031250000000e-01 8.879394531250000000e-01
4.772949218750000000e-01 3.522949218750000000e-01 8.769531250000000000e-01
4.353027343750000000e-01 3.774414062500000000e-01 7.941894531250000000e-01
5.881347656250000000e-01 4.035644531250000000e-01 8.217773437500000000e-01
6.435546875000000000e-01 3.864746093750000000e-01 9.584960937500000000e-01
7.321777343750000000e-01 4.626464843750000000e-01 8.852539062500000000e-01
6.203613281250000000e-01 3.811035156250000000e-01 7.836914062500000000e-01
6.450195312500000000e-01 3.967285156250000000e-01 7.387695312500000000e-01
6.660156250000000000e-01 3.845214843750000000e-01 7.514648437500000000e-01
7.258300781250000000e-01 2.990722656250000000e-01 6.823730468750000000e-01
6.689453125000000000e-01 3.398437500000000000e-01 7.849121093750000000e-01
5.620117187500000000e-01 3.750000000000000000e-01 7.312011718750000000e-01
5.864257812500000000e-01 3.947753906250000000e-01 7.509765625000000000e-01
5.229492187500000000e-01 4.128417968750000000e-01 7.751464843750000000e-01
4.157714843750000000e-01 4.921875000000000000e-01 7.783203125000000000e-01
2.995605468750000000e-01 5.952148437500000000e-01 8.093261718750000000e-01
5.058593750000000000e-01 4.008789062500000000e-01 8.183593750000000000e-01
3.876953125000000000e-01 4.553222656250000000e-01 1.025146484375000000e+00
4.450683593750000000e-01 4.694824218750000000e-01 9.675292968750000000e-01
3.686523437500000000e-01 4.670410156250000000e-01 9.165039062500000000e-01
3.264160156250000000e-01 3.945312500000000000e-01 9.133300781250000000e-01
2.192382812500000000e-01 4.045410156250000000e-01 9.226074218750000000e-01
2.456054687500000000e-01 3.693847656250000000e-01 8.488769531250000000e-01
1.743164062500000000e-01 4.565429687500000000e-01 8.291015625000000000e-01
2.497558593750000000e-01 3.669433593750000000e-01 7.922363281250000000e-01
4.147949218750000000e-01 5.061035156250000000e-01 8.132324218750000000e-01
3.811035156250000000e-01 4.931640625000000000e-01 1.075683593750000000e+00
5.192871093750000000e-01 6.538085937500000000e-01 7.597656250000000000e-01
2.395019531250000000e-01 4.904785156250000000e-01 8.198242187500000000e-01
3.281250000000000000e-01 6.325683593750000000e-01 8.598632812500000000e-01
3.488769531250000000e-01 6.875000000000000000e-01 7.397460937500000000e-01
2.937011718750000000e-01 5.727539062500000000e-01 8.342285156250000000e-01
3.227539062500000000e-01 7.102050781250000000e-01 8.994140625000000000e-01
3.793945312500000000e-01 6.298828125000000000e-01 7.426757812500000000e-01
3.830566406250000000e-01 5.566406250000000000e-01 7.812500000000000000e-01
4.379882812500000000e-01 7.014160156250000000e-01 7.202148437500000000e-01
4.775390625000000000e-01 5.886230468750000000e-01 7.111816406250000000e-01
7.521972656250000000e-01 5.412597656250000000e-01 7.744140625000000000e-01
5.522460937500000000e-01 6.259765625000000000e-01 7.248535156250000000e-01
8.872070312500000000e-01 6.955566406250000000e-01 7.827148437500000000e-01
8.962402343750000000e-01 5.617675781250000000e-01 8.488769531250000000e-01
7.866210937500000000e-01 4.179687500000000000e-01 7.570800781250000000e-01
7.370605468750000000e-01 3.356933593750000000e-01 5.129394531250000000e-01
8.049316406250000000e-01 3.225097656250000000e-01 2.937011718750000000e-01
9.108886718750000000e-01 3.266601562500000000e-01 3.662109375000000000e-01
8.850097656250000000e-01 2.885742187500000000e-01 3.867187500000000000e-01
9.440917968750000000e-01 3.208007812500000000e-01 3.996582031250000000e-01
9.038085937500000000e-01 1.828613281250000000e-01 3.835449218750000000e-01
8.847656250000000000e-01 2.019042968750000000e-01 3.061523437500000000e-01
9.489746093750000000e-01 1.760253906250000000e-01 3.466796875000000000e-01
9.645996093750000000e-01 1.628417968750000000e-01 3.610839843750000000e-01
9.174804687500000000e-01 2.141113281250000000e-01 4.418945312500000000e-01
8.588867187500000000e-01 2.133789062500000000e-01 4.487304687500000000e-01
8.989257812500000000e-01 1.989746093750000000e-01 4.111328125000000000e-01
8.454589843750000000e-01 2.788085937500000000e-01 4.816894531250000000e-01
9.594726562500000000e-01 3.300781250000000000e-01 5.917968750000000000e-01
8.808593750000000000e-01 2.441406250000000000e-01 5.888671875000000000e-01
7.885742187500000000e-01 2.490234375000000000e-01 6.254882812500000000e-01
7.919921875000000000e-01 3.247070312500000000e-01 6.135253906250000000e-01
8.266601562500000000e-01 2.297363281250000000e-01 6.203613281250000000e-01
8.361816406250000000e-01 2.368164062500000000e-01 6.887207031250000000e-01
7.980957031250000000e-01 3.264160156250000000e-01 7.175292968750000000e-01
8.195800781250000000e-01 3.149414062500000000e-01 6.887207031250000000e-01
8.151855468750000000e-01 3.417968750000000000e-01 6.206054687500000000e-01
7.377929687500000000e-01 2.973632812500000000e-01 6.188964843750000000e-01
7.316894531250000000e-01 3.107910156250000000e-01 6.953125000000000000e-01
7.314453125000000000e-01 3.898925781250000000e-01 6.997070312500000000e-01
7.387695312500000000e-01 3.801269531250000000e-01 6.894531250000000000e-01
7.490234375000000000e-01 2.961425781250000000e-01 5.993652343750000000e-01
8.159179687500000000e-01 3.356933593750000000e-01 6.010742187500000000e-01
8.269042968750000000e-01 3.215332031250000000e-01 6.057128906250000000e-01
8.188476562500000000e-01 3.225097656250000000e-01 6.557617187500000000e-01
8.188476562500000000e-01 3.295898437500000000e-01 6.083984375000000000e-01
8.176269531250000000e-01 3.371582031250000000e-01 6.035156250000000000e-01
8.181152343750000000e-01 3.420410156250000000e-01 6.032714843750000000e-01
8.173828125000000000e-01 3.417968750000000000e-01 6.015625000000000000e-01
8.208007812500000000e-01 2.834472656250000000e-01 6.000976562500000000e-01
8.176269531250000000e-01 2.875976562500000000e-01 6.076660156250000000e-01
7.475585937500000000e-01 3.405761718750000000e-01 6.054687500000000000e-01
8.159179687500000000e-01 3.366699218750000000e-01 6.079101562500000000e-01
8.129882812500000000e-01 3.366699218750000000e-01 6.174316406250000000e-01
8.146972656250000000e-01 3.432617187500000000e-01 6.120605468750000000e-01
8.134765625000000000e-01 3.366699218750000000e-01 6.196289062500000000e-01
8.149414062500000000e-01 3.388671875000000000e-01 6.152343750000000000e-01
8.173828125000000000e-01 3.410644531250000000e-01 6.054687500000000000e-01
8.144531250000000000e-01 3.420410156250000000e-01 6.103515625000000000e-01
8.132324218750000000e-01 3.413085937500000000e-01 6.159667968750000000e-01
7.490234375000000000e-01 3.359375000000000000e-01 6.115722656250000000e-01
8.139648437500000000e-01 3.413085937500000000e-01 6.132812500000000000e-01
8.146972656250000000e-01 3.420410156250000000e-01 6.110839843750000000e-01
8.142089843750000000e-01 3.393554687500000000e-01 6.130371093750000000e-01
8.171386718750000000e-01 3.376464843750000000e-01 6.096191406250000000e-01
7.490234375000000000e-01 3.403320312500000000e-01 6.184082031250000000e-01
8.132324218750000000e-01 2.812500000000000000e-01 6.003417968750000000e-01
8.127441406250000000e-01 3.388671875000000000e-01 6.064453125000000000e-01
8.161621093750000000e-01 3.417968750000000000e-01 6.137695312500000000e-01
8.129882812500000000e-01 3.403320312500000000e-01 6.149902343750000000e-01
8.137207031250000000e-01 3.395996093750000000e-01 6.147460937500000000e-01
8.134765625000000000e-01 3.381347656250000000e-01 6.105957031250000000e-01
8.166503906250000000e-01 3.405761718750000000e-01 6.037597656250000000e-01
8.178710937500000000e-01 3.366699218750000000e-01 6.110839843750000000e-01
8.127441406250000000e-01 3.366699218750000000e-01 6.145019531250000000e-01
8.149414062500000000e-01 3.347167968750000000e-01 6.110839843750000000e-01
8.183593750000000000e-01 3.349609375000000000e-01 6.198730468750000000e-01
8.154296875000000000e-01 3.293457031250000000e-01 6.149902343750000000e-01
8.173828125000000000e-01 3.383789062500000000e-01 6.113281250000000000e-01
8.178710937500000000e-01 2.873535156250000000e-01 6.176757812500000000e-01
8.142089843750000000e-01 3.410644531250000000e-01 6.179199218750000000e-01
7.448730468750000000e-01 3.403320312500000000e-01 6.218261718750000000e-01
8.227539062500000000e-01 3.398437500000000000e-01 6.127929687500000000e-01
8.171386718750000000e-01 3.354492187500000000e-01 6.186523437500000000e-01
8.251953125000000000e-01 3.283691406250000000e-01 6.210937500000000000e-01
8.320312500000000000e-01 3.254394531250000000e-01 6.132812500000000000e-01
8.408203125000000000e-01 3.178710937500000000e-01 5.983886718750000000e-01
7.849121093750000000e-01 2.453613281250000000e-01 5.993652343750000000e-01
8.920898437500000000e-01 3.195800781250000000e-01 6.083984375000000000e-01
8.854980468750000000e-01 2.312011718750000000e-01 6.250000000000000000e-01
8.007812500000000000e-01 1.647949218750000000e-01 5.393066406250000000e-01
8.496093750000000000e-01 1.687011718750000000e-01 5.361328125000000000e-01
9.543457031250000000e-01 1.645507812500000000e-01 5.856933593750000000e-01
9.431152343750000000e-01 2.160644531250000000e-01 5.839843750000000000e-01
8.449707031250000000e-01 1.538085937500000000e-01 4.575195312500000000e-01
8.674316406250000000e-01 1.127929687500000000e-01 4.504394531250000000e-01
8.715820312500000000e-01 1.499023437500000000e-01 3.581542968750000000e-01
1.006591796875000000e+00 1.098632812500000000e-01 3.637695312500000000e-01
9.494628906250000000e-01 1.193847656250000000e-01 3.522949218750000000e-01
9.645996093750000000e-01 1.232910156250000000e-01 4.460449218750000000e-01
8.605957031250000000e-01 1.159667968750000000e-01 3.666992187500000000e-01
8.625488281250000000e-01 1.228027343750000000e-01 3.708496093750000000e-01
9.426269531250000000e-01 2.028808593750000000e-01 4.560546875000000000e-01
8.664550781250000000e-01 1.621093750000000000e-01 4.064941406250000000e-01
8.950195312500000000e-01 1.826171875000000000e-01 4.860839843750000000e-01
8.498535156250000000e-01 2.370605468750000000e-01 5.385742187500000000e-01
9.030761718750000000e-01 2.395019531250000000e-01 5.791015625000000000e-01
8.022460937500000000e-01 2.888183593750000000e-01 6.337890625000000000e-01
7.543945312500000000e-01 3.842773437500000000e-01 8.764648437500000000e-01
7.053222656250000000e-01 6.027832031250000000e-01 8.588867187500000000e-01
5.773925781250000000e-01 6.987304687500000000e-01 8.637695312500000000e-01
5.039062500000000000e-01 6.992187500000000000e-01 9.040527343750000000e-01
4.086914062500000000e-01 7.075195312500000000e-01 8.894042968750000000e-01
4.055175781250000000e-01 6.520996093750000000e-01 8.833007812500000000e-01
3.952636718750000000e-01 5.512695312500000000e-01 8.994140625000000000e-01
2.929687500000000000e-01 6.320800781250000000e-01 8.591308593750000000e-01
3.854980468750000000e-01 5.922851562500000000e-01 8.981933593750000000e-01
3.029785156250000000e-01 6.530761718750000000e-01 8.122558593750000000e-01
3.947753906250000000e-01 4.882812500000000000e-01 8.964843750000000000e-01
4.096679687500000000e-01 4.890136718750000000e-01 8.095703125000000000e-01
3.535156250000000000e-01 4.121093750000000000e-01 8.408203125000000000e-01
3.417968750000000000e-01 5.195312500000000000e-01 6.862792968750000000e-01
3.835449218750000000e-01 6.298828125000000000e-01 6.848144531250000000e-01
3.149414062500000000e-01 5.722656250000000000e-01 7.399902343750000000e-01
2.470703125000000000e-01 5.498046875000000000e-01 6.145019531250000000e-01
4.262695312500000000e-01 4.968261718750000000e-01 6.232910156250000000e-01
5.134277343750000000e-01 5.148925781250000000e-01 7.604980468750000000e-01
4.790039062500000000e-01 3.500976562500000000e-01 7.292480468750000000e-01
6.533203125000000000e-01 3.627929687500000000e-01 7.778320312500000000e-01
5.466308593750000000e-01 4.802246093750000000e-01 9.797363281250000000e-01
5.458984375000000000e-01 5.632324218750000000e-01 8.701171875000000000e-01
4.665527343750000000e-01 1.762695312500000000e-01 8.076171875000000000e-01
4.265136718750000000e-01 4.436035156250000000e-01 9.357910156250000000e-01
4.174804687500000000e-01 3.093261718750000000e-01 7.373046875000000000e-01
5.029296875000000000e-01 2.868652343750000000e-01 8.083496093750000000e-01
5.725097656250000000e-01 3.867187500000000000e-01 8.571777343750000000e-01
5.419921875000000000e-01 3.322753906250000000e-01 8.632812500000000000e-01
4.951171875000000000e-01 2.795410156250000000e-01 8.120117187500000000e-01
5.856933593750000000e-01 2.343750000000000000e-01 8.090820312500000000e-01
6.313476562500000000e-01 3.388671875000000000e-01 8.454589843750000000e-01
5.114746093750000000e-01 2.717285156250000000e-01 9.865722656250000000e-01
4.321289062500000000e-01 3.435058593750000000e-01 9.460449218750000000e-01
6.350097656250000000e-01 3.068847656250000000e-01 7.473144531250000000e-01
6.877441406250000000e-01 3.322753906250000000e-01 8.391113281250000000e-01
