-0.000000000000000000e+00 0.000000000000000000e+00 -0.000000000000000000e+00
1.022460937500000000e+00 -3.930664062500000000e-02 -1.943359375000000000e-01
1.023193359375000000e+00 -4.101562500000000000e-02 -2.150878906250000000e-01
1.022460937500000000e+00 -3.710937500000000000e-02 -2.111816406250000000e-01
1.018066406250000000e+00 -4.150390625000000000e-02 -2.141113281250000000e-01
1.010986328125000000e+00 -4.077148437500000000e-02 -1.572265625000000000e-01
1.014892578125000000e+00 -3.564453125000000000e-02 -1.635742187500000000e-01
1.020996093750000000e+00 -3.955078125000000000e-02 -1.577148437500000000e-01
1.020263671875000000e+00 -4.174804687500000000e-02 -1.762695312500000000e-01
1.007812500000000000e+00 -3.857421875000000000e-02 -1.748046875000000000e-01
1.016357421875000000e+00 -3.833007812500000000e-02 -1.738281250000000000e-01
9.328613281250000000e-01 -3.759765625000000000e-02 -1.745605468750000000e-01
9.343261718750000000e-01 -9.350585937500000000e-02 -1.794433593750000000e-01
1.018066406250000000e+00 -8.471679687500000000e-02 -2.514648437500000000e-01
9.296875000000000000e-01 -8.862304687500000000e-02 -2.622070312500000000e-01
9.189453125000000000e-01 -3.808593750000000000e-02 -1.848144531250000000e-01
9.243164062500000000e-01 -3.955078125000000000e-02 -2.565917968750000000e-01
1.013183593750000000e+00 -5.566406250000000000e-02 -2.666015625000000000e-01
9.365234375000000000e-01 -5.615234375000000000e-02 -2.312011718750000000e-01
9.245605468750000000e-01 -4.321289062500000000e-02 -3.010253906250000000e-01
8.725585937500000000e-01 -7.275390625000000000e-02 -3.159179687500000000e-01
9.575195312500000000e-01 -3.564453125000000000e-02 -3.632812500000000000e-01
8.525390625000000000e-01 -6.884765625000000000e-02 -3.110351562500000000e-01
8.583984375000000000e-01 -9.375000000000000000e-02 -3.632812500000000000e-01
8.447265625000000000e-01 -4.663085937500000000e-02 -5.163574218750000000e-01
7.902832031250000000e-01 -4.003906250000000000e-02 -4.030761718750000000e-01
9.042968750000000000e-01 -5.517578125000000000e-02 -5.671386718750000000e-01
9.052734375000000000e-01 -4.858398437500000000e-02 -4.350585937500000000e-01
8.369140625000000000e-01 -5.737304687500000000e-02 -6.542968750000000000e-01
7.043457031250000000e-01 -7.739257812500000000e-02 -5.380859375000000000e-01
5.588378906250000000e-01 -7.421875000000000000e-02 -5.837402343750000000e-01
5.903320312500000000e-01 1.782226562500000000e-02 -5.534667968750000000e-01
4.973144531250000000e-01 -1.130371093750000000e-01 -6.501464843750000000e-01
5.871582031250000000e-01 -4.345703125000000000e-02 -6.992187500000000000e-01
4.660644531250000000e-01 -3.710937500000000000e-02 -7.880859375000000000e-01
2.490234375000000000e-01 -1.325683593750000000e-01 -8.820800781250000000e-01
9.545898437500000000e-02 -3.149414062500000000e-02 -8.798828125000000000e-01
7.397460937500000000e-02 -4.003906250000000000e-02 -1.009765625000000000e+00
-1.513671875000000000e-01 -4.125976562500000000e-02 -9.521484375000000000e-01
-2.761230468750000000e-01 -3.979492187500000000e-02 -1.020507812500000000e+00
-3.020019531250000000e-01 -7.324218750000000000e-04 -1.009521484375000000e+00
-3.945312500000000000e-01 -7.397460937500000000e-02 -9.470214843750000000e-01
-3.322753906250000000e-01 -6.420898437500000000e-02 -8.505859375000000000e-01
-1.848144531250000000e-01 -7.348632812500000000e-02 -8.786621093750000000e-01
-1.550292968750000000e-01 -9.155273437500000000e-02 -7.900390625000000000e-01
-5.126953125000000000e-02 -8.691406250000000000e-02 -8.779296875000000000e-01
-3.173828125000000000e-02 -8.300781250000000000e-03 -8.100585937500000000e-01
5.859375000000000000e-03 -7.031250000000000000e-02 -9.045410156250000000e-01
-1.538085937500000000e-02 -8.911132812500000000e-02 -8.122558593750000000e-01
1.079101562500000000e-01 -7.153320312500000000e-02 -8.251953125000000000e-01
1.936035156250000000e-01 -8.227539062500000000e-02 -7.993164062500000000e-01
2.424316406250000000e-01 -6.274414062500000000e-02 -7.712402343750000000e-01
2.390136718750000000e-01 -3.759765625000000000e-02 -8.879394531250000000e-01
3.098144531250000000e-01 -8.276367187500000000e-02 -7.797851562500000000e-01
4.414062500000000000e-01 -5.004882812500000000e-02 -7.656250000000000000e-01
5.644531250000000000e-01 -1.508789062500000000e-01 -8.212890625000000000e-01
6.625976562500000000e-01 -1.008300781250000000e-01 -8.527832031250000000e-01
7.983398437500000000e-01 -1.989746093750000000e-01 -9.035644531250000000e-01
1.027343750000000000e+00 -1.677246093750000000e-01 -7.236328125000000000e-01
1.154052734375000000e+00 -9.472656250000000000e-02 -5.187988281250000000e-01
1.117187500000000000e+00 -9.033203125000000000e-02 -3.940429687500000000e-01
1.131591796875000000e+00 -8.178710937500000000e-02 -1.574707031250000000e-01
1.063232421875000000e+00 2.832031250000000000e-02 -3.881835937500000000e-02
1.027343750000000000e+00 1.376953125000000000e-01 1.101074218750000000e-01
9.731445312500000000e-01 1.328125000000000000e-01 1.718750000000000000e-01
1.093505859375000000e+00 5.908203125000000000e-02 2.851562500000000000e-01
1.073486328125000000e+00 3.735351562500000000e-02 3.601074218750000000e-01
9.665527343750000000e-01 -2.685546875000000000e-03 3.598632812500000000e-01
8.801269531250000000e-01 4.467773437500000000e-02 4.665527343750000000e-01
9.123535156250000000e-01 5.712890625000000000e-02 4.516601562500000000e-01
9.072265625000000000e-01 -2.026367187500000000e-02 4.335937500000000000e-01
1.026611328125000000e+00 -7.812500000000000000e-02 4.221191406250000000e-01
9.174804687500000000e-01 -8.081054687500000000e-02 4.335937500000000000e-01
9.882812500000000000e-01 7.568359375000000000e-03 4.316406250000000000e-01
9.089355468750000000e-01 1.220703125000000000e-03 5.031738281250000000e-01
9.123535156250000000e-01 -9.179687500000000000e-02 5.292968750000000000e-01
8.950195312500000000e-01 -7.641601562500000000e-02 5.773925781250000000e-01
8.771972656250000000e-01 1.220703125000000000e-03 5.856933593750000000e-01
9.245605468750000000e-01 1.538085937500000000e-02 5.878906250000000000e-01
9.155273437500000000e-01 6.445312500000000000e-02 5.329589843750000000e-01
8.576660156250000000e-01 8.764648437500000000e-02 5.539550781250000000e-01
8.562011718750000000e-01 7.763671875000000000e-02 6.289062500000000000e-01
8.664550781250000000e-01 6.347656250000000000e-02 5.454101562500000000e-01
8.476562500000000000e-01 -4.882812500000000000e-04 6.337890625000000000e-01
8.447265625000000000e-01 -9.765625000000000000e-04 5.942382812500000000e-01
8.527832031250000000e-01 -6.347656250000000000e-03 6.149902343750000000e-01
8.833007812500000000e-01 -1.660156250000000000e-02 6.149902343750000000e-01
7.980957031250000000e-01 -1.708984375000000000e-02 6.906738281250000000e-01
8.066406250000000000e-01 -1.489257812500000000e-02 6.918945312500000000e-01
8.806152343750000000e-01 -3.906250000000000000e-03 6.989746093750000000e-01
8.811035156250000000e-01 6.494140625000000000e-02 6.994628906250000000e-01
8.813476562500000000e-01 6.250000000000000000e-02 6.997070312500000000e-01
8.784179687500000000e-01 6.787109375000000000e-02 6.992187500000000000e-01
8.781738281250000000e-01 6.665039062500000000e-02 6.953125000000000000e-01
8.757324218750000000e-01 6.420898437500000000e-02 6.916503906250000000e-01
8.833007812500000000e-01 6.372070312500000000e-02 6.989746093750000000e-01
8.884277343750000000e-01 -1.464843750000000000e-03 6.938476562500000000e-01
8.786621093750000000e-01 6.323242187500000000e-02 6.953125000000000000e-01
8.789062500000000000e-01 6.347656250000000000e-02 6.208496093750000000e-01
8.825683593750000000e-01 -1.831054687500000000e-02 6.892089843750000000e-01
8.942871093750000000e-01 7.568359375000000000e-02 7.163085937500000000e-01
8.129882812500000000e-01 9.008789062500000000e-02 6.230468750000000000e-01
8.752441406250000000e-01 6.689453125000000000e-02 6.975097656250000000e-01
8.884277343750000000e-01 -1.171875000000000000e-02 6.159667968750000000e-01
8.562011718750000000e-01 6.616210937500000000e-02 6.323242187500000000e-01
8.691406250000000000e-01 4.907226562500000000e-02 5.935058593750000000e-01
9.235839843750000000e-01 4.687500000000000000e-02 5.576171875000000000e-01
8.547363281250000000e-01 8.520507812500000000e-02 6.403808593750000000e-01
9.003906250000000000e-01 -4.882812500000000000e-04 6.174316406250000000e-01
8.374023437500000000e-01 -1.489257812500000000e-02 7.158203125000000000e-01
8.083496093750000000e-01 7.983398437500000000e-02 6.164550781250000000e-01
9.040527343750000000e-01 8.374023437500000000e-02 6.442871093750000000e-01
8.522949218750000000e-01 7.250976562500000000e-02 6.079101562500000000e-01
8.918457031250000000e-01 3.955078125000000000e-02 5.976562500000000000e-01
7.827148437500000000e-01 9.155273437500000000e-02 6.115722656250000000e-01
8.789062500000000000e-01 6.787109375000000000e-02 6.777343750000000000e-01
7.932128906250000000e-01 6.762695312500000000e-02 7.526855468750000000e-01
8.266601562500000000e-01 7.104492187500000000e-02 7.536621093750000000e-01
7.868652343750000000e-01 7.934570312500000000e-02 7.558593750000000000e-01
8.342285156250000000e-01 8.666992187500000000e-02 6.811523437500000000e-01
8.395996093750000000e-01 9.106445312500000000e-02 6.806640625000000000e-01
8.427734375000000000e-01 8.422851562500000000e-02 6.770019531250000000e-01
7.829589843750000000e-01 8.300781250000000000e-02 6.872558593750000000e-01
8.271484375000000000e-01 8.276367187500000000e-02 7.509765625000000000e-01
8.229980468750000000e-01 7.324218750000000000e-02 7.617187500000000000e-01
8.227539062500000000e-01 7.421875000000000000e-02 7.539062500000000000e-01
8.269042968750000000e-01 8.203125000000000000e-02 7.651367187500000000e-01
8.261718750000000000e-01 8.813476562500000000e-02 7.656250000000000000e-01
8.286132812500000000e-01 8.374023437500000000e-02 7.612304687500000000e-01
8.354492187500000000e-01 8.349609375000000000e-02 7.568359375000000000e-01
8.403320312500000000e-01 8.007812500000000000e-02 7.585449218750000000e-01
8.352050781250000000e-01 8.227539062500000000e-02 6.865234375000000000e-01
8.320312500000000000e-01 8.203125000000000000e-02 7.548828125000000000e-01
8.391113281250000000e-01 8.056640625000000000e-02 7.534179687500000000e-01
8.366699218750000000e-01 8.178710937500000000e-02 7.543945312500000000e-01
8.347167968750000000e-01 8.349609375000000000e-02 6.875000000000000000e-01
8.381347656250000000e-01 8.544921875000000000e-02 7.502441406250000000e-01
8.366699218750000000e-01 8.227539062500000000e-02 6.823730468750000000e-01
8.366699218750000000e-01 8.007812500000000000e-02 6.826171875000000000e-01
8.381347656250000000e-01 8.178710937500000000e-02 6.779785156250000000e-01
8.381347656250000000e-01 8.154296875000000000e-02 6.850585937500000000e-01
8.068847656250000000e-01 8.715820312500000000e-02 7.719726562500000000e-01
7.724609375000000000e-01 7.519531250000000000e-02 6.599121093750000000e-01
8.044433593750000000e-01 -4.882812500000000000e-04 6.899414062500000000e-01
8.300781250000000000e-01 -3.125000000000000000e-02 6.560058593750000000e-01
8.051757812500000000e-01 -1.074218750000000000e-02 6.464843750000000000e-01
9.399414062500000000e-01 -6.103515625000000000e-03 5.922851562500000000e-01
9.099121093750000000e-01 -1.733398437500000000e-02 4.985351562500000000e-01
1.002197265625000000e+00 -2.270507812500000000e-02 4.343261718750000000e-01
9.211425781250000000e-01 3.002929687500000000e-02 3.728027343750000000e-01
1.011718750000000000e+00 7.080078125000000000e-03 3.789062500000000000e-01
9.843750000000000000e-01 -8.032226562500000000e-02 2.294921875000000000e-01
1.063232421875000000e+00 -3.906250000000000000e-02 2.810058593750000000e-01
1.092529296875000000e+00 -4.565429687500000000e-02 2.175292968750000000e-01
1.086181640625000000e+00 -4.687500000000000000e-02 9.985351562500000000e-02
1.000000000000000000e+00 -5.786132812500000000e-02 3.173828125000000000e-02
9.711914062500000000e-01 1.782226562500000000e-02 8.056640625000000000e-03
9.785156250000000000e-01 -4.687500000000000000e-02 -1.901855468750000000e-01
9.294433593750000000e-01 -1.762695312500000000e-01 -3.405761718750000000e-01
9.655761718750000000e-01 -1.896972656250000000e-01 -3.916015625000000000e-01
8.725585937500000000e-01 -5.957031250000000000e-02 -5.385742187500000000e-01
1.006835937500000000e+00 -8.032226562500000000e-02 -5.185546875000000000e-01
8.642578125000000000e-01 -2.656250000000000000e-01 -6.301269531250000000e-01
7.807617187500000000e-01 -2.075195312500000000e-01 -7.053222656250000000e-01
7.145996093750000000e-01 -2.104492187500000000e-01 -7.705078125000000000e-01
5.571289062500000000e-01 -5.712890625000000000e-02 -8.012695312500000000e-01
5.314941406250000000e-01 -9.130859375000000000e-02 -9.543457031250000000e-01
4.475097656250000000e-01 -1.064453125000000000e-01 -9.738769531250000000e-01
3.552246093750000000e-01 -1.308593750000000000e-01 -9.741210937500000000e-01
3.098144531250000000e-01 -1.127929687500000000e-01 -9.729003906250000000e-01
2.451171875000000000e-01 -5.834960937500000000e-02 -9.694824218750000000e-01
2.138671875000000000e-01 -4.272460937500000000e-02 -1.082763671875000000e+00
1.433105468750000000e-01 -1.396484375000000000e-01 -1.083984375000000000e+00
4.833984375000000000e-02 -1.284179687500000000e-01 -9.750976562500000000e-01
7.836914062500000000e-02 -5.273437500000000000e-02 -9.389648437500000000e-01
2.441406250000000000e-04 -4.077148437500000000e-02 -8.422851562500000000e-01
-8.422851562500000000e-02 -4.711914062500000000e-02 -6.643066406250000000e-01
7.958984375000000000e-02 -1.284179687500000000e-01 -7.531738281250000000e-01
1.655273437500000000e-01 -1.325683593750000000e-01 -7.326660156250000000e-01
2.792968750000000000e-01 -5.786132812500000000e-02 -8.342285156250000000e-01
3.935546875000000000e-01 -4.858398437500000000e-02 -7.316894531250000000e-01
4.697265625000000000e-01 -9.350585937500000000e-02 -8.132324218750000000e-01
6.035156250000000000e-01 -1.401367187500000000e-01 -7.150878906250000000e-01
7.673339843750000000e-01 -4.370117187500000000e-02 -5.395507812500000000e-01
7.246093750000000000e-01 -4.052734375000000000e-02 -4.455566406250000000e-01
8.210449218750000000e-01 -5.664062500000000000e-02 -3.259277343750000000e-01
7.885742187500000000e-01 -6.420898437500000000e-02 -1.618652343750000000e-01
9.445800781250000000e-01 -6.762695312500000000e-02 -1.730957031250000000e-01
8.583984375000000000e-01 -8.032226562500000000e-02 -1.618652343750000000e-01
9.077148437500000000e-01 -1.479492187500000000e-01 -1.945800781250000000e-01
9.357910156250000000e-01 -1.396484375000000000e-01 -1.984863281250000000e-01
9.260253906250000000e-01 -6.201171875000000000e-02 -1.157226562500000000e-01
1.018554687500000000e+00 -8.740234375000000000e-02 -1.198730468750000000e-01
1.075195312500000000e+00 -4.467773437500000000e-02 -9.619140625000000000e-02
1.025878906250000000e+00 -1.293945312500000000e-01 -1.086425781250000000e-01
1.084228515625000000e+00 -1.401367187500000000e-01 -1.379394531250000000e-01
9.978027343750000000e-01 -9.423828125000000000e-02 -1.423339843750000000e-01
7.841796875000000000e-01 -4.956054687500000000e-02 -1.452636718750000000e-01
1.070312500000000000e+00 -2.038574218750000000e-01 -2.570800781250000000e-01
9.145507812500000000e-01 -1.032714843750000000e-01 -1.545410156250000000e-01
