9.943847656250000000e-01 -6.616210937500000000e-02 8.789062500000000000e-02
9.943847656250000000e-01 -6.616210937500000000e-02 8.789062500000000000e-02
9.992675781250000000e-01 -7.592773437500000000e-02 8.447265625000000000e-02
9.992675781250000000e-01 -7.592773437500000000e-02 8.447265625000000000e-02
9.936523437500000000e-01 -7.470703125000000000e-02 8.764648437500000000e-02
9.921875000000000000e-01 -7.226562500000000000e-02 8.789062500000000000e-02
9.990234375000000000e-01 -7.055664062500000000e-02 7.836914062500000000e-02
9.997558593750000000e-01 2.929687500000000000e-03 9.301757812500000000e-02
9.968261718750000000e-01 -6.396484375000000000e-02 8.740234375000000000e-02
9.985351562500000000e-01 9.765625000000000000e-04 8.691406250000000000e-02
9.985351562500000000e-01 3.417968750000000000e-03 8.227539062500000000e-02
9.948730468750000000e-01 1.220703125000000000e-03 4.077148437500000000e-02
1.062988281250000000e+00 2.441406250000000000e-03 8.520507812500000000e-02
9.938964843750000000e-01 6.835937500000000000e-03 8.447265625000000000e-02
1.062744140625000000e+00 -6.420898437500000000e-02 8.276367187500000000e-02
9.951171875000000000e-01 3.906250000000000000e-03 8.374023437500000000e-02
9.978027343750000000e-01 4.882812500000000000e-04 8.398437500000000000e-02
1.062744140625000000e+00 6.103515625000000000e-03 9.008789062500000000e-02
9.934082031250000000e-01 4.394531250000000000e-03 7.812500000000000000e-02
9.965820312500000000e-01 -6.396484375000000000e-02 7.446289062500000000e-02
9.965820312500000000e-01 1.708984375000000000e-03 8.422851562500000000e-02
9.982910156250000000e-01 -6.347656250000000000e-02 7.495117187500000000e-02
9.975585937500000000e-01 6.103515625000000000e-03 8.544921875000000000e-02
9.990234375000000000e-01 4.882812500000000000e-03 7.324218750000000000e-02
1.063476562500000000e+00 2.441406250000000000e-04 7.861328125000000000e-02
9.919433593750000000e-01 7.324218750000000000e-04 7.714843750000000000e-02
9.919433593750000000e-01 1.220703125000000000e-03 7.714843750000000000e-02
9.963378906250000000e-01 -6.420898437500000000e-02 6.811523437500000000e-02
9.951171875000000000e-01 3.662109375000000000e-03 8.300781250000000000e-02
1.066162109375000000e+00 2.685546875000000000e-03 7.006835937500000000e-02
9.953613281250000000e-01 -7.983398437500000000e-02 -1.855468750000000000e-02
9.919433593750000000e-01 -7.373046875000000000e-02 6.835937500000000000e-03
1.074462890625000000e+00 -8.007812500000000000e-02 -8.398437500000000000e-02
1.063232421875000000e+00 -6.762695312500000000e-02 -7.519531250000000000e-02
9.816894531250000000e-01 -6.909179687500000000e-02 -8.032226562500000000e-02
1.016845703125000000e+00 -6.860351562500000000e-02 -8.178710937500000000e-02
9.113769531250000000e-01 2.050781250000000000e-02 -3.759765625000000000e-02
9.577636718750000000e-01 3.662109375000000000e-03 -6.079101562500000000e-02
9.450683593750000000e-01 0.000000000000000000e+00 -1.362304687500000000e-01
9.086914062500000000e-01 -6.225585937500000000e-02 -1.247558593750000000e-01
1.069091796875000000e+00 -1.562500000000000000e-01 -1.047363281250000000e-01
1.015136718750000000e+00 1.025390625000000000e-02 -2.460937500000000000e-01
7.363281250000000000e-01 -1.611328125000000000e-02 -1.577148437500000000e-01
7.504882812500000000e-01 8.520507812500000000e-02 -2.302246093750000000e-01
8.813476562500000000e-01 1.977539062500000000e-02 -5.031738281250000000e-01
8.112792968750000000e-01 -2.929687500000000000e-02 -5.170898437500000000e-01
6.884765625000000000e-01 3.662109375000000000e-02 -5.476074218750000000e-01
5.263671875000000000e-01 -6.860351562500000000e-02 -6.110839843750000000e-01
3.037109375000000000e-01 6.665039062500000000e-02 -8.395996093750000000e-01
2.006835937500000000e-01 2.978515625000000000e-02 -8.413085937500000000e-01
-8.740234375000000000e-02 6.469726562500000000e-02 -7.082519531250000000e-01
-2.143554687500000000e-01 -2.080078125000000000e-01 -8.544921875000000000e-01
-2.541503906250000000e-01 -3.710937500000000000e-02 -8.752441406250000000e-01
-2.297363281250000000e-01 -1.020507812500000000e-01 -6.762695312500000000e-01
-2.363281250000000000e-01 -1.120605468750000000e-01 -9.304199218750000000e-01
-2.883300781250000000e-01 -2.160644531250000000e-01 -9.030761718750000000e-01
-3.303222656250000000e-01 -2.197265625000000000e-01 -1.000976562500000000e+00
-3.779296875000000000e-01 -5.859375000000000000e-02 -8.911132812500000000e-01
-3.774414062500000000e-01 -1.833496093750000000e-01 -9.074707031250000000e-01
-3.974609375000000000e-01 -1.691894531250000000e-01 -8.535156250000000000e-01
-2.199707031250000000e-01 -1.596679687500000000e-01 -7.988281250000000000e-01
-1.379394531250000000e-01 -3.168945312500000000e-01 -8.825683593750000000e-01
-2.172851562500000000e-02 -3.857421875000000000e-01 -1.003906250000000000e+00
8.032226562500000000e-02 -4.169921875000000000e-01 -1.139892578125000000e+00
5.419921875000000000e-02 -4.868164062500000000e-01 -1.208496093750000000e+00
1.833496093750000000e-01 -5.673828125000000000e-01 -1.095458984375000000e+00
3.659667968750000000e-01 -5.688476562500000000e-01 -9.121093750000000000e-01
5.832519531250000000e-01 -4.443359375000000000e-01 -7.285156250000000000e-01
6.066894531250000000e-01 -2.609863281250000000e-01 -6.979980468750000000e-01
8.193359375000000000e-01 -1.525878906250000000e-01 -4.736328125000000000e-01
9.028320312500000000e-01 -1.025390625000000000e-02 -3.461914062500000000e-01
9.455566406250000000e-01 -1.342773437500000000e-01 -3.388671875000000000e-01
9.848632812500000000e-01 -1.970214843750000000e-01 -1.840820312500000000e-01
1.074218750000000000e+00 -2.604980468750000000e-01 -1.945800781250000000e-01
1.068847656250000000e+00 -1.110839843750000000e-01 1.892089843750000000e-01
9.057617187500000000e-01 -1.420898437500000000e-01 3.571777343750000000e-01
1.070800781250000000e+00 -1.577148437500000000e-01 3.232421875000000000e-01
9.396972656250000000e-01 -1.511230468750000000e-01 5.097656250000000000e-01
8.852539062500000000e-01 -1.157226562500000000e-01 5.729980468750000000e-01
8.754882812500000000e-01 -9.838867187500000000e-02 5.419921875000000000e-01
7.915039062500000000e-01 -3.808593750000000000e-02 6.013183593750000000e-01
8.464355468750000000e-01 -4.711914062500000000e-02 6.191406250000000000e-01
8.530273437500000000e-01 -4.833984375000000000e-02 7.016601562500000000e-01
8.869628906250000000e-01 -4.077148437500000000e-02 7.028808593750000000e-01
8.791503906250000000e-01 -4.150390625000000000e-02 6.083984375000000000e-01
8.823242187500000000e-01 -4.052734375000000000e-02 5.983886718750000000e-01
8.879394531250000000e-01 -5.786132812500000000e-02 6.206054687500000000e-01
8.876953125000000000e-01 -6.250000000000000000e-02 7.094726562500000000e-01
8.076171875000000000e-01 -1.257324218750000000e-01 7.177734375000000000e-01
8.779296875000000000e-01 -5.590820312500000000e-02 7.092285156250000000e-01
8.100585937500000000e-01 -4.980468750000000000e-02 6.240234375000000000e-01
8.071289062500000000e-01 -5.908203125000000000e-02 7.011718750000000000e-01
8.881835937500000000e-01 -6.079101562500000000e-02 6.894531250000000000e-01
8.085937500000000000e-01 -6.005859375000000000e-02 7.106933593750000000e-01
8.090820312500000000e-01 -4.833984375000000000e-02 7.136230468750000000e-01
8.078613281250000000e-01 -4.663085937500000000e-02 7.006835937500000000e-01
8.117675781250000000e-01 -4.956054687500000000e-02 7.075195312500000000e-01
8.776855468750000000e-01 -4.980468750000000000e-02 7.104492187500000000e-01
8.068847656250000000e-01 -4.418945312500000000e-02 7.104492187500000000e-01
8.793945312500000000e-01 -4.687500000000000000e-02 7.006835937500000000e-01
8.098144531250000000e-01 -4.711914062500000000e-02 7.021484375000000000e-01
8.786621093750000000e-01 -5.151367187500000000e-02 7.026367187500000000e-01
8.117675781250000000e-01 -4.931640625000000000e-02 7.087402343750000000e-01
8.764648437500000000e-01 -4.418945312500000000e-02 7.087402343750000000e-01
7.399902343750000000e-01 -4.760742187500000000e-02 6.657714843750000000e-01
9.589843750000000000e-01 -1.000976562500000000e-01 7.260742187500000000e-01
9.260253906250000000e-01 -6.201171875000000000e-02 2.229003906250000000e-01
9.013671875000000000e-01 -9.057617187500000000e-02 4.492187500000000000e-01
9.309082031250000000e-01 -5.444335937500000000e-02 4.521484375000000000e-01
1.021484375000000000e+00 -8.203125000000000000e-02 4.677734375000000000e-01
9.865722656250000000e-01 -5.541992187500000000e-02 4.011230468750000000e-01
9.316406250000000000e-01 -1.301269531250000000e-01 3.188476562500000000e-01
9.873046875000000000e-01 -1.018066406250000000e-01 1.577148437500000000e-01
9.794921875000000000e-01 -1.987304687500000000e-01 1.425781250000000000e-01
8.852539062500000000e-01 -2.556152343750000000e-01 -6.640625000000000000e-02
1.029541015625000000e+00 -2.653808593750000000e-01 -2.221679687500000000e-02
9.208984375000000000e-01 -2.409667968750000000e-01 -1.330566406250000000e-01
9.116210937500000000e-01 -2.585449218750000000e-01 -1.518554687500000000e-01
8.994140625000000000e-01 -1.818847656250000000e-01 -1.408691406250000000e-01
8.642578125000000000e-01 -1.750488281250000000e-01 -3.598632812500000000e-01
8.876953125000000000e-01 -1.596679687500000000e-01 -2.797851562500000000e-01
8.640136718750000000e-01 -2.473144531250000000e-01 -5.629882812500000000e-01
9.028320312500000000e-01 -2.932128906250000000e-01 -4.282226562500000000e-01
7.814941406250000000e-01 -3.786621093750000000e-01 -6.425781250000000000e-01
7.836914062500000000e-01 -3.317871093750000000e-01 -5.461425781250000000e-01
6.762695312500000000e-01 -2.956542968750000000e-01 -8.181152343750000000e-01
5.957031250000000000e-01 -2.651367187500000000e-01 -8.833007812500000000e-01
5.485839843750000000e-01 -2.597656250000000000e-01 -7.912597656250000000e-01
5.878906250000000000e-01 -2.084960937500000000e-01 -9.645996093750000000e-01
4.831542968750000000e-01 -2.160644531250000000e-01 -9.575195312500000000e-01
4.843750000000000000e-01 -2.148437500000000000e-01 -9.440917968750000000e-01
4.187011718750000000e-01 -1.657714843750000000e-01 -9.428710937500000000e-01
4.602050781250000000e-01 -2.165527343750000000e-01 -9.494628906250000000e-01
3.491210937500000000e-01 -1.916503906250000000e-01 -9.311523437500000000e-01
3.027343750000000000e-01 -1.191406250000000000e-01 -9.394531250000000000e-01
1.823730468750000000e-01 -5.493164062500000000e-02 -8.505859375000000000e-01
2.390136718750000000e-01 -1.408691406250000000e-01 -9.118652343750000000e-01
1.896972656250000000e-01 2.441406250000000000e-03 -9.023437500000000000e-01
2.019042968750000000e-01 1.464843750000000000e-02 -7.834472656250000000e-01
2.570800781250000000e-01 -3.295898437500000000e-02 -8.486328125000000000e-01
2.460937500000000000e-01 -4.809570312500000000e-02 -8.479003906250000000e-01
4.008789062500000000e-01 1.708984375000000000e-03 -9.538574218750000000e-01
4.384765625000000000e-01 1.098632812500000000e-02 -8.769531250000000000e-01
5.603027343750000000e-01 -1.455078125000000000e-01 -8.969726562500000000e-01
5.087890625000000000e-01 -1.203613281250000000e-01 -1.102294921875000000e+00
6.574707031250000000e-01 -3.149414062500000000e-02 -5.627441406250000000e-01
8.173828125000000000e-01 -1.267089843750000000e-01 -4.272460937500000000e-01
6.389160156250000000e-01 1.562500000000000000e-02 -5.268554687500000000e-01
2.805175781250000000e-01 2.370605468750000000e-01 -9.667968750000000000e-01
9.499511718750000000e-01 -8.154296875000000000e-02 -3.112792968750000000e-01
8.603515625000000000e-01 9.277343750000000000e-03 -2.624511718750000000e-01
8.735351562500000000e-01 -4.003906250000000000e-02 -2.617187500000000000e-01
8.120117187500000000e-01 5.615234375000000000e-03 -1.584472656250000000e-01
8.630371093750000000e-01 2.563476562500000000e-02 -1.748046875000000000e-01
9.172363281250000000e-01 1.171875000000000000e-02 -2.153320312500000000e-01
9.638671875000000000e-01 -7.690429687500000000e-02 -1.008300781250000000e-01
1.009033203125000000e+00 -1.254882812500000000e-01 -1.496582031250000000e-01
1.005615234375000000e+00 -1.389160156250000000e-01 -5.932617187500000000e-02
1.041992187500000000e+00 -5.883789062500000000e-02 -1.396484375000000000e-01
1.064697265625000000e+00 -9.301757812500000000e-02 -4.052734375000000000e-02
1.066894531250000000e+00 2.416992187500000000e-02 -8.520507812500000000e-02
1.028808593750000000e+00 -6.689453125000000000e-02 -6.884765625000000000e-02
9.877929687500000000e-01 -3.295898437500000000e-02 -8.105468750000000000e-02
1.030273437500000000e+00 -4.516601562500000000e-02 -3.466796875000000000e-02
9.897460937500000000e-01 -1.435546875000000000e-01 -7.495117187500000000e-02
9.992675781250000000e-01 -3.808593750000000000e-02 -8.569335937500000000e-02
1.010498046875000000e+00 -3.540039062500000000e-02 -1.928710937500000000e-02
9.792480468750000000e-01 -5.175781250000000000e-02 7.470703125000000000e-02
1.000000000000000000e+00 -8.959960937500000000e-02 -9.033203125000000000e-03
1.080078125000000000e+00 1.708984375000000000e-03 -1.220703125000000000e-03
1.082763671875000000e+00 -8.862304687500000000e-02 6.835937500000000000e-02
1.077636718750000000e+00 -7.641601562500000000e-02 6.347656250000000000e-02
9.870605468750000000e-01 -9.277343750000000000e-02 8.374023437500000000e-02
1.063964843750000000e+00 -3.686523437500000000e-02 -9.765625000000000000e-04
1.062744140625000000e+00 -8.178710937500000000e-02 -2.050781250000000000e-02
1.065917968750000000e+00 -6.591796875000000000e-02 -2.783203125000000000e-02
9.833984375000000000e-01 -8.642578125000000000e-02 -2.343750000000000000e-02
1.064941406250000000e+00 -4.052734375000000000e-02 3.051757812500000000e-02
9.699707031250000000e-01 -5.151367187500000000e-02 -2.392578125000000000e-02
9.826660156250000000e-01 -1.306152343750000000e-01 -1.660156250000000000e-02
9.919433593750000000e-01 -4.711914062500000000e-02 -1.293945312500000000e-02
9.875488281250000000e-01 -5.346679687500000000e-02 -3.662109375000000000e-03
9.899902343750000000e-01 -6.127929687500000000e-02 -7.812500000000000000e-03
1.064941406250000000e+00 -5.810546875000000000e-02 -4.150390625000000000e-03
9.978027343750000000e-01 -5.395507812500000000e-02 -1.098632812500000000e-02
9.914550781250000000e-01 -3.930664062500000000e-02 7.666015625000000000e-02
9.960937500000000000e-01 -3.515625000000000000e-02 -1.708984375000000000e-03
9.965820312500000000e-01 -3.417968750000000000e-02 -1.953125000000000000e-03
9.843750000000000000e-01 -8.862304687500000000e-02 7.446289062500000000e-02
9.914550781250000000e-01 -8.056640625000000000e-02 7.177734375000000000e-02
9.897460937500000000e-01 -8.813476562500000000e-02 -3.906250000000000000e-03
9.948730468750000000e-01 -7.739257812500000000e-02 -1.269531250000000000e-02
1.072753906250000000e+00 -4.467773437500000000e-02 -1.733398437500000000e-02
9.873046875000000000e-01 -4.492187500000000000e-02 7.348632812500000000e-02
9.938964843750000000e-01 -3.833007812500000000e-02 7.128906250000000000e-02
9.924316406250000000e-01 -3.930664062500000000e-02 8.911132812500000000e-02
9.951171875000000000e-01 -8.496093750000000000e-02 7.690429687500000000e-02
1.066162109375000000e+00 -8.862304687500000000e-02 6.518554687500000000e-02
1.067871093750000000e+00 -3.466796875000000000e-02 6.616210937500000000e-02
9.965820312500000000e-01 -8.862304687500000000e-02 -2.441406250000000000e-04
