4.536132812500000000e-01 4.560546875000000000e-01 8.557128906250000000e-01
4.536132812500000000e-01 4.560546875000000000e-01 8.557128906250000000e-01
4.528808593750000000e-01 4.587402343750000000e-01 8.562011718750000000e-01
4.528808593750000000e-01 4.587402343750000000e-01 8.562011718750000000e-01
4.580078125000000000e-01 4.562988281250000000e-01 8.591308593750000000e-01
4.577636718750000000e-01 4.514160156250000000e-01 8.566894531250000000e-01
4.565429687500000000e-01 4.548339843750000000e-01 8.557128906250000000e-01
4.626464843750000000e-01 4.577636718750000000e-01 8.591308593750000000e-01
4.572753906250000000e-01 4.521484375000000000e-01 8.601074218750000000e-01
4.602050781250000000e-01 4.553222656250000000e-01 8.510742187500000000e-01
4.606933593750000000e-01 4.516601562500000000e-01 8.483886718750000000e-01
4.680175781250000000e-01 4.487304687500000000e-01 8.598632812500000000e-01
4.584960937500000000e-01 4.477539062500000000e-01 8.542480468750000000e-01
4.643554687500000000e-01 4.543457031250000000e-01 8.564453125000000000e-01
4.084472656250000000e-01 4.545898437500000000e-01 8.544921875000000000e-01
4.621582031250000000e-01 4.433593750000000000e-01 8.542480468750000000e-01
4.575195312500000000e-01 4.589843750000000000e-01 8.564453125000000000e-01
4.606933593750000000e-01 4.626464843750000000e-01 8.542480468750000000e-01
4.140625000000000000e-01 4.501953125000000000e-01 8.540039062500000000e-01
4.174804687500000000e-01 4.467773437500000000e-01 8.618164062500000000e-01
4.655761718750000000e-01 4.550781250000000000e-01 8.710937500000000000e-01
4.145507812500000000e-01 4.553222656250000000e-01 8.698730468750000000e-01
4.150390625000000000e-01 4.545898437500000000e-01 8.625488281250000000e-01
4.162597656250000000e-01 4.501953125000000000e-01 8.579101562500000000e-01
4.370117187500000000e-01 3.449707031250000000e-01 8.459472656250000000e-01
5.034179687500000000e-01 3.620605468750000000e-01 8.444824218750000000e-01
5.058593750000000000e-01 3.713378906250000000e-01 8.933105468750000000e-01
5.014648437500000000e-01 3.662109375000000000e-01 8.972167968750000000e-01
4.304199218750000000e-01 3.505859375000000000e-01 8.986816406250000000e-01
5.021972656250000000e-01 4.414062500000000000e-01 8.808593750000000000e-01
4.250488281250000000e-01 4.404296875000000000e-01 8.996582031250000000e-01
4.750976562500000000e-01 3.547363281250000000e-01 8.891601562500000000e-01
4.924316406250000000e-01 3.723144531250000000e-01 9.543457031250000000e-01
4.235839843750000000e-01 4.006347656250000000e-01 8.115234375000000000e-01
4.365234375000000000e-01 3.525390625000000000e-01 8.054199218750000000e-01
4.536132812500000000e-01 4.270019531250000000e-01 8.513183593750000000e-01
4.953613281250000000e-01 3.666992187500000000e-01 9.047851562500000000e-01
5.117187500000000000e-01 3.479003906250000000e-01 8.710937500000000000e-01
4.284667968750000000e-01 3.693847656250000000e-01 8.808593750000000000e-01
5.085449218750000000e-01 4.394531250000000000e-01 8.481445312500000000e-01
4.311523437500000000e-01 4.465332031250000000e-01 8.447265625000000000e-01
5.249023437500000000e-01 3.950195312500000000e-01 9.636230468750000000e-01
4.152832031250000000e-01 4.431152343750000000e-01 8.996582031250000000e-01
5.004882812500000000e-01 4.384765625000000000e-01 8.825683593750000000e-01
4.411621093750000000e-01 4.155273437500000000e-01 8.964843750000000000e-01
4.868164062500000000e-01 4.030761718750000000e-01 9.545898437500000000e-01
4.687500000000000000e-01 3.657226562500000000e-01 8.696289062500000000e-01
4.282226562500000000e-01 3.593750000000000000e-01 8.078613281250000000e-01
4.069824218750000000e-01 4.616699218750000000e-01 8.513183593750000000e-01
4.719238281250000000e-01 3.474121093750000000e-01 9.433593750000000000e-01
4.687500000000000000e-01 3.593750000000000000e-01 8.532714843750000000e-01
4.318847656250000000e-01 3.684082031250000000e-01 8.764648437500000000e-01
4.670410156250000000e-01 3.715820312500000000e-01 8.637695312500000000e-01
4.780273437500000000e-01 3.542480468750000000e-01 8.566894531250000000e-01
4.291992187500000000e-01 3.464355468750000000e-01 9.553222656250000000e-01
4.182128906250000000e-01 3.745117187500000000e-01 8.017578125000000000e-01
4.177246093750000000e-01 4.519042968750000000e-01 8.493652343750000000e-01
4.953613281250000000e-01 3.583984375000000000e-01 8.671875000000000000e-01
4.355468750000000000e-01 3.959960937500000000e-01 9.589843750000000000e-01
4.187011718750000000e-01 3.688964843750000000e-01 8.005371093750000000e-01
4.287109375000000000e-01 4.384765625000000000e-01 8.984375000000000000e-01
4.790039062500000000e-01 4.389648437500000000e-01 8.513183593750000000e-01
5.261230468750000000e-01 4.030761718750000000e-01 9.584960937500000000e-01
4.624023437500000000e-01 4.460449218750000000e-01 8.828125000000000000e-01
5.102539062500000000e-01 3.723144531250000000e-01 8.813476562500000000e-01
5.207519531250000000e-01 4.506835937500000000e-01 9.013671875000000000e-01
4.736328125000000000e-01 3.103027343750000000e-01 9.106445312500000000e-01
4.152832031250000000e-01 4.379882812500000000e-01 8.884277343750000000e-01
5.095214843750000000e-01 4.531250000000000000e-01 7.993164062500000000e-01
4.599609375000000000e-01 4.533691406250000000e-01 9.050292968750000000e-01
5.678710937500000000e-01 3.085937500000000000e-01 9.511718750000000000e-01
4.221191406250000000e-01 3.601074218750000000e-01 8.569335937500000000e-01
5.063476562500000000e-01 3.735351562500000000e-01 7.941894531250000000e-01
4.184570312500000000e-01 3.662109375000000000e-01 8.588867187500000000e-01
4.985351562500000000e-01 4.038085937500000000e-01 8.654785156250000000e-01
5.068359375000000000e-01 4.013671875000000000e-01 9.492187500000000000e-01
5.117187500000000000e-01 4.382324218750000000e-01 8.117675781250000000e-01
5.012207031250000000e-01 3.474121093750000000e-01 8.920898437500000000e-01
5.273437500000000000e-01 4.443359375000000000e-01 8.828125000000000000e-01
4.921875000000000000e-01 3.847656250000000000e-01 9.099121093750000000e-01
4.172363281250000000e-01 3.654785156250000000e-01 8.859863281250000000e-01
5.046386718750000000e-01 4.001464843750000000e-01 8.037109375000000000e-01
5.212402343750000000e-01 4.655761718750000000e-01 9.008789062500000000e-01
4.897460937500000000e-01 3.981933593750000000e-01 9.091796875000000000e-01
4.196777343750000000e-01 4.060058593750000000e-01 8.847656250000000000e-01
5.275878906250000000e-01 3.974609375000000000e-01 7.819824218750000000e-01
4.270019531250000000e-01 4.580078125000000000e-01 8.500976562500000000e-01
5.827636718750000000e-01 3.674316406250000000e-01 8.735351562500000000e-01
4.367675781250000000e-01 3.847656250000000000e-01 8.588867187500000000e-01
5.124511718750000000e-01 3.496093750000000000e-01 7.941894531250000000e-01
5.117187500000000000e-01 3.701171875000000000e-01 8.486328125000000000e-01
4.746093750000000000e-01 4.570312500000000000e-01 8.916015625000000000e-01
5.275878906250000000e-01 3.842773437500000000e-01 9.140625000000000000e-01
5.014648437500000000e-01 3.457031250000000000e-01 8.752441406250000000e-01
5.207519531250000000e-01 3.967285156250000000e-01 8.115234375000000000e-01
4.338378906250000000e-01 4.189453125000000000e-01 8.989257812500000000e-01
4.799804687500000000e-01 3.632812500000000000e-01 8.449707031250000000e-01
5.109863281250000000e-01 3.940429687500000000e-01 8.461914062500000000e-01
5.261230468750000000e-01 4.003906250000000000e-01 8.488769531250000000e-01
5.090332031250000000e-01 4.394531250000000000e-01 9.035644531250000000e-01
4.238281250000000000e-01 4.550781250000000000e-01 8.500976562500000000e-01
4.370117187500000000e-01 3.557128906250000000e-01 8.505859375000000000e-01
5.048828125000000000e-01 3.544921875000000000e-01 8.610839843750000000e-01
4.301757812500000000e-01 3.666992187500000000e-01 8.994140625000000000e-01
4.084472656250000000e-01 4.289550781250000000e-01 8.935546875000000000e-01
4.436035156250000000e-01 4.091796875000000000e-01 8.688964843750000000e-01
4.472656250000000000e-01 4.389648437500000000e-01 9.106445312500000000e-01
4.038085937500000000e-01 3.500976562500000000e-01 9.494628906250000000e-01
3.818359375000000000e-01 4.426269531250000000e-01 8.942871093750000000e-01
3.474121093750000000e-01 4.663085937500000000e-01 8.588867187500000000e-01
4.423828125000000000e-01 4.208984375000000000e-01 8.745117187500000000e-01
4.494628906250000000e-01 4.221191406250000000e-01 8.742675781250000000e-01
4.382324218750000000e-01 3.720703125000000000e-01 8.505859375000000000e-01
4.558105468750000000e-01 4.509277343750000000e-01 8.459472656250000000e-01
4.582519531250000000e-01 4.633789062500000000e-01 9.438476562500000000e-01
3.735351562500000000e-01 4.291992187500000000e-01 8.522949218750000000e-01
4.492187500000000000e-01 4.355468750000000000e-01 8.461914062500000000e-01
4.067382812500000000e-01 5.666503906250000000e-01 8.693847656250000000e-01
5.168457031250000000e-01 6.323242187500000000e-01 8.090820312500000000e-01
4.465332031250000000e-01 4.362792968750000000e-01 6.950683593750000000e-01
3.876953125000000000e-01 3.757324218750000000e-01 8.037109375000000000e-01
4.428710937500000000e-01 5.344238281250000000e-01 8.491210937500000000e-01
4.072265625000000000e-01 5.026855468750000000e-01 7.983398437500000000e-01
3.950195312500000000e-01 4.343261718750000000e-01 8.505859375000000000e-01
3.076171875000000000e-01 4.274902343750000000e-01 8.681640625000000000e-01
4.392089843750000000e-01 4.672851562500000000e-01 9.245605468750000000e-01
3.024902343750000000e-01 4.489746093750000000e-01 9.309082031250000000e-01
3.540039062500000000e-01 4.511718750000000000e-01 8.647460937500000000e-01
3.559570312500000000e-01 4.619140625000000000e-01 8.566894531250000000e-01
3.598632812500000000e-01 4.531250000000000000e-01 9.396972656250000000e-01
4.553222656250000000e-01 4.338378906250000000e-01 8.688964843750000000e-01
4.133300781250000000e-01 4.340820312500000000e-01 8.586425781250000000e-01
2.473144531250000000e-01 5.061035156250000000e-01 9.824218750000000000e-01
3.620605468750000000e-01 5.273437500000000000e-01 6.850585937500000000e-01
3.325195312500000000e-01 3.073730468750000000e-01 9.514160156250000000e-01
4.414062500000000000e-01 4.340820312500000000e-01 1.017578125000000000e+00
4.584960937500000000e-01 5.700683593750000000e-01 9.418945312500000000e-01
3.510742187500000000e-01 4.465332031250000000e-01 8.933105468750000000e-01
3.027343750000000000e-01 4.611816406250000000e-01 8.557128906250000000e-01
3.110351562500000000e-01 4.328613281250000000e-01 8.586425781250000000e-01
3.940429687500000000e-01 5.256347656250000000e-01 8.681640625000000000e-01
3.999023437500000000e-01 5.209960937500000000e-01 8.952636718750000000e-01
3.508300781250000000e-01 5.117187500000000000e-01 8.962402343750000000e-01
3.945312500000000000e-01 4.250488281250000000e-01 8.625488281250000000e-01
3.930664062500000000e-01 4.360351562500000000e-01 8.732910156250000000e-01
3.725585937500000000e-01 4.287109375000000000e-01 8.957519531250000000e-01
3.798828125000000000e-01 4.296875000000000000e-01 8.713378906250000000e-01
3.554687500000000000e-01 5.048828125000000000e-01 8.547363281250000000e-01
4.462890625000000000e-01 4.077148437500000000e-01 8.449707031250000000e-01
3.659667968750000000e-01 4.282226562500000000e-01 8.625488281250000000e-01
3.513183593750000000e-01 5.007324218750000000e-01 8.586425781250000000e-01
3.571777343750000000e-01 5.009765625000000000e-01 9.035644531250000000e-01
3.593750000000000000e-01 4.277343750000000000e-01 8.479003906250000000e-01
3.464355468750000000e-01 4.287109375000000000e-01 8.554687500000000000e-01
3.583984375000000000e-01 4.350585937500000000e-01 8.552246093750000000e-01
3.439941406250000000e-01 4.289550781250000000e-01 8.557128906250000000e-01
3.471679687500000000e-01 5.004882812500000000e-01 8.496093750000000000e-01
3.491210937500000000e-01 5.031738281250000000e-01 8.481445312500000000e-01
3.464355468750000000e-01 5.002441406250000000e-01 8.486328125000000000e-01
3.515625000000000000e-01 5.017089843750000000e-01 8.557128906250000000e-01
4.025878906250000000e-01 5.041503906250000000e-01 8.549804687500000000e-01
3.522949218750000000e-01 5.085449218750000000e-01 8.479003906250000000e-01
3.505859375000000000e-01 5.031738281250000000e-01 9.047851562500000000e-01
4.018554687500000000e-01 5.041503906250000000e-01 8.505859375000000000e-01
3.986816406250000000e-01 5.073242187500000000e-01 9.038085937500000000e-01
3.977050781250000000e-01 5.012207031250000000e-01 8.557128906250000000e-01
3.920898437500000000e-01 5.051269531250000000e-01 8.608398437500000000e-01
3.986816406250000000e-01 5.019531250000000000e-01 8.547363281250000000e-01
4.001464843750000000e-01 5.012207031250000000e-01 8.569335937500000000e-01
4.025878906250000000e-01 5.004882812500000000e-01 8.593750000000000000e-01
4.008789062500000000e-01 4.321289062500000000e-01 8.627929687500000000e-01
4.035644531250000000e-01 4.326171875000000000e-01 8.632812500000000000e-01
3.918457031250000000e-01 4.321289062500000000e-01 8.657226562500000000e-01
3.884277343750000000e-01 4.311523437500000000e-01 8.615722656250000000e-01
3.891601562500000000e-01 5.002441406250000000e-01 8.696289062500000000e-01
3.859863281250000000e-01 4.333496093750000000e-01 8.647460937500000000e-01
3.850097656250000000e-01 4.296875000000000000e-01 8.652343750000000000e-01
3.818359375000000000e-01 4.309082031250000000e-01 8.686523437500000000e-01
3.896484375000000000e-01 4.340820312500000000e-01 8.652343750000000000e-01
3.847656250000000000e-01 4.291992187500000000e-01 8.620605468750000000e-01
3.906250000000000000e-01 4.301757812500000000e-01 8.686523437500000000e-01
3.828125000000000000e-01 4.277343750000000000e-01 8.693847656250000000e-01
3.898925781250000000e-01 4.291992187500000000e-01 8.681640625000000000e-01
3.850097656250000000e-01 4.299316406250000000e-01 8.666992187500000000e-01
3.825683593750000000e-01 4.321289062500000000e-01 8.586425781250000000e-01
3.845214843750000000e-01 4.248046875000000000e-01 8.674316406250000000e-01
3.872070312500000000e-01 4.296875000000000000e-01 8.566894531250000000e-01
3.886718750000000000e-01 4.284667968750000000e-01 8.654785156250000000e-01
3.889160156250000000e-01 4.306640625000000000e-01 8.645019531250000000e-01
3.872070312500000000e-01 4.326171875000000000e-01 8.640136718750000000e-01
3.886718750000000000e-01 4.311523437500000000e-01 8.645019531250000000e-01
3.859863281250000000e-01 4.321289062500000000e-01 8.652343750000000000e-01
3.835449218750000000e-01 4.355468750000000000e-01 8.642578125000000000e-01
3.862304687500000000e-01 4.345703125000000000e-01 8.659667968750000000e-01
3.796386718750000000e-01 4.372558593750000000e-01 9.377441406250000000e-01
3.811035156250000000e-01 4.370117187500000000e-01 8.613281250000000000e-01
3.791503906250000000e-01 4.372558593750000000e-01 8.618164062500000000e-01
3.823242187500000000e-01 5.048828125000000000e-01 8.659667968750000000e-01
3.808593750000000000e-01 4.335937500000000000e-01 8.691406250000000000e-01
3.811035156250000000e-01 5.014648437500000000e-01 8.642578125000000000e-01
