9.711914059999999793e-01 -5.175781299999999974e-02 -2.019042970000000103e-01
1.028320313000000041e+00 -5.273437500000000000e-02 -1.164550780000000035e-01
1.027587891000000031e+00 -4.125976600000000327e-02 -1.218261719999999965e-01
9.689941410000000310e-01 -3.588867200000000340e-02 -1.188964839999999967e-01
9.736328130000000414e-01 -8.764648399999999673e-02 -1.101074219999999965e-01
9.736328130000000414e-01 -8.764648399999999673e-02 -1.101074219999999965e-01
9.716796880000000414e-01 -9.204101600000000327e-02 -1.196289059999999932e-01
9.716796880000000414e-01 -9.204101600000000327e-02 -1.196289059999999932e-01
9.692382809999999793e-01 -7.788085899999999673e-02 -1.193847660000000033e-01
9.694824220000000103e-01 -8.593750000000000000e-02 -1.965332029999999897e-01
1.027832030999999979e+00 -8.374023399999999673e-02 -1.201171879999999997e-01
1.020019530999999979e+00 -9.008789100000000327e-02 -1.245117190000000068e-01
1.026367188000000041e+00 -8.789062500000000000e-02 -1.904296880000000136e-01
1.028808594000000021e+00 -8.837890599999999319e-02 -1.877441410000000033e-01
9.709472660000000310e-01 -8.642578099999999319e-02 -1.882324220000000103e-01
1.025146483999999969e+00 -8.862304699999999646e-02 -1.960449220000000103e-01
1.029296875000000000e+00 -9.252929699999999646e-02 -1.975097660000000033e-01
1.027099608999999969e+00 -3.515625000000000000e-02 -1.972656250000000000e-01
1.026611327999999990e+00 -3.686523399999999673e-02 -1.906738279999999897e-01
1.029296875000000000e+00 -9.326171900000000681e-02 -1.889648439999999929e-01
1.025634766000000031e+00 -8.691406299999999974e-02 -1.889648439999999929e-01
9.716796880000000414e-01 -7.958984400000000681e-02 -1.904296880000000136e-01
9.719238279999999897e-01 -8.496093799999999974e-02 -1.135253910000000033e-01
1.022216797000000010e+00 -8.276367199999999646e-02 -1.125488280000000035e-01
1.030761719000000021e+00 -7.470703099999999319e-02 -1.166992190000000068e-01
9.704589839999999690e-01 -7.690429699999999646e-02 -1.174316410000000033e-01
9.707031250000000000e-01 -8.032226600000000327e-02 -1.176757809999999932e-01
9.746093750000000000e-01 -8.886718799999999974e-02 -1.186523440000000068e-01
1.027587891000000031e+00 -8.813476600000000327e-02 -1.198730469999999965e-01
1.028320313000000041e+00 -8.032226600000000327e-02 -1.247558589999999967e-01
9.699707029999999897e-01 -7.226562500000000000e-02 -1.220703129999999997e-01
1.026367188000000041e+00 -8.178710899999999673e-02 -1.921386720000000103e-01
9.733886720000000103e-01 -8.569335899999999673e-02 -2.136230470000000103e-01
1.030029297000000010e+00 -8.154296900000000681e-02 -2.097167970000000103e-01
1.024658202999999990e+00 -8.056640599999999319e-02 -2.089843750000000000e-01
1.024169922000000010e+00 -6.958007800000000354e-02 -1.596679689999999929e-01
1.014160155999999979e+00 -6.591796900000000681e-02 -2.124023439999999929e-01
1.020751952999999990e+00 -7.861328099999999319e-02 -1.994628910000000033e-01
1.019775391000000031e+00 -7.568359400000000681e-02 -1.220703129999999997e-01
1.019775391000000031e+00 -7.568359400000000681e-02 -1.220703129999999997e-01
9.802246089999999690e-01 -7.250976600000000327e-02 -1.994628910000000033e-01
9.802246089999999690e-01 -1.486816410000000033e-01 -1.179199219999999965e-01
9.797363279999999897e-01 -1.899414060000000071e-01 -1.044921879999999997e-01
1.021728516000000031e+00 -1.489257810000000071e-01 -1.320800779999999897e-01
9.943847660000000310e-01 -1.513671899999999987e-02 -1.406250000000000000e-01
1.063720702999999990e+00 -9.252929699999999646e-02 -1.401367189999999929e-01
9.121093750000000000e-01 -9.912109400000000681e-02 -1.101074219999999965e-01
9.414062500000000000e-01 -1.984863279999999897e-01 -1.977539060000000071e-01
8.640136720000000103e-01 -1.750488279999999897e-01 -1.862792970000000103e-01
8.593750000000000000e-01 -2.619628909999999755e-01 -3.383789059999999793e-01
8.288574220000000103e-01 -1.408691410000000033e-01 -3.762207029999999897e-01
9.372558589999999690e-01 1.301269529999999897e-01 -2.705078129999999859e-01
9.946289059999999793e-01 -1.760253910000000033e-01 -1.821289060000000071e-01
9.650878910000000310e-01 -2.441406299999999974e-02 -9.790039100000000327e-02
7.998046880000000414e-01 1.340332029999999897e-01 2.221679699999999993e-02
8.776855470000000103e-01 1.064453129999999997e-01 -1.467285160000000033e-01
1.084960938000000041e+00 8.593750000000000000e-02 -1.667480470000000103e-01
8.837890630000000414e-01 -8.935546900000000681e-02 -2.690429690000000207e-01
9.428710940000000207e-01 8.715820300000000354e-02 2.001953100000000013e-02
8.989257809999999793e-01 -1.472167970000000103e-01 -5.468750000000000000e-02
9.658203130000000414e-01 4.296875000000000000e-02 -2.639160159999999755e-01
9.477539059999999793e-01 -1.391601599999999980e-02 -2.407226560000000071e-01
1.136474608999999969e+00 -3.515625000000000000e-02 -3.095703129999999859e-01
1.109619141000000031e+00 6.835937500000000000e-02 -1.853027339999999967e-01
1.143554688000000041e+00 -5.957031299999999974e-02 -2.145996089999999967e-01
1.098388672000000010e+00 -8.203125000000000000e-02 -6.591796900000000681e-02
1.074218750000000000e+00 -1.306152339999999967e-01 -8.544921900000000681e-02
1.111328125000000000e+00 -1.308593750000000000e-01 -9.057617199999999646e-02
1.044433594000000021e+00 -3.613281299999999974e-02 1.311035160000000033e-01
1.110839844000000021e+00 -5.273437500000000000e-02 -9.155273399999999673e-02
1.111328125000000000e+00 -8.813476600000000327e-02 -5.200195299999999660e-02
1.084472655999999979e+00 -2.221679699999999993e-02 1.889648439999999929e-01
1.094970702999999990e+00 1.245117199999999993e-02 2.131347660000000033e-01
1.077880858999999969e+00 9.770000000000000039e-04 1.645507810000000071e-01
9.819335940000000207e-01 7.324218999999999868e-03 2.636718750000000000e-01
1.021728516000000031e+00 1.782226599999999980e-02 2.197265630000000136e-01
9.731445309999999793e-01 1.220703100000000013e-02 3.134765629999999859e-01
9.819335940000000207e-01 -6.713867199999999646e-02 3.981933590000000245e-01
9.819335940000000207e-01 -6.713867199999999646e-02 3.981933590000000245e-01
9.306640630000000414e-01 3.662109000000000197e-03 4.597167970000000103e-01
9.082031250000000000e-01 6.445312500000000000e-02 4.301757809999999793e-01
1.003662108999999969e+00 7.568359400000000681e-02 4.316406250000000000e-01
1.004882813000000041e+00 7.275390599999999319e-02 5.192871089999999690e-01
9.460449220000000103e-01 -3.906250000000000000e-03 5.253906250000000000e-01
8.542480470000000103e-01 -9.155273399999999673e-02 5.690917970000000103e-01
1.003417969000000021e+00 1.416015600000000013e-02 4.577636720000000103e-01
9.272460940000000207e-01 -2.905273400000000020e-02 4.394531250000000000e-01
1.005371094000000021e+00 -2.832031299999999974e-02 4.194335940000000207e-01
9.682617190000000207e-01 -2.880859399999999987e-02 5.163574220000000103e-01
9.113769529999999897e-01 -1.806640600000000013e-02 4.736328129999999859e-01
9.130859380000000414e-01 -2.954101599999999980e-02 5.200195309999999793e-01
9.125976559999999793e-01 2.685546899999999987e-02 5.156250000000000000e-01
9.072265630000000414e-01 2.685546899999999987e-02 5.073242190000000207e-01
9.277343750000000000e-01 2.075195300000000007e-02 5.144042970000000103e-01
9.169921880000000414e-01 2.319335900000000020e-02 5.161132809999999793e-01
9.133300779999999897e-01 2.685546899999999987e-02 5.278320309999999793e-01
9.638671880000000414e-01 2.734375000000000000e-02 5.290527339999999690e-01
9.238281250000000000e-01 2.099609399999999987e-02 5.085449220000000103e-01
9.206542970000000103e-01 3.100585900000000020e-02 5.075683589999999690e-01
9.206542970000000103e-01 3.100585900000000020e-02 5.075683589999999690e-01
9.152832029999999897e-01 -3.051757800000000007e-02 5.109863279999999897e-01
9.157714839999999690e-01 -2.905273400000000020e-02 5.073242190000000207e-01
9.189453130000000414e-01 2.832031299999999974e-02 5.048828130000000414e-01
9.157714839999999690e-01 2.416992199999999993e-02 4.372558590000000245e-01
9.177246089999999690e-01 2.270507800000000007e-02 5.146484380000000414e-01
9.196777339999999690e-01 -2.856445300000000007e-02 5.014648440000000207e-01
9.130859380000000414e-01 2.978515600000000013e-02 5.053710940000000207e-01
9.174804690000000207e-01 -2.954101599999999980e-02 5.056152339999999690e-01
9.196777339999999690e-01 -2.685546899999999987e-02 5.026855470000000103e-01
9.157714839999999690e-01 -2.856445300000000007e-02 4.313964840000000245e-01
9.353027339999999690e-01 -2.441406299999999974e-02 4.309082029999999897e-01
9.108886720000000103e-01 2.050781299999999974e-02 4.343261720000000103e-01
9.265136720000000103e-01 1.831054699999999993e-02 4.223632809999999793e-01
9.140625000000000000e-01 1.684570300000000007e-02 4.331054690000000207e-01
9.301757809999999793e-01 1.904296899999999987e-02 4.572753909999999755e-01
9.182128910000000310e-01 6.689453099999999319e-02 3.469238279999999897e-01
9.182128910000000310e-01 6.689453099999999319e-02 3.469238279999999897e-01
9.956054690000000207e-01 1.479492189999999929e-01 5.061035160000000310e-01
1.410888672000000010e+00 2.905273400000000020e-02 4.116210940000000207e-01
1.512207030999999979e+00 -1.879882810000000071e-01 2.224121089999999967e-01
1.252197266000000031e+00 -6.030273399999999673e-02 3.369140600000000013e-02
1.260009766000000031e+00 -4.565429700000000340e-02 -3.735351600000000327e-02
1.180175780999999979e+00 -3.784179700000000340e-02 -1.650390630000000136e-01
1.136230469000000021e+00 -8.178710899999999673e-02 -9.497070300000000354e-02
9.191894529999999897e-01 9.204101600000000327e-02 -1.779785160000000033e-01
7.946777339999999690e-01 2.197265600000000013e-02 -1.464843750000000000e-01
7.246093750000000000e-01 -6.445312500000000000e-02 -1.462402339999999967e-01
7.246093750000000000e-01 -6.445312500000000000e-02 -1.462402339999999967e-01
8.757324220000000103e-01 -3.735351600000000327e-02 -1.069335940000000068e-01
8.757324220000000103e-01 -3.735351600000000327e-02 -1.069335940000000068e-01
8.039550779999999897e-01 2.050781299999999974e-02 -1.186523440000000068e-01
9.040527339999999690e-01 -9.790039100000000327e-02 -9.692382800000000354e-02
8.562011720000000103e-01 -1.242675780000000035e-01 -1.906738279999999897e-01
8.852539059999999793e-01 -9.985351600000000327e-02 -2.062988279999999897e-01
9.631347660000000310e-01 -1.411132810000000071e-01 -2.514648440000000207e-01
9.924316410000000310e-01 -1.430664060000000071e-01 -2.653808590000000245e-01
9.267578130000000414e-01 -1.289062500000000000e-01 -2.058105470000000103e-01
9.838867190000000207e-01 2.905273400000000020e-02 -1.694335939999999929e-01
1.020507813000000041e+00 1.220703100000000013e-02 -1.228027339999999967e-01
1.029541016000000031e+00 4.614257799999999660e-02 -5.444335899999999673e-02
9.753417970000000103e-01 -2.636718799999999974e-02 -8.081054699999999646e-02
1.020019530999999979e+00 -4.150390999999999803e-03 -6.958007800000000354e-02
9.301757809999999793e-01 4.321289100000000327e-02 -3.320312500000000000e-02
9.321289059999999793e-01 6.518554699999999646e-02 -1.406250000000000000e-01
1.078369141000000031e+00 -3.662109000000000197e-03 -1.022949219999999965e-01
9.931640630000000414e-01 3.442382799999999660e-02 -1.340332029999999897e-01
9.841308589999999690e-01 8.032226600000000327e-02 -1.137695309999999932e-01
9.931640630000000414e-01 -1.074218799999999974e-02 -1.105957030000000035e-01
1.020996094000000021e+00 -3.051757800000000007e-02 -1.035156250000000000e-01
9.924316410000000310e-01 -7.320000000000000118e-04 -1.667480470000000103e-01
1.020263672000000010e+00 -1.245117199999999993e-02 -2.636718750000000000e-01
1.004638672000000010e+00 -7.641601600000000327e-02 -2.731933590000000245e-01
9.335937500000000000e-01 -5.981445299999999660e-02 -2.543945309999999793e-01
1.007324219000000021e+00 -1.450195310000000071e-01 -2.690429690000000207e-01
1.014404297000000010e+00 -1.557617189999999929e-01 -1.843261720000000103e-01
9.326171880000000414e-01 -1.440429689999999929e-01 -1.752929689999999929e-01
1.005126952999999990e+00 -1.037597660000000033e-01 -1.840820310000000071e-01
1.020507813000000041e+00 -9.936523399999999673e-02 -2.519531250000000000e-01
9.689941410000000310e-01 -5.810546899999999987e-02 -2.521972659999999755e-01
1.019042969000000021e+00 -5.078125000000000000e-02 -1.677246089999999967e-01
1.014404297000000010e+00 -3.784179700000000340e-02 -2.106933589999999967e-01
1.018310547000000010e+00 -4.345703100000000013e-02 -2.021484380000000136e-01
1.002197266000000031e+00 -1.484375000000000000e-01 -1.967773439999999929e-01
9.738769529999999897e-01 -4.931640600000000013e-02 -1.633300779999999897e-01
1.022705077999999990e+00 -5.957031299999999974e-02 -1.804199220000000103e-01
9.707031250000000000e-01 -4.809570299999999660e-02 -1.687011720000000103e-01
1.022949219000000021e+00 -8.544921900000000681e-02 -1.577148439999999929e-01
1.020507813000000041e+00 -9.228515599999999319e-02 -2.133789060000000071e-01
1.020507813000000041e+00 -3.662109399999999987e-02 -1.562500000000000000e-01
1.018066405999999979e+00 -4.272460899999999673e-02 -2.126464839999999967e-01
1.024658202999999990e+00 -3.881835899999999673e-02 -2.163085939999999929e-01
1.021728516000000031e+00 -3.344726600000000327e-02 -1.584472660000000033e-01
1.023681641000000031e+00 -3.613281299999999974e-02 -1.572265630000000136e-01
1.018066405999999979e+00 -3.979492200000000340e-02 -2.155761720000000103e-01
1.017333983999999969e+00 -3.588867200000000340e-02 -2.141113279999999897e-01
1.022460938000000041e+00 -3.784179700000000340e-02 -2.167968750000000000e-01
1.025878905999999979e+00 -9.204101600000000327e-02 -2.106933589999999967e-01
1.024902344000000021e+00 -3.393554700000000340e-02 -2.167968750000000000e-01
1.021972655999999979e+00 -3.662109399999999987e-02 -2.011718750000000000e-01
1.026123047000000010e+00 -8.666992199999999646e-02 -1.230468750000000000e-01
1.019287108999999969e+00 -9.155273399999999673e-02 -1.950683589999999967e-01
1.029541016000000031e+00 -9.057617199999999646e-02 -2.104492189999999929e-01
1.028076172000000010e+00 -9.179687500000000000e-02 -1.960449220000000103e-01
1.023193358999999969e+00 -8.935546900000000681e-02 -2.050781250000000000e-01
1.021728516000000031e+00 -9.277343799999999974e-02 -1.916503910000000033e-01
1.028076172000000010e+00 -8.886718799999999974e-02 -2.014160160000000033e-01
1.025878905999999979e+00 -8.593750000000000000e-02 -1.950683589999999967e-01
1.025878905999999979e+00 -8.593750000000000000e-02 -1.950683589999999967e-01
1.021728516000000031e+00 -8.984375000000000000e-02 -1.933593750000000000e-01
1.023925780999999979e+00 -9.106445300000000354e-02 -2.050781250000000000e-01
1.023925780999999979e+00 -9.106445300000000354e-02 -2.050781250000000000e-01
1.024169922000000010e+00 -8.837890599999999319e-02 -2.028808589999999967e-01
1.023437500000000000e+00 -3.173828100000000013e-02 -2.126464839999999967e-01
1.023193358999999969e+00 -8.666992199999999646e-02 -2.070312500000000000e-01
1.021728516000000031e+00 -8.959960899999999673e-02 -2.133789060000000071e-01
1.026367188000000041e+00 -8.862304699999999646e-02 -1.999511720000000103e-01
1.027832030999999979e+00 -9.228515599999999319e-02 -2.077636720000000103e-01
1.025390625000000000e+00 -8.886718799999999974e-02 -2.082519529999999897e-01
1.024902344000000021e+00 -8.691406299999999974e-02 -2.062988279999999897e-01
1.027832030999999979e+00 -8.740234400000000681e-02 -2.023925779999999897e-01
