9.702148437500000000e-01 -3.149414062500000000e-02 -1.030273437500000000e-01
9.702148437500000000e-01 -3.149414062500000000e-02 -1.030273437500000000e-01
9.738769531250000000e-01 -9.204101562500000000e-02 -1.213378906250000000e-01
9.738769531250000000e-01 -9.204101562500000000e-02 -1.213378906250000000e-01
1.029296875000000000e+00 -8.691406250000000000e-02 -1.083984375000000000e-01
9.755859375000000000e-01 -9.033203125000000000e-02 -1.137695312500000000e-01
9.692382812500000000e-01 -3.344726562500000000e-02 -1.049804687500000000e-01
1.018798828125000000e+00 -9.375000000000000000e-02 -1.057128906250000000e-01
1.026855468750000000e+00 -4.248046875000000000e-02 -1.186523437500000000e-01
1.026123046875000000e+00 -3.515625000000000000e-02 -1.181640625000000000e-01
9.711914062500000000e-01 -3.222656250000000000e-02 -1.162109375000000000e-01
1.025878906250000000e+00 -8.886718750000000000e-02 -1.166992187500000000e-01
1.030517578125000000e+00 -9.350585937500000000e-02 -1.154785156250000000e-01
9.736328125000000000e-01 -9.179687500000000000e-02 -1.093750000000000000e-01
9.702148437500000000e-01 -3.369140625000000000e-02 -1.154785156250000000e-01
9.711914062500000000e-01 -9.277343750000000000e-02 -1.196289062500000000e-01
1.024169921875000000e+00 -9.155273437500000000e-02 -1.145019531250000000e-01
1.028320312500000000e+00 -9.179687500000000000e-02 -1.164550781250000000e-01
1.027343750000000000e+00 -9.228515625000000000e-02 -1.176757812500000000e-01
1.023437500000000000e+00 -3.588867187500000000e-02 -1.879882812500000000e-01
1.016845703125000000e+00 -3.393554687500000000e-02 -1.240234375000000000e-01
1.023193359375000000e+00 -3.613281250000000000e-02 -1.884765625000000000e-01
1.031250000000000000e+00 -4.003906250000000000e-02 -1.901855468750000000e-01
1.029785156250000000e+00 -9.179687500000000000e-02 -2.014160156250000000e-01
1.017578125000000000e+00 -3.442382812500000000e-02 -2.109375000000000000e-01
1.013916015625000000e+00 -3.417968750000000000e-02 -2.172851562500000000e-01
1.013671875000000000e+00 -3.881835937500000000e-02 -1.633300781250000000e-01
9.323730468750000000e-01 -3.637695312500000000e-02 -1.782226562500000000e-01
9.218750000000000000e-01 -4.614257812500000000e-02 -1.599121093750000000e-01
9.152832031250000000e-01 -4.980468750000000000e-02 -2.070312500000000000e-01
1.005371093750000000e+00 -4.858398437500000000e-02 -1.582031250000000000e-01
1.020751953125000000e+00 -4.101562500000000000e-02 -2.250976562500000000e-01
9.458007812500000000e-01 -6.616210937500000000e-02 -3.835449218750000000e-01
9.387207031250000000e-01 -5.151367187500000000e-02 -3.920898437500000000e-01
8.496093750000000000e-01 -4.443359375000000000e-02 -4.614257812500000000e-01
8.081054687500000000e-01 -8.300781250000000000e-02 -5.275878906250000000e-01
7.380371093750000000e-01 -3.662109375000000000e-02 -5.703125000000000000e-01
7.377929687500000000e-01 -1.252441406250000000e-01 -5.769042968750000000e-01
6.218261718750000000e-01 -1.376953125000000000e-01 -5.261230468750000000e-01
5.954589843750000000e-01 -3.198242187500000000e-02 -3.945312500000000000e-01
8.405761718750000000e-01 -9.155273437500000000e-02 -7.075195312500000000e-01
6.225585937500000000e-01 1.440429687500000000e-02 -6.010742187500000000e-01
5.263671875000000000e-01 -1.481933593750000000e-01 -7.453613281250000000e-01
3.642578125000000000e-01 -1.545410156250000000e-01 -8.784179687500000000e-01
2.556152343750000000e-01 -4.760742187500000000e-02 -8.120117187500000000e-01
1.247558593750000000e-01 -6.250000000000000000e-02 -9.528808593750000000e-01
-4.638671875000000000e-03 -4.809570312500000000e-02 -9.133300781250000000e-01
-8.154296875000000000e-02 1.635742187500000000e-02 -9.047851562500000000e-01
-5.810546875000000000e-02 -3.930664062500000000e-02 -8.474121093750000000e-01
-1.879882812500000000e-01 -6.787109375000000000e-02 -8.525390625000000000e-01
-1.240234375000000000e-01 1.000976562500000000e-02 -8.762207031250000000e-01
-1.118164062500000000e-01 1.391601562500000000e-02 -8.000488281250000000e-01
-1.215820312500000000e-01 -7.910156250000000000e-02 -8.149414062500000000e-01
2.685546875000000000e-02 7.714843750000000000e-02 -7.529296875000000000e-01
-1.831054687500000000e-02 3.076171875000000000e-02 -8.203125000000000000e-01
5.151367187500000000e-02 4.882812500000000000e-04 -7.846679687500000000e-01
2.028808593750000000e-01 -4.248046875000000000e-02 -7.229003906250000000e-01
2.314453125000000000e-01 -1.372070312500000000e-01 -7.719726562500000000e-01
2.893066406250000000e-01 -1.494140625000000000e-01 -6.799316406250000000e-01
4.770507812500000000e-01 -1.977539062500000000e-01 -7.832031250000000000e-01
7.282714843750000000e-01 -2.783203125000000000e-01 -1.015625000000000000e+00
8.811035156250000000e-01 -2.263183593750000000e-01 -1.045654296875000000e+00
1.008544921875000000e+00 -1.716308593750000000e-01 -9.108886718750000000e-01
1.133300781250000000e+00 -1.081542968750000000e-01 -6.247558593750000000e-01
1.119384765625000000e+00 8.300781250000000000e-03 -3.017578125000000000e-01
1.099853515625000000e+00 -6.787109375000000000e-02 -1.840820312500000000e-01
1.000976562500000000e+00 -6.958007812500000000e-02 -1.940917968750000000e-01
9.453125000000000000e-01 -7.421875000000000000e-02 -7.446289062500000000e-02
9.541015625000000000e-01 1.806640625000000000e-02 6.079101562500000000e-02
1.081298828125000000e+00 -5.371093750000000000e-03 2.136230468750000000e-01
1.126708984375000000e+00 8.398437500000000000e-02 5.075683593750000000e-01
1.012207031250000000e+00 3.222656250000000000e-02 4.953613281250000000e-01
8.830566406250000000e-01 3.442382812500000000e-02 7.065429687500000000e-01
7.231445312500000000e-01 3.344726562500000000e-02 5.966796875000000000e-01
8.845214843750000000e-01 -7.080078125000000000e-03 5.356445312500000000e-01
8.918457031250000000e-01 2.001953125000000000e-02 5.559082031250000000e-01
9.494628906250000000e-01 -1.220703125000000000e-02 5.346679687500000000e-01
8.962402343750000000e-01 2.563476562500000000e-02 5.847167968750000000e-01
9.345703125000000000e-01 2.978515625000000000e-02 6.018066406250000000e-01
9.025878906250000000e-01 7.666015625000000000e-02 6.499023437500000000e-01
7.663574218750000000e-01 1.220703125000000000e-03 6.604003906250000000e-01
9.062500000000000000e-01 4.638671875000000000e-03 7.143554687500000000e-01
9.047851562500000000e-01 1.269531250000000000e-02 6.904296875000000000e-01
7.705078125000000000e-01 8.422851562500000000e-02 7.087402343750000000e-01
8.320312500000000000e-01 9.033203125000000000e-02 7.448730468750000000e-01
8.801269531250000000e-01 5.200195312500000000e-02 6.850585937500000000e-01
7.272949218750000000e-01 7.836914062500000000e-02 7.221679687500000000e-01
7.373046875000000000e-01 7.763671875000000000e-02 8.159179687500000000e-01
7.265625000000000000e-01 3.173828125000000000e-02 7.414550781250000000e-01
7.807617187500000000e-01 8.300781250000000000e-02 7.302246093750000000e-01
7.707519531250000000e-01 8.569335937500000000e-02 8.215332031250000000e-01
7.280273437500000000e-01 3.173828125000000000e-02 8.127441406250000000e-01
7.263183593750000000e-01 8.471679687500000000e-02 7.429199218750000000e-01
7.221679687500000000e-01 8.715820312500000000e-02 7.468261718750000000e-01
7.243652343750000000e-01 8.666992187500000000e-02 7.402343750000000000e-01
7.424316406250000000e-01 8.789062500000000000e-02 7.480468750000000000e-01
7.329101562500000000e-01 3.442382812500000000e-02 7.316894531250000000e-01
6.867675781250000000e-01 3.686523437500000000e-02 8.322753906250000000e-01
7.202148437500000000e-01 8.691406250000000000e-02 7.478027343750000000e-01
7.775878906250000000e-01 9.350585937500000000e-02 8.237304687500000000e-01
7.304687500000000000e-01 3.295898437500000000e-02 7.456054687500000000e-01
7.333984375000000000e-01 9.106445312500000000e-02 7.426757812500000000e-01
7.395019531250000000e-01 8.422851562500000000e-02 7.219238281250000000e-01
7.468261718750000000e-01 8.813476562500000000e-02 7.343750000000000000e-01
7.749023437500000000e-01 8.447265625000000000e-02 7.268066406250000000e-01
8.386230468750000000e-01 3.417968750000000000e-02 7.368164062500000000e-01
6.762695312500000000e-01 3.979492187500000000e-02 7.324218750000000000e-01
8.034667968750000000e-01 8.618164062500000000e-02 7.744140625000000000e-01
8.237304687500000000e-01 9.130859375000000000e-02 7.302246093750000000e-01
7.189941406250000000e-01 7.861328125000000000e-02 6.862792968750000000e-01
7.438964843750000000e-01 -1.293945312500000000e-02 8.142089843750000000e-01
8.325195312500000000e-01 9.765625000000000000e-03 5.485839843750000000e-01
7.253417968750000000e-01 -2.465820312500000000e-02 7.158203125000000000e-01
9.028320312500000000e-01 -2.197265625000000000e-03 5.742187500000000000e-01
9.667968750000000000e-01 7.983398437500000000e-02 5.480957031250000000e-01
9.855957031250000000e-01 7.739257812500000000e-02 4.187011718750000000e-01
9.870605468750000000e-01 1.562500000000000000e-02 3.913574218750000000e-01
1.084472656250000000e+00 -1.416015625000000000e-02 2.805175781250000000e-01
9.909667968750000000e-01 2.807617187500000000e-02 1.972656250000000000e-01
1.038085937500000000e+00 -2.124023437500000000e-02 1.103515625000000000e-01
1.086425781250000000e+00 -7.348632812500000000e-02 4.394531250000000000e-02
1.066894531250000000e+00 -1.225585937500000000e-01 6.665039062500000000e-02
1.019042968750000000e+00 -1.179199218750000000e-01 -1.110839843750000000e-01
1.021728515625000000e+00 -1.491699218750000000e-01 -2.670898437500000000e-01
8.742675781250000000e-01 -6.225585937500000000e-02 -4.536132812500000000e-01
9.587402343750000000e-01 -2.145996093750000000e-01 -4.611816406250000000e-01
7.971191406250000000e-01 -1.628417968750000000e-01 -5.329589843750000000e-01
8.242187500000000000e-01 -1.872558593750000000e-01 -6.074218750000000000e-01
7.131347656250000000e-01 -8.032226562500000000e-02 -8.283691406250000000e-01
4.824218750000000000e-01 -2.124023437500000000e-01 -8.984375000000000000e-01
5.834960937500000000e-01 -7.666015625000000000e-02 -8.691406250000000000e-01
4.558105468750000000e-01 -3.051757812500000000e-02 -1.016113281250000000e+00
3.791503906250000000e-01 -1.362304687500000000e-01 -1.018310546875000000e+00
2.307128906250000000e-01 -1.494140625000000000e-01 -1.031005859375000000e+00
2.585449218750000000e-01 -1.308593750000000000e-01 -1.004394531250000000e+00
2.192382812500000000e-01 -4.858398437500000000e-02 -9.052734375000000000e-01
1.938476562500000000e-01 -1.101074218750000000e-01 -9.213867187500000000e-01
1.201171875000000000e-01 -7.934570312500000000e-02 -1.048583984375000000e+00
2.204589843750000000e-01 -9.350585937500000000e-02 -1.179199218750000000e+00
1.232910156250000000e-01 2.685546875000000000e-02 -1.136230468750000000e+00
7.568359375000000000e-02 2.807617187500000000e-02 -9.238281250000000000e-01
6.933593750000000000e-02 -3.515625000000000000e-02 -8.398437500000000000e-01
2.272949218750000000e-01 -1.054687500000000000e-01 -8.322753906250000000e-01
4.682617187500000000e-01 -1.196289062500000000e-01 -7.353515625000000000e-01
4.311523437500000000e-01 -2.128906250000000000e-01 -6.975097656250000000e-01
5.351562500000000000e-01 -1.616210937500000000e-01 -5.798339843750000000e-01
7.150878906250000000e-01 -2.033691406250000000e-01 -4.711914062500000000e-01
7.724609375000000000e-01 -1.518554687500000000e-01 -4.467773437500000000e-01
7.680664062500000000e-01 -1.418457031250000000e-01 -2.766113281250000000e-01
7.331542968750000000e-01 -7.153320312500000000e-02 -2.666015625000000000e-01
8.850097656250000000e-01 -1.264648437500000000e-01 -3.115234375000000000e-01
8.935546875000000000e-01 -2.341308593750000000e-01 -3.342285156250000000e-01
7.832031250000000000e-01 -2.231445312500000000e-01 -2.788085937500000000e-01
8.710937500000000000e-01 -1.423339843750000000e-01 -1.833496093750000000e-01
9.787597656250000000e-01 -9.179687500000000000e-02 -1.809082031250000000e-01
9.519042968750000000e-01 -1.188964843750000000e-01 -1.528320312500000000e-01
9.606933593750000000e-01 -1.804199218750000000e-01 -6.201171875000000000e-02
9.323730468750000000e-01 -1.757812500000000000e-01 -8.349609375000000000e-02
1.072021484375000000e+00 -1.245117187500000000e-01 1.342773437500000000e-02
1.003173828125000000e+00 -3.320312500000000000e-02 8.544921875000000000e-03
7.338867187500000000e-01 -1.511230468750000000e-01 -3.637695312500000000e-02
1.369140625000000000e+00 -7.641601562500000000e-02 -4.636230468750000000e-01
1.016601562500000000e+00 -3.134765625000000000e-01 -1.896972656250000000e-01
7.797851562500000000e-01 -2.001953125000000000e-02 -6.030273437500000000e-02
9.389648437500000000e-01 1.633300781250000000e-01 -7.080078125000000000e-03
1.189941406250000000e+00 -1.391601562500000000e-02 5.712890625000000000e-02
1.315185546875000000e+00 -1.176757812500000000e-01 -4.394531250000000000e-03
8.635253906250000000e-01 3.686523437500000000e-02 7.836914062500000000e-02
7.888183593750000000e-01 1.137695312500000000e-01 7.666015625000000000e-02
1.155273437500000000e+00 -7.324218750000000000e-03 -5.029296875000000000e-02
1.244873046875000000e+00 -7.568359375000000000e-02 -1.782226562500000000e-01
8.610839843750000000e-01 2.783203125000000000e-02 -7.958984375000000000e-02
9.541015625000000000e-01 -1.101074218750000000e-01 2.905273437500000000e-02
1.080078125000000000e+00 -1.020507812500000000e-01 -2.392578125000000000e-02
9.870605468750000000e-01 -1.318359375000000000e-01 1.196289062500000000e-02
1.075439453125000000e+00 -1.130371093750000000e-01 -2.075195312500000000e-02
9.724121093750000000e-01 -6.176757812500000000e-02 7.763671875000000000e-02
9.787597656250000000e-01 -5.395507812500000000e-02 4.638671875000000000e-03
1.093017578125000000e+00 -4.101562500000000000e-02 -6.445312500000000000e-02
9.846191406250000000e-01 -3.710937500000000000e-02 3.906250000000000000e-03
1.028808593750000000e+00 -8.300781250000000000e-02 -7.421875000000000000e-02
1.016601562500000000e+00 -4.296875000000000000e-02 -8.813476562500000000e-02
9.855957031250000000e-01 -1.398925781250000000e-01 -7.055664062500000000e-02
9.877929687500000000e-01 -1.433105468750000000e-01 -3.906250000000000000e-02
1.066162109375000000e+00 -1.330566406250000000e-01 -4.125976562500000000e-02
9.777832031250000000e-01 -5.297851562500000000e-02 -9.155273437500000000e-02
9.750976562500000000e-01 -3.759765625000000000e-02 -8.789062500000000000e-02
9.772949218750000000e-01 -9.301757812500000000e-02 -5.834960937500000000e-02
9.746093750000000000e-01 -9.033203125000000000e-02 -5.029296875000000000e-02
9.880371093750000000e-01 -9.106445312500000000e-02 -1.252441406250000000e-01
9.868164062500000000e-01 -3.173828125000000000e-02 -1.513671875000000000e-01
9.738769531250000000e-01 -4.663085937500000000e-02 -1.137695312500000000e-01
9.946289062500000000e-01 -1.311035156250000000e-01 -1.171875000000000000e-01
1.031250000000000000e+00 -1.311035156250000000e-01 -9.545898437500000000e-02
1.009277343750000000e+00 -5.346679687500000000e-02 -1.552734375000000000e-01
1.014892578125000000e+00 -3.833007812500000000e-02 -1.547851562500000000e-01
1.001953125000000000e+00 -9.130859375000000000e-02 -9.887695312500000000e-02
1.007080078125000000e+00 -8.496093750000000000e-02 -1.188964843750000000e-01
9.328613281250000000e-01 -8.032226562500000000e-02 -1.882324218750000000e-01
9.316406250000000000e-01 -8.154296875000000000e-02 -1.997070312500000000e-01
