9.899902343750000000e-01 -2.050781250000000000e-02 5.981445312500000000e-02
9.899902343750000000e-01 -2.050781250000000000e-02 5.981445312500000000e-02
9.899902343750000000e-01 -2.050781250000000000e-02 5.981445312500000000e-02
9.897460937500000000e-01 -2.197265625000000000e-02 1.281738281250000000e-01
9.848632812500000000e-01 -1.953125000000000000e-02 6.176757812500000000e-02
9.824218750000000000e-01 -2.075195312500000000e-02 5.932617187500000000e-02
9.892578125000000000e-01 -2.124023437500000000e-02 5.932617187500000000e-02
9.953613281250000000e-01 -2.563476562500000000e-02 5.590820312500000000e-02
9.938964843750000000e-01 -2.294921875000000000e-02 5.126953125000000000e-02
9.975585937500000000e-01 -1.391601562500000000e-02 4.809570312500000000e-02
9.826660156250000000e-01 6.298828125000000000e-02 5.639648437500000000e-02
9.814453125000000000e-01 -2.441406250000000000e-04 5.468750000000000000e-02
9.792480468750000000e-01 -2.929687500000000000e-03 1.311035156250000000e-01
9.753417968750000000e-01 -6.835937500000000000e-03 1.340332031250000000e-01
9.780273437500000000e-01 -9.521484375000000000e-03 1.359863281250000000e-01
9.819335937500000000e-01 -1.245117187500000000e-02 1.308593750000000000e-01
9.848632812500000000e-01 -1.416015625000000000e-02 1.293945312500000000e-01
9.892578125000000000e-01 -2.099609375000000000e-02 1.262207031250000000e-01
9.821777343750000000e-01 -1.098632812500000000e-02 1.303710937500000000e-01
9.860839843750000000e-01 -1.611328125000000000e-02 1.262207031250000000e-01
9.836425781250000000e-01 7.153320312500000000e-02 1.303710937500000000e-01
9.860839843750000000e-01 9.106445312500000000e-02 6.005859375000000000e-02
9.868164062500000000e-01 3.881835937500000000e-02 5.004882812500000000e-02
9.855957031250000000e-01 4.052734375000000000e-02 5.786132812500000000e-02
9.824218750000000000e-01 3.710937500000000000e-02 5.664062500000000000e-02
9.877929687500000000e-01 7.519531250000000000e-02 5.102539062500000000e-02
9.948730468750000000e-01 7.421875000000000000e-02 3.247070312500000000e-02
9.978027343750000000e-01 6.372070312500000000e-02 5.126953125000000000e-02
9.980468750000000000e-01 6.347656250000000000e-02 8.398437500000000000e-02
9.880371093750000000e-01 2.929687500000000000e-02 3.662109375000000000e-02
9.968261718750000000e-01 -2.563476562500000000e-02 8.886718750000000000e-02
9.880371093750000000e-01 2.465820312500000000e-02 7.934570312500000000e-02
9.926757812500000000e-01 1.293945312500000000e-02 7.421875000000000000e-02
9.899902343750000000e-01 1.171875000000000000e-02 8.593750000000000000e-02
9.794921875000000000e-01 -7.568359375000000000e-02 7.885742187500000000e-02
9.812011718750000000e-01 9.765625000000000000e-04 1.269531250000000000e-01
1.078613281250000000e+00 -1.293945312500000000e-02 4.785156250000000000e-02
1.025634765625000000e+00 -9.985351562500000000e-02 8.154296875000000000e-02
1.071777343750000000e+00 2.490234375000000000e-02 4.125976562500000000e-02
9.997558593750000000e-01 8.398437500000000000e-02 7.958984375000000000e-02
9.692382812500000000e-01 -6.396484375000000000e-02 8.837890625000000000e-02
1.025390625000000000e+00 -9.228515625000000000e-02 4.394531250000000000e-02
1.074707031250000000e+00 -2.392578125000000000e-02 6.005859375000000000e-02
9.677734375000000000e-01 -8.007812500000000000e-02 5.957031250000000000e-02
1.076660156250000000e+00 8.007812500000000000e-02 1.384277343750000000e-01
9.797363281250000000e-01 1.074218750000000000e-01 1.003417968750000000e-01
1.015380859375000000e+00 7.324218750000000000e-04 1.340332031250000000e-01
1.063720703125000000e+00 -1.440429687500000000e-02 1.950683593750000000e-01
9.843750000000000000e-01 1.440429687500000000e-02 1.406250000000000000e-01
1.001220703125000000e+00 -3.149414062500000000e-02 1.508789062500000000e-01
1.078369140625000000e+00 5.810546875000000000e-02 1.425781250000000000e-01
1.092529296875000000e+00 1.179199218750000000e-01 4.101562500000000000e-02
8.645019531250000000e-01 -9.277343750000000000e-02 1.059570312500000000e-01
1.143798828125000000e+00 3.027343750000000000e-02 2.138671875000000000e-01
1.020996093750000000e+00 1.904296875000000000e-02 9.985351562500000000e-02
9.804687500000000000e-01 2.563476562500000000e-02 1.154785156250000000e-01
9.968261718750000000e-01 1.184082031250000000e-01 1.235351562500000000e-01
1.085693359375000000e+00 7.543945312500000000e-02 -9.521484375000000000e-03
9.138183593750000000e-01 6.835937500000000000e-03 9.692382812500000000e-02
1.042480468750000000e+00 -3.027343750000000000e-02 1.660156250000000000e-01
1.023193359375000000e+00 -7.983398437500000000e-02 5.664062500000000000e-02
1.063720703125000000e+00 -3.955078125000000000e-02 1.899414062500000000e-01
1.064697265625000000e+00 1.906738281250000000e-01 2.058105468750000000e-01
9.702148437500000000e-01 -2.197265625000000000e-03 -3.906250000000000000e-03
9.409179687500000000e-01 -2.783203125000000000e-02 1.210937500000000000e-01
1.068847656250000000e+00 6.835937500000000000e-03 1.884765625000000000e-01
9.326171875000000000e-01 -5.908203125000000000e-02 -1.831054687500000000e-02
1.047363281250000000e+00 8.789062500000000000e-02 9.423828125000000000e-02
9.748535156250000000e-01 2.060546875000000000e-01 6.005859375000000000e-02
1.019531250000000000e+00 -2.856445312500000000e-02 4.687500000000000000e-02
1.004150390625000000e+00 1.733398437500000000e-02 1.469726562500000000e-01
1.040283203125000000e+00 -8.081054687500000000e-02 1.557617187500000000e-01
9.106445312500000000e-01 7.324218750000000000e-03 7.739257812500000000e-02
1.090576171875000000e+00 7.885742187500000000e-02 1.550292968750000000e-01
1.067626953125000000e+00 2.016601562500000000e-01 7.275390625000000000e-02
1.017333984375000000e+00 1.733398437500000000e-02 9.155273437500000000e-02
9.797363281250000000e-01 -6.542968750000000000e-02 1.655273437500000000e-01
1.053710937500000000e+00 -4.614257812500000000e-02 7.495117187500000000e-02
9.216308593750000000e-01 -6.372070312500000000e-02 5.712890625000000000e-02
1.080810546875000000e+00 1.499023437500000000e-01 1.313476562500000000e-01
9.899902343750000000e-01 2.116699218750000000e-01 5.590820312500000000e-02
1.015869140625000000e+00 -6.469726562500000000e-02 3.784179687500000000e-02
9.875488281250000000e-01 0.000000000000000000e+00 1.889648437500000000e-01
1.036132812500000000e+00 -1.267089843750000000e-01 1.535644531250000000e-01
9.213867187500000000e-01 1.318359375000000000e-02 1.328125000000000000e-01
1.090820312500000000e+00 1.315917968750000000e-01 1.513671875000000000e-01
9.843750000000000000e-01 1.459960937500000000e-01 5.224609375000000000e-02
1.029785156250000000e+00 -2.050781250000000000e-02 1.525878906250000000e-01
9.729003906250000000e-01 1.879882812500000000e-02 1.691894531250000000e-01
1.081298828125000000e+00 -3.588867187500000000e-02 1.547851562500000000e-01
1.004882812500000000e+00 -3.173828125000000000e-02 5.541992187500000000e-02
1.082275390625000000e+00 1.499023437500000000e-01 9.912109375000000000e-02
1.027832031250000000e+00 3.588867187500000000e-02 6.127929687500000000e-02
1.012939453125000000e+00 2.758789062500000000e-02 1.098632812500000000e-01
1.075927734375000000e+00 2.539062500000000000e-02 1.103515625000000000e-01
9.880371093750000000e-01 -3.393554687500000000e-02 1.276855468750000000e-01
9.921875000000000000e-01 5.859375000000000000e-03 1.196289062500000000e-01
1.066894531250000000e+00 9.765625000000000000e-02 1.245117187500000000e-01
9.980468750000000000e-01 6.469726562500000000e-02 1.345214843750000000e-01
1.020263671875000000e+00 1.879882812500000000e-02 9.521484375000000000e-02
1.083740234375000000e+00 3.027343750000000000e-02 1.245117187500000000e-01
9.787597656250000000e-01 -4.223632812500000000e-02 1.496582031250000000e-01
1.068115234375000000e+00 -2.490234375000000000e-02 2.124023437500000000e-01
1.065429687500000000e+00 1.879882812500000000e-01 1.159667968750000000e-01
1.016113281250000000e+00 -2.343750000000000000e-02 1.022949218750000000e-01
1.021240234375000000e+00 2.343750000000000000e-02 1.877441406250000000e-01
1.073486328125000000e+00 -2.197265625000000000e-02 1.237792968750000000e-01
9.792480468750000000e-01 2.001953125000000000e-02 9.008789062500000000e-02
1.069091796875000000e+00 -8.544921875000000000e-03 2.019042968750000000e-01
9.916992187500000000e-01 1.186523437500000000e-01 9.423828125000000000e-02
1.021728515625000000e+00 8.129882812500000000e-02 1.484375000000000000e-01
1.015136718750000000e+00 -2.001953125000000000e-02 1.145019531250000000e-01
1.086425781250000000e+00 1.562500000000000000e-02 9.594726562500000000e-02
9.250488281250000000e-01 7.080078125000000000e-03 9.960937500000000000e-02
1.038574218750000000e+00 9.228515625000000000e-02 1.135253906250000000e-01
9.785156250000000000e-01 1.520996093750000000e-01 5.273437500000000000e-02
9.938964843750000000e-01 7.397460937500000000e-02 1.340332031250000000e-01
1.020507812500000000e+00 2.050781250000000000e-02 1.406250000000000000e-01
1.070556640625000000e+00 1.123046875000000000e-02 1.430664062500000000e-01
1.001464843750000000e+00 -6.469726562500000000e-02 1.433105468750000000e-01
1.091552734375000000e+00 -8.447265625000000000e-02 1.015625000000000000e-01
9.729003906250000000e-01 -1.025390625000000000e-02 9.667968750000000000e-02
9.892578125000000000e-01 -6.542968750000000000e-02 1.372070312500000000e-01
9.880371093750000000e-01 -6.982421875000000000e-02 1.457519531250000000e-01
1.076416015625000000e+00 1.831054687500000000e-02 9.619140625000000000e-02
9.843750000000000000e-01 8.056640625000000000e-03 1.320800781250000000e-01
9.838867187500000000e-01 -7.275390625000000000e-02 1.196289062500000000e-01
9.914550781250000000e-01 1.025390625000000000e-02 1.491699218750000000e-01
9.877929687500000000e-01 -8.203125000000000000e-02 1.459960937500000000e-01
9.812011718750000000e-01 8.544921875000000000e-03 1.291503906250000000e-01
9.748535156250000000e-01 2.587890625000000000e-02 1.376953125000000000e-01
9.921875000000000000e-01 -9.765625000000000000e-04 1.142578125000000000e-01
1.026367187500000000e+00 -1.464843750000000000e-03 1.030273437500000000e-01
1.031005859375000000e+00 8.007812500000000000e-02 1.237792968750000000e-01
1.063964843750000000e+00 3.491210937500000000e-02 1.137695312500000000e-01
1.064941406250000000e+00 1.254882812500000000e-01 1.530761718750000000e-01
1.013671875000000000e+00 1.169433593750000000e-01 1.489257812500000000e-01
1.029785156250000000e+00 9.545898437500000000e-02 1.486816406250000000e-01
9.794921875000000000e-01 6.152343750000000000e-02 1.411132812500000000e-01
9.851074218750000000e-01 1.389160156250000000e-01 1.154785156250000000e-01
1.031005859375000000e+00 4.345703125000000000e-02 1.057128906250000000e-01
9.733886718750000000e-01 1.269531250000000000e-01 1.186523437500000000e-01
9.108886718750000000e-01 6.616210937500000000e-02 1.491699218750000000e-01
1.006347656250000000e+00 -2.563476562500000000e-02 1.889648437500000000e-01
1.132568359375000000e+00 3.051757812500000000e-02 1.481933593750000000e-01
9.875488281250000000e-01 1.464843750000000000e-02 1.140136718750000000e-01
1.080566406250000000e+00 -2.929687500000000000e-03 1.127929687500000000e-01
1.080810546875000000e+00 4.931640625000000000e-02 1.528320312500000000e-01
1.027832031250000000e+00 7.446289062500000000e-02 1.513671875000000000e-01
9.770507812500000000e-01 2.758789062500000000e-02 1.542968750000000000e-01
1.029785156250000000e+00 -2.563476562500000000e-02 1.091308593750000000e-01
9.897460937500000000e-01 3.027343750000000000e-02 1.379394531250000000e-01
9.973144531250000000e-01 2.539062500000000000e-02 1.450195312500000000e-01
1.065185546875000000e+00 2.172851562500000000e-02 1.462402343750000000e-01
9.938964843750000000e-01 2.099609375000000000e-02 1.408691406250000000e-01
9.885253906250000000e-01 2.441406250000000000e-02 1.452636718750000000e-01
9.921875000000000000e-01 1.660156250000000000e-02 1.252441406250000000e-01
9.916992187500000000e-01 1.855468750000000000e-02 4.101562500000000000e-02
9.853515625000000000e-01 2.539062500000000000e-02 5.273437500000000000e-02
9.848632812500000000e-01 2.734375000000000000e-02 4.125976562500000000e-02
9.863281250000000000e-01 2.734375000000000000e-02 3.979492187500000000e-02
9.848632812500000000e-01 1.440429687500000000e-02 4.638671875000000000e-02
9.921875000000000000e-01 1.147460937500000000e-02 5.615234375000000000e-02
9.858398437500000000e-01 9.033203125000000000e-03 6.127929687500000000e-02
9.931640625000000000e-01 2.929687500000000000e-03 1.284179687500000000e-01
9.858398437500000000e-01 -6.542968750000000000e-02 1.254882812500000000e-01
9.848632812500000000e-01 1.635742187500000000e-02 1.367187500000000000e-01
9.833984375000000000e-01 1.123046875000000000e-02 1.271972656250000000e-01
9.836425781250000000e-01 1.806640625000000000e-02 1.315917968750000000e-01
9.794921875000000000e-01 1.171875000000000000e-02 1.335449218750000000e-01
9.909667968750000000e-01 1.025390625000000000e-02 1.313476562500000000e-01
9.848632812500000000e-01 2.075195312500000000e-02 1.391601562500000000e-01
9.836425781250000000e-01 2.197265625000000000e-02 1.430664062500000000e-01
9.885253906250000000e-01 2.539062500000000000e-02 1.384277343750000000e-01
9.929199218750000000e-01 2.294921875000000000e-02 1.306152343750000000e-01
9.936523437500000000e-01 1.855468750000000000e-02 1.413574218750000000e-01
9.870605468750000000e-01 1.416015625000000000e-02 1.447753906250000000e-01
9.892578125000000000e-01 1.416015625000000000e-02 1.398925781250000000e-01
9.846191406250000000e-01 1.049804687500000000e-02 1.435546875000000000e-01
9.870605468750000000e-01 8.544921875000000000e-03 9.399414062500000000e-02
9.851074218750000000e-01 4.638671875000000000e-03 1.481933593750000000e-01
9.833984375000000000e-01 1.220703125000000000e-03 9.448242187500000000e-02
9.846191406250000000e-01 4.394531250000000000e-03 9.643554687500000000e-02
9.904785156250000000e-01 4.394531250000000000e-03 1.511230468750000000e-01
9.870605468750000000e-01 1.342773437500000000e-02 1.037597656250000000e-01
9.873046875000000000e-01 1.416015625000000000e-02 9.399414062500000000e-02
9.880371093750000000e-01 1.538085937500000000e-02 9.423828125000000000e-02
9.921875000000000000e-01 1.123046875000000000e-02 1.005859375000000000e-01
9.892578125000000000e-01 1.806640625000000000e-02 9.497070312500000000e-02
9.846191406250000000e-01 1.831054687500000000e-02 1.542968750000000000e-01
9.863281250000000000e-01 1.733398437500000000e-02 1.525878906250000000e-01
9.897460937500000000e-01 1.513671875000000000e-02 9.472656250000000000e-02
9.833984375000000000e-01 9.765625000000000000e-03 1.557617187500000000e-01
9.868164062500000000e-01 1.367187500000000000e-02 9.399414062500000000e-02
9.868164062500000000e-01 5.126953125000000000e-03 9.643554687500000000e-02
9.821777343750000000e-01 1.220703125000000000e-03 9.765625000000000000e-02
9.841308593750000000e-01 1.147460937500000000e-02 1.530761718750000000e-01
9.931640625000000000e-01 8.544921875000000000e-03 1.479492187500000000e-01
9.858398437500000000e-01 7.568359375000000000e-03 1.496582031250000000e-01
9.846191406250000000e-01 6.103515625000000000e-03 1.538085937500000000e-01
