1.030029296875000000e+00 -1.259765625000000000e-01 -9.765625000000000000e-02
1.030029296875000000e+00 -1.259765625000000000e-01 -9.765625000000000000e-02
1.030029296875000000e+00 -1.259765625000000000e-01 -9.765625000000000000e-02
1.019287109375000000e+00 -6.225585937500000000e-02 -1.533203125000000000e-01
9.699707031250000000e-01 -1.323242187500000000e-01 -1.506347656250000000e-01
1.026123046875000000e+00 -1.335449218750000000e-01 -9.814453125000000000e-02
1.024414062500000000e+00 -1.311035156250000000e-01 -9.643554687500000000e-02
1.027343750000000000e+00 -1.284179687500000000e-01 -1.516113281250000000e-01
1.024658203125000000e+00 -1.320800781250000000e-01 -1.428222656250000000e-01
1.028320312500000000e+00 -1.279296875000000000e-01 -1.459960937500000000e-01
1.027587890625000000e+00 -1.291503906250000000e-01 -9.399414062500000000e-02
1.025634765625000000e+00 -1.291503906250000000e-01 -1.557617187500000000e-01
1.029785156250000000e+00 -1.281738281250000000e-01 -9.643554687500000000e-02
1.025634765625000000e+00 -1.259765625000000000e-01 -1.484375000000000000e-01
1.025878906250000000e+00 -1.301269531250000000e-01 -9.399414062500000000e-02
1.027099609375000000e+00 -6.127929687500000000e-02 -1.555175781250000000e-01
1.022705078125000000e+00 -1.257324218750000000e-01 -1.528320312500000000e-01
9.770507812500000000e-01 -6.079101562500000000e-02 -1.499023437500000000e-01
1.020751953125000000e+00 -1.267089843750000000e-01 -1.511230468750000000e-01
1.023925781250000000e+00 -1.320800781250000000e-01 -9.570312500000000000e-02
1.015869140625000000e+00 -1.313476562500000000e-01 -1.560058593750000000e-01
1.018554687500000000e+00 -1.442871093750000000e-01 -1.015625000000000000e-01
1.018554687500000000e+00 -1.325683593750000000e-01 -1.166992187500000000e-01
9.704589843750000000e-01 -1.335449218750000000e-01 -1.943359375000000000e-01
1.017333984375000000e+00 -1.489257812500000000e-01 -2.131347656250000000e-01
1.002685546875000000e+00 -1.398925781250000000e-01 -1.657714843750000000e-01
9.199218750000000000e-01 -1.535644531250000000e-01 -2.551269531250000000e-01
9.582519531250000000e-01 -9.448242187500000000e-02 -2.758789062500000000e-01
9.504394531250000000e-01 -4.492187500000000000e-02 -1.772460937500000000e-01
9.101562500000000000e-01 -4.150390625000000000e-02 -2.426757812500000000e-01
8.737792968750000000e-01 -5.712890625000000000e-02 -3.190917968750000000e-01
8.937988281250000000e-01 -1.560058593750000000e-01 -2.460937500000000000e-01
8.059082031250000000e-01 -1.447753906250000000e-01 -2.976074218750000000e-01
7.490234375000000000e-01 -1.523437500000000000e-01 -2.426757812500000000e-01
8.039550781250000000e-01 -9.375000000000000000e-02 -2.265625000000000000e-01
8.247070312500000000e-01 3.173828125000000000e-03 -3.044433593750000000e-01
8.535156250000000000e-01 -1.032714843750000000e-01 -4.401855468750000000e-01
7.885742187500000000e-01 -3.271484375000000000e-02 -5.122070312500000000e-01
9.384765625000000000e-01 -8.300781250000000000e-02 -4.304199218750000000e-01
8.601074218750000000e-01 -1.462402343750000000e-01 -4.929199218750000000e-01
8.698730468750000000e-01 3.417968750000000000e-03 -4.943847656250000000e-01
8.691406250000000000e-01 -1.298828125000000000e-01 -4.975585937500000000e-01
1.039306640625000000e+00 -1.330566406250000000e-01 -5.773925781250000000e-01
1.101318359375000000e+00 3.076171875000000000e-02 -4.833984375000000000e-01
1.432617187500000000e+00 -1.076660156250000000e-01 -7.028808593750000000e-01
2.334960937500000000e+00 -1.047363281250000000e-01 -8.405761718750000000e-01
1.804199218750000000e+00 -2.087402343750000000e-01 -8.068847656250000000e-01
9.360351562500000000e-01 3.222656250000000000e-02 -7.687988281250000000e-01
2.346191406250000000e-01 6.665039062500000000e-02 3.222656250000000000e-02
-6.899414062500000000e-01 1.611328125000000000e-02 -1.960449218750000000e-01
1.435546875000000000e-01 -1.921386718750000000e-01 9.960937500000000000e-02
-1.418457031250000000e-01 1.450195312500000000e-01 1.953125000000000000e-03
4.028320312500000000e-02 -1.071777343750000000e-01 -7.324218750000000000e-02
1.848144531250000000e-01 1.110839843750000000e-01 -1.047363281250000000e-01
1.599121093750000000e+00 -4.458007812500000000e-01 -8.901367187500000000e-01
2.840576171875000000e+00 1.735839843750000000e-01 -1.081542968750000000e-01
3.207031250000000000e+00 1.708984375000000000e-02 -8.137207031250000000e-01
1.933105468750000000e+00 -2.897949218750000000e-01 -9.316406250000000000e-01
5.310058593750000000e-01 -1.225585937500000000e-01 -1.677246093750000000e-01
-5.717773437500000000e-01 -1.513671875000000000e-02 2.795410156250000000e-01
-1.330566406250000000e-01 -1.782226562500000000e-02 1.831054687500000000e-02
4.687500000000000000e-02 -1.542968750000000000e-01 -6.689453125000000000e-02
2.490234375000000000e-02 9.252929687500000000e-02 1.032714843750000000e-01
2.414550781250000000e-01 2.097167968750000000e-01 -7.080078125000000000e-02
1.423095703125000000e+00 -3.425292968750000000e-01 -3.579101562500000000e-01
2.919677734375000000e+00 1.188964843750000000e-01 -1.110839843750000000e-01
3.704101562500000000e+00 -1.442871093750000000e-01 -7.556152343750000000e-01
1.701904296875000000e+00 -3.776855468750000000e-01 -7.150878906250000000e-01
4.589843750000000000e-01 -3.825683593750000000e-01 8.300781250000000000e-02
-7.844238281250000000e-01 3.410644531250000000e-01 3.459472656250000000e-01
1.628417968750000000e-01 -7.080078125000000000e-02 -8.593750000000000000e-02
-4.174804687500000000e-02 6.542968750000000000e-02 1.120605468750000000e-01
-4.687500000000000000e-02 -6.909179687500000000e-02 3.173828125000000000e-03
4.760742187500000000e-01 9.130859375000000000e-02 -1.704101562500000000e-01
2.205566406250000000e+00 -4.223632812500000000e-02 -7.094726562500000000e-01
3.531494140625000000e+00 -5.019531250000000000e-01 -6.918945312500000000e-01
2.522460937500000000e+00 -2.185058593750000000e-01 -6.176757812500000000e-01
1.010253906250000000e+00 -1.420898437500000000e-01 -3.322753906250000000e-01
-3.442382812500000000e-01 -9.814453125000000000e-02 2.082519531250000000e-01
-3.107910156250000000e-01 1.501464843750000000e-01 -7.885742187500000000e-02
2.141113281250000000e-01 -1.320800781250000000e-01 -1.025390625000000000e-02
1.538085937500000000e-02 3.320312500000000000e-02 1.301269531250000000e-01
4.516601562500000000e-02 1.782226562500000000e-02 2.197265625000000000e-02
6.604003906250000000e-01 8.886718750000000000e-02 -9.716796875000000000e-02
2.786621093750000000e+00 -3.010253906250000000e-01 -5.395507812500000000e-02
3.551025390625000000e+00 -4.052734375000000000e-02 -8.205566406250000000e-01
2.368896484375000000e+00 -3.308105468750000000e-01 -7.734375000000000000e-01
1.068115234375000000e+00 -5.371093750000000000e-02 -2.673339843750000000e-01
-3.688964843750000000e-01 -4.882812500000000000e-04 2.243652343750000000e-01
-3.041992187500000000e-01 8.544921875000000000e-02 -1.457519531250000000e-01
1.706542968750000000e-01 -1.523437500000000000e-01 1.359863281250000000e-01
-5.419921875000000000e-02 9.228515625000000000e-02 1.831054687500000000e-02
1.457519531250000000e-01 -6.396484375000000000e-02 -2.636718750000000000e-02
6.403808593750000000e-01 1.992187500000000000e-01 1.457519531250000000e-01
1.987304687500000000e+00 -4.643554687500000000e-01 8.422851562500000000e-02
3.702392578125000000e+00 -6.352539062500000000e-01 -7.119140625000000000e-01
3.077880859375000000e+00 -9.350585937500000000e-02 -9.748535156250000000e-01
1.259521484375000000e+00 -6.545410156250000000e-01 -3.720703125000000000e-01
6.982421875000000000e-02 -1.994628906250000000e-01 8.105468750000000000e-02
-7.050781250000000000e-01 3.613281250000000000e-01 1.118164062500000000e-01
1.540527343750000000e-01 -2.443847656250000000e-01 -9.155273437500000000e-02
6.396484375000000000e-02 9.326171875000000000e-02 1.418457031250000000e-01
8.081054687500000000e-02 -2.197265625000000000e-02 2.661132812500000000e-02
6.044921875000000000e-01 -3.662109375000000000e-03 -6.689453125000000000e-02
2.267822265625000000e+00 -1.298828125000000000e-01 2.875976562500000000e-01
2.696289062500000000e+00 -4.174804687500000000e-01 -5.861816406250000000e-01
3.717773437500000000e+00 -5.170898437500000000e-01 -1.341064453125000000e+00
1.008789062500000000e+00 -2.133789062500000000e-01 -3.935546875000000000e-01
-3.630371093750000000e-01 -1.220703125000000000e-01 1.806640625000000000e-02
-5.998535156250000000e-01 1.218261718750000000e-01 1.113281250000000000e-01
4.597167968750000000e-01 -1.909179687500000000e-01 -6.835937500000000000e-02
-5.200195312500000000e-02 1.528320312500000000e-01 4.028320312500000000e-02
1.921386718750000000e-01 7.080078125000000000e-03 -1.025390625000000000e-02
1.266601562500000000e+00 -1.093750000000000000e-01 4.467773437500000000e-02
2.625244140625000000e+00 -3.225097656250000000e-01 -6.420898437500000000e-02
3.865722656250000000e+00 -2.512207031250000000e-01 -4.914550781250000000e-01
1.890136718750000000e+00 -2.695312500000000000e-01 -5.747070312500000000e-01
3.305664062500000000e-01 -2.470703125000000000e-01 2.441406250000000000e-03
-3.649902343750000000e-01 1.203613281250000000e-01 2.548828125000000000e-01
3.637695312500000000e-02 9.204101562500000000e-02 -1.220703125000000000e-03
6.127929687500000000e-02 -5.419921875000000000e-02 1.660156250000000000e-02
1.611328125000000000e-02 9.057617187500000000e-02 7.226562500000000000e-02
3.564453125000000000e-01 1.269531250000000000e-02 -8.300781250000000000e-02
1.431884765625000000e+00 -3.962402343750000000e-01 -4.458007812500000000e-01
3.569824218750000000e+00 -2.612304687500000000e-02 -7.807617187500000000e-01
3.148193359375000000e+00 -4.978027343750000000e-01 -1.081787109375000000e+00
1.034912109375000000e+00 -2.346191406250000000e-01 -3.249511718750000000e-01
-1.081542968750000000e-01 -3.320312500000000000e-02 8.593750000000000000e-02
-5.842285156250000000e-01 1.660156250000000000e-01 -1.003417968750000000e-01
1.215820312500000000e-01 -1.574707031250000000e-01 2.905273437500000000e-02
9.277343750000000000e-02 1.408691406250000000e-01 9.301757812500000000e-02
6.347656250000000000e-02 1.513671875000000000e-02 3.320312500000000000e-02
5.185546875000000000e-01 3.320312500000000000e-01 1.984863281250000000e-01
1.672119140625000000e+00 -3.266601562500000000e-01 -4.650878906250000000e-01
3.198242187500000000e+00 -5.458984375000000000e-01 -5.898437500000000000e-01
3.317626953125000000e+00 -2.265625000000000000e-01 -6.601562500000000000e-01
1.744628906250000000e+00 -1.613769531250000000e-01 -6.481933593750000000e-01
3.237304687500000000e-01 -3.242187500000000000e-01 -4.736328125000000000e-02
-7.360839843750000000e-01 1.850585937500000000e-01 4.052734375000000000e-01
3.344726562500000000e-02 -7.006835937500000000e-02 -2.680664062500000000e-01
-3.051757812500000000e-02 -2.685546875000000000e-03 1.342773437500000000e-01
9.277343750000000000e-03 -3.979492187500000000e-02 -5.981445312500000000e-02
1.738281250000000000e-01 8.398437500000000000e-02 1.345214843750000000e-01
1.161132812500000000e+00 -9.545898437500000000e-02 -3.488769531250000000e-01
3.386962890625000000e+00 -2.590332031250000000e-01 -3.986816406250000000e-01
4.063964843750000000e+00 -4.755859375000000000e-01 -1.163085937500000000e+00
1.481933593750000000e+00 -2.358398437500000000e-01 -6.042480468750000000e-01
2.744140625000000000e-01 -2.373046875000000000e-01 3.662109375000000000e-03
-5.671386718750000000e-01 3.386230468750000000e-01 1.657714843750000000e-01
4.394531250000000000e-02 -1.113281250000000000e-01 -1.281738281250000000e-01
-1.782226562500000000e-02 -3.149414062500000000e-02 2.160644531250000000e-01
5.395507812500000000e-02 1.616210937500000000e-01 1.259765625000000000e-01
1.364746093750000000e-01 3.149414062500000000e-02 7.592773437500000000e-02
9.687500000000000000e-01 -2.912597656250000000e-01 -4.938964843750000000e-01
2.548339843750000000e+00 -6.201171875000000000e-01 -4.001464843750000000e-01
4.252197265625000000e+00 -5.727539062500000000e-01 -9.516601562500000000e-01
1.720703125000000000e+00 -2.482910156250000000e-01 -7.026367187500000000e-01
5.769042968750000000e-01 -3.554687500000000000e-01 -1.794433593750000000e-01
-5.256347656250000000e-01 4.980468750000000000e-02 2.646484375000000000e-01
-2.106933593750000000e-01 1.225585937500000000e-01 -2.695312500000000000e-01
2.119140625000000000e-01 -4.467773437500000000e-02 3.540039062500000000e-02
-6.909179687500000000e-02 1.757812500000000000e-02 -2.783203125000000000e-02
3.603515625000000000e-01 8.593750000000000000e-02 8.447265625000000000e-02
1.302734375000000000e+00 -3.640136718750000000e-01 -3.713378906250000000e-01
2.703857421875000000e+00 -2.661132812500000000e-01 -1.279296875000000000e-01
3.707031250000000000e+00 -3.603515625000000000e-01 -1.037597656250000000e+00
1.751708984375000000e+00 -3.918457031250000000e-01 -5.981445312500000000e-01
2.204589843750000000e-01 -1.250000000000000000e-01 -2.026367187500000000e-02
-5.766601562500000000e-01 1.350097656250000000e-01 3.378906250000000000e-01
5.224609375000000000e-02 1.308593750000000000e-01 -1.123046875000000000e-01
8.081054687500000000e-02 -4.663085937500000000e-02 -1.049804687500000000e-02
6.103515625000000000e-03 -6.030273437500000000e-02 6.494140625000000000e-02
3.547363281250000000e-01 1.269531250000000000e-02 -3.466796875000000000e-02
2.103027343750000000e+00 -9.521484375000000000e-03 1.960449218750000000e-01
3.666259765625000000e+00 -2.536621093750000000e-01 -8.342285156250000000e-01
3.060791015625000000e+00 -1.711425781250000000e-01 -6.960449218750000000e-01
1.064208984375000000e+00 -1.152343750000000000e-01 -2.905273437500000000e-01
-1.035156250000000000e-01 -1.245117187500000000e-01 2.873535156250000000e-01
-4.118652343750000000e-01 2.099609375000000000e-01 -2.182617187500000000e-01
6.127929687500000000e-02 -2.124023437500000000e-01 -1.643066406250000000e-01
-1.904296875000000000e-02 -1.320800781250000000e-01 -2.856445312500000000e-02
5.810546875000000000e-02 3.222656250000000000e-02 6.494140625000000000e-02
6.882324218750000000e-01 -1.586914062500000000e-02 -2.709960937500000000e-01
2.647705078125000000e+00 -1.740722656250000000e-01 3.251953125000000000e-01
2.816650390625000000e+00 -5.810546875000000000e-02 -1.984863281250000000e-01
2.481201171875000000e+00 -6.616210937500000000e-01 -8.312988281250000000e-01
1.692626953125000000e+00 -5.126953125000000000e-02 -4.689941406250000000e-01
1.110839843750000000e-01 -1.049804687500000000e-02 -1.079101562500000000e-01
-6.271972656250000000e-01 -1.154785156250000000e-01 5.566406250000000000e-02
1.552734375000000000e-01 4.052734375000000000e-02 -9.936523437500000000e-02
1.230468750000000000e-01 -2.734375000000000000e-02 8.300781250000000000e-02
-2.050781250000000000e-02 1.879882812500000000e-02 -1.733398437500000000e-02
7.736816406250000000e-01 -9.033203125000000000e-02 -4.665527343750000000e-01
3.019531250000000000e+00 -2.080078125000000000e-01 -3.002929687500000000e-02
2.929931640625000000e+00 7.666015625000000000e-02 -1.716308593750000000e-01
2.186767578125000000e+00 -3.745117187500000000e-01 -5.581054687500000000e-01
7.446289062500000000e-01 -3.002929687500000000e-01 -1.855468750000000000e-02
-5.705566406250000000e-01 3.906250000000000000e-02 2.763671875000000000e-01
-1.105957031250000000e-01 1.999511718750000000e-01 -3.996582031250000000e-01
4.589843750000000000e-02 -1.936035156250000000e-01 1.342773437500000000e-01
