8.049316406250000000e-01 6.787109375000000000e-02 -4.726562500000000000e-01
8.049316406250000000e-01 6.787109375000000000e-02 -4.726562500000000000e-01
8.056640625000000000e-01 6.396484375000000000e-02 -4.689941406250000000e-01
8.027343750000000000e-01 6.445312500000000000e-02 -5.278320312500000000e-01
7.968750000000000000e-01 6.909179687500000000e-02 -4.687500000000000000e-01
8.041992187500000000e-01 6.713867187500000000e-02 -5.270996093750000000e-01
8.020019531250000000e-01 6.640625000000000000e-02 -5.214843750000000000e-01
8.063964843750000000e-01 6.689453125000000000e-02 -5.258789062500000000e-01
8.085937500000000000e-01 -1.220703125000000000e-03 -4.719238281250000000e-01
8.029785156250000000e-01 6.860351562500000000e-02 -5.280761718750000000e-01
8.059082031250000000e-01 6.884765625000000000e-02 -5.263671875000000000e-01
8.056640625000000000e-01 7.202148437500000000e-02 -5.266113281250000000e-01
8.034667968750000000e-01 6.860351562500000000e-02 -5.295410156250000000e-01
8.041992187500000000e-01 6.762695312500000000e-02 -5.253906250000000000e-01
7.998046875000000000e-01 6.591796875000000000e-02 -5.275878906250000000e-01
8.076171875000000000e-01 7.226562500000000000e-02 -4.689941406250000000e-01
8.044433593750000000e-01 7.250976562500000000e-02 -5.241699218750000000e-01
8.022460937500000000e-01 6.738281250000000000e-02 -5.253906250000000000e-01
8.034667968750000000e-01 7.055664062500000000e-02 -4.689941406250000000e-01
8.056640625000000000e-01 6.787109375000000000e-02 -4.692382812500000000e-01
8.049316406250000000e-01 6.738281250000000000e-02 -5.263671875000000000e-01
8.034667968750000000e-01 7.299804687500000000e-02 -4.692382812500000000e-01
8.068847656250000000e-01 7.104492187500000000e-02 -4.711914062500000000e-01
7.968750000000000000e-01 6.640625000000000000e-02 -4.702148437500000000e-01
7.937011718750000000e-01 7.055664062500000000e-02 -5.297851562500000000e-01
8.005371093750000000e-01 6.665039062500000000e-02 -5.295410156250000000e-01
8.830566406250000000e-01 -3.662109375000000000e-03 -4.699707031250000000e-01
8.037109375000000000e-01 -1.147460937500000000e-02 -4.772949218750000000e-01
8.393554687500000000e-01 -2.246093750000000000e-02 -5.261230468750000000e-01
8.395996093750000000e-01 -3.662109375000000000e-03 -5.283203125000000000e-01
8.244628906250000000e-01 7.885742187500000000e-02 -4.343261718750000000e-01
8.117675781250000000e-01 4.223632812500000000e-02 -4.589843750000000000e-01
9.863281250000000000e-01 1.000976562500000000e-01 -5.244140625000000000e-01
8.664550781250000000e-01 6.103515625000000000e-02 -4.138183593750000000e-01
8.176269531250000000e-01 4.614257812500000000e-02 -4.616699218750000000e-01
8.212890625000000000e-01 4.467773437500000000e-02 -4.548339843750000000e-01
8.833007812500000000e-01 5.786132812500000000e-02 -4.284667968750000000e-01
8.571777343750000000e-01 8.642578125000000000e-02 -5.053710937500000000e-01
8.974609375000000000e-01 8.862304687500000000e-02 -5.310058593750000000e-01
8.312988281250000000e-01 3.295898437500000000e-02 -6.274414062500000000e-01
7.180175781250000000e-01 -1.733398437500000000e-02 -5.324707031250000000e-01
7.001953125000000000e-01 1.000976562500000000e-02 -5.488281250000000000e-01
7.705078125000000000e-01 -8.618164062500000000e-02 -6.542968750000000000e-01
8.176269531250000000e-01 -4.223632812500000000e-02 -6.877441406250000000e-01
8.178710937500000000e-01 -4.125976562500000000e-02 -6.215820312500000000e-01
7.270507812500000000e-01 -5.371093750000000000e-02 -6.052246093750000000e-01
7.553710937500000000e-01 -1.354980468750000000e-01 -6.491699218750000000e-01
7.568359375000000000e-01 -1.462402343750000000e-01 -5.993652343750000000e-01
6.735839843750000000e-01 -1.101074218750000000e-01 -6.049804687500000000e-01
6.845703125000000000e-01 -1.057128906250000000e-01 -6.103515625000000000e-01
6.728515625000000000e-01 -1.970214843750000000e-01 -5.974121093750000000e-01
6.760253906250000000e-01 -1.657714843750000000e-01 -6.242675781250000000e-01
6.782226562500000000e-01 -2.131347656250000000e-01 -6.130371093750000000e-01
6.677246093750000000e-01 -2.075195312500000000e-01 -6.118164062500000000e-01
6.650390625000000000e-01 -1.240234375000000000e-01 -6.000976562500000000e-01
7.119140625000000000e-01 -1.242675781250000000e-01 -5.959472656250000000e-01
7.504882812500000000e-01 -1.071777343750000000e-01 -5.991210937500000000e-01
7.570800781250000000e-01 -1.066894531250000000e-01 -6.901855468750000000e-01
6.872558593750000000e-01 -1.123046875000000000e-01 -6.022949218750000000e-01
7.690429687500000000e-01 -1.516113281250000000e-01 -6.115722656250000000e-01
7.797851562500000000e-01 -6.005859375000000000e-02 -6.882324218750000000e-01
7.551269531250000000e-01 -3.759765625000000000e-02 -6.032714843750000000e-01
6.867675781250000000e-01 -3.515625000000000000e-02 -6.018066406250000000e-01
6.677246093750000000e-01 -7.275390625000000000e-02 -6.435546875000000000e-01
6.679687500000000000e-01 2.612304687500000000e-02 -5.581054687500000000e-01
7.783203125000000000e-01 -3.002929687500000000e-02 -5.339355468750000000e-01
8.334960937500000000e-01 -1.391601562500000000e-02 -5.700683593750000000e-01
8.095703125000000000e-01 6.420898437500000000e-02 -5.683593750000000000e-01
8.044433593750000000e-01 4.980468750000000000e-02 -4.826660156250000000e-01
8.769531250000000000e-01 1.472167968750000000e-01 -4.992675781250000000e-01
8.269042968750000000e-01 1.313476562500000000e-01 -4.746093750000000000e-01
8.308105468750000000e-01 1.374511718750000000e-01 -5.283203125000000000e-01
8.232421875000000000e-01 1.430664062500000000e-01 -5.158691406250000000e-01
7.934570312500000000e-01 1.389160156250000000e-01 -5.136718750000000000e-01
8.847656250000000000e-01 1.076660156250000000e-01 -5.175781250000000000e-01
8.535156250000000000e-01 1.193847656250000000e-01 -4.567871093750000000e-01
9.653320312500000000e-01 1.940917968750000000e-01 -6.254882812500000000e-01
8.334960937500000000e-01 1.171875000000000000e-02 -5.864257812500000000e-01
7.434082031250000000e-01 -9.570312500000000000e-02 -5.925292968750000000e-01
8.356933593750000000e-01 -6.835937500000000000e-02 -6.535644531250000000e-01
7.326660156250000000e-01 -1.267089843750000000e-01 -5.903320312500000000e-01
8.981933593750000000e-01 -9.667968750000000000e-02 -4.804687500000000000e-01
9.052734375000000000e-01 2.392578125000000000e-02 -4.938964843750000000e-01
7.680664062500000000e-01 -1.269531250000000000e-01 -4.697265625000000000e-01
6.831054687500000000e-01 -1.555175781250000000e-01 -4.084472656250000000e-01
7.846679687500000000e-01 -7.617187500000000000e-02 -5.017089843750000000e-01
8.825683593750000000e-01 1.367187500000000000e-02 -4.357910156250000000e-01
8.054199218750000000e-01 -2.099609375000000000e-02 -3.654785156250000000e-01
8.813476562500000000e-01 5.126953125000000000e-02 -3.593750000000000000e-01
1.017822265625000000e+00 1.225585937500000000e-01 -4.572753906250000000e-01
9.226074218750000000e-01 -1.379394531250000000e-01 -7.463378906250000000e-01
8.413085937500000000e-01 -2.131347656250000000e-01 -7.641601562500000000e-01
6.267089843750000000e-01 -1.071777343750000000e-01 -3.593750000000000000e-01
8.300781250000000000e-01 -1.398925781250000000e-01 -6.030273437500000000e-01
9.042968750000000000e-01 1.472167968750000000e-01 -7.141113281250000000e-01
6.901855468750000000e-01 7.690429687500000000e-02 -4.887695312500000000e-01
6.335449218750000000e-01 2.368164062500000000e-02 -5.192871093750000000e-01
6.794433593750000000e-01 -8.056640625000000000e-03 -5.190429687500000000e-01
7.885742187500000000e-01 1.047363281250000000e-01 -6.188964843750000000e-01
7.534179687500000000e-01 2.343750000000000000e-01 -6.279296875000000000e-01
5.532226562500000000e-01 2.685546875000000000e-01 -6.064453125000000000e-01
7.033691406250000000e-01 1.547851562500000000e-01 -8.210449218750000000e-01
7.707519531250000000e-01 -1.367187500000000000e-01 -7.668457031250000000e-01
8.203125000000000000e-01 -1.159667968750000000e-01 -5.974121093750000000e-01
8.479003906250000000e-01 -7.421875000000000000e-02 -6.948242187500000000e-01
7.915039062500000000e-01 -1.752929687500000000e-01 -6.923828125000000000e-01
7.595214843750000000e-01 -8.081054687500000000e-02 -4.943847656250000000e-01
6.801757812500000000e-01 -6.982421875000000000e-02 -4.833984375000000000e-01
6.784667968750000000e-01 -1.569824218750000000e-01 -6.435546875000000000e-01
7.145996093750000000e-01 -1.533203125000000000e-01 -5.974121093750000000e-01
7.583007812500000000e-01 -3.784179687500000000e-02 -6.081542968750000000e-01
6.777343750000000000e-01 -1.298828125000000000e-01 -6.025390625000000000e-01
6.601562500000000000e-01 -9.326171875000000000e-02 -6.147460937500000000e-01
7.014160156250000000e-01 -4.467773437500000000e-02 -6.918945312500000000e-01
7.060546875000000000e-01 -1.333007812500000000e-01 -6.208496093750000000e-01
6.726074218750000000e-01 -5.419921875000000000e-02 -6.030273437500000000e-01
6.679687500000000000e-01 -4.907226562500000000e-02 -6.176757812500000000e-01
7.128906250000000000e-01 -9.375000000000000000e-02 -6.157226562500000000e-01
6.584472656250000000e-01 -4.028320312500000000e-02 -6.140136718750000000e-01
6.843261718750000000e-01 -5.590820312500000000e-02 -7.111816406250000000e-01
7.507324218750000000e-01 -2.880859375000000000e-02 -6.430664062500000000e-01
9.414062500000000000e-01 3.198242187500000000e-02 -6.389160156250000000e-01
9.416503906250000000e-01 4.199218750000000000e-02 -6.777343750000000000e-01
7.312011718750000000e-01 -8.056640625000000000e-03 -4.880371093750000000e-01
7.817382812500000000e-01 7.788085937500000000e-02 -5.737304687500000000e-01
8.813476562500000000e-01 5.810546875000000000e-02 -5.634765625000000000e-01
8.168945312500000000e-01 8.129882812500000000e-02 -4.914550781250000000e-01
7.258300781250000000e-01 -8.056640625000000000e-03 -5.346679687500000000e-01
7.375488281250000000e-01 6.762695312500000000e-02 -5.329589843750000000e-01
7.355957031250000000e-01 9.326171875000000000e-02 -5.434570312500000000e-01
7.285156250000000000e-01 -4.150390625000000000e-03 -5.356445312500000000e-01
8.200683593750000000e-01 -1.708984375000000000e-03 -5.646972656250000000e-01
8.144531250000000000e-01 7.446289062500000000e-02 -5.454101562500000000e-01
7.473144531250000000e-01 4.956054687500000000e-02 -6.115722656250000000e-01
7.258300781250000000e-01 -8.789062500000000000e-02 -4.711914062500000000e-01
8.171386718750000000e-01 -7.495117187500000000e-02 -5.673828125000000000e-01
8.410644531250000000e-01 7.519531250000000000e-02 -5.581054687500000000e-01
7.287597656250000000e-01 -1.464843750000000000e-02 -5.522460937500000000e-01
7.348632812500000000e-01 1.855468750000000000e-02 -5.419921875000000000e-01
8.171386718750000000e-01 -1.391601562500000000e-02 -6.274414062500000000e-01
8.154296875000000000e-01 2.197265625000000000e-02 -5.412597656250000000e-01
7.453613281250000000e-01 7.324218750000000000e-04 -5.417480468750000000e-01
8.132324218750000000e-01 -6.396484375000000000e-02 -5.434570312500000000e-01
8.149414062500000000e-01 -6.665039062500000000e-02 -5.922851562500000000e-01
7.500000000000000000e-01 1.220703125000000000e-03 -5.922851562500000000e-01
8.261718750000000000e-01 1.733398437500000000e-02 -5.324707031250000000e-01
8.242187500000000000e-01 1.879882812500000000e-02 -5.761718750000000000e-01
8.330078125000000000e-01 -2.880859375000000000e-02 -5.803222656250000000e-01
8.288574218750000000e-01 -1.269531250000000000e-02 -5.861816406250000000e-01
8.300781250000000000e-01 -3.076171875000000000e-02 -5.925292968750000000e-01
8.288574218750000000e-01 -1.586914062500000000e-02 -5.888671875000000000e-01
8.181152343750000000e-01 -2.026367187500000000e-02 -5.864257812500000000e-01
8.190917968750000000e-01 -1.342773437500000000e-02 -5.913085937500000000e-01
7.500000000000000000e-01 -1.708984375000000000e-03 -5.424804687500000000e-01
7.443847656250000000e-01 -5.371093750000000000e-03 -5.336914062500000000e-01
8.137207031250000000e-01 -2.319335937500000000e-02 -5.922851562500000000e-01
8.261718750000000000e-01 -2.587890625000000000e-02 -5.866699218750000000e-01
8.261718750000000000e-01 6.787109375000000000e-02 -5.717773437500000000e-01
8.300781250000000000e-01 6.933593750000000000e-02 -5.737304687500000000e-01
8.337402343750000000e-01 -2.685546875000000000e-03 -5.881347656250000000e-01
8.269042968750000000e-01 -2.441406250000000000e-02 -5.742187500000000000e-01
8.176269531250000000e-01 -2.880859375000000000e-02 -5.627441406250000000e-01
8.198242187500000000e-01 3.100585937500000000e-02 -5.771484375000000000e-01
8.293457031250000000e-01 2.929687500000000000e-02 -5.725097656250000000e-01
8.288574218750000000e-01 -1.562500000000000000e-02 -5.744628906250000000e-01
8.264160156250000000e-01 6.469726562500000000e-02 -5.839843750000000000e-01
8.227539062500000000e-01 4.589843750000000000e-02 -5.351562500000000000e-01
8.266601562500000000e-01 4.003906250000000000e-02 -5.866699218750000000e-01
8.344726562500000000e-01 7.666015625000000000e-02 -5.329589843750000000e-01
8.222656250000000000e-01 -2.197265625000000000e-02 -5.332031250000000000e-01
8.132324218750000000e-01 1.586914062500000000e-02 -5.930175781250000000e-01
7.395019531250000000e-01 6.884765625000000000e-02 -5.373535156250000000e-01
7.443847656250000000e-01 1.386718750000000000e-01 -5.451660156250000000e-01
7.290039062500000000e-01 1.440429687500000000e-01 -5.488281250000000000e-01
7.458496093750000000e-01 7.885742187500000000e-02 -5.405273437500000000e-01
8.127441406250000000e-01 -1.831054687500000000e-02 -5.488281250000000000e-01
7.392578125000000000e-01 2.783203125000000000e-02 -5.419921875000000000e-01
7.482910156250000000e-01 -2.099609375000000000e-02 -5.356445312500000000e-01
8.173828125000000000e-01 -1.953125000000000000e-02 -5.410156250000000000e-01
7.500000000000000000e-01 -1.733398437500000000e-02 -5.341796875000000000e-01
7.436523437500000000e-01 -8.056640625000000000e-03 -5.371093750000000000e-01
8.193359375000000000e-01 -2.929687500000000000e-03 -5.468750000000000000e-01
7.434082031250000000e-01 -2.685546875000000000e-03 -5.410156250000000000e-01
7.407226562500000000e-01 -7.080078125000000000e-03 -5.393066406250000000e-01
7.456054687500000000e-01 6.469726562500000000e-02 -5.466308593750000000e-01
7.399902343750000000e-01 6.591796875000000000e-02 -5.412597656250000000e-01
7.460937500000000000e-01 -5.859375000000000000e-03 -5.458984375000000000e-01
7.421875000000000000e-01 -7.568359375000000000e-03 -5.400390625000000000e-01
7.482910156250000000e-01 -9.765625000000000000e-04 -5.385742187500000000e-01
7.465820312500000000e-01 -6.591796875000000000e-03 -5.473632812500000000e-01
7.470703125000000000e-01 -3.662109375000000000e-03 -5.361328125000000000e-01
7.470703125000000000e-01 -7.324218750000000000e-03 -5.415039062500000000e-01
7.487792968750000000e-01 -1.538085937500000000e-02 -5.483398437500000000e-01
7.443847656250000000e-01 -1.611328125000000000e-02 -5.405273437500000000e-01
8.178710937500000000e-01 -1.757812500000000000e-02 -5.402832031250000000e-01
7.482910156250000000e-01 -2.905273437500000000e-02 -5.441894531250000000e-01
7.495117187500000000e-01 3.100585937500000000e-02 -5.361328125000000000e-01
7.456054687500000000e-01 -2.612304687500000000e-02 -5.429687500000000000e-01
7.482910156250000000e-01 -3.076171875000000000e-02 -5.397949218750000000e-01
7.404785156250000000e-01 -2.807617187500000000e-02 -5.412597656250000000e-01
