9.824218750000000000e-01 -7.983398437500000000e-02 2.185058593750000000e-01
9.826660156250000000e-01 -8.007812500000000000e-02 2.141113281250000000e-01
9.826660156250000000e-01 -8.007812500000000000e-02 2.141113281250000000e-01
9.763183593750000000e-01 -7.812500000000000000e-02 1.599121093750000000e-01
9.912109375000000000e-01 -8.227539062500000000e-02 2.128906250000000000e-01
9.821777343750000000e-01 -8.203125000000000000e-02 2.133789062500000000e-01
9.816894531250000000e-01 -7.885742187500000000e-02 1.589355468750000000e-01
9.902343750000000000e-01 -8.349609375000000000e-02 2.185058593750000000e-01
9.772949218750000000e-01 -8.593750000000000000e-02 2.163085937500000000e-01
9.943847656250000000e-01 -7.763671875000000000e-02 2.075195312500000000e-01
9.836425781250000000e-01 -7.763671875000000000e-02 2.128906250000000000e-01
9.809570312500000000e-01 -8.203125000000000000e-02 2.143554687500000000e-01
9.890136718750000000e-01 -8.544921875000000000e-02 2.060546875000000000e-01
9.799804687500000000e-01 -3.271484375000000000e-02 2.082519531250000000e-01
9.792480468750000000e-01 -9.082031250000000000e-02 2.070312500000000000e-01
9.816894531250000000e-01 -9.082031250000000000e-02 2.155761718750000000e-01
9.802246093750000000e-01 -7.617187500000000000e-02 2.150878906250000000e-01
9.892578125000000000e-01 -7.250976562500000000e-02 2.119140625000000000e-01
9.943847656250000000e-01 1.464843750000000000e-03 2.092285156250000000e-01
9.821777343750000000e-01 1.416015625000000000e-02 1.623535156250000000e-01
9.807128906250000000e-01 8.544921875000000000e-03 2.116699218750000000e-01
9.819335937500000000e-01 5.859375000000000000e-03 2.145996093750000000e-01
9.821777343750000000e-01 -6.665039062500000000e-02 2.167968750000000000e-01
9.860839843750000000e-01 -8.593750000000000000e-02 2.087402343750000000e-01
9.809570312500000000e-01 -4.443359375000000000e-02 2.175292968750000000e-01
9.804687500000000000e-01 -8.666992187500000000e-02 2.163085937500000000e-01
9.824218750000000000e-01 -6.445312500000000000e-02 2.172851562500000000e-01
9.790039062500000000e-01 1.635742187500000000e-02 2.150878906250000000e-01
9.843750000000000000e-01 8.300781250000000000e-03 2.158203125000000000e-01
9.765625000000000000e-01 -8.642578125000000000e-02 2.099609375000000000e-01
9.797363281250000000e-01 -3.930664062500000000e-02 2.001953125000000000e-01
9.782714843750000000e-01 -7.324218750000000000e-02 1.943359375000000000e-01
9.936523437500000000e-01 -3.002929687500000000e-02 9.545898437500000000e-02
9.790039062500000000e-01 -3.125000000000000000e-02 1.894531250000000000e-01
1.030517578125000000e+00 7.495117187500000000e-02 1.166992187500000000e-01
1.031250000000000000e+00 7.666015625000000000e-02 1.230468750000000000e-01
1.082763671875000000e+00 -2.246093750000000000e-02 1.367187500000000000e-01
1.053466796875000000e+00 3.710937500000000000e-02 3.588867187500000000e-02
1.087158203125000000e+00 1.354980468750000000e-01 7.812500000000000000e-02
1.028808593750000000e+00 7.910156250000000000e-02 1.345214843750000000e-01
1.029785156250000000e+00 7.836914062500000000e-02 1.330566406250000000e-01
1.015380859375000000e+00 4.638671875000000000e-02 1.171875000000000000e-01
1.005615234375000000e+00 1.411132812500000000e-01 1.882324218750000000e-01
9.731445312500000000e-01 5.981445312500000000e-02 2.131347656250000000e-01
9.794921875000000000e-01 1.533203125000000000e-01 2.031250000000000000e-01
1.011474609375000000e+00 1.503906250000000000e-01 2.729492187500000000e-01
1.168212890625000000e+00 1.943359375000000000e-01 6.323242187500000000e-02
1.217773437500000000e+00 2.087402343750000000e-01 6.713867187500000000e-02
9.377441406250000000e-01 7.495117187500000000e-02 4.980468750000000000e-02
8.593750000000000000e-01 -8.325195312500000000e-02 -2.807617187500000000e-02
1.083984375000000000e+00 -6.884765625000000000e-02 1.367187500000000000e-02
1.047119140625000000e+00 -7.055664062500000000e-02 -2.319335937500000000e-02
1.080078125000000000e+00 -1.379394531250000000e-01 -5.615234375000000000e-03
9.226074218750000000e-01 -2.121582031250000000e-01 4.809570312500000000e-02
1.023681640625000000e+00 -1.071777343750000000e-01 1.093750000000000000e-01
9.816894531250000000e-01 -9.228515625000000000e-02 1.818847656250000000e-01
1.008300781250000000e+00 -1.474609375000000000e-01 2.617187500000000000e-01
9.240722656250000000e-01 -1.606445312500000000e-01 2.609863281250000000e-01
9.716796875000000000e-01 -1.853027343750000000e-01 8.471679687500000000e-02
1.122314453125000000e+00 1.508789062500000000e-01 -1.440429687500000000e-02
1.255371093750000000e+00 -1.445312500000000000e-01 -1.733398437500000000e-02
9.379882812500000000e-01 -1.328125000000000000e-01 1.481933593750000000e-01
9.475097656250000000e-01 -1.298828125000000000e-01 2.009277343750000000e-01
1.028076171875000000e+00 -1.157226562500000000e-01 1.071777343750000000e-01
9.375000000000000000e-01 -4.052734375000000000e-02 1.867675781250000000e-01
1.002441406250000000e+00 0.000000000000000000e+00 2.265625000000000000e-01
1.000976562500000000e+00 -7.910156250000000000e-02 2.634277343750000000e-01
1.063720703125000000e+00 -3.051757812500000000e-02 2.783203125000000000e-01
9.804687500000000000e-01 5.297851562500000000e-02 2.636718750000000000e-01
9.328613281250000000e-01 8.520507812500000000e-02 2.541503906250000000e-01
1.514892578125000000e+00 1.416015625000000000e-01 -7.617187500000000000e-02
1.246337890625000000e+00 4.248046875000000000e-02 -9.155273437500000000e-02
7.546386718750000000e-01 -1.416015625000000000e-01 -1.342773437500000000e-02
7.868652343750000000e-01 -1.123046875000000000e-01 3.662109375000000000e-02
1.118896484375000000e+00 -7.226562500000000000e-02 1.357421875000000000e-01
1.035644531250000000e+00 -7.763671875000000000e-02 5.371093750000000000e-02
9.411621093750000000e-01 -9.545898437500000000e-02 1.901855468750000000e-01
1.014892578125000000e+00 -6.054687500000000000e-02 4.248046875000000000e-02
1.022949218750000000e+00 -5.517578125000000000e-02 1.174316406250000000e-01
9.067382812500000000e-01 -9.594726562500000000e-02 2.121582031250000000e-01
1.011230468750000000e+00 -2.011718750000000000e-01 2.187500000000000000e-01
1.047607421875000000e+00 -1.635742187500000000e-01 9.790039062500000000e-02
1.046875000000000000e+00 -1.875000000000000000e-01 1.520996093750000000e-01
1.026367187500000000e+00 -3.164062500000000000e-01 1.228027343750000000e-01
1.139160156250000000e+00 -1.564941406250000000e-01 1.594238281250000000e-01
1.265625000000000000e+00 5.859375000000000000e-03 1.145019531250000000e-01
9.460449218750000000e-01 9.082031250000000000e-02 1.345214843750000000e-01
8.515625000000000000e-01 2.019042968750000000e-01 5.590820312500000000e-02
9.770507812500000000e-01 4.760742187500000000e-02 1.591796875000000000e-01
1.083740234375000000e+00 2.465820312500000000e-02 2.153320312500000000e-01
9.650878906250000000e-01 4.711914062500000000e-02 2.512207031250000000e-01
9.289550781250000000e-01 1.782226562500000000e-02 1.628417968750000000e-01
1.021484375000000000e+00 2.709960937500000000e-02 1.916503906250000000e-01
9.226074218750000000e-01 8.398437500000000000e-02 9.643554687500000000e-02
9.531250000000000000e-01 -3.515625000000000000e-02 1.069335937500000000e-01
1.207519531250000000e+00 -1.035156250000000000e-01 -9.252929687500000000e-02
1.258789062500000000e+00 -1.555175781250000000e-01 1.713867187500000000e-01
1.138916015625000000e+00 -1.501464843750000000e-01 1.958007812500000000e-01
9.206542968750000000e-01 -1.142578125000000000e-01 1.591796875000000000e-01
8.220214843750000000e-01 -2.612304687500000000e-02 1.745605468750000000e-01
7.653808593750000000e-01 5.151367187500000000e-02 -1.904296875000000000e-02
1.418701171875000000e+00 1.757812500000000000e-02 -7.543945312500000000e-02
1.320312500000000000e+00 6.127929687500000000e-02 2.707519531250000000e-01
7.231445312500000000e-01 2.089843750000000000e-01 9.033203125000000000e-02
8.513183593750000000e-01 -6.811523437500000000e-02 7.812500000000000000e-02
1.038574218750000000e+00 -8.764648437500000000e-02 5.712890625000000000e-02
1.016601562500000000e+00 8.837890625000000000e-02 1.755371093750000000e-01
9.909667968750000000e-01 8.422851562500000000e-02 2.358398437500000000e-01
9.829101562500000000e-01 2.099609375000000000e-02 1.628417968750000000e-01
1.019287109375000000e+00 6.713867187500000000e-02 1.875000000000000000e-01
9.770507812500000000e-01 1.540527343750000000e-01 2.880859375000000000e-01
9.277343750000000000e-01 5.126953125000000000e-02 2.829589843750000000e-01
1.082519531250000000e+00 2.661132812500000000e-02 1.457519531250000000e-01
1.027343750000000000e+00 4.150390625000000000e-03 1.062011718750000000e-01
1.110351562500000000e+00 -1.411132812500000000e-01 4.711914062500000000e-02
1.090820312500000000e+00 -2.163085937500000000e-01 1.145019531250000000e-01
1.017089843750000000e+00 -2.624511718750000000e-01 1.679687500000000000e-01
1.012939453125000000e+00 -1.752929687500000000e-01 1.821289062500000000e-01
9.873046875000000000e-01 -1.064453125000000000e-01 2.526855468750000000e-01
9.304199218750000000e-01 -9.716796875000000000e-02 2.641601562500000000e-01
9.687500000000000000e-01 -1.074218750000000000e-01 2.504882812500000000e-01
1.006835937500000000e+00 -1.115722656250000000e-01 2.624511718750000000e-01
9.375000000000000000e-01 -1.000976562500000000e-01 3.142089843750000000e-01
9.777832031250000000e-01 -2.529296875000000000e-01 3.129882812500000000e-01
1.078125000000000000e+00 -2.766113281250000000e-01 2.204589843750000000e-01
1.041748046875000000e+00 -2.145996093750000000e-01 1.762695312500000000e-01
1.124023437500000000e+00 -9.423828125000000000e-02 2.175292968750000000e-01
9.848632812500000000e-01 -1.115722656250000000e-01 1.606445312500000000e-01
9.235839843750000000e-01 -3.686523437500000000e-02 1.520996093750000000e-01
1.010986328125000000e+00 -2.392578125000000000e-02 1.022949218750000000e-01
1.021728515625000000e+00 9.301757812500000000e-02 1.528320312500000000e-01
1.076416015625000000e+00 -1.464843750000000000e-02 1.313476562500000000e-01
1.080566406250000000e+00 2.368164062500000000e-02 1.311035156250000000e-01
9.841308593750000000e-01 -3.125000000000000000e-02 1.032714843750000000e-01
1.029785156250000000e+00 -2.905273437500000000e-02 1.181640625000000000e-01
1.010498046875000000e+00 -3.662109375000000000e-03 1.132812500000000000e-01
1.014648437500000000e+00 2.954101562500000000e-02 1.130371093750000000e-01
1.054687500000000000e+00 4.394531250000000000e-03 8.251953125000000000e-02
1.028320312500000000e+00 -8.447265625000000000e-02 1.960449218750000000e-01
1.087890625000000000e+00 4.882812500000000000e-03 6.616210937500000000e-02
1.025878906250000000e+00 2.050781250000000000e-02 4.296875000000000000e-02
9.785156250000000000e-01 3.100585937500000000e-02 4.614257812500000000e-02
1.079833984375000000e+00 2.197265625000000000e-03 8.178710937500000000e-02
9.729003906250000000e-01 -8.789062500000000000e-02 5.151367187500000000e-02
9.719238281250000000e-01 -7.812500000000000000e-02 8.593750000000000000e-02
9.858398437500000000e-01 -7.495117187500000000e-02 3.271484375000000000e-02
1.076904296875000000e+00 -7.739257812500000000e-02 7.861328125000000000e-02
9.965820312500000000e-01 -8.349609375000000000e-02 8.276367187500000000e-02
9.836425781250000000e-01 -3.979492187500000000e-02 8.862304687500000000e-02
9.953613281250000000e-01 -5.102539062500000000e-02 4.467773437500000000e-02
1.066162109375000000e+00 -3.930664062500000000e-02 3.417968750000000000e-02
9.843750000000000000e-01 -3.564453125000000000e-02 4.052734375000000000e-02
9.953613281250000000e-01 -7.446289062500000000e-02 3.198242187500000000e-02
9.848632812500000000e-01 2.197265625000000000e-02 -2.709960937500000000e-02
1.062744140625000000e+00 2.734375000000000000e-02 6.616210937500000000e-02
9.982910156250000000e-01 2.465820312500000000e-02 7.983398437500000000e-02
1.070800781250000000e+00 2.416992187500000000e-02 -1.611328125000000000e-02
9.775390625000000000e-01 -5.566406250000000000e-02 -7.324218750000000000e-03
9.973144531250000000e-01 -1.154785156250000000e-01 9.155273437500000000e-02
1.063964843750000000e+00 -9.619140625000000000e-02 4.882812500000000000e-02
1.023925781250000000e+00 -1.533203125000000000e-01 9.082031250000000000e-02
1.017578125000000000e+00 -5.786132812500000000e-02 8.691406250000000000e-02
1.071289062500000000e+00 -7.299804687500000000e-02 -2.832031250000000000e-02
1.004394531250000000e+00 -6.396484375000000000e-02 7.910156250000000000e-02
1.021240234375000000e+00 1.904296875000000000e-02 7.983398437500000000e-02
1.083007812500000000e+00 -1.098632812500000000e-02 1.293945312500000000e-01
1.033447265625000000e+00 3.051757812500000000e-02 1.142578125000000000e-01
1.086181640625000000e+00 -2.392578125000000000e-02 1.411132812500000000e-01
1.069335937500000000e+00 -2.099609375000000000e-02 1.450195312500000000e-01
1.022949218750000000e+00 -6.542968750000000000e-02 1.037597656250000000e-01
9.782714843750000000e-01 -6.811523437500000000e-02 1.105957031250000000e-01
9.699707031250000000e-01 6.347656250000000000e-02 1.125488281250000000e-01
1.024658203125000000e+00 4.492187500000000000e-02 1.184082031250000000e-01
9.758300781250000000e-01 3.906250000000000000e-02 1.411132812500000000e-01
1.131835937500000000e+00 2.441406250000000000e-02 -2.416992187500000000e-02
9.304199218750000000e-01 -4.321289062500000000e-02 1.306152343750000000e-01
9.743652343750000000e-01 -1.774902343750000000e-01 -1.293945312500000000e-02
1.060546875000000000e+00 -2.312011718750000000e-01 -2.392578125000000000e-02
1.024902343750000000e+00 -2.072753906250000000e-01 5.297851562500000000e-02
9.851074218750000000e-01 -1.242675781250000000e-01 1.162109375000000000e-01
9.741210937500000000e-01 -1.926269531250000000e-01 1.059570312500000000e-01
9.289550781250000000e-01 -1.428222656250000000e-01 1.323242187500000000e-01
1.054443359375000000e+00 1.684570312500000000e-02 2.158203125000000000e-01
1.083007812500000000e+00 -1.020507812500000000e-01 7.861328125000000000e-02
9.235839843750000000e-01 -1.625976562500000000e-01 1.271972656250000000e-01
1.070556640625000000e+00 -5.175781250000000000e-02 1.289062500000000000e-01
1.048828125000000000e+00 -6.225585937500000000e-02 1.257324218750000000e-01
9.189453125000000000e-01 -4.101562500000000000e-02 1.975097656250000000e-01
9.912109375000000000e-01 -3.491210937500000000e-02 9.936523437500000000e-02
1.071533203125000000e+00 -1.437988281250000000e-01 1.123046875000000000e-01
9.704589843750000000e-01 -1.425781250000000000e-01 1.201171875000000000e-01
1.020019531250000000e+00 -4.956054687500000000e-02 1.960449218750000000e-01
9.909667968750000000e-01 -3.466796875000000000e-02 1.877441406250000000e-01
9.907226562500000000e-01 -1.376953125000000000e-01 1.228027343750000000e-01
9.833984375000000000e-01 -1.386718750000000000e-01 2.143554687500000000e-01
9.782714843750000000e-01 -5.371093750000000000e-02 1.979980468750000000e-01
1.028564453125000000e+00 -4.394531250000000000e-02 2.019042968750000000e-01
9.819335937500000000e-01 -4.541015625000000000e-02 2.053222656250000000e-01
9.858398437500000000e-01 -5.493164062500000000e-02 2.055664062500000000e-01
9.846191406250000000e-01 -5.932617187500000000e-02 2.048339843750000000e-01
