9.907226562500000000e-01 -3.613281250000000000e-02 1.530761718750000000e-01
9.868164062500000000e-01 -3.857421875000000000e-02 1.474609375000000000e-01
9.868164062500000000e-01 -3.857421875000000000e-02 1.474609375000000000e-01
9.899902343750000000e-01 -3.442382812500000000e-02 1.508789062500000000e-01
9.909667968750000000e-01 -4.467773437500000000e-02 1.369628906250000000e-01
9.877929687500000000e-01 -4.541015625000000000e-02 9.423828125000000000e-02
9.880371093750000000e-01 -3.564453125000000000e-02 1.435546875000000000e-01
9.848632812500000000e-01 -3.686523437500000000e-02 1.391601562500000000e-01
9.858398437500000000e-01 -4.223632812500000000e-02 1.401367187500000000e-01
9.919433593750000000e-01 -3.710937500000000000e-02 1.291503906250000000e-01
9.897460937500000000e-01 -3.686523437500000000e-02 1.342773437500000000e-01
9.912109375000000000e-01 -3.759765625000000000e-02 1.296386718750000000e-01
9.865722656250000000e-01 -3.662109375000000000e-02 1.315917968750000000e-01
9.882812500000000000e-01 -3.369140625000000000e-02 1.342773437500000000e-01
9.890136718750000000e-01 -4.272460937500000000e-02 1.315917968750000000e-01
9.970703125000000000e-01 -3.735351562500000000e-02 6.079101562500000000e-02
9.807128906250000000e-01 -3.247070312500000000e-02 1.286621093750000000e-01
9.770507812500000000e-01 -5.029296875000000000e-02 5.932617187500000000e-02
9.826660156250000000e-01 -5.908203125000000000e-02 1.357421875000000000e-01
9.846191406250000000e-01 -5.297851562500000000e-02 5.371093750000000000e-02
9.843750000000000000e-01 -3.344726562500000000e-02 1.369628906250000000e-01
9.907226562500000000e-01 -8.666992187500000000e-02 1.406250000000000000e-01
9.829101562500000000e-01 -4.125976562500000000e-02 5.981445312500000000e-02
9.790039062500000000e-01 -5.029296875000000000e-02 1.381835937500000000e-01
9.882812500000000000e-01 -4.614257812500000000e-02 1.408691406250000000e-01
9.863281250000000000e-01 -4.760742187500000000e-02 1.333007812500000000e-01
9.814453125000000000e-01 -5.639648437500000000e-02 1.330566406250000000e-01
9.851074218750000000e-01 -5.493164062500000000e-02 1.269531250000000000e-01
9.799804687500000000e-01 -8.837890625000000000e-02 4.858398437500000000e-02
1.023681640625000000e+00 -2.807617187500000000e-02 3.710937500000000000e-02
1.062988281250000000e+00 7.177734375000000000e-02 1.044921875000000000e-01
1.126464843750000000e+00 -7.128906250000000000e-02 3.784179687500000000e-02
9.914550781250000000e-01 -1.953125000000000000e-01 4.687500000000000000e-02
9.765625000000000000e-01 -1.354980468750000000e-01 1.437988281250000000e-01
9.719238281250000000e-01 -4.589843750000000000e-02 1.975097656250000000e-01
9.997558593750000000e-01 -1.257324218750000000e-01 9.790039062500000000e-02
1.011474609375000000e+00 -7.836914062500000000e-02 1.540527343750000000e-01
1.093261718750000000e+00 8.886718750000000000e-02 1.562500000000000000e-01
7.980957031250000000e-01 1.054687500000000000e-01 8.496093750000000000e-02
1.167724609375000000e+00 -6.958007812500000000e-02 -2.175292968750000000e-01
1.216552734375000000e+00 -1.018066406250000000e-01 -1.274414062500000000e-01
9.460449218750000000e-01 -6.445312500000000000e-02 8.496093750000000000e-02
9.128417968750000000e-01 -3.247070312500000000e-02 -1.318359375000000000e-02
1.019531250000000000e+00 -1.560058593750000000e-01 -1.220703125000000000e-02
9.763183593750000000e-01 -1.518554687500000000e-01 3.613281250000000000e-02
1.083251953125000000e+00 -9.863281250000000000e-02 7.690429687500000000e-02
1.024658203125000000e+00 -1.013183593750000000e-01 5.932617187500000000e-02
9.841308593750000000e-01 -4.638671875000000000e-02 3.515625000000000000e-02
1.089599609375000000e+00 3.027343750000000000e-02 7.592773437500000000e-02
9.919433593750000000e-01 7.812500000000000000e-03 1.550292968750000000e-01
1.089599609375000000e+00 8.300781250000000000e-03 4.980468750000000000e-02
1.069580078125000000e+00 -5.883789062500000000e-02 -9.765625000000000000e-04
9.150390625000000000e-01 -2.766113281250000000e-01 4.907226562500000000e-02
1.013671875000000000e+00 -2.646484375000000000e-01 1.440429687500000000e-01
1.094482421875000000e+00 -2.998046875000000000e-01 -2.587890625000000000e-02
9.716796875000000000e-01 -2.702636718750000000e-01 8.300781250000000000e-03
9.052734375000000000e-01 -8.007812500000000000e-02 4.394531250000000000e-03
1.017333984375000000e+00 -1.171875000000000000e-02 9.765625000000000000e-04
1.083740234375000000e+00 -3.344726562500000000e-02 9.326171875000000000e-02
1.147460937500000000e+00 9.179687500000000000e-02 -1.291503906250000000e-01
9.948730468750000000e-01 -2.197265625000000000e-03 -5.151367187500000000e-02
1.012207031250000000e+00 1.274414062500000000e-01 -7.690429687500000000e-02
1.129394531250000000e+00 1.621093750000000000e-01 -2.758789062500000000e-02
9.963378906250000000e-01 2.167968750000000000e-01 8.618164062500000000e-02
9.648437500000000000e-01 2.136230468750000000e-01 1.298828125000000000e-01
9.726562500000000000e-01 2.780761718750000000e-01 7.177734375000000000e-02
9.367675781250000000e-01 3.400878906250000000e-01 8.544921875000000000e-02
1.017578125000000000e+00 2.641601562500000000e-01 4.467773437500000000e-02
1.012207031250000000e+00 1.857910156250000000e-01 5.273437500000000000e-02
9.956054687500000000e-01 7.055664062500000000e-02 1.562500000000000000e-01
1.406005859375000000e+00 -2.275390625000000000e-01 -2.001953125000000000e-02
9.560546875000000000e-01 -3.110351562500000000e-01 1.152343750000000000e-01
9.020996093750000000e-01 -3.276367187500000000e-01 -2.368164062500000000e-02
1.144042968750000000e+00 -2.441406250000000000e-01 6.567382812500000000e-02
1.086669921875000000e+00 -1.901855468750000000e-01 1.411132812500000000e-01
9.189453125000000000e-01 -4.931640625000000000e-02 5.249023437500000000e-02
9.270019531250000000e-01 -1.164550781250000000e-01 6.201171875000000000e-02
1.019531250000000000e+00 -2.685546875000000000e-01 6.933593750000000000e-02
9.760742187500000000e-01 -2.255859375000000000e-01 7.104492187500000000e-02
9.707031250000000000e-01 -1.801757812500000000e-01 5.249023437500000000e-02
9.792480468750000000e-01 -1.945800781250000000e-01 5.419921875000000000e-02
1.028076171875000000e+00 -1.306152343750000000e-01 1.359863281250000000e-01
9.716796875000000000e-01 -1.882324218750000000e-01 5.029296875000000000e-02
1.062744140625000000e+00 -1.120605468750000000e-01 1.149902343750000000e-01
1.001464843750000000e+00 -1.931152343750000000e-01 2.165527343750000000e-01
1.011718750000000000e+00 -1.955566406250000000e-01 2.062988281250000000e-01
1.028076171875000000e+00 -2.170410156250000000e-01 1.721191406250000000e-01
1.043457031250000000e+00 -1.831054687500000000e-01 -4.296875000000000000e-02
1.339599609375000000e+00 -1.601562500000000000e-01 -1.096191406250000000e-01
1.083007812500000000e+00 -4.541015625000000000e-02 -7.031250000000000000e-02
9.045410156250000000e-01 -1.279296875000000000e-01 7.080078125000000000e-02
9.941406250000000000e-01 -1.523437500000000000e-01 1.782226562500000000e-02
1.041259765625000000e+00 6.835937500000000000e-03 -3.100585937500000000e-02
9.340820312500000000e-01 -2.685546875000000000e-02 6.689453125000000000e-02
9.133300781250000000e-01 -1.733398437500000000e-02 8.349609375000000000e-02
1.008300781250000000e+00 -6.518554687500000000e-02 8.813476562500000000e-02
9.372558593750000000e-01 -8.593750000000000000e-02 -8.300781250000000000e-03
1.027099609375000000e+00 6.591796875000000000e-02 2.856445312500000000e-02
9.882812500000000000e-01 1.425781250000000000e-01 6.347656250000000000e-03
9.746093750000000000e-01 1.142578125000000000e-01 -8.618164062500000000e-02
1.018554687500000000e+00 1.179199218750000000e-01 -7.202148437500000000e-02
9.765625000000000000e-01 -1.259765625000000000e-01 -1.579589843750000000e-01
1.110839843750000000e+00 -1.247558593750000000e-01 -2.763671875000000000e-01
9.135742187500000000e-01 -1.276855468750000000e-01 -1.491699218750000000e-01
8.730468750000000000e-01 -1.418457031250000000e-01 -1.201171875000000000e-01
1.033447265625000000e+00 -1.091308593750000000e-01 -2.019042968750000000e-01
1.039550781250000000e+00 -3.613281250000000000e-02 -1.882324218750000000e-01
1.023437500000000000e+00 -7.666015625000000000e-02 -1.518554687500000000e-01
1.015380859375000000e+00 2.685546875000000000e-02 -1.462402343750000000e-01
9.165039062500000000e-01 8.203125000000000000e-02 -1.247558593750000000e-01
9.523925781250000000e-01 6.713867187500000000e-02 -1.591796875000000000e-01
9.687500000000000000e-01 7.690429687500000000e-02 -2.053222656250000000e-01
9.838867187500000000e-01 4.321289062500000000e-02 -1.916503906250000000e-01
9.943847656250000000e-01 -7.080078125000000000e-03 -6.420898437500000000e-02
1.215576171875000000e+00 1.325683593750000000e-01 3.906250000000000000e-03
1.189453125000000000e+00 7.958984375000000000e-02 3.955078125000000000e-02
1.013671875000000000e+00 -4.052734375000000000e-02 6.958007812500000000e-02
8.430175781250000000e-01 1.904296875000000000e-02 1.708984375000000000e-02
9.143066406250000000e-01 -7.446289062500000000e-02 -6.420898437500000000e-02
1.078613281250000000e+00 8.715820312500000000e-02 -1.022949218750000000e-01
9.189453125000000000e-01 8.007812500000000000e-02 -9.545898437500000000e-02
1.208251953125000000e+00 2.416992187500000000e-02 -1.340332031250000000e-01
1.017089843750000000e+00 -1.557617187500000000e-01 -7.421875000000000000e-02
9.799804687500000000e-01 -2.224121093750000000e-01 -9.204101562500000000e-02
9.758300781250000000e-01 -1.079101562500000000e-01 -3.686523437500000000e-02
9.272460937500000000e-01 -1.462402343750000000e-01 1.831054687500000000e-02
9.772949218750000000e-01 -1.271972656250000000e-01 -1.286621093750000000e-01
9.736328125000000000e-01 -1.958007812500000000e-01 -3.881835937500000000e-02
1.055664062500000000e+00 -2.036132812500000000e-01 -9.497070312500000000e-02
1.024414062500000000e+00 -2.111816406250000000e-01 -5.957031250000000000e-02
1.019531250000000000e+00 -1.201171875000000000e-01 -1.350097656250000000e-01
9.733886718750000000e-01 -1.196289062500000000e-01 -9.497070312500000000e-02
1.016845703125000000e+00 -2.038574218750000000e-01 -5.053710937500000000e-02
1.015869140625000000e+00 -1.140136718750000000e-01 -1.315917968750000000e-01
1.013427734375000000e+00 -1.582031250000000000e-01 -1.362304687500000000e-01
9.716796875000000000e-01 -1.774902343750000000e-01 -1.313476562500000000e-01
9.694824218750000000e-01 -1.577148437500000000e-01 -5.932617187500000000e-02
9.362792968750000000e-01 -2.058105468750000000e-01 -8.862304687500000000e-02
1.031005859375000000e+00 -2.050781250000000000e-01 -5.029296875000000000e-02
9.741210937500000000e-01 -2.001953125000000000e-01 -7.421875000000000000e-02
1.026611328125000000e+00 -2.050781250000000000e-01 -7.153320312500000000e-02
9.719238281250000000e-01 -2.155761718750000000e-01 2.539062500000000000e-02
9.853515625000000000e-01 -1.721191406250000000e-01 2.368164062500000000e-02
9.812011718750000000e-01 -2.631835937500000000e-01 1.562500000000000000e-02
9.333496093750000000e-01 -2.678222656250000000e-01 1.879882812500000000e-02
9.316406250000000000e-01 -1.713867187500000000e-01 4.882812500000000000e-03
9.846191406250000000e-01 -1.206054687500000000e-01 6.689453125000000000e-02
9.694824218750000000e-01 -1.425781250000000000e-01 8.178710937500000000e-02
9.965820312500000000e-01 -6.176757812500000000e-02 8.496093750000000000e-02
1.008300781250000000e+00 -5.419921875000000000e-02 5.297851562500000000e-02
1.029296875000000000e+00 -1.372070312500000000e-01 6.372070312500000000e-02
9.758300781250000000e-01 -3.442382812500000000e-02 4.174804687500000000e-02
9.838867187500000000e-01 -6.567382812500000000e-02 4.907226562500000000e-02
1.086914062500000000e+00 -6.079101562500000000e-02 6.323242187500000000e-02
1.036376953125000000e+00 -7.666015625000000000e-02 1.416015625000000000e-02
9.729003906250000000e-01 -6.958007812500000000e-02 -2.270507812500000000e-02
1.011962890625000000e+00 -9.082031250000000000e-02 -1.879882812500000000e-02
1.064208984375000000e+00 -1.262207031250000000e-01 -2.661132812500000000e-02
1.067382812500000000e+00 -2.077636718750000000e-01 1.147460937500000000e-02
1.085449218750000000e+00 -9.423828125000000000e-02 -9.204101562500000000e-02
9.733886718750000000e-01 1.855468750000000000e-02 -3.173828125000000000e-02
9.851074218750000000e-01 -3.906250000000000000e-02 -3.295898437500000000e-02
1.065917968750000000e+00 -3.686523437500000000e-02 -7.250976562500000000e-02
9.921875000000000000e-01 -5.688476562500000000e-02 1.635742187500000000e-02
9.714355468750000000e-01 -6.176757812500000000e-02 1.464843750000000000e-02
1.026611328125000000e+00 -1.279296875000000000e-01 -3.027343750000000000e-02
9.841308593750000000e-01 -4.663085937500000000e-02 1.953125000000000000e-02
9.799804687500000000e-01 -9.228515625000000000e-02 2.319335937500000000e-02
1.031250000000000000e+00 -7.324218750000000000e-02 -2.905273437500000000e-02
1.062744140625000000e+00 -3.515625000000000000e-02 -2.246093750000000000e-02
9.848632812500000000e-01 -4.443359375000000000e-02 2.856445312500000000e-02
9.819335937500000000e-01 -9.228515625000000000e-02 -1.806640625000000000e-02
9.895019531250000000e-01 -9.252929687500000000e-02 -1.635742187500000000e-02
9.968261718750000000e-01 -7.226562500000000000e-02 -7.080078125000000000e-03
9.863281250000000000e-01 1.660156250000000000e-02 -1.074218750000000000e-02
9.799804687500000000e-01 2.148437500000000000e-02 -7.812500000000000000e-03
9.990234375000000000e-01 -1.245117187500000000e-02 -2.490234375000000000e-02
9.860839843750000000e-01 -7.324218750000000000e-02 -2.368164062500000000e-02
9.782714843750000000e-01 -1.042480468750000000e-01 -1.953125000000000000e-02
9.814453125000000000e-01 -1.154785156250000000e-01 1.440429687500000000e-02
1.029052734375000000e+00 -2.009277343750000000e-01 6.591796875000000000e-03
1.030029296875000000e+00 -2.043457031250000000e-01 1.269531250000000000e-02
1.022216796875000000e+00 -1.152343750000000000e-01 -1.586914062500000000e-02
1.075683593750000000e+00 -1.508789062500000000e-01 -7.080078125000000000e-03
1.068847656250000000e+00 -9.497070312500000000e-02 -1.586914062500000000e-02
9.748535156250000000e-01 -1.567382812500000000e-01 2.978515625000000000e-02
1.020751953125000000e+00 -1.674804687500000000e-01 2.026367187500000000e-02
9.821777343750000000e-01 -2.043457031250000000e-01 7.324218750000000000e-04
1.085449218750000000e+00 -4.370117187500000000e-02 -8.618164062500000000e-02
1.063720703125000000e+00 -2.221679687500000000e-02 -2.685546875000000000e-02
1.006103515625000000e+00 -1.049804687500000000e-02 -1.928710937500000000e-02
9.814453125000000000e-01 8.325195312500000000e-02 -6.445312500000000000e-02
9.870605468750000000e-01 1.411132812500000000e-01 1.342773437500000000e-02
9.841308593750000000e-01 1.467285156250000000e-01 6.689453125000000000e-02
1.089355468750000000e+00 8.618164062500000000e-02 3.686523437500000000e-02
1.067626953125000000e+00 2.441406250000000000e-02 1.352539062500000000e-01
1.002929687500000000e+00 -6.347656250000000000e-03 1.467285156250000000e-01
9.770507812500000000e-01 1.660156250000000000e-02 1.398925781250000000e-01
1.152343750000000000e+00 -8.984375000000000000e-02 -9.252929687500000000e-02
9.936523437500000000e-01 -2.807617187500000000e-02 -1.953125000000000000e-02
