9.750976562500000000e-01 -3.027343750000000000e-02 2.907714843750000000e-01
9.750976562500000000e-01 -3.027343750000000000e-02 2.907714843750000000e-01
9.750976562500000000e-01 2.099609375000000000e-02 2.863769531250000000e-01
9.731445312500000000e-01 2.978515625000000000e-02 3.437500000000000000e-01
9.731445312500000000e-01 2.978515625000000000e-02 3.437500000000000000e-01
1.030029296875000000e+00 -2.294921875000000000e-02 3.371582031250000000e-01
1.030029296875000000e+00 -2.294921875000000000e-02 3.371582031250000000e-01
1.029052734375000000e+00 -2.612304687500000000e-02 2.995605468750000000e-01
9.733886718750000000e-01 -2.685546875000000000e-02 2.915039062500000000e-01
9.724121093750000000e-01 2.978515625000000000e-02 2.846679687500000000e-01
9.768066406250000000e-01 2.539062500000000000e-02 3.022460937500000000e-01
1.028808593750000000e+00 -3.076171875000000000e-02 3.037109375000000000e-01
1.031250000000000000e+00 2.270507812500000000e-02 3.015136718750000000e-01
9.729003906250000000e-01 2.441406250000000000e-02 3.015136718750000000e-01
1.024414062500000000e+00 3.076171875000000000e-02 2.917480468750000000e-01
1.025878906250000000e+00 -2.368164062500000000e-02 3.093261718750000000e-01
1.025878906250000000e+00 -2.856445312500000000e-02 3.754882812500000000e-01
1.020263671875000000e+00 -2.978515625000000000e-02 3.088378906250000000e-01
1.023925781250000000e+00 -3.100585937500000000e-02 3.041992187500000000e-01
9.731445312500000000e-01 2.612304687500000000e-02 3.100585937500000000e-01
1.017333984375000000e+00 -3.125000000000000000e-02 3.767089843750000000e-01
1.020019531250000000e+00 3.051757812500000000e-02 3.825683593750000000e-01
1.024169921875000000e+00 -2.954101562500000000e-02 3.757324218750000000e-01
9.743652343750000000e-01 3.002929687500000000e-02 3.784179687500000000e-01
1.027099609375000000e+00 -2.465820312500000000e-02 3.769531250000000000e-01
1.028076171875000000e+00 -3.027343750000000000e-02 3.056640625000000000e-01
1.024169921875000000e+00 1.708984375000000000e-03 2.961425781250000000e-01
1.065185546875000000e+00 -4.101562500000000000e-02 2.465820312500000000e-01
9.953613281250000000e-01 0.000000000000000000e+00 2.648925781250000000e-01
1.025146484375000000e+00 5.371093750000000000e-03 1.975097656250000000e-01
1.027587890625000000e+00 -1.145019531250000000e-01 1.098632812500000000e-01
1.017333984375000000e+00 -2.023925781250000000e-01 2.419433593750000000e-01
8.017578125000000000e-01 1.342773437500000000e-02 3.073730468750000000e-01
1.051757812500000000e+00 -1.076660156250000000e-01 3.198242187500000000e-01
1.395751953125000000e+00 -5.112304687500000000e-01 4.101562500000000000e-02
9.672851562500000000e-01 -2.009277343750000000e-01 2.614746093750000000e-01
8.464355468750000000e-01 7.666015625000000000e-02 2.656250000000000000e-01
1.004882812500000000e+00 -1.965332031250000000e-01 1.772460937500000000e-01
9.443359375000000000e-01 -2.849121093750000000e-01 3.176269531250000000e-01
9.282226562500000000e-01 -6.054687500000000000e-02 3.505859375000000000e-01
9.724121093750000000e-01 -2.282714843750000000e-01 2.846679687500000000e-01
8.698730468750000000e-01 -4.941406250000000000e-01 2.456054687500000000e-01
1.715820312500000000e+00 9.838867187500000000e-02 -3.417968750000000000e-03
1.715820312500000000e+00 9.838867187500000000e-02 -3.417968750000000000e-03
8.371582031250000000e-01 -7.641601562500000000e-02 2.221679687500000000e-02
8.371582031250000000e-01 -7.641601562500000000e-02 2.221679687500000000e-02
8.547363281250000000e-01 2.734375000000000000e-02 2.001953125000000000e-02
9.924316406250000000e-01 1.318359375000000000e-01 6.469726562500000000e-02
1.044189453125000000e+00 1.354980468750000000e-01 1.896972656250000000e-01
1.039550781250000000e+00 -1.464843750000000000e-03 1.760253906250000000e-01
9.995117187500000000e-01 3.784179687500000000e-02 2.102050781250000000e-01
9.719238281250000000e-01 -8.837890625000000000e-02 1.567382812500000000e-01
1.140625000000000000e+00 -1.074218750000000000e-02 2.734375000000000000e-01
1.068603515625000000e+00 9.960937500000000000e-02 2.221679687500000000e-01
9.025878906250000000e-01 -8.056640625000000000e-03 1.916503906250000000e-01
1.443847656250000000e+00 -1.445312500000000000e-01 -2.709960937500000000e-01
1.218261718750000000e+00 -5.224609375000000000e-02 1.591796875000000000e-01
5.141601562500000000e-01 -1.108398437500000000e-01 6.201171875000000000e-02
1.243652343750000000e+00 -4.882812500000000000e-03 2.319335937500000000e-01
1.248535156250000000e+00 -1.137695312500000000e-01 6.958007812500000000e-02
5.942382812500000000e-01 -9.790039062500000000e-02 2.741699218750000000e-01
7.324218750000000000e-01 -6.591796875000000000e-03 2.724609375000000000e-01
1.013916015625000000e+00 6.445312500000000000e-02 2.207031250000000000e-01
1.019531250000000000e+00 5.126953125000000000e-03 2.294921875000000000e-01
1.019531250000000000e+00 -2.331542968750000000e-01 1.567382812500000000e-01
1.055175781250000000e+00 -1.032714843750000000e-01 3.186035156250000000e-01
2.234130859375000000e+00 8.544921875000000000e-03 -5.029296875000000000e-01
9.960937500000000000e-01 2.314453125000000000e-01 1.474609375000000000e-01
3.610839843750000000e-01 5.786132812500000000e-02 2.319335937500000000e-01
1.030273437500000000e+00 -3.769531250000000000e-01 4.956054687500000000e-02
1.043945312500000000e+00 -1.323242187500000000e-01 3.442382812500000000e-02
6.440429687500000000e-01 1.396484375000000000e-01 3.759765625000000000e-02
1.093505859375000000e+00 -1.025390625000000000e-01 1.643066406250000000e-01
1.170898437500000000e+00 1.489257812500000000e-02 2.729492187500000000e-01
8.735351562500000000e-01 6.054687500000000000e-02 2.302246093750000000e-01
1.038818359375000000e+00 -4.907226562500000000e-02 2.258300781250000000e-01
1.139648437500000000e+00 9.301757812500000000e-02 3.874511718750000000e-01
1.050292968750000000e+00 2.119140625000000000e-01 3.417968750000000000e-02
1.159912109375000000e+00 -1.279296875000000000e-01 1.335449218750000000e-01
8.464355468750000000e-01 -2.924804687500000000e-01 2.324218750000000000e-01
1.399169921875000000e+00 4.062500000000000000e-01 1.804199218750000000e-01
5.322265625000000000e-01 -2.915039062500000000e-01 2.695312500000000000e-01
5.322265625000000000e-01 -2.915039062500000000e-01 2.695312500000000000e-01
1.188964843750000000e+00 3.515625000000000000e-02 2.832031250000000000e-01
1.188964843750000000e+00 3.515625000000000000e-02 2.832031250000000000e-01
1.024902343750000000e+00 5.126953125000000000e-03 3.298339843750000000e-01
9.011230468750000000e-01 -4.223632812500000000e-02 3.269042968750000000e-01
1.054199218750000000e+00 -8.105468750000000000e-02 4.558105468750000000e-01
1.400878906250000000e+00 9.106445312500000000e-02 2.302246093750000000e-01
1.674316406250000000e+00 -2.580566406250000000e-01 9.277343750000000000e-03
6.418457031250000000e-01 2.758789062500000000e-02 1.730957031250000000e-01
4.519042968750000000e-01 8.569335937500000000e-02 -1.953125000000000000e-03
1.152343750000000000e+00 -4.265136718750000000e-01 1.628417968750000000e-01
1.234863281250000000e+00 -2.067871093750000000e-01 1.242675781250000000e-01
8.259277343750000000e-01 3.764648437500000000e-01 1.584472656250000000e-01
8.195800781250000000e-01 9.228515625000000000e-02 1.625976562500000000e-01
1.052734375000000000e+00 2.587890625000000000e-02 2.749023437500000000e-01
9.838867187500000000e-01 3.662109375000000000e-02 2.221679687500000000e-01
9.560546875000000000e-01 -1.708984375000000000e-03 2.243652343750000000e-01
1.210205078125000000e+00 7.592773437500000000e-02 2.370605468750000000e-01
1.096923828125000000e+00 1.220703125000000000e-02 2.641601562500000000e-01
1.706542968750000000e+00 -7.226562500000000000e-02 3.491210937500000000e-02
9.172363281250000000e-01 -2.993164062500000000e-01 8.666992187500000000e-02
6.892089843750000000e-01 4.321289062500000000e-02 1.406250000000000000e-01
1.310791015625000000e+00 2.675781250000000000e-01 1.467285156250000000e-01
7.458496093750000000e-01 -1.877441406250000000e-01 8.300781250000000000e-03
6.115722656250000000e-01 -2.080078125000000000e-01 2.473144531250000000e-01
9.399414062500000000e-01 1.782226562500000000e-02 1.772460937500000000e-01
1.128662109375000000e+00 5.664062500000000000e-02 2.722167968750000000e-01
9.121093750000000000e-01 9.765625000000000000e-02 3.259277343750000000e-01
1.087646484375000000e+00 -2.714843750000000000e-01 2.080078125000000000e-01
1.730712890625000000e+00 -2.534179687500000000e-01 -8.251953125000000000e-02
1.456787109375000000e+00 -2.683105468750000000e-01 1.115722656250000000e-01
2.614746093750000000e-01 2.583007812500000000e-01 1.696777343750000000e-01
3.969726562500000000e-01 1.274414062500000000e-01 9.790039062500000000e-02
1.568603515625000000e+00 -2.294921875000000000e-01 -5.102539062500000000e-02
1.324462890625000000e+00 -2.832031250000000000e-02 4.956054687500000000e-02
5.585937500000000000e-01 1.442871093750000000e-01 1.896972656250000000e-01
8.225097656250000000e-01 1.467285156250000000e-01 2.355957031250000000e-01
1.191162109375000000e+00 9.741210937500000000e-02 1.157226562500000000e-01
9.602050781250000000e-01 1.335449218750000000e-01 2.238769531250000000e-01
9.602050781250000000e-01 1.335449218750000000e-01 2.238769531250000000e-01
1.981201171875000000e+00 -3.208007812500000000e-01 7.128906250000000000e-02
1.981201171875000000e+00 -3.208007812500000000e-01 7.128906250000000000e-02
8.410644531250000000e-01 -1.081542968750000000e-01 2.021484375000000000e-01
2.958984375000000000e-01 6.323242187500000000e-02 1.799316406250000000e-01
1.131103515625000000e+00 3.125000000000000000e-01 2.631835937500000000e-01
1.006347656250000000e+00 -2.243652343750000000e-01 -1.640625000000000000e-01
7.060546875000000000e-01 -4.602050781250000000e-01 1.608886718750000000e-01
1.227783203125000000e+00 1.018066406250000000e-01 2.905273437500000000e-01
1.061523437500000000e+00 3.488769531250000000e-01 3.869628906250000000e-01
8.881835937500000000e-01 2.670898437500000000e-01 2.243652343750000000e-01
1.031005859375000000e+00 -5.419921875000000000e-02 2.756347656250000000e-01
1.159423828125000000e+00 -2.783203125000000000e-02 1.582031250000000000e-01
2.227539062500000000e+00 -9.619140625000000000e-02 -1.333007812500000000e-01
6.928710937500000000e-01 -2.685546875000000000e-01 7.080078125000000000e-02
6.616210937500000000e-02 2.238769531250000000e-01 2.185058593750000000e-01
1.007812500000000000e+00 -2.158203125000000000e-01 1.252441406250000000e-01
1.726562500000000000e+00 -1.564941406250000000e-01 -1.503906250000000000e-01
7.978515625000000000e-01 6.176757812500000000e-02 1.596679687500000000e-01
5.776367187500000000e-01 1.613769531250000000e-01 3.129882812500000000e-01
1.146972656250000000e+00 6.518554687500000000e-02 1.696777343750000000e-01
1.085937500000000000e+00 -1.530761718750000000e-01 1.992187500000000000e-01
9.384765625000000000e-01 1.091308593750000000e-01 3.374023437500000000e-01
1.058105468750000000e+00 2.099609375000000000e-02 3.044433593750000000e-01
1.128173828125000000e+00 -1.252441406250000000e-01 1.362304687500000000e-01
1.837402343750000000e+00 -2.392578125000000000e-02 8.813476562500000000e-02
9.077148437500000000e-01 7.641601562500000000e-02 1.826171875000000000e-01
9.687500000000000000e-01 3.886718750000000000e-01 1.960449218750000000e-01
1.158935546875000000e+00 -8.056640625000000000e-02 1.430664062500000000e-01
6.403808593750000000e-01 -1.337890625000000000e-01 1.176757812500000000e-01
6.694335937500000000e-01 7.226562500000000000e-02 2.067871093750000000e-01
1.130859375000000000e+00 -1.464843750000000000e-02 1.533203125000000000e-01
1.041259765625000000e+00 -2.568359375000000000e-01 2.595214843750000000e-01
9.213867187500000000e-01 -9.741210937500000000e-02 2.602539062500000000e-01
9.970703125000000000e-01 -1.562500000000000000e-02 2.836914062500000000e-01
9.572753906250000000e-01 5.859375000000000000e-02 2.766113281250000000e-01
2.038574218750000000e+00 3.273925781250000000e-01 -2.607421875000000000e-01
8.291015625000000000e-01 1.420898437500000000e-01 1.354980468750000000e-01
1.285888671875000000e+00 -2.150878906250000000e-01 9.521484375000000000e-02
1.285888671875000000e+00 -2.150878906250000000e-01 9.521484375000000000e-02
6.228027343750000000e-01 4.589843750000000000e-02 2.016601562500000000e-01
6.228027343750000000e-01 4.589843750000000000e-02 2.016601562500000000e-01
1.063476562500000000e+00 2.929687500000000000e-03 1.066894531250000000e-01
1.114013671875000000e+00 8.447265625000000000e-02 1.904296875000000000e-01
1.021728515625000000e+00 7.885742187500000000e-02 2.629394531250000000e-01
9.985351562500000000e-01 3.784179687500000000e-02 2.392578125000000000e-01
1.274169921875000000e+00 2.631835937500000000e-01 9.423828125000000000e-02
1.458496093750000000e+00 1.896972656250000000e-01 2.375488281250000000e-01
8.356933593750000000e-01 -1.687011718750000000e-01 8.056640625000000000e-02
6.184082031250000000e-01 1.464843750000000000e-03 2.448730468750000000e-01
1.531250000000000000e+00 2.641601562500000000e-01 2.514648437500000000e-01
9.282226562500000000e-01 -1.384277343750000000e-01 2.041015625000000000e-01
6.958007812500000000e-01 -3.159179687500000000e-01 2.197265625000000000e-01
7.839355468750000000e-01 -2.758789062500000000e-02 2.214355468750000000e-01
1.131591796875000000e+00 -9.765625000000000000e-03 2.670898437500000000e-01
8.747558593750000000e-01 -6.665039062500000000e-02 3.354492187500000000e-01
9.418945312500000000e-01 -6.005859375000000000e-02 3.159179687500000000e-01
1.147949218750000000e+00 -2.636718750000000000e-01 2.922363281250000000e-01
1.080566406250000000e+00 1.220703125000000000e-02 2.900390625000000000e-01
2.185791015625000000e+00 -3.662109375000000000e-03 -1.411132812500000000e-01
7.468261718750000000e-01 1.381835937500000000e-01 2.512207031250000000e-01
4.470214843750000000e-01 1.176757812500000000e-01 1.303710937500000000e-01
1.245849609375000000e+00 -2.946777343750000000e-01 1.237792968750000000e-01
1.239013671875000000e+00 -1.350097656250000000e-01 4.931640625000000000e-02
7.128906250000000000e-01 3.776855468750000000e-01 1.809082031250000000e-01
7.758789062500000000e-01 1.430664062500000000e-01 2.131347656250000000e-01
1.046630859375000000e+00 2.880859375000000000e-02 2.714843750000000000e-01
9.331054687500000000e-01 -2.392578125000000000e-02 1.867675781250000000e-01
9.174804687500000000e-01 7.592773437500000000e-02 1.611328125000000000e-01
1.120117187500000000e+00 -8.349609375000000000e-02 2.902832031250000000e-01
1.284179687500000000e+00 6.005859375000000000e-02 -3.735351562500000000e-02
1.500244140625000000e+00 -7.568359375000000000e-03 3.112792968750000000e-01
7.600097656250000000e-01 -3.950195312500000000e-01 2.465820312500000000e-02
7.121582031250000000e-01 5.175781250000000000e-02 2.441406250000000000e-01
1.419189453125000000e+00 1.196289062500000000e-01 6.518554687500000000e-02
8.432617187500000000e-01 -2.983398437500000000e-01 9.545898437500000000e-02
6.660156250000000000e-01 -3.168945312500000000e-01 1.806640625000000000e-01
1.040283203125000000e+00 -1.782226562500000000e-02 3.300781250000000000e-01
1.040283203125000000e+00 -1.782226562500000000e-02 3.300781250000000000e-01
