1.022949218750000000e+00 -6.640625000000000000e-02 -1.896972656250000000e-01
1.028320312500000000e+00 1.464843750000000000e-03 -1.926269531250000000e-01
1.028320312500000000e+00 1.464843750000000000e-03 -1.926269531250000000e-01
1.026611328125000000e+00 -6.494140625000000000e-02 -1.987304687500000000e-01
1.025878906250000000e+00 2.441406250000000000e-04 -1.960449218750000000e-01
1.030517578125000000e+00 -6.372070312500000000e-02 -1.237792968750000000e-01
1.030517578125000000e+00 4.882812500000000000e-03 -1.882324218750000000e-01
1.025390625000000000e+00 7.324218750000000000e-04 -1.206054687500000000e-01
1.024169921875000000e+00 -6.738281250000000000e-02 -1.159667968750000000e-01
1.025878906250000000e+00 4.882812500000000000e-04 -1.179199218750000000e-01
9.699707031250000000e-01 7.324218750000000000e-04 -1.179199218750000000e-01
9.689941406250000000e-01 -6.542968750000000000e-02 -1.191406250000000000e-01
1.021728515625000000e+00 -7.324218750000000000e-02 -1.918945312500000000e-01
1.017578125000000000e+00 -7.250976562500000000e-02 -1.140136718750000000e-01
1.019287109375000000e+00 -6.689453125000000000e-02 -1.057128906250000000e-01
1.028564453125000000e+00 1.953125000000000000e-03 -1.130371093750000000e-01
1.028808593750000000e+00 1.708984375000000000e-03 -1.889648437500000000e-01
1.024414062500000000e+00 6.835937500000000000e-03 -1.936035156250000000e-01
1.021484375000000000e+00 8.300781250000000000e-03 -1.960449218750000000e-01
1.024414062500000000e+00 1.708984375000000000e-02 -1.918945312500000000e-01
1.008300781250000000e+00 1.953125000000000000e-02 -2.084960937500000000e-01
9.367675781250000000e-01 -2.001953125000000000e-02 -2.160644531250000000e-01
1.004394531250000000e+00 -2.392578125000000000e-02 -1.618652343750000000e-01
1.002197265625000000e+00 -1.245117187500000000e-02 -1.677246093750000000e-01
9.294433593750000000e-01 -1.220703125000000000e-03 -1.604003906250000000e-01
9.272460937500000000e-01 9.179687500000000000e-02 -2.180175781250000000e-01
9.870605468750000000e-01 -1.440429687500000000e-02 -1.201171875000000000e-01
9.768066406250000000e-01 -1.342773437500000000e-02 -1.755371093750000000e-01
9.951171875000000000e-01 5.786132812500000000e-02 -1.147460937500000000e-01
9.873046875000000000e-01 7.226562500000000000e-02 -3.579101562500000000e-01
9.572753906250000000e-01 -1.708984375000000000e-02 -2.460937500000000000e-01
1.062011718750000000e+00 8.959960937500000000e-02 -6.884765625000000000e-01
9.406738281250000000e-01 -1.662597656250000000e-01 -5.227050781250000000e-01
9.431152343750000000e-01 -4.174804687500000000e-02 -2.009277343750000000e-01
9.570312500000000000e-01 -1.984863281250000000e-01 -3.576660156250000000e-01
7.219238281250000000e-01 -1.892089843750000000e-01 -2.954101562500000000e-01
7.958984375000000000e-01 2.368164062500000000e-02 -3.129882812500000000e-01
8.642578125000000000e-01 -6.909179687500000000e-02 -2.534179687500000000e-01
8.173828125000000000e-01 8.569335937500000000e-02 -2.963867187500000000e-01
1.073486328125000000e+00 -4.589843750000000000e-02 -2.287597656250000000e-01
8.229980468750000000e-01 -3.071289062500000000e-01 -4.650878906250000000e-01
1.154785156250000000e+00 -1.049804687500000000e-01 -4.201660156250000000e-01
8.840332031250000000e-01 1.394042968750000000e-01 -3.310546875000000000e-01
8.471679687500000000e-01 1.445312500000000000e-01 -2.888183593750000000e-01
9.287109375000000000e-01 1.025390625000000000e-02 -2.827148437500000000e-01
8.942871093750000000e-01 4.272460937500000000e-02 -3.815917968750000000e-01
7.924804687500000000e-01 -9.765625000000000000e-03 -3.774414062500000000e-01
9.077148437500000000e-01 9.130859375000000000e-02 -3.303222656250000000e-01
9.699707031250000000e-01 7.568359375000000000e-02 -2.373046875000000000e-01
1.110107421875000000e+00 1.291503906250000000e-01 -3.593750000000000000e-01
1.113281250000000000e+00 2.514648437500000000e-02 -3.051757812500000000e-01
1.044677734375000000e+00 7.324218750000000000e-03 -2.446289062500000000e-01
9.553222656250000000e-01 -2.978515625000000000e-02 -1.796875000000000000e-01
9.074707031250000000e-01 -3.662109375000000000e-02 -9.838867187500000000e-02
6.145019531250000000e-01 -1.511230468750000000e-01 -1.105957031250000000e-01
4.228515625000000000e-01 2.441406250000000000e-01 -4.650878906250000000e-01
1.417236328125000000e+00 3.930664062500000000e-02 -3.632812500000000000e-01
1.458251953125000000e+00 -1.486816406250000000e-01 -5.820312500000000000e-01
1.401855468750000000e+00 -5.883789062500000000e-02 -4.729003906250000000e-01
1.090820312500000000e+00 -3.247070312500000000e-02 -3.591308593750000000e-01
6.330566406250000000e-01 -5.737304687500000000e-02 -1.652832031250000000e-01
6.530761718750000000e-01 1.025390625000000000e-02 3.979492187500000000e-02
2.724609375000000000e-01 -6.127929687500000000e-02 -5.786132812500000000e-02
3.559570312500000000e-01 -5.346679687500000000e-02 9.765625000000000000e-03
2.260742187500000000e+00 4.760742187500000000e-02 -5.263671875000000000e-01
1.403076171875000000e+00 -2.687988281250000000e-01 -7.314453125000000000e-01
1.419433593750000000e+00 -2.683105468750000000e-01 -4.660644531250000000e-01
6.525878906250000000e-01 9.692382812500000000e-02 -1.418457031250000000e-01
5.937500000000000000e-01 -2.441406250000000000e-02 4.980468750000000000e-02
1.257324218750000000e-01 -1.267089843750000000e-01 3.662109375000000000e-02
3.103027343750000000e-01 2.441406250000000000e-02 1.555175781250000000e-01
4.758300781250000000e-01 2.968750000000000000e-01 -8.454589843750000000e-01
2.644531250000000000e+00 2.148437500000000000e-02 -1.272949218750000000e+00
1.375488281250000000e+00 5.148925781250000000e-01 -5.187988281250000000e-01
1.310302734375000000e+00 -2.441406250000000000e-03 -1.774902343750000000e-01
5.783691406250000000e-01 -2.834472656250000000e-01 1.464843750000000000e-02
2.416992187500000000e-01 -2.319335937500000000e-02 1.499023437500000000e-01
7.910156250000000000e-02 -1.489257812500000000e-02 -9.863281250000000000e-02
1.152343750000000000e-01 1.982421875000000000e-01 -2.165527343750000000e-01
2.165527343750000000e+00 2.185058593750000000e-01 -1.638427734375000000e+00
1.897216796875000000e+00 -4.118652343750000000e-01 -7.958984375000000000e-01
1.391113281250000000e+00 -1.479492187500000000e-01 -1.870117187500000000e-01
7.395019531250000000e-01 3.222656250000000000e-02 8.056640625000000000e-03
5.187988281250000000e-01 -1.440429687500000000e-02 1.757812500000000000e-02
-1.708984375000000000e-03 -4.833984375000000000e-02 -3.637695312500000000e-02
-8.398437500000000000e-02 -8.544921875000000000e-02 1.335449218750000000e-01
1.498046875000000000e+00 -3.474121093750000000e-01 -8.071289062500000000e-01
3.523681640625000000e+00 -4.709472656250000000e-01 -1.385498046875000000e+00
9.201660156250000000e-01 2.734375000000000000e-01 -9.057617187500000000e-02
8.225097656250000000e-01 -1.240234375000000000e-01 -1.462402343750000000e-01
4.526367187500000000e-01 -5.908203125000000000e-02 1.293945312500000000e-01
-1.582031250000000000e-01 1.293945312500000000e-01 1.503906250000000000e-01
1.618652343750000000e-01 -1.367187500000000000e-02 3.906250000000000000e-02
8.142089843750000000e-01 -3.505859375000000000e-01 -1.218994140625000000e+00
3.441650390625000000e+00 -3.842773437500000000e-01 -1.473632812500000000e+00
9.167480468750000000e-01 -2.858886718750000000e-01 -1.135253906250000000e-01
1.101318359375000000e+00 -4.541015625000000000e-02 -9.570312500000000000e-02
3.745117187500000000e-01 -8.178710937500000000e-02 1.518554687500000000e-01
-1.577148437500000000e-01 2.099609375000000000e-01 -3.002929687500000000e-02
4.101562500000000000e-02 -3.857421875000000000e-02 2.060546875000000000e-01
4.467773437500000000e-01 3.488769531250000000e-01 -3.842773437500000000e-01
4.886718750000000000e+00 -4.921875000000000000e-01 -1.350097656250000000e+00
9.799804687500000000e-01 7.006835937500000000e-01 -2.656250000000000000e-01
1.329589843750000000e+00 -3.395996093750000000e-01 -2.568359375000000000e-01
2.287597656250000000e-01 -1.284179687500000000e-01 6.958007812500000000e-02
-5.810546875000000000e-02 5.102539062500000000e-02 2.060546875000000000e-01
7.714843750000000000e-02 1.196289062500000000e-02 -7.128906250000000000e-02
3.569335937500000000e-01 -1.196289062500000000e-01 -6.594238281250000000e-01
2.705810546875000000e+00 -5.737304687500000000e-01 -1.707763671875000000e+00
1.187744140625000000e+00 -4.465332031250000000e-01 -1.853027343750000000e-01
1.167968750000000000e+00 1.464843750000000000e-01 -1.105957031250000000e-01
4.841308593750000000e-01 -7.006835937500000000e-02 5.102539062500000000e-02
-1.220703125000000000e-02 1.245117187500000000e-02 -1.489257812500000000e-02
-1.457519531250000000e-01 -6.835937500000000000e-03 7.055664062500000000e-02
2.170410156250000000e-01 1.757812500000000000e-01 -6.530761718750000000e-01
2.075683593750000000e+00 -8.166503906250000000e-01 -7.814941406250000000e-01
1.842041015625000000e+00 6.179199218750000000e-01 -3.610839843750000000e-01
1.591552734375000000e+00 -2.819824218750000000e-01 -1.003417968750000000e-01
3.349609375000000000e-01 -5.541992187500000000e-02 1.367187500000000000e-02
-4.028320312500000000e-02 3.857421875000000000e-02 8.105468750000000000e-02
-2.563476562500000000e-02 -2.343750000000000000e-02 -9.057617187500000000e-02
2.131347656250000000e-01 -1.943359375000000000e-01 -7.226562500000000000e-01
3.235107421875000000e+00 2.841796875000000000e-01 5.151367187500000000e-01
1.843505859375000000e+00 -5.686035156250000000e-01 -5.427246093750000000e-01
1.530029296875000000e+00 -4.003906250000000000e-02 -3.208007812500000000e-01
7.639160156250000000e-01 1.330566406250000000e-01 -2.673339843750000000e-01
-8.764648437500000000e-02 -4.248046875000000000e-02 2.360839843750000000e-01
-1.687011718750000000e-01 1.887207031250000000e-01 2.441406250000000000e-02
-1.367187500000000000e-02 -4.418945312500000000e-02 -1.774902343750000000e-01
1.068115234375000000e+00 6.860351562500000000e-02 -1.211914062500000000e+00
4.513427734375000000e+00 -1.018066406250000000e-01 -1.918457031250000000e+00
1.049804687500000000e+00 2.873535156250000000e-01 -2.602539062500000000e-01
1.015380859375000000e+00 -2.824707031250000000e-01 1.049804687500000000e-02
2.580566406250000000e-01 -1.491699218750000000e-01 1.250000000000000000e-01
-1.022949218750000000e-01 2.319335937500000000e-02 2.612304687500000000e-02
-2.141113281250000000e-01 1.232910156250000000e-01 -2.116699218750000000e-01
9.533691406250000000e-01 -8.332519531250000000e-01 -1.470458984375000000e+00
2.285644531250000000e+00 -2.744140625000000000e-01 -2.541015625000000000e+00
5.622558593750000000e-01 -3.208007812500000000e-01 -1.171875000000000000e-02
1.221923828125000000e+00 2.675781250000000000e-01 -2.268066406250000000e-01
4.094238281250000000e-01 -1.564941406250000000e-01 -4.028320312500000000e-02
-1.301269531250000000e-01 6.811523437500000000e-02 1.259765625000000000e-01
4.003906250000000000e-02 -2.065429687500000000e-01 -9.985351562500000000e-02
2.429199218750000000e-01 -1.733398437500000000e-01 -2.026367187500000000e-01
4.273681640625000000e+00 -4.904785156250000000e-01 1.968750000000000000e+00
1.552978515625000000e+00 4.323730468750000000e-01 -4.697265625000000000e-01
1.105468750000000000e+00 1.416015625000000000e-02 -2.463378906250000000e-01
8.718261718750000000e-01 -2.539062500000000000e-01 -1.005859375000000000e-01
4.760742187500000000e-02 -2.248535156250000000e-01 1.755371093750000000e-01
-1.906738281250000000e-01 -4.248046875000000000e-02 -2.121582031250000000e-01
5.493164062500000000e-02 -6.176757812500000000e-02 -5.932617187500000000e-02
1.297363281250000000e+00 8.281250000000000000e-01 -1.983642578125000000e+00
2.570068359375000000e+00 -1.516113281250000000e-01 -7.058105468750000000e-01
1.051269531250000000e+00 5.371093750000000000e-03 -5.908203125000000000e-02
1.012207031250000000e+00 2.343750000000000000e-01 -1.391601562500000000e-01
2.470703125000000000e-01 -1.752929687500000000e-01 1.147460937500000000e-02
3.051757812500000000e-02 -1.550292968750000000e-01 -1.518554687500000000e-01
5.981445312500000000e-02 2.880859375000000000e-02 3.613281250000000000e-02
7.302246093750000000e-01 4.150390625000000000e-03 -1.070556640625000000e+00
4.545166015625000000e+00 -7.050781250000000000e-01 -1.495849609375000000e+00
7.536621093750000000e-01 1.203613281250000000e-01 -1.547851562500000000e-01
1.196289062500000000e+00 -1.794433593750000000e-01 -2.558593750000000000e-01
6.848144531250000000e-01 -2.519531250000000000e-01 -3.906250000000000000e-03
2.114257812500000000e-01 1.848144531250000000e-01 -1.594238281250000000e-01
3.979492187500000000e-02 1.325683593750000000e-01 1.406250000000000000e-01
6.306152343750000000e-01 -3.281250000000000000e-01 1.879882812500000000e-02
2.846435546875000000e+00 -3.208007812500000000e-01 -3.955078125000000000e-01
1.361572265625000000e+00 1.611328125000000000e-02 -5.617675781250000000e-01
1.067871093750000000e+00 -1.223144531250000000e-01 -1.098632812500000000e-01
8.869628906250000000e-01 -1.391601562500000000e-02 -1.796875000000000000e-01
4.296875000000000000e-02 -1.213378906250000000e-01 -8.740234375000000000e-02
-1.979980468750000000e-01 -8.911132812500000000e-02 -5.615234375000000000e-03
5.058593750000000000e-01 1.076660156250000000e-01 -3.833007812500000000e-02
2.667968750000000000e+00 -7.836914062500000000e-02 -8.576660156250000000e-01
1.392578125000000000e+00 4.636230468750000000e-01 -1.870117187500000000e-01
1.523437500000000000e+00 -2.983398437500000000e-01 -2.214355468750000000e-01
5.993652343750000000e-01 -1.301269531250000000e-01 -1.220703125000000000e-02
8.593750000000000000e-02 7.885742187500000000e-02 -7.934570312500000000e-02
1.333007812500000000e-01 -3.564453125000000000e-02 -1.879882812500000000e-02
5.766601562500000000e-01 -3.852539062500000000e-01 1.035156250000000000e-01
1.959472656250000000e+00 5.541992187500000000e-02 -1.401611328125000000e+00
1.431640625000000000e+00 -4.753417968750000000e-01 -4.248046875000000000e-01
1.130615234375000000e+00 -1.652832031250000000e-01 -1.682128906250000000e-01
7.102050781250000000e-01 1.442871093750000000e-01 1.455078125000000000e-01
2.705078125000000000e-01 -2.167968750000000000e-01 1.708984375000000000e-03
-4.028320312500000000e-02 -1.950683593750000000e-01 -2.612304687500000000e-01
4.577636718750000000e-01 -2.331542968750000000e-01 -1.271972656250000000e-01
2.597656250000000000e+00 -4.707031250000000000e-01 3.181152343750000000e-01
1.762695312500000000e+00 -7.641601562500000000e-02 -7.827148437500000000e-01
1.097167968750000000e+00 -1.074218750000000000e-02 -2.163085937500000000e-01
1.027587890625000000e+00 -3.256835937500000000e-01 1.293945312500000000e-02
7.668457031250000000e-01 -2.031250000000000000e-01 -1.806640625000000000e-02
3.249511718750000000e-01 -5.200195312500000000e-02 -1.369628906250000000e-01
5.471191406250000000e-01 1.267089843750000000e-01 -1.953125000000000000e-01
7.956542968750000000e-01 4.516601562500000000e-02 -5.175781250000000000e-01
1.991699218750000000e+00 -2.729492187500000000e-01 -7.377929687500000000e-01
1.460205078125000000e+00 5.371093750000000000e-03 -5.671386718750000000e-01
8.874511718750000000e-01 1.450195312500000000e-01 -1.408691406250000000e-01
7.651367187500000000e-01 -1.411132812500000000e-01 -6.298828125000000000e-02
4.406738281250000000e-01 -1.684570312500000000e-02 -2.221679687500000000e-02
