9.853515625000000000e-01 -4.028320312500000000e-02 -4.736328125000000000e-02
9.853515625000000000e-01 -4.028320312500000000e-02 -4.736328125000000000e-02
9.853515625000000000e-01 -4.028320312500000000e-02 -4.736328125000000000e-02
9.760742187500000000e-01 -4.638671875000000000e-02 -5.322265625000000000e-02
9.746093750000000000e-01 -4.687500000000000000e-02 -4.638671875000000000e-02
9.763183593750000000e-01 -5.224609375000000000e-02 -5.444335937500000000e-02
9.792480468750000000e-01 -4.516601562500000000e-02 -5.175781250000000000e-02
9.814453125000000000e-01 -3.271484375000000000e-02 -4.956054687500000000e-02
9.746093750000000000e-01 -3.222656250000000000e-02 -4.736328125000000000e-02
9.746093750000000000e-01 -3.222656250000000000e-02 -4.736328125000000000e-02
9.860839843750000000e-01 -3.271484375000000000e-02 -5.419921875000000000e-02
9.860839843750000000e-01 -3.271484375000000000e-02 -5.419921875000000000e-02
9.733886718750000000e-01 -3.881835937500000000e-02 -5.590820312500000000e-02
9.772949218750000000e-01 -4.882812500000000000e-02 -4.980468750000000000e-02
9.768066406250000000e-01 -4.321289062500000000e-02 -4.833984375000000000e-02
9.768066406250000000e-01 -4.687500000000000000e-02 -5.688476562500000000e-02
9.775390625000000000e-01 -3.686523437500000000e-02 -5.615234375000000000e-02
9.816894531250000000e-01 -3.930664062500000000e-02 -5.078125000000000000e-02
9.843750000000000000e-01 -4.125976562500000000e-02 -1.411132812500000000e-01
9.709472656250000000e-01 -5.346679687500000000e-02 -1.503906250000000000e-01
1.029296875000000000e+00 -5.590820312500000000e-02 -9.375000000000000000e-02
1.013427734375000000e+00 -1.328125000000000000e-01 -1.025390625000000000e-01
9.204101562500000000e-01 -9.838867187500000000e-02 -9.594726562500000000e-02
1.021728515625000000e+00 -5.419921875000000000e-02 -1.357421875000000000e-01
1.008544921875000000e+00 -4.882812500000000000e-02 -1.884765625000000000e-01
8.728027343750000000e-01 -4.980468750000000000e-02 -1.931152343750000000e-01
8.461914062500000000e-01 -1.462402343750000000e-01 -1.611328125000000000e-01
8.459472656250000000e-01 -3.833007812500000000e-02 -3.220214843750000000e-01
9.316406250000000000e-01 -3.100585937500000000e-02 -2.292480468750000000e-01
9.851074218750000000e-01 7.690429687500000000e-02 -2.541503906250000000e-01
8.735351562500000000e-01 -6.591796875000000000e-03 -2.441406250000000000e-01
7.849121093750000000e-01 5.859375000000000000e-03 -3.369140625000000000e-01
7.373046875000000000e-01 1.437988281250000000e-01 -5.725097656250000000e-01
7.780761718750000000e-01 1.374511718750000000e-01 -5.727539062500000000e-01
6.032714843750000000e-01 6.030273437500000000e-02 -6.337890625000000000e-01
6.445312500000000000e-01 -1.115722656250000000e-01 -5.109863281250000000e-01
7.822265625000000000e-01 -2.695312500000000000e-01 -4.233398437500000000e-01
6.945800781250000000e-01 1.420898437500000000e-01 -5.048828125000000000e-01
4.660644531250000000e-01 -2.204589843750000000e-01 -6.984863281250000000e-01
5.512695312500000000e-01 9.497070312500000000e-02 -6.545410156250000000e-01
7.180175781250000000e-01 1.049804687500000000e-02 -8.349609375000000000e-01
5.925292968750000000e-01 4.760742187500000000e-02 -6.655273437500000000e-01
5.773925781250000000e-01 -6.347656250000000000e-03 -1.029296875000000000e+00
4.858398437500000000e-01 4.296875000000000000e-02 -9.145507812500000000e-01
5.224609375000000000e-01 3.125000000000000000e-02 -8.247070312500000000e-01
4.707031250000000000e-01 4.174804687500000000e-02 -8.405761718750000000e-01
5.559082031250000000e-01 -2.294921875000000000e-02 -9.553222656250000000e-01
6.274414062500000000e-01 2.148437500000000000e-02 -9.213867187500000000e-01
6.274414062500000000e-01 2.148437500000000000e-02 -9.213867187500000000e-01
6.416015625000000000e-01 1.464843750000000000e-03 -8.937988281250000000e-01
5.969238281250000000e-01 -7.128906250000000000e-02 -8.339843750000000000e-01
6.281738281250000000e-01 4.394531250000000000e-03 -8.110351562500000000e-01
5.451660156250000000e-01 -3.906250000000000000e-02 -7.324218750000000000e-01
6.518554687500000000e-01 -7.617187500000000000e-02 -7.243652343750000000e-01
6.147460937500000000e-01 -4.858398437500000000e-02 -7.866210937500000000e-01
6.047363281250000000e-01 7.080078125000000000e-03 -7.414550781250000000e-01
6.479492187500000000e-01 -4.516601562500000000e-02 -7.941894531250000000e-01
6.206054687500000000e-01 -7.812500000000000000e-02 -7.680664062500000000e-01
6.525878906250000000e-01 -7.177734375000000000e-02 -6.740722656250000000e-01
6.086425781250000000e-01 -7.763671875000000000e-02 -7.204589843750000000e-01
6.418457031250000000e-01 -8.276367187500000000e-02 -6.796875000000000000e-01
6.538085937500000000e-01 -6.762695312500000000e-02 -7.683105468750000000e-01
5.964355468750000000e-01 -3.515625000000000000e-02 -6.696777343750000000e-01
6.030273437500000000e-01 -9.326171875000000000e-02 -7.548828125000000000e-01
6.130371093750000000e-01 -3.686523437500000000e-02 -6.848144531250000000e-01
6.079101562500000000e-01 -7.519531250000000000e-02 -7.644042968750000000e-01
6.140136718750000000e-01 -4.663085937500000000e-02 -7.607421875000000000e-01
6.123046875000000000e-01 -7.788085937500000000e-02 -7.680664062500000000e-01
6.079101562500000000e-01 -4.541015625000000000e-02 -7.580566406250000000e-01
6.071777343750000000e-01 -3.833007812500000000e-02 -7.629394531250000000e-01
6.477050781250000000e-01 -8.813476562500000000e-02 -6.652832031250000000e-01
6.430664062500000000e-01 -4.125976562500000000e-02 -6.870117187500000000e-01
6.362304687500000000e-01 -3.344726562500000000e-02 -6.838378906250000000e-01
6.518554687500000000e-01 -7.934570312500000000e-02 -7.524414062500000000e-01
5.942382812500000000e-01 -3.173828125000000000e-02 -7.626953125000000000e-01
6.025390625000000000e-01 -6.982421875000000000e-02 -7.617187500000000000e-01
5.947265625000000000e-01 -3.320312500000000000e-02 -7.539062500000000000e-01
5.976562500000000000e-01 -7.299804687500000000e-02 -7.658691406250000000e-01
6.047363281250000000e-01 -8.789062500000000000e-02 -6.696777343750000000e-01
6.518554687500000000e-01 -6.884765625000000000e-02 -6.813964843750000000e-01
6.540527343750000000e-01 -8.276367187500000000e-02 -7.509765625000000000e-01
6.013183593750000000e-01 -7.763671875000000000e-02 -7.519531250000000000e-01
6.030273437500000000e-01 -7.910156250000000000e-02 -7.529296875000000000e-01
5.991210937500000000e-01 -8.154296875000000000e-02 -7.531738281250000000e-01
6.083984375000000000e-01 -7.031250000000000000e-02 -7.624511718750000000e-01
6.083984375000000000e-01 -8.227539062500000000e-02 -6.791992187500000000e-01
6.005859375000000000e-01 -7.397460937500000000e-02 -6.701660156250000000e-01
6.076660156250000000e-01 -8.178710937500000000e-02 -6.760253906250000000e-01
6.076660156250000000e-01 -8.178710937500000000e-02 -6.760253906250000000e-01
6.916503906250000000e-01 -6.567382812500000000e-02 -6.704101562500000000e-01
6.916503906250000000e-01 -6.567382812500000000e-02 -6.704101562500000000e-01
6.223144531250000000e-01 -6.665039062500000000e-02 -6.862792968750000000e-01
6.157226562500000000e-01 -7.666015625000000000e-02 -7.573242187500000000e-01
6.164550781250000000e-01 -7.397460937500000000e-02 -6.774902343750000000e-01
6.169433593750000000e-01 -6.933593750000000000e-02 -7.504882812500000000e-01
6.042480468750000000e-01 -7.958984375000000000e-02 -6.735839843750000000e-01
6.079101562500000000e-01 -6.689453125000000000e-02 -6.853027343750000000e-01
6.142578125000000000e-01 -6.445312500000000000e-02 -6.845703125000000000e-01
6.145019531250000000e-01 0.000000000000000000e+00 -7.536621093750000000e-01
6.914062500000000000e-01 -9.082031250000000000e-02 -7.670898437500000000e-01
7.104492187500000000e-01 -8.325195312500000000e-02 -7.370605468750000000e-01
7.226562500000000000e-01 -5.200195312500000000e-02 -9.025878906250000000e-01
8.244628906250000000e-01 -7.055664062500000000e-02 -1.026123046875000000e+00
7.253417968750000000e-01 -6.860351562500000000e-02 -9.294433593750000000e-01
7.033691406250000000e-01 -8.544921875000000000e-02 -9.003906250000000000e-01
5.971679687500000000e-01 5.371093750000000000e-03 -7.219238281250000000e-01
6.467285156250000000e-01 7.812500000000000000e-03 -6.757812500000000000e-01
6.123046875000000000e-01 -5.444335937500000000e-02 -6.923828125000000000e-01
7.082519531250000000e-01 9.521484375000000000e-03 -6.726074218750000000e-01
7.409667968750000000e-01 8.544921875000000000e-03 -6.955566406250000000e-01
8.798828125000000000e-01 -8.911132812500000000e-02 -6.948242187500000000e-01
9.035644531250000000e-01 -4.589843750000000000e-02 -6.542968750000000000e-01
8.710937500000000000e-01 -3.662109375000000000e-02 -6.384277343750000000e-01
8.530273437500000000e-01 -5.688476562500000000e-02 -4.848632812500000000e-01
8.237304687500000000e-01 -3.247070312500000000e-02 -5.310058593750000000e-01
7.939453125000000000e-01 -9.252929687500000000e-02 -4.538574218750000000e-01
6.770019531250000000e-01 -1.455078125000000000e-01 -3.581542968750000000e-01
7.709960937500000000e-01 -9.033203125000000000e-02 -2.854003906250000000e-01
6.899414062500000000e-01 -1.372070312500000000e-01 -2.937011718750000000e-01
6.987304687500000000e-01 -7.788085937500000000e-02 -2.326660156250000000e-01
7.807617187500000000e-01 1.367187500000000000e-02 -3.244628906250000000e-01
8.122558593750000000e-01 1.855468750000000000e-02 -2.392578125000000000e-01
8.833007812500000000e-01 -4.956054687500000000e-02 -3.864746093750000000e-01
8.122558593750000000e-01 -6.103515625000000000e-02 -2.329101562500000000e-01
9.030761718750000000e-01 -9.277343750000000000e-02 -2.485351562500000000e-01
9.548339843750000000e-01 2.441406250000000000e-02 -2.270507812500000000e-01
9.885253906250000000e-01 -5.078125000000000000e-02 -2.304687500000000000e-01
9.885253906250000000e-01 -5.078125000000000000e-02 -2.304687500000000000e-01
1.004882812500000000e+00 -1.467285156250000000e-01 -2.741699218750000000e-01
1.004882812500000000e+00 -1.467285156250000000e-01 -2.741699218750000000e-01
9.655761718750000000e-01 -6.616210937500000000e-02 -1.928710937500000000e-01
1.030517578125000000e+00 -8.129882812500000000e-02 -2.041015625000000000e-01
1.012451171875000000e+00 -1.337890625000000000e-01 -1.894531250000000000e-01
1.011718750000000000e+00 -3.491210937500000000e-02 -1.887207031250000000e-01
1.070800781250000000e+00 4.638671875000000000e-03 -2.019042968750000000e-01
9.758300781250000000e-01 -8.374023437500000000e-02 -1.887207031250000000e-01
9.709472656250000000e-01 -5.639648437500000000e-02 -1.174316406250000000e-01
9.887695312500000000e-01 -5.395507812500000000e-02 -1.154785156250000000e-01
9.921875000000000000e-01 -8.154296875000000000e-02 -1.447753906250000000e-01
9.738769531250000000e-01 -6.958007812500000000e-02 -6.103515625000000000e-02
1.070068359375000000e+00 -3.491210937500000000e-02 -1.293945312500000000e-01
1.071777343750000000e+00 -6.372070312500000000e-02 -6.152343750000000000e-02
9.848632812500000000e-01 4.882812500000000000e-04 -5.517578125000000000e-02
9.458007812500000000e-01 -2.246093750000000000e-02 -4.589843750000000000e-02
8.593750000000000000e-01 7.275390625000000000e-02 -1.298828125000000000e-01
1.143554687500000000e+00 -1.181640625000000000e-01 -4.174804687500000000e-02
1.086914062500000000e+00 1.196289062500000000e-01 -8.276367187500000000e-02
1.016845703125000000e+00 -2.099609375000000000e-02 -3.173828125000000000e-02
1.069580078125000000e+00 -6.445312500000000000e-02 -6.958007812500000000e-02
1.070312500000000000e+00 -3.491210937500000000e-02 -8.056640625000000000e-02
1.001464843750000000e+00 5.786132812500000000e-02 -4.296875000000000000e-02
1.021728515625000000e+00 1.533203125000000000e-01 -1.315917968750000000e-01
9.829101562500000000e-01 5.932617187500000000e-02 -1.350097656250000000e-01
9.196777343750000000e-01 4.980468750000000000e-02 -5.371093750000000000e-02
1.025634765625000000e+00 9.057617187500000000e-02 -5.615234375000000000e-02
1.132568359375000000e+00 5.371093750000000000e-02 -1.118164062500000000e-01
1.144287109375000000e+00 -4.272460937500000000e-02 -1.687011718750000000e-01
9.416503906250000000e-01 -4.785156250000000000e-02 -1.384277343750000000e-01
1.003906250000000000e+00 -8.789062500000000000e-02 -1.386718750000000000e-01
1.089111328125000000e+00 -6.201171875000000000e-02 -1.149902343750000000e-01
1.075927734375000000e+00 -1.235351562500000000e-01 -1.086425781250000000e-01
9.238281250000000000e-01 -2.111816406250000000e-01 -3.222656250000000000e-02
1.024902343750000000e+00 -1.594238281250000000e-01 6.469726562500000000e-02
9.709472656250000000e-01 -1.721191406250000000e-01 -1.269531250000000000e-02
1.011474609375000000e+00 -2.438964843750000000e-01 -2.880859375000000000e-02
9.963378906250000000e-01 -5.688476562500000000e-02 5.615234375000000000e-03
9.963378906250000000e-01 -5.688476562500000000e-02 5.615234375000000000e-03
9.562988281250000000e-01 -1.677246093750000000e-01 -1.052246093750000000e-01
9.562988281250000000e-01 -1.677246093750000000e-01 -1.052246093750000000e-01
9.916992187500000000e-01 -1.313476562500000000e-01 -8.032226562500000000e-02
1.086669921875000000e+00 -9.228515625000000000e-02 -6.201171875000000000e-02
9.843750000000000000e-01 -5.004882812500000000e-02 2.441406250000000000e-03
1.021240234375000000e+00 3.417968750000000000e-03 6.591796875000000000e-03
1.075195312500000000e+00 -9.545898437500000000e-02 -5.444335937500000000e-02
1.064208984375000000e+00 -6.054687500000000000e-02 -5.200195312500000000e-02
1.024658203125000000e+00 -7.983398437500000000e-02 -8.007812500000000000e-02
1.008056640625000000e+00 1.440429687500000000e-02 1.025390625000000000e-02
1.066894531250000000e+00 6.591796875000000000e-03 1.464843750000000000e-03
9.982910156250000000e-01 2.441406250000000000e-03 3.417968750000000000e-03
9.890136718750000000e-01 -7.397460937500000000e-02 -7.788085937500000000e-02
1.030517578125000000e+00 -7.788085937500000000e-02 -8.862304687500000000e-02
9.787597656250000000e-01 -3.295898437500000000e-02 -3.417968750000000000e-02
1.063964843750000000e+00 -5.371093750000000000e-02 -3.369140625000000000e-02
9.892578125000000000e-01 -5.932617187500000000e-02 -8.300781250000000000e-02
9.848632812500000000e-01 -4.687500000000000000e-02 -7.006835937500000000e-02
9.855957031250000000e-01 -9.228515625000000000e-02 -7.226562500000000000e-02
9.890136718750000000e-01 -6.689453125000000000e-02 -8.007812500000000000e-02
9.741210937500000000e-01 -6.787109375000000000e-02 -8.227539062500000000e-02
9.885253906250000000e-01 -7.348632812500000000e-02 -3.466796875000000000e-02
9.873046875000000000e-01 -7.983398437500000000e-02 -9.277343750000000000e-02
9.846191406250000000e-01 -3.369140625000000000e-02 -3.344726562500000000e-02
9.807128906250000000e-01 -3.930664062500000000e-02 -4.174804687500000000e-02
9.824218750000000000e-01 -9.277343750000000000e-02 -4.736328125000000000e-02
9.819335937500000000e-01 -8.740234375000000000e-02 -4.028320312500000000e-02
9.785156250000000000e-01 -8.203125000000000000e-02 -4.077148437500000000e-02
9.799804687500000000e-01 -8.496093750000000000e-02 -5.859375000000000000e-02
9.804687500000000000e-01 -3.930664062500000000e-02 -5.395507812500000000e-02
9.851074218750000000e-01 -3.417968750000000000e-02 -1.264648437500000000e-01
9.736328125000000000e-01 -8.496093750000000000e-02 -4.248046875000000000e-02
9.829101562500000000e-01 -8.374023437500000000e-02 -4.565429687500000000e-02
