9.873046875000000000e-01 -1.391601562500000000e-02 8.789062500000000000e-02
9.873046875000000000e-01 -1.391601562500000000e-02 8.789062500000000000e-02
9.880371093750000000e-01 -1.562500000000000000e-02 8.105468750000000000e-02
9.880371093750000000e-01 -1.562500000000000000e-02 8.105468750000000000e-02
9.880371093750000000e-01 -1.562500000000000000e-02 8.105468750000000000e-02
9.880371093750000000e-01 -1.562500000000000000e-02 8.105468750000000000e-02
9.868164062500000000e-01 -1.440429687500000000e-02 8.837890625000000000e-02
9.868164062500000000e-01 -1.440429687500000000e-02 8.837890625000000000e-02
9.868164062500000000e-01 -1.440429687500000000e-02 8.837890625000000000e-02
9.890136718750000000e-01 -1.416015625000000000e-02 7.861328125000000000e-02
9.902343750000000000e-01 -1.928710937500000000e-02 7.495117187500000000e-02
9.833984375000000000e-01 -1.464843750000000000e-02 7.861328125000000000e-02
9.926757812500000000e-01 -2.539062500000000000e-02 7.641601562500000000e-02
9.816894531250000000e-01 3.027343750000000000e-02 7.641601562500000000e-02
9.870605468750000000e-01 -2.343750000000000000e-02 8.569335937500000000e-02
9.868164062500000000e-01 -2.587890625000000000e-02 7.495117187500000000e-02
9.882812500000000000e-01 -2.050781250000000000e-02 8.007812500000000000e-02
9.824218750000000000e-01 -1.489257812500000000e-02 7.910156250000000000e-02
9.887695312500000000e-01 -5.615234375000000000e-03 7.641601562500000000e-02
9.716796875000000000e-01 -1.953125000000000000e-03 8.935546875000000000e-02
9.934082031250000000e-01 -1.147460937500000000e-02 9.057617187500000000e-02
9.816894531250000000e-01 -1.708984375000000000e-03 9.008789062500000000e-02
9.843750000000000000e-01 -1.098632812500000000e-02 9.277343750000000000e-02
9.846191406250000000e-01 7.055664062500000000e-02 9.008789062500000000e-02
9.814453125000000000e-01 7.519531250000000000e-02 3.369140625000000000e-02
9.860839843750000000e-01 6.689453125000000000e-02 3.930664062500000000e-02
9.763183593750000000e-01 7.836914062500000000e-02 4.638671875000000000e-02
9.775390625000000000e-01 7.153320312500000000e-02 3.198242187500000000e-02
9.841308593750000000e-01 -9.765625000000000000e-04 3.955078125000000000e-02
1.029052734375000000e+00 -2.709960937500000000e-02 4.760742187500000000e-02
9.995117187500000000e-01 8.959960937500000000e-02 4.809570312500000000e-02
9.882812500000000000e-01 4.614257812500000000e-02 3.564453125000000000e-02
9.907226562500000000e-01 5.639648437500000000e-02 4.638671875000000000e-02
1.024658203125000000e+00 4.663085937500000000e-02 3.247070312500000000e-02
9.924316406250000000e-01 7.080078125000000000e-03 -2.612304687500000000e-02
1.014404296875000000e+00 -2.175292968750000000e-01 -8.300781250000000000e-02
9.709472656250000000e-01 -1.242675781250000000e-01 1.115722656250000000e-01
1.154052734375000000e+00 3.247070312500000000e-02 1.015625000000000000e-01
9.946289062500000000e-01 -7.324218750000000000e-03 1.298828125000000000e-01
9.641113281250000000e-01 -1.130371093750000000e-01 1.345214843750000000e-01
1.011230468750000000e+00 -4.565429687500000000e-02 1.083984375000000000e-01
1.018066406250000000e+00 -4.711914062500000000e-02 1.943359375000000000e-01
1.024169921875000000e+00 -3.393554687500000000e-02 1.076660156250000000e-01
1.038330078125000000e+00 -6.347656250000000000e-02 1.025390625000000000e-01
1.057373046875000000e+00 -3.588867187500000000e-02 1.523437500000000000e-01
1.076660156250000000e+00 -1.669921875000000000e-01 2.185058593750000000e-01
1.192871093750000000e+00 -1.635742187500000000e-01 1.511230468750000000e-01
1.287597656250000000e+00 -1.213378906250000000e-01 -2.609863281250000000e-01
1.043945312500000000e+00 2.416992187500000000e-02 -1.657714843750000000e-01
6.757812500000000000e-01 1.320800781250000000e-01 -8.642578125000000000e-02
1.148925781250000000e+00 -6.835937500000000000e-03 1.928710937500000000e-02
1.013183593750000000e+00 -2.343750000000000000e-02 -7.543945312500000000e-02
8.071289062500000000e-01 4.321289062500000000e-02 7.812500000000000000e-02
8.032226562500000000e-01 6.860351562500000000e-02 6.884765625000000000e-02
9.448242187500000000e-01 -7.592773437500000000e-02 -2.954101562500000000e-02
9.799804687500000000e-01 -8.056640625000000000e-02 -1.660156250000000000e-02
9.897460937500000000e-01 -1.525878906250000000e-01 6.616210937500000000e-02
9.086914062500000000e-01 1.635742187500000000e-02 -8.251953125000000000e-02
9.287109375000000000e-01 7.983398437500000000e-02 7.470703125000000000e-02
1.130859375000000000e+00 1.337890625000000000e-01 -2.800292968750000000e-01
1.144531250000000000e+00 -3.149414062500000000e-02 -4.392089843750000000e-01
1.015136718750000000e+00 -9.814453125000000000e-02 -3.161621093750000000e-01
9.548339843750000000e-01 -1.987304687500000000e-01 -3.305664062500000000e-01
9.519042968750000000e-01 -1.142578125000000000e-01 -3.659667968750000000e-01
9.392089843750000000e-01 -1.037597656250000000e-01 -4.289550781250000000e-01
8.708496093750000000e-01 -1.093750000000000000e-01 -5.214843750000000000e-01
9.106445312500000000e-01 -1.933593750000000000e-01 -5.068359375000000000e-01
8.544921875000000000e-01 -1.818847656250000000e-01 -5.124511718750000000e-01
8.464355468750000000e-01 -2.282714843750000000e-01 -4.155273437500000000e-01
8.461914062500000000e-01 -1.997070312500000000e-01 -4.626464843750000000e-01
9.423828125000000000e-01 -3.710937500000000000e-02 -3.808593750000000000e-01
1.010009765625000000e+00 -1.271972656250000000e-01 -3.757324218750000000e-01
9.211425781250000000e-01 -8.813476562500000000e-02 -3.293457031250000000e-01
8.710937500000000000e-01 -1.347656250000000000e-01 -2.736816406250000000e-01
8.669433593750000000e-01 7.812500000000000000e-03 -1.669921875000000000e-01
9.353027343750000000e-01 -1.137695312500000000e-01 -5.888671875000000000e-01
9.282226562500000000e-01 -1.708984375000000000e-02 -3.383789062500000000e-01
8.112792968750000000e-01 -6.616210937500000000e-02 -1.750488281250000000e-01
1.010009765625000000e+00 2.685546875000000000e-03 -1.062011718750000000e-01
9.313964843750000000e-01 -1.342773437500000000e-01 -2.646484375000000000e-01
1.020996093750000000e+00 -1.289062500000000000e-01 -2.092285156250000000e-01
1.011230468750000000e+00 -2.612304687500000000e-02 -1.030273437500000000e-01
9.096679687500000000e-01 -6.347656250000000000e-03 -1.391601562500000000e-01
1.019042968750000000e+00 -2.197265625000000000e-02 2.758789062500000000e-02
9.843750000000000000e-01 1.074218750000000000e-02 -1.806640625000000000e-02
1.005126953125000000e+00 -6.420898437500000000e-02 2.612304687500000000e-02
1.002441406250000000e+00 4.541015625000000000e-02 -2.880859375000000000e-02
1.112548828125000000e+00 1.005859375000000000e-01 8.666992187500000000e-02
1.156250000000000000e+00 2.675781250000000000e-01 9.790039062500000000e-02
1.428222656250000000e+00 2.478027343750000000e-01 -3.898925781250000000e-01
9.807128906250000000e-01 -2.268066406250000000e-01 -3.012695312500000000e-01
8.762207031250000000e-01 -1.398925781250000000e-01 -1.606445312500000000e-01
9.887695312500000000e-01 8.666992187500000000e-02 -1.818847656250000000e-01
8.559570312500000000e-01 3.076171875000000000e-02 -1.044921875000000000e-01
9.416503906250000000e-01 1.308593750000000000e-01 -1.474609375000000000e-01
8.591308593750000000e-01 5.078125000000000000e-02 -1.389160156250000000e-01
9.067382812500000000e-01 -1.977539062500000000e-02 -1.489257812500000000e-01
9.555664062500000000e-01 3.222656250000000000e-02 -8.813476562500000000e-02
9.194335937500000000e-01 1.323242187500000000e-01 -2.758789062500000000e-02
1.090820312500000000e+00 1.318359375000000000e-01 3.369140625000000000e-02
1.033447265625000000e+00 1.921386718750000000e-01 -6.616210937500000000e-02
1.156738281250000000e+00 3.164062500000000000e-01 -1.538085937500000000e-02
1.251953125000000000e+00 -8.300781250000000000e-03 -6.870117187500000000e-01
9.064941406250000000e-01 2.609863281250000000e-01 -2.377929687500000000e-01
1.053955078125000000e+00 1.562500000000000000e-02 -1.186523437500000000e-01
8.125000000000000000e-01 5.273437500000000000e-02 -5.566406250000000000e-02
8.342285156250000000e-01 4.809570312500000000e-02 2.661132812500000000e-02
8.625488281250000000e-01 -1.269531250000000000e-02 1.708984375000000000e-02
9.135742187500000000e-01 2.507324218750000000e-01 -2.783203125000000000e-02
9.377441406250000000e-01 1.628417968750000000e-01 8.911132812500000000e-02
1.005859375000000000e+00 1.218261718750000000e-01 3.271484375000000000e-02
1.202392578125000000e+00 1.940917968750000000e-01 1.132812500000000000e-01
1.101806640625000000e+00 2.741699218750000000e-01 1.088867187500000000e-01
1.400390625000000000e+00 1.826171875000000000e-01 -2.353515625000000000e-01
1.018798828125000000e+00 -1.462402343750000000e-01 -2.297363281250000000e-01
7.880859375000000000e-01 2.416992187500000000e-02 -2.053222656250000000e-01
1.064697265625000000e+00 3.125000000000000000e-02 -4.052734375000000000e-02
9.055175781250000000e-01 -7.690429687500000000e-02 -5.834960937500000000e-02
8.930664062500000000e-01 -6.225585937500000000e-02 -6.274414062500000000e-02
9.414062500000000000e-01 8.789062500000000000e-03 -2.124023437500000000e-02
9.516601562500000000e-01 -2.197265625000000000e-02 8.154296875000000000e-02
8.588867187500000000e-01 6.347656250000000000e-03 9.985351562500000000e-02
1.063964843750000000e+00 -2.270507812500000000e-02 5.468750000000000000e-02
1.100830078125000000e+00 -5.468750000000000000e-02 2.165527343750000000e-01
1.462646484375000000e+00 -6.347656250000000000e-02 -4.711914062500000000e-02
1.503662109375000000e+00 1.091308593750000000e-01 -4.487304687500000000e-01
5.212402343750000000e-01 2.670898437500000000e-01 -1.940917968750000000e-01
1.090820312500000000e+00 -1.857910156250000000e-01 -1.269531250000000000e-02
8.645019531250000000e-01 -2.319335937500000000e-02 -3.930664062500000000e-02
8.066406250000000000e-01 1.936035156250000000e-01 8.642578125000000000e-02
9.550781250000000000e-01 -2.734375000000000000e-02 4.101562500000000000e-02
8.527832031250000000e-01 6.982421875000000000e-02 1.481933593750000000e-01
8.198242187500000000e-01 -2.197265625000000000e-03 1.831054687500000000e-01
1.126464843750000000e+00 -6.274414062500000000e-02 1.970214843750000000e-01
1.160888671875000000e+00 4.536132812500000000e-01 1.542968750000000000e-01
1.289550781250000000e+00 6.469726562500000000e-02 2.260742187500000000e-01
1.464843750000000000e+00 -9.790039062500000000e-02 -7.797851562500000000e-01
9.096679687500000000e-01 -1.655273437500000000e-01 -1.914062500000000000e-01
9.506835937500000000e-01 -8.007812500000000000e-02 9.521484375000000000e-03
9.243164062500000000e-01 2.275390625000000000e-01 -4.980468750000000000e-02
8.066406250000000000e-01 -4.174804687500000000e-02 -1.293945312500000000e-02
8.881835937500000000e-01 -1.391601562500000000e-01 2.905273437500000000e-02
9.638671875000000000e-01 -1.516113281250000000e-01 8.203125000000000000e-02
8.332519531250000000e-01 -5.029296875000000000e-02 1.220703125000000000e-01
8.461914062500000000e-01 7.324218750000000000e-03 1.179199218750000000e-01
1.405273437500000000e+00 -6.347656250000000000e-03 8.496093750000000000e-02
1.239990234375000000e+00 -9.155273437500000000e-02 8.349609375000000000e-02
1.454833984375000000e+00 -1.997070312500000000e-01 -5.041503906250000000e-01
6.577148437500000000e-01 -1.953125000000000000e-03 -9.521484375000000000e-02
1.181640625000000000e+00 -3.076171875000000000e-01 -1.271972656250000000e-01
9.543457031250000000e-01 -1.992187500000000000e-01 -1.904296875000000000e-01
7.900390625000000000e-01 2.880859375000000000e-02 2.246093750000000000e-02
1.024169921875000000e+00 -8.691406250000000000e-02 2.490234375000000000e-02
8.583984375000000000e-01 6.860351562500000000e-02 1.318359375000000000e-02
7.875976562500000000e-01 5.493164062500000000e-02 8.691406250000000000e-02
9.677734375000000000e-01 1.855468750000000000e-02 1.311035156250000000e-01
1.145263671875000000e+00 1.074218750000000000e-01 2.143554687500000000e-01
1.196044921875000000e+00 -1.059570312500000000e-01 1.113281250000000000e-01
1.521972656250000000e+00 -4.030761718750000000e-01 -3.093261718750000000e-01
1.024902343750000000e+00 -1.032714843750000000e-01 -3.718261718750000000e-01
8.271484375000000000e-01 6.835937500000000000e-02 -1.201171875000000000e-01
1.144287109375000000e+00 6.591796875000000000e-02 7.617187500000000000e-02
8.789062500000000000e-01 -2.145996093750000000e-01 -2.001953125000000000e-02
9.643554687500000000e-01 -1.250000000000000000e-01 8.740234375000000000e-02
1.074707031250000000e+00 -4.809570312500000000e-02 8.056640625000000000e-02
9.355468750000000000e-01 -2.714843750000000000e-01 1.416015625000000000e-01
8.574218750000000000e-01 -1.113281250000000000e-01 1.894531250000000000e-01
9.526367187500000000e-01 -2.163085937500000000e-01 4.858398437500000000e-02
1.125244140625000000e+00 -4.345703125000000000e-02 1.071777343750000000e-01
1.203613281250000000e+00 -2.089843750000000000e-01 1.201171875000000000e-01
1.201660156250000000e+00 -1.970214843750000000e-01 2.590332031250000000e-01
1.227783203125000000e+00 -3.181152343750000000e-01 9.521484375000000000e-03
1.166259765625000000e+00 -1.269531250000000000e-01 -3.469238281250000000e-01
7.854003906250000000e-01 3.979492187500000000e-02 -2.160644531250000000e-01
1.138916015625000000e+00 -1.931152343750000000e-01 -6.787109375000000000e-02
9.621582031250000000e-01 -1.442871093750000000e-01 -8.715820312500000000e-02
7.438964843750000000e-01 -8.837890625000000000e-02 -1.245117187500000000e-02
9.362792968750000000e-01 -6.323242187500000000e-02 6.665039062500000000e-02
9.311523437500000000e-01 1.286621093750000000e-01 1.250000000000000000e-01
8.811035156250000000e-01 2.026367187500000000e-01 1.770019531250000000e-01
8.657226562500000000e-01 4.638671875000000000e-03 1.975097656250000000e-01
1.048095703125000000e+00 -4.687500000000000000e-02 1.921386718750000000e-01
1.145263671875000000e+00 -2.368164062500000000e-02 2.089843750000000000e-01
1.176269531250000000e+00 -8.105468750000000000e-02 4.506835937500000000e-01
1.181152343750000000e+00 -8.081054687500000000e-02 -1.459960937500000000e-01
1.329345703125000000e+00 -2.050781250000000000e-02 -4.101562500000000000e-01
7.744140625000000000e-01 -1.867675781250000000e-01 -1.745605468750000000e-01
1.092041015625000000e+00 2.475585937500000000e-01 -1.262207031250000000e-01
9.978027343750000000e-01 2.172851562500000000e-01 -2.612304687500000000e-02
7.402343750000000000e-01 -2.531738281250000000e-01 6.542968750000000000e-02
9.201660156250000000e-01 -6.982421875000000000e-02 1.455078125000000000e-01
8.552246093750000000e-01 -8.837890625000000000e-02 9.277343750000000000e-02
9.006347656250000000e-01 2.441406250000000000e-03 1.076660156250000000e-01
9.833984375000000000e-01 -4.248046875000000000e-02 8.203125000000000000e-02
1.087158203125000000e+00 -7.397460937500000000e-02 -7.202148437500000000e-02
1.229980468750000000e+00 6.103515625000000000e-02 2.990722656250000000e-01
1.395996093750000000e+00 -2.133789062500000000e-01 -1.455078125000000000e-01
1.270996093750000000e+00 -2.770996093750000000e-01 -3.383789062500000000e-01
4.848632812500000000e-01 1.799316406250000000e-01 -1.171875000000000000e-01
1.145751953125000000e+00 -2.089843750000000000e-01 4.882812500000000000e-03
