1.006347656250000000e+00 -4.443359375000000000e-02 -2.666015625000000000e-01
1.008544921875000000e+00 -4.296875000000000000e-02 -2.614746093750000000e-01
1.008544921875000000e+00 -4.296875000000000000e-02 -2.614746093750000000e-01
1.012451171875000000e+00 -3.369140625000000000e-02 -2.612304687500000000e-01
1.004882812500000000e+00 -4.003906250000000000e-02 -2.539062500000000000e-01
1.009521484375000000e+00 -4.150390625000000000e-02 -2.602539062500000000e-01
1.001708984375000000e+00 -3.588867187500000000e-02 -2.590332031250000000e-01
1.003662109375000000e+00 -4.223632812500000000e-02 -2.543945312500000000e-01
1.005126953125000000e+00 -4.980468750000000000e-02 -2.685546875000000000e-01
9.367675781250000000e-01 -5.273437500000000000e-02 -2.756347656250000000e-01
1.003662109375000000e+00 -5.517578125000000000e-02 -2.231445312500000000e-01
1.003173828125000000e+00 -5.517578125000000000e-02 -2.214355468750000000e-01
9.357910156250000000e-01 -5.273437500000000000e-02 -2.221679687500000000e-01
9.306640625000000000e-01 -5.712890625000000000e-02 -2.285156250000000000e-01
9.335937500000000000e-01 -1.262207031250000000e-01 -2.343750000000000000e-01
9.338378906250000000e-01 -1.267089843750000000e-01 -2.707519531250000000e-01
9.323730468750000000e-01 -1.276855468750000000e-01 -2.248535156250000000e-01
9.301757812500000000e-01 -6.201171875000000000e-02 -2.282714843750000000e-01
9.348144531250000000e-01 -9.252929687500000000e-02 -2.214355468750000000e-01
9.743652343750000000e-01 -7.763671875000000000e-02 -2.619628906250000000e-01
9.357910156250000000e-01 -8.569335937500000000e-02 -1.899414062500000000e-01
1.011474609375000000e+00 -1.142578125000000000e-01 -2.172851562500000000e-01
1.019775390625000000e+00 -1.320800781250000000e-01 -2.182617187500000000e-01
1.027099609375000000e+00 -7.812500000000000000e-02 -2.624511718750000000e-01
9.313964843750000000e-01 -1.411132812500000000e-01 -2.297363281250000000e-01
9.333496093750000000e-01 -1.489257812500000000e-01 -3.127441406250000000e-01
9.238281250000000000e-01 -1.533203125000000000e-01 -3.195800781250000000e-01
9.677734375000000000e-01 -9.912109375000000000e-02 -3.222656250000000000e-01
9.157714843750000000e-01 -1.062011718750000000e-01 -3.420410156250000000e-01
9.094238281250000000e-01 -1.977539062500000000e-01 -3.286132812500000000e-01
9.099121093750000000e-01 -2.050781250000000000e-01 -3.215332031250000000e-01
9.206542968750000000e-01 -2.177734375000000000e-01 -3.295898437500000000e-01
9.169921875000000000e-01 -2.014160156250000000e-01 -3.193359375000000000e-01
9.069824218750000000e-01 -2.136230468750000000e-01 -3.212890625000000000e-01
9.218750000000000000e-01 -2.187500000000000000e-01 -2.360839843750000000e-01
9.614257812500000000e-01 -1.577148437500000000e-01 -2.424316406250000000e-01
9.201660156250000000e-01 -2.158203125000000000e-01 -3.146972656250000000e-01
9.348144531250000000e-01 -2.087402343750000000e-01 -3.159179687500000000e-01
9.235839843750000000e-01 -2.111816406250000000e-01 -2.451171875000000000e-01
9.125976562500000000e-01 -2.138671875000000000e-01 -2.290039062500000000e-01
9.135742187500000000e-01 -1.567382812500000000e-01 -2.404785156250000000e-01
9.140625000000000000e-01 -1.596679687500000000e-01 -3.161621093750000000e-01
9.116210937500000000e-01 -1.574707031250000000e-01 -2.290039062500000000e-01
9.201660156250000000e-01 -1.899414062500000000e-01 -2.414550781250000000e-01
9.335937500000000000e-01 -1.018066406250000000e-01 -3.125000000000000000e-01
9.311523437500000000e-01 -1.042480468750000000e-01 -2.412109375000000000e-01
9.282226562500000000e-01 -1.137695312500000000e-01 -2.302246093750000000e-01
9.196777343750000000e-01 -1.555175781250000000e-01 -2.199707031250000000e-01
9.248046875000000000e-01 -1.364746093750000000e-01 -2.233886718750000000e-01
9.226074218750000000e-01 -1.552734375000000000e-01 -2.380371093750000000e-01
9.367675781250000000e-01 -1.428222656250000000e-01 -2.404785156250000000e-01
1.005126953125000000e+00 -1.328125000000000000e-01 -2.368164062500000000e-01
1.010009765625000000e+00 -4.956054687500000000e-02 -2.282714843750000000e-01
9.326171875000000000e-01 -8.715820312500000000e-02 -2.717285156250000000e-01
1.006835937500000000e+00 -6.982421875000000000e-02 -1.767578125000000000e-01
9.697265625000000000e-01 -9.228515625000000000e-02 -1.601562500000000000e-01
1.068847656250000000e+00 -1.359863281250000000e-01 -1.035156250000000000e-01
1.020751953125000000e+00 -8.276367187500000000e-02 -1.052246093750000000e-01
1.016357421875000000e+00 -7.519531250000000000e-02 -1.010742187500000000e-01
1.002685546875000000e+00 5.371093750000000000e-03 -1.235351562500000000e-01
1.015625000000000000e+00 4.882812500000000000e-04 -1.076660156250000000e-01
1.023193359375000000e+00 -6.347656250000000000e-02 -1.520996093750000000e-01
9.809570312500000000e-01 -5.786132812500000000e-02 -1.293945312500000000e-01
1.025634765625000000e+00 -7.421875000000000000e-02 -5.761718750000000000e-02
1.030517578125000000e+00 -7.373046875000000000e-02 -8.666992187500000000e-02
1.052001953125000000e+00 -8.154296875000000000e-02 -1.726074218750000000e-01
1.232910156250000000e+00 6.225585937500000000e-02 -3.083496093750000000e-01
9.777832031250000000e-01 -1.977539062500000000e-02 -3.618164062500000000e-01
6.821289062500000000e-01 -1.816406250000000000e-01 -3.159179687500000000e-01
1.044677734375000000e+00 -4.028320312500000000e-02 -2.646484375000000000e-01
1.025878906250000000e+00 -5.957031250000000000e-02 -1.875000000000000000e-01
8.986816406250000000e-01 -8.618164062500000000e-02 -1.613769531250000000e-01
9.538574218750000000e-01 -2.016601562500000000e-01 -1.865234375000000000e-01
1.020263671875000000e+00 -1.818847656250000000e-01 -1.811523437500000000e-01
9.575195312500000000e-01 -1.806640625000000000e-01 -2.626953125000000000e-01
9.523925781250000000e-01 -1.765136718750000000e-01 -1.782226562500000000e-01
9.643554687500000000e-01 -1.286621093750000000e-01 -1.887207031250000000e-01
1.014648437500000000e+00 -1.452636718750000000e-01 -1.086425781250000000e-01
9.001464843750000000e-01 -1.018066406250000000e-01 -2.028808593750000000e-01
9.487304687500000000e-01 -3.298339843750000000e-01 -3.222656250000000000e-01
1.068115234375000000e+00 -2.443847656250000000e-01 -4.025878906250000000e-01
1.250244140625000000e+00 -1.528320312500000000e-01 -5.754394531250000000e-01
7.436523437500000000e-01 3.767089843750000000e-01 -3.237304687500000000e-01
9.709472656250000000e-01 1.875000000000000000e-01 -5.024414062500000000e-01
8.740234375000000000e-01 -1.184082031250000000e-01 -3.825683593750000000e-01
8.425292968750000000e-01 3.613281250000000000e-02 -3.781738281250000000e-01
8.718261718750000000e-01 6.518554687500000000e-02 -3.088378906250000000e-01
8.483886718750000000e-01 3.320312500000000000e-02 -3.908691406250000000e-01
9.108886718750000000e-01 7.568359375000000000e-03 -3.952636718750000000e-01
9.096679687500000000e-01 -2.636718750000000000e-02 -3.496093750000000000e-01
9.589843750000000000e-01 2.539062500000000000e-02 -3.837890625000000000e-01
8.645019531250000000e-01 -7.983398437500000000e-02 -3.098144531250000000e-01
8.684082031250000000e-01 9.521484375000000000e-03 -2.863769531250000000e-01
9.404296875000000000e-01 -1.391601562500000000e-02 -4.526367187500000000e-01
9.687500000000000000e-01 -1.086425781250000000e-01 -4.182128906250000000e-01
8.444824218750000000e-01 -1.779785156250000000e-01 -3.457031250000000000e-01
8.854980468750000000e-01 -1.220703125000000000e-01 -2.451171875000000000e-01
1.071777343750000000e+00 -1.657714843750000000e-01 -3.911132812500000000e-01
8.710937500000000000e-01 -2.250976562500000000e-01 -3.320312500000000000e-01
7.856445312500000000e-01 -1.726074218750000000e-01 -2.497558593750000000e-01
7.744140625000000000e-01 -1.101074218750000000e-01 -2.263183593750000000e-01
7.951660156250000000e-01 -1.989746093750000000e-01 -3.920898437500000000e-01
7.873535156250000000e-01 -1.611328125000000000e-01 -2.331542968750000000e-01
8.859863281250000000e-01 -2.036132812500000000e-01 -3.652343750000000000e-01
7.937011718750000000e-01 -2.116699218750000000e-01 -3.364257812500000000e-01
6.870117187500000000e-01 -1.545410156250000000e-01 -2.419433593750000000e-01
8.085937500000000000e-01 -1.071777343750000000e-01 -4.028320312500000000e-01
7.968750000000000000e-01 -1.823730468750000000e-01 -3.581542968750000000e-01
8.149414062500000000e-01 -1.079101562500000000e-01 -3.764648437500000000e-01
8.078613281250000000e-01 -1.247558593750000000e-01 -3.120117187500000000e-01
7.670898437500000000e-01 -1.176757812500000000e-01 -3.903808593750000000e-01
8.330078125000000000e-01 -1.987304687500000000e-01 -3.327636718750000000e-01
8.066406250000000000e-01 -2.189941406250000000e-01 -2.058105468750000000e-01
9.809570312500000000e-01 -2.014160156250000000e-01 -7.763671875000000000e-02
1.260009765625000000e+00 -1.220703125000000000e-01 2.802734375000000000e-01
1.573974609375000000e+00 -2.775878906250000000e-01 2.390136718750000000e-01
1.603515625000000000e+00 -3.056640625000000000e-01 1.999511718750000000e-01
1.445068359375000000e+00 -3.356933593750000000e-01 3.610839843750000000e-01
1.215332031250000000e+00 -2.106933593750000000e-01 4.145507812500000000e-01
9.589843750000000000e-01 -2.592773437500000000e-01 5.092773437500000000e-01
8.398437500000000000e-01 -1.848144531250000000e-01 3.840332031250000000e-01
8.771972656250000000e-01 -1.569824218750000000e-01 2.590332031250000000e-01
9.621582031250000000e-01 -1.184082031250000000e-01 1.955566406250000000e-01
1.069580078125000000e+00 -1.147460937500000000e-01 1.843261718750000000e-01
1.015136718750000000e+00 -1.389160156250000000e-01 2.927246093750000000e-01
9.233398437500000000e-01 -1.166992187500000000e-01 2.817382812500000000e-01
9.233398437500000000e-01 -1.166992187500000000e-01 2.817382812500000000e-01
9.233398437500000000e-01 -1.166992187500000000e-01 2.817382812500000000e-01
9.250488281250000000e-01 -1.225585937500000000e-01 3.269042968750000000e-01
9.250488281250000000e-01 -1.225585937500000000e-01 3.269042968750000000e-01
1.018554687500000000e+00 -1.149902343750000000e-01 2.404785156250000000e-01
9.797363281250000000e-01 -9.887695312500000000e-02 2.365722656250000000e-01
9.836425781250000000e-01 -1.547851562500000000e-01 2.416992187500000000e-01
9.772949218750000000e-01 -9.790039062500000000e-02 3.217773437500000000e-01
1.023925781250000000e+00 -1.545410156250000000e-01 3.244628906250000000e-01
1.019287109375000000e+00 -1.530761718750000000e-01 3.166503906250000000e-01
1.018066406250000000e+00 -1.538085937500000000e-01 2.463378906250000000e-01
1.030761718750000000e+00 -9.692382812500000000e-02 3.198242187500000000e-01
1.028808593750000000e+00 -1.000976562500000000e-01 2.475585937500000000e-01
9.765625000000000000e-01 -1.013183593750000000e-01 3.188476562500000000e-01
1.029785156250000000e+00 -9.863281250000000000e-02 3.181152343750000000e-01
1.027587890625000000e+00 -1.491699218750000000e-01 2.497558593750000000e-01
1.028320312500000000e+00 -9.667968750000000000e-02 3.249511718750000000e-01
1.029052734375000000e+00 -1.555175781250000000e-01 3.247070312500000000e-01
1.026123046875000000e+00 -1.562500000000000000e-01 2.485351562500000000e-01
9.704589843750000000e-01 -1.533203125000000000e-01 2.453613281250000000e-01
1.026855468750000000e+00 -1.557617187500000000e-01 3.176269531250000000e-01
9.689941406250000000e-01 -1.018066406250000000e-01 3.215332031250000000e-01
1.024902343750000000e+00 -9.521484375000000000e-02 2.473144531250000000e-01
1.014160156250000000e+00 -1.040039062500000000e-01 2.480468750000000000e-01
1.011474609375000000e+00 -1.074218750000000000e-01 2.687988281250000000e-01
1.002929687500000000e+00 -1.083984375000000000e-01 1.752929687500000000e-01
1.025878906250000000e+00 -1.379394531250000000e-01 2.478027343750000000e-01
9.919433593750000000e-01 -3.540039062500000000e-02 3.171386718750000000e-01
9.887695312500000000e-01 -1.406250000000000000e-01 2.380371093750000000e-01
1.028320312500000000e+00 -1.525878906250000000e-01 2.043457031250000000e-01
1.086181640625000000e+00 -9.594726562500000000e-02 1.174316406250000000e-01
1.091308593750000000e+00 -1.325683593750000000e-01 2.373046875000000000e-01
1.173828125000000000e+00 -1.101074218750000000e-01 2.861328125000000000e-01
1.362304687500000000e+00 -3.217773437500000000e-01 -1.162109375000000000e-01
1.376464843750000000e+00 -3.437500000000000000e-01 -2.709960937500000000e-01
1.197021484375000000e+00 -1.806640625000000000e-01 -2.851562500000000000e-01
1.082763671875000000e+00 -2.502441406250000000e-01 -4.150390625000000000e-01
9.167480468750000000e-01 -1.784667968750000000e-01 -4.174804687500000000e-01
9.089355468750000000e-01 -2.180175781250000000e-01 -4.384765625000000000e-01
8.654785156250000000e-01 -1.711425781250000000e-01 -4.492187500000000000e-01
9.016113281250000000e-01 -1.586914062500000000e-01 -4.289550781250000000e-01
8.750000000000000000e-01 -9.814453125000000000e-02 -3.928222656250000000e-01
9.665527343750000000e-01 -1.547851562500000000e-01 -3.305664062500000000e-01
8.088378906250000000e-01 -1.135253906250000000e-01 -2.653808593750000000e-01
6.623535156250000000e-01 -1.186523437500000000e-01 -3.217773437500000000e-01
6.623535156250000000e-01 -1.186523437500000000e-01 -3.217773437500000000e-01
7.475585937500000000e-01 -2.124023437500000000e-01 -2.712402343750000000e-01
7.475585937500000000e-01 -2.124023437500000000e-01 -2.712402343750000000e-01
7.475585937500000000e-01 -2.124023437500000000e-01 -2.712402343750000000e-01
9.353027343750000000e-01 -1.398925781250000000e-01 -2.248535156250000000e-01
9.353027343750000000e-01 -1.398925781250000000e-01 -2.248535156250000000e-01
9.226074218750000000e-01 -1.508789062500000000e-01 -2.692871093750000000e-01
9.243164062500000000e-01 -1.945800781250000000e-01 -1.193847656250000000e-01
9.147949218750000000e-01 -9.863281250000000000e-02 -1.730957031250000000e-01
1.026367187500000000e+00 -1.091308593750000000e-01 -1.652832031250000000e-01
9.765625000000000000e-01 -1.516113281250000000e-01 -1.616210937500000000e-01
1.014404296875000000e+00 -1.494140625000000000e-01 -1.584472656250000000e-01
1.007568359375000000e+00 -9.790039062500000000e-02 -1.730957031250000000e-01
1.010742187500000000e+00 -1.166992187500000000e-01 -1.655273437500000000e-01
1.006347656250000000e+00 -9.692382812500000000e-02 -2.119140625000000000e-01
1.020019531250000000e+00 -1.403808593750000000e-01 -1.596679687500000000e-01
1.022460937500000000e+00 -1.376953125000000000e-01 -1.623535156250000000e-01
1.024169921875000000e+00 -1.135253906250000000e-01 -1.574707031250000000e-01
1.015625000000000000e+00 -1.535644531250000000e-01 -1.604003906250000000e-01
1.021240234375000000e+00 -9.545898437500000000e-02 -1.569824218750000000e-01
1.017333984375000000e+00 -1.459960937500000000e-01 -1.599121093750000000e-01
1.031005859375000000e+00 -1.520996093750000000e-01 -1.618652343750000000e-01
1.023193359375000000e+00 -1.528320312500000000e-01 -1.157226562500000000e-01
1.012939453125000000e+00 -1.494140625000000000e-01 -1.892089843750000000e-01
1.031005859375000000e+00 -1.518554687500000000e-01 -1.899414062500000000e-01
9.697265625000000000e-01 -1.369628906250000000e-01 -1.225585937500000000e-01
1.024414062500000000e+00 -1.452636718750000000e-01 -1.882324218750000000e-01
1.019775390625000000e+00 -1.501464843750000000e-01 -1.201171875000000000e-01
1.030761718750000000e+00 -1.457519531250000000e-01 -1.191406250000000000e-01
