9.509277343750000000e-01 -1.049804687500000000e-01 -3.779296875000000000e-01
9.509277343750000000e-01 -1.049804687500000000e-01 -3.779296875000000000e-01
9.509277343750000000e-01 -1.049804687500000000e-01 -3.779296875000000000e-01
9.548339843750000000e-01 -1.101074218750000000e-01 -3.122558593750000000e-01
9.545898437500000000e-01 -1.044921875000000000e-01 -3.808593750000000000e-01
9.467773437500000000e-01 -1.193847656250000000e-01 -3.957519531250000000e-01
9.526367187500000000e-01 -1.101074218750000000e-01 -3.767089843750000000e-01
9.477539062500000000e-01 -1.093750000000000000e-01 -3.110351562500000000e-01
9.555664062500000000e-01 -1.069335937500000000e-01 -3.115234375000000000e-01
9.531250000000000000e-01 -1.042480468750000000e-01 -3.100585937500000000e-01
9.567871093750000000e-01 -1.079101562500000000e-01 -3.767089843750000000e-01
9.541015625000000000e-01 -1.091308593750000000e-01 -3.037109375000000000e-01
9.541015625000000000e-01 -1.130371093750000000e-01 -2.978515625000000000e-01
9.602050781250000000e-01 -1.154785156250000000e-01 -3.063964843750000000e-01
9.611816406250000000e-01 -1.088867187500000000e-01 -3.112792968750000000e-01
9.545898437500000000e-01 -1.027832031250000000e-01 -3.845214843750000000e-01
9.521484375000000000e-01 -1.069335937500000000e-01 -3.051757812500000000e-01
9.509277343750000000e-01 -1.079101562500000000e-01 -2.900390625000000000e-01
9.572753906250000000e-01 -1.000976562500000000e-01 -3.063964843750000000e-01
9.658203125000000000e-01 -1.010742187500000000e-01 -3.791503906250000000e-01
9.570312500000000000e-01 -1.020507812500000000e-01 -3.762207031250000000e-01
9.543457031250000000e-01 -9.838867187500000000e-02 -3.051757812500000000e-01
9.489746093750000000e-01 -1.125488281250000000e-01 -3.061523437500000000e-01
9.501953125000000000e-01 -1.154785156250000000e-01 -3.039550781250000000e-01
9.538574218750000000e-01 -1.123046875000000000e-01 -3.105468750000000000e-01
9.555664062500000000e-01 -1.137695312500000000e-01 -3.081054687500000000e-01
9.555664062500000000e-01 -1.115722656250000000e-01 -3.059082031250000000e-01
9.548339843750000000e-01 -1.140136718750000000e-01 -3.764648437500000000e-01
9.482421875000000000e-01 -1.154785156250000000e-01 -3.830566406250000000e-01
9.501953125000000000e-01 -1.088867187500000000e-01 -3.901367187500000000e-01
9.482421875000000000e-01 -1.140136718750000000e-01 -3.791503906250000000e-01
9.460449218750000000e-01 -1.120605468750000000e-01 -3.833007812500000000e-01
9.467773437500000000e-01 -1.135253906250000000e-01 -3.911132812500000000e-01
9.443359375000000000e-01 -1.127929687500000000e-01 -3.916015625000000000e-01
9.423828125000000000e-01 -1.159667968750000000e-01 -3.881835937500000000e-01
9.465332031250000000e-01 -1.110839843750000000e-01 -3.913574218750000000e-01
9.475097656250000000e-01 -1.088867187500000000e-01 -3.908691406250000000e-01
9.492187500000000000e-01 -1.013183593750000000e-01 -3.830566406250000000e-01
9.528808593750000000e-01 -1.005859375000000000e-01 -3.972167968750000000e-01
9.433593750000000000e-01 -9.643554687500000000e-02 -3.940429687500000000e-01
8.693847656250000000e-01 -1.015625000000000000e-01 -3.486328125000000000e-01
8.642578125000000000e-01 -1.557617187500000000e-01 -3.527832031250000000e-01
8.649902343750000000e-01 -9.741210937500000000e-02 -3.566894531250000000e-01
9.379882812500000000e-01 -1.003417968750000000e-01 -3.652343750000000000e-01
9.421386718750000000e-01 -9.741210937500000000e-02 -4.562988281250000000e-01
8.571777343750000000e-01 -1.450195312500000000e-01 -3.742675781250000000e-01
8.505859375000000000e-01 -9.472656250000000000e-02 -3.720703125000000000e-01
8.503417968750000000e-01 -1.435546875000000000e-01 -4.523925781250000000e-01
8.596191406250000000e-01 -1.889648437500000000e-01 -4.602050781250000000e-01
7.272949218750000000e-01 -3.808593750000000000e-02 -4.277343750000000000e-01
7.294921875000000000e-01 -4.736328125000000000e-02 -4.228515625000000000e-01
8.452148437500000000e-01 -1.276855468750000000e-01 -2.944335937500000000e-01
9.472656250000000000e-01 -1.877441406250000000e-01 -3.574218750000000000e-01
8.264160156250000000e-01 -1.420898437500000000e-01 -3.386230468750000000e-01
8.352050781250000000e-01 -2.441406250000000000e-04 -3.989257812500000000e-01
7.939453125000000000e-01 -2.258300781250000000e-01 -5.710449218750000000e-01
6.228027343750000000e-01 -1.096191406250000000e-01 -4.069824218750000000e-01
7.651367187500000000e-01 -2.304687500000000000e-01 -4.343261718750000000e-01
6.977539062500000000e-01 -1.062011718750000000e-01 -5.620117187500000000e-01
5.324707031250000000e-01 -1.076660156250000000e-01 -5.017089843750000000e-01
7.124023437500000000e-01 -1.081542968750000000e-01 -7.565917968750000000e-01
4.401855468750000000e-01 -2.253417968750000000e-01 -9.382324218750000000e-01
3.562011718750000000e-01 -8.007812500000000000e-02 -8.642578125000000000e-01
2.724609375000000000e-01 -1.030273437500000000e-01 -7.885742187500000000e-01
2.736816406250000000e-01 -1.010742187500000000e-01 -8.771972656250000000e-01
1.770019531250000000e-01 -1.884765625000000000e-01 -6.979980468750000000e-01
2.497558593750000000e-01 -1.333007812500000000e-01 -5.966796875000000000e-01
2.373046875000000000e-01 -1.354980468750000000e-01 -6.184082031250000000e-01
3.872070312500000000e-01 -1.750488281250000000e-01 -6.210937500000000000e-01
5.783691406250000000e-01 -5.468750000000000000e-02 -9.006347656250000000e-01
6.032714843750000000e-01 -2.526855468750000000e-01 -1.093994140625000000e+00
7.353515625000000000e-01 -1.577148437500000000e-01 -1.293701171875000000e+00
7.915039062500000000e-01 -3.024902343750000000e-01 -1.249755859375000000e+00
9.108886718750000000e-01 -3.081054687500000000e-01 -9.970703125000000000e-01
9.086914062500000000e-01 -3.278808593750000000e-01 -6.062011718750000000e-01
8.833007812500000000e-01 -2.563476562500000000e-01 -3.991699218750000000e-01
7.438964843750000000e-01 -3.203125000000000000e-01 -2.851562500000000000e-01
8.164062500000000000e-01 -3.896484375000000000e-01 -1.962890625000000000e-01
7.866210937500000000e-01 -4.514160156250000000e-01 -1.254882812500000000e-01
9.104003906250000000e-01 -4.099121093750000000e-01 -6.494140625000000000e-02
1.079589843750000000e+00 -4.077148437500000000e-01 7.495117187500000000e-02
9.926757812500000000e-01 -4.665527343750000000e-01 3.759765625000000000e-02
9.243164062500000000e-01 -3.901367187500000000e-01 5.322265625000000000e-02
9.411621093750000000e-01 -3.107910156250000000e-01 3.491210937500000000e-02
9.511718750000000000e-01 -3.103027343750000000e-01 3.271484375000000000e-02
9.602050781250000000e-01 -4.050292968750000000e-01 7.348632812500000000e-02
9.084472656250000000e-01 -3.720703125000000000e-01 5.053710937500000000e-02
9.321289062500000000e-01 -4.057617187500000000e-01 1.406250000000000000e-01
9.853515625000000000e-01 -3.989257812500000000e-01 5.395507812500000000e-02
9.333496093750000000e-01 -3.979492187500000000e-01 6.079101562500000000e-02
9.641113281250000000e-01 -3.796386718750000000e-01 1.364746093750000000e-01
9.252929687500000000e-01 -3.881835937500000000e-01 1.528320312500000000e-01
9.226074218750000000e-01 -3.486328125000000000e-01 1.110839843750000000e-01
9.279785156250000000e-01 -3.623046875000000000e-01 1.091308593750000000e-01
9.291992187500000000e-01 -3.515625000000000000e-01 1.191406250000000000e-01
9.343261718750000000e-01 -3.559570312500000000e-01 2.080078125000000000e-01
9.243164062500000000e-01 -4.028320312500000000e-01 2.060546875000000000e-01
9.094238281250000000e-01 -3.483886718750000000e-01 1.948242187500000000e-01
9.121093750000000000e-01 -4.033203125000000000e-01 1.198730468750000000e-01
9.621582031250000000e-01 -3.776855468750000000e-01 2.114257812500000000e-01
9.406738281250000000e-01 -2.851562500000000000e-01 2.177734375000000000e-01
1.030273437500000000e+00 -2.993164062500000000e-01 1.992187500000000000e-01
9.345703125000000000e-01 -3.532714843750000000e-01 2.714843750000000000e-01
1.019531250000000000e+00 -4.040527343750000000e-01 3.161621093750000000e-01
9.084472656250000000e-01 -3.977050781250000000e-01 3.291015625000000000e-01
9.621582031250000000e-01 -3.442382812500000000e-01 2.714843750000000000e-01
9.279785156250000000e-01 -4.020996093750000000e-01 1.074218750000000000e-01
9.208984375000000000e-01 -3.564453125000000000e-01 8.813476562500000000e-02
1.025878906250000000e+00 -3.803710937500000000e-01 1.171875000000000000e-02
1.008300781250000000e+00 -2.985839843750000000e-01 -1.491699218750000000e-01
1.025634765625000000e+00 -3.085937500000000000e-01 -1.594238281250000000e-01
1.023437500000000000e+00 -3.066406250000000000e-01 -2.314453125000000000e-01
9.062500000000000000e-01 -2.814941406250000000e-01 -2.827148437500000000e-01
8.090820312500000000e-01 -2.478027343750000000e-01 -5.180664062500000000e-01
9.033203125000000000e-01 -2.214355468750000000e-01 -5.004882812500000000e-01
9.494628906250000000e-01 -1.708984375000000000e-01 -4.941406250000000000e-01
7.966308593750000000e-01 -2.778320312500000000e-01 -1.093750000000000000e+00
8.310546875000000000e-01 -1.560058593750000000e-01 -1.162109375000000000e+00
7.648925781250000000e-01 -1.242675781250000000e-01 -1.068359375000000000e+00
6.950683593750000000e-01 -2.158203125000000000e-01 -7.497558593750000000e-01
5.485839843750000000e-01 -1.147460937500000000e-01 -7.473144531250000000e-01
5.422363281250000000e-01 -1.225585937500000000e-01 -7.319335937500000000e-01
5.422363281250000000e-01 -1.225585937500000000e-01 -7.319335937500000000e-01
6.330566406250000000e-01 -1.975097656250000000e-01 -6.225585937500000000e-01
7.065429687500000000e-01 -2.089843750000000000e-01 -6.499023437500000000e-01
7.368164062500000000e-01 -2.082519531250000000e-01 -5.158691406250000000e-01
7.561035156250000000e-01 -2.106933593750000000e-01 -4.060058593750000000e-01
7.790527343750000000e-01 -1.396484375000000000e-01 -3.894042968750000000e-01
6.613769531250000000e-01 -9.912109375000000000e-02 -4.016113281250000000e-01
6.674804687500000000e-01 -1.201171875000000000e-01 -3.518066406250000000e-01
7.812500000000000000e-01 -2.001953125000000000e-01 -2.282714843750000000e-01
8.044433593750000000e-01 -1.520996093750000000e-01 -3.300781250000000000e-01
8.957519531250000000e-01 -4.541015625000000000e-02 -3.015136718750000000e-01
7.851562500000000000e-01 -1.342773437500000000e-01 -3.261718750000000000e-01
8.122558593750000000e-01 -1.923828125000000000e-01 -1.806640625000000000e-01
8.830566406250000000e-01 -1.926269531250000000e-01 -3.435058593750000000e-01
8.791503906250000000e-01 -1.137695312500000000e-01 -3.801269531250000000e-01
8.579101562500000000e-01 -2.111816406250000000e-01 -3.845214843750000000e-01
8.474121093750000000e-01 -1.518554687500000000e-01 -3.825683593750000000e-01
9.482421875000000000e-01 -1.430664062500000000e-01 -3.767089843750000000e-01
9.165039062500000000e-01 -1.323242187500000000e-01 -3.852539062500000000e-01
9.680175781250000000e-01 -1.459960937500000000e-01 -2.924804687500000000e-01
9.543457031250000000e-01 -1.088867187500000000e-01 -2.998046875000000000e-01
9.309082031250000000e-01 -1.525878906250000000e-01 -3.322753906250000000e-01
9.472656250000000000e-01 -5.712890625000000000e-02 -2.253417968750000000e-01
9.248046875000000000e-01 -1.442871093750000000e-01 -2.248535156250000000e-01
9.284667968750000000e-01 -9.497070312500000000e-02 -2.717285156250000000e-01
9.250488281250000000e-01 -9.985351562500000000e-02 -2.263183593750000000e-01
9.350585937500000000e-01 -1.088867187500000000e-01 -2.397460937500000000e-01
9.260253906250000000e-01 -1.125488281250000000e-01 -2.358398437500000000e-01
9.299316406250000000e-01 -1.936035156250000000e-01 -2.275390625000000000e-01
9.228515625000000000e-01 -1.916503906250000000e-01 -2.336425781250000000e-01
9.145507812500000000e-01 -1.130371093750000000e-01 -2.458496093750000000e-01
9.135742187500000000e-01 -1.162109375000000000e-01 -3.137207031250000000e-01
9.208984375000000000e-01 -1.081542968750000000e-01 -3.198242187500000000e-01
9.184570312500000000e-01 -9.960937500000000000e-02 -3.193359375000000000e-01
9.199218750000000000e-01 -1.459960937500000000e-01 -3.261718750000000000e-01
9.218750000000000000e-01 -1.520996093750000000e-01 -3.261718750000000000e-01
9.196777343750000000e-01 -1.459960937500000000e-01 -3.254394531250000000e-01
9.125976562500000000e-01 -1.437988281250000000e-01 -3.344726562500000000e-01
9.082031250000000000e-01 -1.442871093750000000e-01 -3.405761718750000000e-01
9.619140625000000000e-01 -1.435546875000000000e-01 -2.858886718750000000e-01
9.147949218750000000e-01 -1.367187500000000000e-01 -3.332519531250000000e-01
9.199218750000000000e-01 -1.391601562500000000e-01 -3.244628906250000000e-01
9.235839843750000000e-01 -1.450195312500000000e-01 -3.400878906250000000e-01
9.123535156250000000e-01 -1.457519531250000000e-01 -2.893066406250000000e-01
9.650878906250000000e-01 -1.420898437500000000e-01 -3.435058593750000000e-01
9.650878906250000000e-01 -1.337890625000000000e-01 -2.875976562500000000e-01
9.594726562500000000e-01 -1.289062500000000000e-01 -2.929687500000000000e-01
9.665527343750000000e-01 -1.303710937500000000e-01 -3.403320312500000000e-01
9.138183593750000000e-01 -1.262207031250000000e-01 -3.361816406250000000e-01
9.104003906250000000e-01 -6.201171875000000000e-02 -2.895507812500000000e-01
9.672851562500000000e-01 -6.103515625000000000e-02 -2.993164062500000000e-01
9.648437500000000000e-01 -1.340332031250000000e-01 -2.958984375000000000e-01
9.621582031250000000e-01 -1.425781250000000000e-01 -2.910156250000000000e-01
9.599609375000000000e-01 -1.298828125000000000e-01 -2.971191406250000000e-01
9.658203125000000000e-01 -1.325683593750000000e-01 -2.978515625000000000e-01
9.069824218750000000e-01 -1.347656250000000000e-01 -3.007812500000000000e-01
9.636230468750000000e-01 -1.345214843750000000e-01 -2.946777343750000000e-01
9.582519531250000000e-01 -1.320800781250000000e-01 -2.875976562500000000e-01
9.611816406250000000e-01 -1.437988281250000000e-01 -2.980957031250000000e-01
9.665527343750000000e-01 -1.462402343750000000e-01 -3.054199218750000000e-01
9.636230468750000000e-01 -1.306152343750000000e-01 -2.961425781250000000e-01
9.592285156250000000e-01 -1.323242187500000000e-01 -2.937011718750000000e-01
9.643554687500000000e-01 -1.303710937500000000e-01 -3.010253906250000000e-01
9.580078125000000000e-01 -1.257324218750000000e-01 -3.059082031250000000e-01
9.631347656250000000e-01 -1.318359375000000000e-01 -3.041992187500000000e-01
9.614257812500000000e-01 -1.281738281250000000e-01 -3.056640625000000000e-01
9.602050781250000000e-01 -1.330566406250000000e-01 -3.078613281250000000e-01
9.587402343750000000e-01 -1.350097656250000000e-01 -3.110351562500000000e-01
9.575195312500000000e-01 -1.352539062500000000e-01 -3.063964843750000000e-01
9.584960937500000000e-01 -1.359863281250000000e-01 -3.063964843750000000e-01
9.597167968750000000e-01 -1.298828125000000000e-01 -3.044433593750000000e-01
9.619140625000000000e-01 -1.289062500000000000e-01 -3.076171875000000000e-01
9.606933593750000000e-01 -1.325683593750000000e-01 -3.081054687500000000e-01
9.575195312500000000e-01 -1.306152343750000000e-01 -3.112792968750000000e-01
9.602050781250000000e-01 -1.323242187500000000e-01 -3.110351562500000000e-01
9.562988281250000000e-01 -1.330566406250000000e-01 -3.034667968750000000e-01
9.565429687500000000e-01 -1.333007812500000000e-01 -3.107910156250000000e-01
9.555664062500000000e-01 -1.340332031250000000e-01 -3.088378906250000000e-01
