7.883300781250000000e-01 -8.569335937500000000e-02 -5.654296875000000000e-01
7.883300781250000000e-01 -8.569335937500000000e-02 -5.654296875000000000e-01
7.819824218750000000e-01 -8.520507812500000000e-02 -5.698242187500000000e-01
7.819824218750000000e-01 -8.520507812500000000e-02 -5.698242187500000000e-01
7.817382812500000000e-01 -8.227539062500000000e-02 -5.634765625000000000e-01
7.836914062500000000e-01 -8.666992187500000000e-02 -5.656738281250000000e-01
8.378906250000000000e-01 -8.666992187500000000e-02 -5.627441406250000000e-01
7.854003906250000000e-01 -8.325195312500000000e-02 -4.877929687500000000e-01
7.829589843750000000e-01 -7.641601562500000000e-02 -5.681152343750000000e-01
7.824707031250000000e-01 -8.569335937500000000e-02 -5.634765625000000000e-01
8.327636718750000000e-01 -7.885742187500000000e-02 -4.951171875000000000e-01
7.819824218750000000e-01 -7.983398437500000000e-02 -4.953613281250000000e-01
7.888183593750000000e-01 -7.763671875000000000e-02 -4.916992187500000000e-01
7.841796875000000000e-01 -8.178710937500000000e-02 -4.882812500000000000e-01
7.861328125000000000e-01 -8.032226562500000000e-02 -4.982910156250000000e-01
7.832031250000000000e-01 -8.007812500000000000e-02 -4.985351562500000000e-01
7.844238281250000000e-01 -7.910156250000000000e-02 -4.936523437500000000e-01
7.836914062500000000e-01 -7.348632812500000000e-02 -4.975585937500000000e-01
7.817382812500000000e-01 -7.153320312500000000e-02 -4.958496093750000000e-01
8.422851562500000000e-01 -7.055664062500000000e-02 -4.936523437500000000e-01
7.827148437500000000e-01 -6.958007812500000000e-02 -4.997558593750000000e-01
8.369140625000000000e-01 -6.884765625000000000e-02 -5.734863281250000000e-01
8.254394531250000000e-01 -7.495117187500000000e-02 -5.678710937500000000e-01
8.215332031250000000e-01 -6.982421875000000000e-02 -5.764160156250000000e-01
8.176269531250000000e-01 -7.202148437500000000e-02 -5.754394531250000000e-01
8.181152343750000000e-01 -6.884765625000000000e-02 -5.820312500000000000e-01
8.171386718750000000e-01 -6.616210937500000000e-02 -5.903320312500000000e-01
8.266601562500000000e-01 -8.300781250000000000e-02 -5.327148437500000000e-01
8.222656250000000000e-01 -7.055664062500000000e-02 -5.354003906250000000e-01
8.129882812500000000e-01 0.000000000000000000e+00 -5.444335937500000000e-01
7.497558593750000000e-01 3.662109375000000000e-03 -5.541992187500000000e-01
7.338867187500000000e-01 1.147460937500000000e-02 -5.537109375000000000e-01
7.412109375000000000e-01 -6.274414062500000000e-02 -6.298828125000000000e-01
7.302246093750000000e-01 -3.222656250000000000e-02 -5.546875000000000000e-01
8.200683593750000000e-01 -5.517578125000000000e-02 -6.347656250000000000e-01
7.453613281250000000e-01 -1.447753906250000000e-01 -6.279296875000000000e-01
7.387695312500000000e-01 -9.716796875000000000e-02 -6.430664062500000000e-01
7.263183593750000000e-01 -1.079101562500000000e-01 -6.259765625000000000e-01
7.233886718750000000e-01 -1.162109375000000000e-01 -5.917968750000000000e-01
7.951660156250000000e-01 -1.254882812500000000e-01 -5.712890625000000000e-01
8.786621093750000000e-01 -8.764648437500000000e-02 -4.785156250000000000e-01
7.937011718750000000e-01 -1.047363281250000000e-01 -4.992675781250000000e-01
7.854003906250000000e-01 -1.694335937500000000e-01 -5.078125000000000000e-01
8.562011718750000000e-01 -1.958007812500000000e-01 -4.562988281250000000e-01
9.543457031250000000e-01 -1.223144531250000000e-01 -4.682617187500000000e-01
9.694824218750000000e-01 -1.728515625000000000e-01 -3.698730468750000000e-01
9.645996093750000000e-01 -1.372070312500000000e-01 -3.457031250000000000e-01
8.642578125000000000e-01 -4.833984375000000000e-02 -4.438476562500000000e-01
8.012695312500000000e-01 -1.367187500000000000e-01 -4.958496093750000000e-01
9.206542968750000000e-01 -1.445312500000000000e-01 -4.162597656250000000e-01
8.452148437500000000e-01 -6.396484375000000000e-02 -5.747070312500000000e-01
7.219238281250000000e-01 -1.049804687500000000e-02 -4.125976562500000000e-01
8.237304687500000000e-01 4.150390625000000000e-02 -3.747558593750000000e-01
9.611816406250000000e-01 1.904296875000000000e-01 -4.543457031250000000e-01
9.313964843750000000e-01 1.936035156250000000e-01 -3.466796875000000000e-01
8.100585937500000000e-01 8.666992187500000000e-02 -2.238769531250000000e-01
9.645996093750000000e-01 8.691406250000000000e-02 -3.349609375000000000e-01
9.101562500000000000e-01 1.450195312500000000e-01 -3.945312500000000000e-01
9.089355468750000000e-01 1.210937500000000000e-01 -4.052734375000000000e-01
1.012451171875000000e+00 3.320312500000000000e-02 -2.866210937500000000e-01
9.270019531250000000e-01 3.515625000000000000e-02 -2.814941406250000000e-01
1.074462890625000000e+00 1.164550781250000000e-01 -3.959960937500000000e-01
9.169921875000000000e-01 1.564941406250000000e-01 -3.977050781250000000e-01
8.940429687500000000e-01 1.384277343750000000e-01 -2.858886718750000000e-01
8.222656250000000000e-01 -3.906250000000000000e-03 -2.773437500000000000e-01
8.913574218750000000e-01 8.227539062500000000e-02 -3.142089843750000000e-01
9.609375000000000000e-01 1.552734375000000000e-01 -3.085937500000000000e-01
8.635253906250000000e-01 5.078125000000000000e-02 -3.015136718750000000e-01
9.118652343750000000e-01 7.983398437500000000e-02 -2.800292968750000000e-01
9.562988281250000000e-01 7.983398437500000000e-02 -3.205566406250000000e-01
1.025390625000000000e+00 7.617187500000000000e-02 -3.249511718750000000e-01
1.017333984375000000e+00 4.101562500000000000e-02 -2.465820312500000000e-01
9.130859375000000000e-01 3.247070312500000000e-02 -3.125000000000000000e-01
9.655761718750000000e-01 8.618164062500000000e-02 -3.125000000000000000e-01
9.160156250000000000e-01 8.813476562500000000e-02 -2.221679687500000000e-01
9.221191406250000000e-01 8.862304687500000000e-02 -2.314453125000000000e-01
1.010986328125000000e+00 3.784179687500000000e-02 -2.416992187500000000e-01
9.233398437500000000e-01 3.979492187500000000e-02 -2.385253906250000000e-01
9.367675781250000000e-01 3.588867187500000000e-02 -2.812500000000000000e-01
9.584960937500000000e-01 4.467773437500000000e-02 -3.208007812500000000e-01
9.458007812500000000e-01 5.273437500000000000e-02 -2.468261718750000000e-01
9.653320312500000000e-01 4.931640625000000000e-02 -3.181152343750000000e-01
9.523925781250000000e-01 5.981445312500000000e-02 -3.178710937500000000e-01
9.089355468750000000e-01 4.931640625000000000e-02 -3.156738281250000000e-01
9.589843750000000000e-01 3.442382812500000000e-02 -2.353515625000000000e-01
9.306640625000000000e-01 4.345703125000000000e-02 -3.305664062500000000e-01
9.140625000000000000e-01 3.759765625000000000e-02 -3.327636718750000000e-01
9.677734375000000000e-01 5.444335937500000000e-02 -2.443847656250000000e-01
8.693847656250000000e-01 4.052734375000000000e-02 -2.414550781250000000e-01
9.575195312500000000e-01 9.301757812500000000e-02 -3.220214843750000000e-01
8.813476562500000000e-01 8.422851562500000000e-02 -2.387695312500000000e-01
7.929687500000000000e-01 -1.318359375000000000e-02 -2.685546875000000000e-01
9.301757812500000000e-01 8.886718750000000000e-02 -3.728027343750000000e-01
8.752441406250000000e-01 7.080078125000000000e-02 -3.872070312500000000e-01
8.608398437500000000e-01 -9.277343750000000000e-03 -3.132324218750000000e-01
1.115722656250000000e+00 2.126464843750000000e-01 -4.914550781250000000e-01
9.106445312500000000e-01 1.259765625000000000e-01 -4.418945312500000000e-01
8.771972656250000000e-01 1.550292968750000000e-01 -2.927246093750000000e-01
8.598632812500000000e-01 1.005859375000000000e-01 -3.217773437500000000e-01
1.067871093750000000e+00 1.447753906250000000e-01 -3.078613281250000000e-01
1.073486328125000000e+00 8.129882812500000000e-02 -3.085937500000000000e-01
8.645019531250000000e-01 4.687500000000000000e-02 -2.990722656250000000e-01
8.764648437500000000e-01 1.118164062500000000e-01 -3.012695312500000000e-01
9.577636718750000000e-01 1.228027343750000000e-01 -3.781738281250000000e-01
8.718261718750000000e-01 1.911621093750000000e-01 -3.671875000000000000e-01
8.813476562500000000e-01 1.901855468750000000e-01 -4.431152343750000000e-01
8.349609375000000000e-01 1.904296875000000000e-01 -4.138183593750000000e-01
7.460937500000000000e-01 1.174316406250000000e-01 -4.677734375000000000e-01
8.393554687500000000e-01 1.511230468750000000e-01 -4.260253906250000000e-01
8.024902343750000000e-01 7.666015625000000000e-02 -4.804687500000000000e-01
8.278808593750000000e-01 6.787109375000000000e-02 -5.788574218750000000e-01
8.896484375000000000e-01 -4.150390625000000000e-02 -3.037109375000000000e-01
9.208984375000000000e-01 -1.472167968750000000e-01 -4.670410156250000000e-01
9.255371093750000000e-01 -1.364746093750000000e-01 -4.550781250000000000e-01
9.714355468750000000e-01 -1.462402343750000000e-01 -5.039062500000000000e-01
1.007324218750000000e+00 -1.582031250000000000e-01 -4.187011718750000000e-01
9.555664062500000000e-01 -1.208496093750000000e-01 -3.520507812500000000e-01
9.028320312500000000e-01 -9.423828125000000000e-02 -3.735351562500000000e-01
9.001464843750000000e-01 -1.193847656250000000e-01 -3.723144531250000000e-01
9.387207031250000000e-01 -1.096191406250000000e-01 -4.545898437500000000e-01
8.515625000000000000e-01 -1.535644531250000000e-01 -4.265136718750000000e-01
8.400878906250000000e-01 -5.541992187500000000e-02 -4.350585937500000000e-01
8.393554687500000000e-01 -5.712890625000000000e-02 -4.645996093750000000e-01
8.476562500000000000e-01 -9.008789062500000000e-02 -3.706054687500000000e-01
9.377441406250000000e-01 -9.033203125000000000e-02 -4.165039062500000000e-01
8.627929687500000000e-01 -8.740234375000000000e-02 -4.406738281250000000e-01
9.040527343750000000e-01 -8.129882812500000000e-02 -4.394531250000000000e-01
8.459472656250000000e-01 -7.543945312500000000e-02 -4.509277343750000000e-01
8.591308593750000000e-01 -6.469726562500000000e-02 -3.730468750000000000e-01
8.576660156250000000e-01 2.929687500000000000e-03 -4.482421875000000000e-01
8.513183593750000000e-01 0.000000000000000000e+00 -3.637695312500000000e-01
8.615722656250000000e-01 -6.372070312500000000e-02 -3.708496093750000000e-01
8.522949218750000000e-01 -6.982421875000000000e-02 -3.723144531250000000e-01
8.637695312500000000e-01 9.765625000000000000e-03 -3.645019531250000000e-01
8.642578125000000000e-01 8.300781250000000000e-03 -3.688964843750000000e-01
8.613281250000000000e-01 4.638671875000000000e-03 -3.723144531250000000e-01
8.596191406250000000e-01 4.150390625000000000e-03 -3.608398437500000000e-01
8.679199218750000000e-01 1.000976562500000000e-02 -3.706054687500000000e-01
9.377441406250000000e-01 9.521484375000000000e-03 -3.710937500000000000e-01
9.409179687500000000e-01 5.371093750000000000e-03 -3.715820312500000000e-01
8.745117187500000000e-01 6.103515625000000000e-03 -4.377441406250000000e-01
8.669433593750000000e-01 4.638671875000000000e-03 -4.377441406250000000e-01
8.532714843750000000e-01 5.615234375000000000e-03 -3.693847656250000000e-01
8.615722656250000000e-01 6.347656250000000000e-03 -3.715820312500000000e-01
8.620605468750000000e-01 1.049804687500000000e-02 -4.416503906250000000e-01
8.608398437500000000e-01 8.789062500000000000e-03 -4.453125000000000000e-01
8.496093750000000000e-01 4.394531250000000000e-03 -4.462890625000000000e-01
8.554687500000000000e-01 6.347656250000000000e-03 -4.511718750000000000e-01
8.552246093750000000e-01 2.929687500000000000e-03 -4.521484375000000000e-01
8.530273437500000000e-01 7.568359375000000000e-03 -4.455566406250000000e-01
8.569335937500000000e-01 2.441406250000000000e-03 -4.570312500000000000e-01
8.571777343750000000e-01 4.882812500000000000e-04 -4.519042968750000000e-01
8.549804687500000000e-01 0.000000000000000000e+00 -4.521484375000000000e-01
8.569335937500000000e-01 4.882812500000000000e-04 -4.521484375000000000e-01
8.547363281250000000e-01 2.441406250000000000e-04 -4.506835937500000000e-01
8.540039062500000000e-01 2.441406250000000000e-04 -4.516601562500000000e-01
8.500976562500000000e-01 -6.323242187500000000e-02 -4.504394531250000000e-01
8.596191406250000000e-01 2.441406250000000000e-04 -4.526367187500000000e-01
8.625488281250000000e-01 -6.274414062500000000e-02 -4.541015625000000000e-01
8.518066406250000000e-01 -6.689453125000000000e-02 -4.492187500000000000e-01
8.583984375000000000e-01 1.464843750000000000e-03 -4.436035156250000000e-01
8.623046875000000000e-01 7.324218750000000000e-04 -4.475097656250000000e-01
8.615722656250000000e-01 1.708984375000000000e-03 -4.550781250000000000e-01
8.542480468750000000e-01 2.685546875000000000e-03 -4.501953125000000000e-01
8.569335937500000000e-01 1.220703125000000000e-03 -4.514160156250000000e-01
8.574218750000000000e-01 2.197265625000000000e-03 -4.455566406250000000e-01
8.574218750000000000e-01 -6.323242187500000000e-02 -4.497070312500000000e-01
8.605957031250000000e-01 -6.567382812500000000e-02 -4.455566406250000000e-01
8.591308593750000000e-01 -6.274414062500000000e-02 -4.458007812500000000e-01
8.576660156250000000e-01 2.685546875000000000e-03 -4.467773437500000000e-01
8.569335937500000000e-01 -6.274414062500000000e-02 -4.431152343750000000e-01
8.603515625000000000e-01 0.000000000000000000e+00 -4.411621093750000000e-01
8.603515625000000000e-01 2.929687500000000000e-03 -4.462890625000000000e-01
8.615722656250000000e-01 -6.591796875000000000e-02 -3.735351562500000000e-01
8.681640625000000000e-01 7.324218750000000000e-03 -4.431152343750000000e-01
8.574218750000000000e-01 7.324218750000000000e-04 -3.725585937500000000e-01
8.571777343750000000e-01 3.417968750000000000e-03 -4.375000000000000000e-01
8.620605468750000000e-01 5.126953125000000000e-03 -4.418945312500000000e-01
8.657226562500000000e-01 -6.518554687500000000e-02 -4.409179687500000000e-01
8.627929687500000000e-01 1.953125000000000000e-03 -3.715820312500000000e-01
8.610839843750000000e-01 2.197265625000000000e-03 -4.418945312500000000e-01
8.591308593750000000e-01 3.173828125000000000e-03 -3.691406250000000000e-01
8.608398437500000000e-01 7.324218750000000000e-04 -4.384765625000000000e-01
8.610839843750000000e-01 -6.518554687500000000e-02 -3.706054687500000000e-01
8.649902343750000000e-01 2.929687500000000000e-03 -3.715820312500000000e-01
8.635253906250000000e-01 5.615234375000000000e-03 -3.691406250000000000e-01
8.618164062500000000e-01 3.417968750000000000e-03 -3.732910156250000000e-01
8.649902343750000000e-01 4.150390625000000000e-03 -3.713378906250000000e-01
8.627929687500000000e-01 1.708984375000000000e-03 -3.630371093750000000e-01
8.664550781250000000e-01 5.615234375000000000e-03 -3.701171875000000000e-01
8.666992187500000000e-01 5.615234375000000000e-03 -3.686523437500000000e-01
8.542480468750000000e-01 -6.274414062500000000e-02 -3.676757812500000000e-01
8.662109375000000000e-01 -6.298828125000000000e-02 -3.686523437500000000e-01
8.679199218750000000e-01 1.464843750000000000e-03 -3.706054687500000000e-01
8.674316406250000000e-01 9.765625000000000000e-04 -3.681640625000000000e-01
8.610839843750000000e-01 3.906250000000000000e-03 -3.684082031250000000e-01
8.637695312500000000e-01 -6.396484375000000000e-02 -3.728027343750000000e-01
8.674316406250000000e-01 -6.591796875000000000e-02 -3.715820312500000000e-01
8.679199218750000000e-01 -6.274414062500000000e-02 -3.659667968750000000e-01
8.664550781250000000e-01 -6.713867187500000000e-02 -3.659667968750000000e-01
