6.601562500000000000e-01 3.381347656250000000e-01 7.209472656250000000e-01
6.601562500000000000e-01 3.381347656250000000e-01 7.209472656250000000e-01
6.601562500000000000e-01 3.381347656250000000e-01 7.209472656250000000e-01
6.601562500000000000e-01 3.381347656250000000e-01 7.209472656250000000e-01
6.601562500000000000e-01 3.381347656250000000e-01 7.209472656250000000e-01
6.623535156250000000e-01 3.376464843750000000e-01 7.683105468750000000e-01
6.623535156250000000e-01 3.376464843750000000e-01 7.683105468750000000e-01
6.623535156250000000e-01 3.376464843750000000e-01 7.683105468750000000e-01
6.645507812500000000e-01 3.383789062500000000e-01 7.810058593750000000e-01
6.645507812500000000e-01 3.383789062500000000e-01 7.810058593750000000e-01
6.665039062500000000e-01 3.395996093750000000e-01 7.766113281250000000e-01
6.599121093750000000e-01 3.366699218750000000e-01 7.775878906250000000e-01
6.606445312500000000e-01 3.364257812500000000e-01 7.231445312500000000e-01
6.618652343750000000e-01 3.366699218750000000e-01 7.810058593750000000e-01
6.655273437500000000e-01 3.388671875000000000e-01 7.250976562500000000e-01
6.650390625000000000e-01 3.381347656250000000e-01 7.260742187500000000e-01
6.608886718750000000e-01 3.420410156250000000e-01 7.805175781250000000e-01
7.148437500000000000e-01 3.405761718750000000e-01 7.792968750000000000e-01
6.711425781250000000e-01 2.880859375000000000e-01 7.241210937500000000e-01
6.613769531250000000e-01 3.410644531250000000e-01 7.260742187500000000e-01
7.092285156250000000e-01 3.427734375000000000e-01 7.246093750000000000e-01
7.172851562500000000e-01 2.895507812500000000e-01 7.243652343750000000e-01
7.114257812500000000e-01 2.824707031250000000e-01 7.248535156250000000e-01
7.109375000000000000e-01 2.822265625000000000e-01 7.243652343750000000e-01
7.102050781250000000e-01 2.919921875000000000e-01 7.277832031250000000e-01
6.572265625000000000e-01 2.832031250000000000e-01 7.812500000000000000e-01
7.138671875000000000e-01 2.929687500000000000e-01 7.285156250000000000e-01
7.041015625000000000e-01 3.059082031250000000e-01 7.250976562500000000e-01
7.133789062500000000e-01 3.833007812500000000e-01 7.255859375000000000e-01
6.936035156250000000e-01 3.935546875000000000e-01 7.224121093750000000e-01
6.354980468750000000e-01 3.933105468750000000e-01 7.414550781250000000e-01
5.329589843750000000e-01 3.466796875000000000e-01 7.336425781250000000e-01
5.759277343750000000e-01 3.459472656250000000e-01 8.146972656250000000e-01
4.902343750000000000e-01 3.083496093750000000e-01 7.922363281250000000e-01
5.180664062500000000e-01 3.937988281250000000e-01 8.803710937500000000e-01
4.157714843750000000e-01 3.100585937500000000e-01 7.951660156250000000e-01
5.253906250000000000e-01 3.767089843750000000e-01 8.840332031250000000e-01
5.329589843750000000e-01 3.066406250000000000e-01 8.935546875000000000e-01
5.581054687500000000e-01 3.176269531250000000e-01 9.587402343750000000e-01
5.852050781250000000e-01 3.117675781250000000e-01 9.045410156250000000e-01
5.693359375000000000e-01 4.421386718750000000e-01 9.670410156250000000e-01
6.440429687500000000e-01 4.995117187500000000e-01 7.836914062500000000e-01
4.399414062500000000e-01 4.194335937500000000e-01 9.492187500000000000e-01
4.211425781250000000e-01 5.646972656250000000e-01 7.290039062500000000e-01
5.517578125000000000e-01 6.296386718750000000e-01 8.779296875000000000e-01
4.243164062500000000e-01 3.684082031250000000e-01 8.374023437500000000e-01
4.399414062500000000e-01 4.025878906250000000e-01 8.957519531250000000e-01
5.405273437500000000e-01 4.624023437500000000e-01 8.947753906250000000e-01
4.831542968750000000e-01 4.362792968750000000e-01 8.815917968750000000e-01
4.182128906250000000e-01 4.265136718750000000e-01 8.361816406250000000e-01
3.066406250000000000e-01 4.748535156250000000e-01 8.527832031250000000e-01
4.284667968750000000e-01 5.935058593750000000e-01 8.317871093750000000e-01
3.103027343750000000e-01 4.377441406250000000e-01 8.913574218750000000e-01
3.684082031250000000e-01 5.131835937500000000e-01 8.945312500000000000e-01
3.237304687500000000e-01 5.925292968750000000e-01 8.388671875000000000e-01
3.435058593750000000e-01 5.107421875000000000e-01 7.785644531250000000e-01
2.424316406250000000e-01 4.291992187500000000e-01 9.052734375000000000e-01
4.055175781250000000e-01 4.899902343750000000e-01 8.134765625000000000e-01
4.052734375000000000e-01 5.273437500000000000e-01 8.085937500000000000e-01
3.518066406250000000e-01 4.248046875000000000e-01 7.304687500000000000e-01
4.663085937500000000e-01 5.869140625000000000e-01 9.479980468750000000e-01
4.370117187500000000e-01 5.800781250000000000e-01 7.258300781250000000e-01
4.184570312500000000e-01 6.350097656250000000e-01 7.255859375000000000e-01
5.119628906250000000e-01 5.537109375000000000e-01 7.810058593750000000e-01
4.389648437500000000e-01 6.901855468750000000e-01 7.216796875000000000e-01
5.485839843750000000e-01 6.259765625000000000e-01 9.050292968750000000e-01
5.036621093750000000e-01 6.437988281250000000e-01 7.204589843750000000e-01
4.296875000000000000e-01 6.953125000000000000e-01 7.534179687500000000e-01
4.819335937500000000e-01 6.486816406250000000e-01 6.008300781250000000e-01
7.072753906250000000e-01 5.812988281250000000e-01 6.911621093750000000e-01
6.911621093750000000e-01 6.484375000000000000e-01 6.115722656250000000e-01
8.718261718750000000e-01 6.433105468750000000e-01 6.018066406250000000e-01
9.697265625000000000e-01 5.986328125000000000e-01 7.419433593750000000e-01
9.033203125000000000e-01 5.195312500000000000e-01 5.317382812500000000e-01
8.967285156250000000e-01 2.414550781250000000e-01 3.962402343750000000e-01
9.001464843750000000e-01 1.809082031250000000e-01 2.785644531250000000e-01
8.583984375000000000e-01 3.127441406250000000e-01 2.827148437500000000e-01
9.284667968750000000e-01 3.837890625000000000e-01 2.983398437500000000e-01
8.740234375000000000e-01 3.244628906250000000e-01 3.793945312500000000e-01
8.793945312500000000e-01 3.156738281250000000e-01 4.011230468750000000e-01
8.676757812500000000e-01 1.770019531250000000e-01 3.647460937500000000e-01
8.720703125000000000e-01 2.624511718750000000e-01 2.937011718750000000e-01
9.206542968750000000e-01 2.744140625000000000e-01 2.902832031250000000e-01
9.177246093750000000e-01 1.816406250000000000e-01 3.022460937500000000e-01
9.460449218750000000e-01 1.740722656250000000e-01 3.459472656250000000e-01
9.111328125000000000e-01 1.599121093750000000e-01 4.489746093750000000e-01
9.614257812500000000e-01 1.933593750000000000e-01 5.822753906250000000e-01
9.379882812500000000e-01 2.561035156250000000e-01 5.129394531250000000e-01
9.216308593750000000e-01 2.756347656250000000e-01 5.439453125000000000e-01
9.453125000000000000e-01 2.294921875000000000e-01 5.305175781250000000e-01
8.869628906250000000e-01 2.419433593750000000e-01 5.627441406250000000e-01
8.957519531250000000e-01 2.272949218750000000e-01 5.644531250000000000e-01
8.540039062500000000e-01 3.305664062500000000e-01 5.686035156250000000e-01
8.916015625000000000e-01 3.168945312500000000e-01 5.751953125000000000e-01
9.062500000000000000e-01 3.364257812500000000e-01 5.666503906250000000e-01
8.898925781250000000e-01 3.298339843750000000e-01 5.795898437500000000e-01
8.864746093750000000e-01 3.259277343750000000e-01 4.885253906250000000e-01
8.005371093750000000e-01 2.841796875000000000e-01 4.777832031250000000e-01
8.994140625000000000e-01 3.117675781250000000e-01 4.963378906250000000e-01
7.844238281250000000e-01 3.979492187500000000e-01 5.908203125000000000e-01
8.845214843750000000e-01 3.093261718750000000e-01 5.773925781250000000e-01
9.030761718750000000e-01 3.310546875000000000e-01 5.773925781250000000e-01
8.002929687500000000e-01 3.400878906250000000e-01 5.756835937500000000e-01
7.939453125000000000e-01 2.971191406250000000e-01 5.703125000000000000e-01
8.774414062500000000e-01 2.971191406250000000e-01 5.861816406250000000e-01
8.076171875000000000e-01 2.983398437500000000e-01 5.812988281250000000e-01
8.015136718750000000e-01 3.012695312500000000e-01 5.344238281250000000e-01
7.988281250000000000e-01 3.027343750000000000e-01 5.908203125000000000e-01
7.968750000000000000e-01 3.015136718750000000e-01 5.314941406250000000e-01
7.966308593750000000e-01 3.122558593750000000e-01 5.922851562500000000e-01
8.002929687500000000e-01 3.100585937500000000e-01 4.797363281250000000e-01
7.951660156250000000e-01 3.044433593750000000e-01 5.932617187500000000e-01
7.980957031250000000e-01 2.932128906250000000e-01 5.827636718750000000e-01
7.836914062500000000e-01 2.998046875000000000e-01 5.505371093750000000e-01
8.432617187500000000e-01 3.103027343750000000e-01 5.498046875000000000e-01
7.961425781250000000e-01 3.754882812500000000e-01 5.439453125000000000e-01
7.858886718750000000e-01 3.090820312500000000e-01 5.478515625000000000e-01
8.427734375000000000e-01 3.857421875000000000e-01 5.861816406250000000e-01
8.029785156250000000e-01 3.769531250000000000e-01 5.410156250000000000e-01
7.917480468750000000e-01 2.866210937500000000e-01 6.284179687500000000e-01
7.834472656250000000e-01 2.875976562500000000e-01 6.335449218750000000e-01
8.234863281250000000e-01 3.076171875000000000e-01 5.490722656250000000e-01
8.359375000000000000e-01 3.088378906250000000e-01 5.603027343750000000e-01
8.383789062500000000e-01 3.010253906250000000e-01 5.527343750000000000e-01
8.425292968750000000e-01 2.990722656250000000e-01 5.615234375000000000e-01
7.900390625000000000e-01 2.939453125000000000e-01 6.447753906250000000e-01
8.425292968750000000e-01 2.978515625000000000e-01 5.405273437500000000e-01
8.425292968750000000e-01 3.071289062500000000e-01 5.585937500000000000e-01
8.435058593750000000e-01 2.978515625000000000e-01 5.549316406250000000e-01
8.378906250000000000e-01 2.949218750000000000e-01 6.313476562500000000e-01
8.422851562500000000e-01 2.844238281250000000e-01 5.554199218750000000e-01
7.817382812500000000e-01 2.971191406250000000e-01 6.318359375000000000e-01
8.317871093750000000e-01 3.000488281250000000e-01 6.303710937500000000e-01
8.388671875000000000e-01 3.088378906250000000e-01 6.257324218750000000e-01
8.381347656250000000e-01 3.032226562500000000e-01 5.588378906250000000e-01
8.391113281250000000e-01 3.112792968750000000e-01 5.576171875000000000e-01
8.317871093750000000e-01 3.066406250000000000e-01 6.267089843750000000e-01
8.366699218750000000e-01 3.073730468750000000e-01 5.610351562500000000e-01
8.378906250000000000e-01 3.076171875000000000e-01 6.306152343750000000e-01
8.366699218750000000e-01 2.998046875000000000e-01 6.259765625000000000e-01
8.356933593750000000e-01 3.034667968750000000e-01 5.615234375000000000e-01
8.364257812500000000e-01 3.071289062500000000e-01 6.281738281250000000e-01
8.366699218750000000e-01 3.000488281250000000e-01 6.262207031250000000e-01
8.386230468750000000e-01 3.010253906250000000e-01 6.279296875000000000e-01
8.344726562500000000e-01 3.000488281250000000e-01 5.603027343750000000e-01
8.398437500000000000e-01 2.988281250000000000e-01 6.301269531250000000e-01
8.393554687500000000e-01 2.998046875000000000e-01 6.293945312500000000e-01
8.310546875000000000e-01 2.963867187500000000e-01 6.335449218750000000e-01
8.395996093750000000e-01 3.000488281250000000e-01 5.590820312500000000e-01
8.339843750000000000e-01 2.956542968750000000e-01 6.279296875000000000e-01
8.320312500000000000e-01 3.017578125000000000e-01 6.298828125000000000e-01
8.339843750000000000e-01 3.017578125000000000e-01 6.271972656250000000e-01
8.422851562500000000e-01 3.024902343750000000e-01 6.308593750000000000e-01
8.371582031250000000e-01 3.027343750000000000e-01 6.284179687500000000e-01
8.359375000000000000e-01 3.002929687500000000e-01 6.313476562500000000e-01
8.371582031250000000e-01 3.007812500000000000e-01 6.318359375000000000e-01
8.359375000000000000e-01 3.051757812500000000e-01 6.284179687500000000e-01
8.293457031250000000e-01 3.051757812500000000e-01 6.320800781250000000e-01
8.325195312500000000e-01 3.029785156250000000e-01 6.313476562500000000e-01
8.352050781250000000e-01 3.054199218750000000e-01 6.398925781250000000e-01
8.298339843750000000e-01 3.078613281250000000e-01 6.333007812500000000e-01
8.320312500000000000e-01 3.081054687500000000e-01 6.389160156250000000e-01
8.298339843750000000e-01 3.100585937500000000e-01 6.364746093750000000e-01
8.298339843750000000e-01 2.998046875000000000e-01 6.325683593750000000e-01
8.330078125000000000e-01 3.054199218750000000e-01 6.376953125000000000e-01
8.291015625000000000e-01 2.998046875000000000e-01 6.342773437500000000e-01
8.344726562500000000e-01 3.017578125000000000e-01 6.357421875000000000e-01
8.352050781250000000e-01 3.007812500000000000e-01 6.359863281250000000e-01
8.320312500000000000e-01 3.027343750000000000e-01 6.328125000000000000e-01
8.288574218750000000e-01 3.007812500000000000e-01 6.320800781250000000e-01
8.303222656250000000e-01 3.032226562500000000e-01 6.291503906250000000e-01
8.327636718750000000e-01 3.005371093750000000e-01 6.379394531250000000e-01
8.312988281250000000e-01 3.037109375000000000e-01 6.398925781250000000e-01
8.308105468750000000e-01 3.041992187500000000e-01 6.372070312500000000e-01
8.317871093750000000e-01 3.032226562500000000e-01 6.372070312500000000e-01
8.305664062500000000e-01 3.044433593750000000e-01 6.359863281250000000e-01
8.339843750000000000e-01 3.076171875000000000e-01 6.394042968750000000e-01
8.298339843750000000e-01 3.085937500000000000e-01 6.413574218750000000e-01
8.264160156250000000e-01 3.041992187500000000e-01 6.374511718750000000e-01
8.325195312500000000e-01 3.049316406250000000e-01 6.325683593750000000e-01
8.291015625000000000e-01 3.046875000000000000e-01 6.367187500000000000e-01
8.291015625000000000e-01 3.002929687500000000e-01 6.437988281250000000e-01
8.281250000000000000e-01 3.071289062500000000e-01 6.318359375000000000e-01
8.325195312500000000e-01 3.015136718750000000e-01 6.359863281250000000e-01
8.308105468750000000e-01 2.966308593750000000e-01 6.408691406250000000e-01
8.283691406250000000e-01 3.020019531250000000e-01 6.328125000000000000e-01
8.291015625000000000e-01 3.029785156250000000e-01 6.386718750000000000e-01
8.312988281250000000e-01 2.990722656250000000e-01 6.369628906250000000e-01
8.303222656250000000e-01 3.022460937500000000e-01 6.311035156250000000e-01
8.271484375000000000e-01 3.024902343750000000e-01 6.364746093750000000e-01
8.310546875000000000e-01 3.020019531250000000e-01 6.354980468750000000e-01
8.317871093750000000e-01 3.022460937500000000e-01 6.416015625000000000e-01
8.303222656250000000e-01 3.024902343750000000e-01 6.367187500000000000e-01
8.322753906250000000e-01 2.983398437500000000e-01 6.413574218750000000e-01
8.276367187500000000e-01 2.978515625000000000e-01 6.420898437500000000e-01
8.271484375000000000e-01 3.039550781250000000e-01 6.369628906250000000e-01
8.234863281250000000e-01 3.051757812500000000e-01 6.293945312500000000e-01
8.320312500000000000e-01 2.988281250000000000e-01 6.374511718750000000e-01
8.291015625000000000e-01 2.971191406250000000e-01 6.313476562500000000e-01
8.337402343750000000e-01 3.010253906250000000e-01 6.403808593750000000e-01
