1.004394531250000000e+00 -7.128906250000000000e-02 -1.823730468750000000e-01
1.011962890625000000e+00 -3.295898437500000000e-02 -2.607421875000000000e-01
1.011962890625000000e+00 -3.295898437500000000e-02 -2.607421875000000000e-01
1.022705078125000000e+00 -3.466796875000000000e-02 -2.636718750000000000e-01
9.375000000000000000e-01 -3.442382812500000000e-02 -2.604980468750000000e-01
9.365234375000000000e-01 -8.496093750000000000e-02 -1.779785156250000000e-01
1.001708984375000000e+00 1.171875000000000000e-02 -1.853027343750000000e-01
9.372558593750000000e-01 9.277343750000000000e-03 -1.791992187500000000e-01
1.015869140625000000e+00 8.300781250000000000e-03 -1.733398437500000000e-01
1.011718750000000000e+00 1.000976562500000000e-02 -1.611328125000000000e-01
1.012695312500000000e+00 -6.567382812500000000e-02 -1.640625000000000000e-01
1.017578125000000000e+00 -7.666015625000000000e-02 -1.667480468750000000e-01
1.006835937500000000e+00 -7.617187500000000000e-02 -1.667480468750000000e-01
1.014892578125000000e+00 -7.519531250000000000e-02 -1.596679687500000000e-01
1.014892578125000000e+00 -7.397460937500000000e-02 -1.562500000000000000e-01
1.008544921875000000e+00 -7.812500000000000000e-02 -1.645507812500000000e-01
1.015136718750000000e+00 -7.543945312500000000e-02 -1.713867187500000000e-01
1.014404296875000000e+00 -6.616210937500000000e-02 -1.674804687500000000e-01
1.016357421875000000e+00 -6.860351562500000000e-02 -1.630859375000000000e-01
1.019531250000000000e+00 -7.348632812500000000e-02 -1.811523437500000000e-01
1.001464843750000000e+00 -9.130859375000000000e-02 -2.568359375000000000e-01
9.323730468750000000e-01 -4.272460937500000000e-02 -2.736816406250000000e-01
9.355468750000000000e-01 -9.008789062500000000e-02 -2.529296875000000000e-01
1.013427734375000000e+00 2.368164062500000000e-02 -1.760253906250000000e-01
1.018554687500000000e+00 -2.954101562500000000e-02 -1.762695312500000000e-01
1.014892578125000000e+00 0.000000000000000000e+00 -1.853027343750000000e-01
1.027587890625000000e+00 -7.177734375000000000e-02 -1.572265625000000000e-01
1.003662109375000000e+00 2.441406250000000000e-03 -2.019042968750000000e-01
1.007812500000000000e+00 2.148437500000000000e-02 -2.631835937500000000e-01
1.006835937500000000e+00 -9.570312500000000000e-02 -1.613769531250000000e-01
1.025878906250000000e+00 -7.690429687500000000e-02 -2.326660156250000000e-01
9.816894531250000000e-01 -2.734375000000000000e-02 -1.918945312500000000e-01
9.548339843750000000e-01 -1.464843750000000000e-01 -2.399902343750000000e-01
9.511718750000000000e-01 -1.916503906250000000e-01 -1.845703125000000000e-01
9.836425781250000000e-01 -6.811523437500000000e-02 -2.202148437500000000e-01
9.936523437500000000e-01 1.333007812500000000e-01 -2.211914062500000000e-01
9.602050781250000000e-01 -1.123046875000000000e-01 -1.638183593750000000e-01
1.004882812500000000e+00 -6.201171875000000000e-02 -1.772460937500000000e-01
1.030761718750000000e+00 3.417968750000000000e-03 -1.691894531250000000e-01
9.291992187500000000e-01 7.543945312500000000e-02 -3.229980468750000000e-01
9.489746093750000000e-01 -1.936035156250000000e-01 -1.938476562500000000e-01
1.092773437500000000e+00 2.856445312500000000e-02 -1.743164062500000000e-01
9.726562500000000000e-01 -2.563476562500000000e-02 -1.013183593750000000e-01
9.675292968750000000e-01 -9.082031250000000000e-02 -2.565917968750000000e-01
9.238281250000000000e-01 -1.330566406250000000e-01 -1.140136718750000000e-01
1.063232421875000000e+00 9.765625000000000000e-04 -2.502441406250000000e-01
9.716796875000000000e-01 7.495117187500000000e-02 -2.727050781250000000e-01
9.614257812500000000e-01 -6.005859375000000000e-02 -2.070312500000000000e-01
9.748535156250000000e-01 5.859375000000000000e-03 -1.962890625000000000e-01
1.016357421875000000e+00 -6.860351562500000000e-02 -2.094726562500000000e-01
1.008789062500000000e+00 9.130859375000000000e-02 -3.225097656250000000e-01
9.079589843750000000e-01 -2.050781250000000000e-01 -1.999511718750000000e-01
1.075195312500000000e+00 3.173828125000000000e-03 -1.628417968750000000e-01
1.006103515625000000e+00 -1.831054687500000000e-02 -1.113281250000000000e-01
9.226074218750000000e-01 -2.294921875000000000e-02 -2.233886718750000000e-01
9.177246093750000000e-01 -1.083984375000000000e-01 -1.247558593750000000e-01
9.899902343750000000e-01 -6.518554687500000000e-02 -2.561035156250000000e-01
1.029052734375000000e+00 6.347656250000000000e-02 -1.984863281250000000e-01
9.638671875000000000e-01 -7.250976562500000000e-02 -2.656250000000000000e-01
1.012939453125000000e+00 -9.521484375000000000e-02 -2.150878906250000000e-01
9.819335937500000000e-01 -8.959960937500000000e-02 -2.175292968750000000e-01
9.726562500000000000e-01 5.419921875000000000e-02 -2.663574218750000000e-01
9.189453125000000000e-01 -5.859375000000000000e-02 -2.038574218750000000e-01
9.272460937500000000e-01 -1.333007812500000000e-01 -2.150878906250000000e-01
9.729003906250000000e-01 5.615234375000000000e-03 -1.662597656250000000e-01
9.780273437500000000e-01 1.264648437500000000e-01 -2.622070312500000000e-01
9.074707031250000000e-01 -1.491699218750000000e-01 -1.318359375000000000e-01
1.018798828125000000e+00 -1.376953125000000000e-01 -1.157226562500000000e-01
9.738769531250000000e-01 8.056640625000000000e-03 -1.591796875000000000e-01
1.024414062500000000e+00 1.420898437500000000e-01 -2.685546875000000000e-01
9.682617187500000000e-01 -1.652832031250000000e-01 -1.564941406250000000e-01
1.027587890625000000e+00 -9.252929687500000000e-02 -1.667480468750000000e-01
9.897460937500000000e-01 6.884765625000000000e-02 -2.072753906250000000e-01
1.018554687500000000e+00 7.714843750000000000e-02 -2.707519531250000000e-01
9.199218750000000000e-01 -2.641601562500000000e-01 -1.733398437500000000e-01
1.015869140625000000e+00 -7.788085937500000000e-02 -2.807617187500000000e-01
1.028564453125000000e+00 -2.099609375000000000e-02 -2.094726562500000000e-01
9.106445312500000000e-01 5.175781250000000000e-02 -3.134765625000000000e-01
1.010009765625000000e+00 -2.514648437500000000e-01 -1.657714843750000000e-01
1.028564453125000000e+00 -2.099609375000000000e-02 -1.823730468750000000e-01
9.333496093750000000e-01 2.709960937500000000e-02 -1.633300781250000000e-01
1.014404296875000000e+00 2.197265625000000000e-03 -1.765136718750000000e-01
1.009765625000000000e+00 -4.296875000000000000e-02 -2.719726562500000000e-01
1.004394531250000000e+00 -7.714843750000000000e-02 -2.690429687500000000e-01
1.005615234375000000e+00 2.612304687500000000e-02 -1.794433593750000000e-01
9.375000000000000000e-01 2.441406250000000000e-02 -2.565917968750000000e-01
1.000488281250000000e+00 2.661132812500000000e-02 -1.840820312500000000e-01
1.019287109375000000e+00 -7.104492187500000000e-02 -1.708984375000000000e-01
1.004882812500000000e+00 -4.638671875000000000e-02 -1.811523437500000000e-01
1.011718750000000000e+00 -6.054687500000000000e-02 -1.845703125000000000e-01
9.279785156250000000e-01 -7.690429687500000000e-02 -2.409667968750000000e-01
9.357910156250000000e-01 4.882812500000000000e-04 -2.346191406250000000e-01
1.025634765625000000e+00 -7.324218750000000000e-02 -2.194824218750000000e-01
9.648437500000000000e-01 -7.812500000000000000e-02 -3.183593750000000000e-01
9.287109375000000000e-01 -7.763671875000000000e-02 -3.137207031250000000e-01
9.338378906250000000e-01 -8.544921875000000000e-02 -2.631835937500000000e-01
9.233398437500000000e-01 -3.222656250000000000e-02 -2.595214843750000000e-01
1.008544921875000000e+00 -3.417968750000000000e-02 -2.680664062500000000e-01
1.011962890625000000e+00 -6.835937500000000000e-02 -2.141113281250000000e-01
9.748535156250000000e-01 -7.031250000000000000e-02 -1.708984375000000000e-01
9.257812500000000000e-01 -7.226562500000000000e-02 -2.080078125000000000e-01
1.006103515625000000e+00 -7.836914062500000000e-02 -2.094726562500000000e-01
9.790039062500000000e-01 -8.715820312500000000e-02 -1.960449218750000000e-01
9.694824218750000000e-01 -8.789062500000000000e-02 -2.082519531250000000e-01
9.323730468750000000e-01 -7.885742187500000000e-02 -1.691894531250000000e-01
1.022949218750000000e+00 -4.125976562500000000e-02 -2.023925781250000000e-01
1.026367187500000000e+00 -9.204101562500000000e-02 -1.606445312500000000e-01
1.003906250000000000e+00 -7.226562500000000000e-02 -2.158203125000000000e-01
1.013916015625000000e+00 -6.860351562500000000e-02 -1.743164062500000000e-01
1.012451171875000000e+00 -9.375000000000000000e-02 -2.160644531250000000e-01
1.014160156250000000e+00 -9.228515625000000000e-02 -2.180175781250000000e-01
1.017089843750000000e+00 -7.714843750000000000e-02 -1.704101562500000000e-01
1.017089843750000000e+00 -9.057617187500000000e-02 -1.726074218750000000e-01
1.005615234375000000e+00 -8.496093750000000000e-02 -1.726074218750000000e-01
1.012939453125000000e+00 -7.641601562500000000e-02 -1.599121093750000000e-01
1.009277343750000000e+00 -6.420898437500000000e-02 -1.628417968750000000e-01
1.020263671875000000e+00 -6.860351562500000000e-02 -1.674804687500000000e-01
1.015869140625000000e+00 -6.689453125000000000e-02 -1.608886718750000000e-01
1.018310546875000000e+00 -7.958984375000000000e-02 -1.647949218750000000e-01
1.015869140625000000e+00 -7.763671875000000000e-02 -1.694335937500000000e-01
1.011474609375000000e+00 -7.836914062500000000e-02 -1.669921875000000000e-01
1.014404296875000000e+00 -7.885742187500000000e-02 -1.608886718750000000e-01
1.012451171875000000e+00 -8.129882812500000000e-02 -1.591796875000000000e-01
1.015625000000000000e+00 -8.056640625000000000e-02 -1.562500000000000000e-01
1.016845703125000000e+00 -7.714843750000000000e-02 -2.163085937500000000e-01
1.017822265625000000e+00 -7.495117187500000000e-02 -2.082519531250000000e-01
1.016357421875000000e+00 -7.885742187500000000e-02 -2.119140625000000000e-01
1.016113281250000000e+00 -8.105468750000000000e-02 -2.141113281250000000e-01
1.016845703125000000e+00 -7.250976562500000000e-02 -2.182617187500000000e-01
1.011474609375000000e+00 -7.861328125000000000e-02 -1.625976562500000000e-01
1.020751953125000000e+00 -7.202148437500000000e-02 -1.594238281250000000e-01
1.010009765625000000e+00 -8.105468750000000000e-02 -1.723632812500000000e-01
1.010742187500000000e+00 -7.861328125000000000e-02 -1.721191406250000000e-01
1.012451171875000000e+00 -7.104492187500000000e-02 -1.679687500000000000e-01
1.011718750000000000e+00 -7.812500000000000000e-02 -1.647949218750000000e-01
1.016601562500000000e+00 -7.666015625000000000e-02 -1.625976562500000000e-01
1.012451171875000000e+00 -8.178710937500000000e-02 -1.765136718750000000e-01
1.012207031250000000e+00 -8.032226562500000000e-02 -1.718750000000000000e-01
1.016113281250000000e+00 -8.569335937500000000e-02 -1.723632812500000000e-01
1.010009765625000000e+00 -8.300781250000000000e-02 -1.611328125000000000e-01
1.010498046875000000e+00 -8.691406250000000000e-02 -1.584472656250000000e-01
1.018798828125000000e+00 -7.812500000000000000e-02 -1.596679687500000000e-01
1.010009765625000000e+00 -7.617187500000000000e-02 -2.180175781250000000e-01
1.016601562500000000e+00 -7.324218750000000000e-02 -2.163085937500000000e-01
1.008544921875000000e+00 -7.568359375000000000e-02 -1.621093750000000000e-01
1.009521484375000000e+00 -6.909179687500000000e-02 -1.569824218750000000e-01
1.028564453125000000e+00 -7.153320312500000000e-02 -2.124023437500000000e-01
1.019042968750000000e+00 -7.495117187500000000e-02 -2.104492187500000000e-01
1.011718750000000000e+00 -6.835937500000000000e-02 -1.723632812500000000e-01
1.012695312500000000e+00 -7.812500000000000000e-02 -1.711425781250000000e-01
9.323730468750000000e-01 -8.764648437500000000e-02 -1.708984375000000000e-01
1.007812500000000000e+00 -6.884765625000000000e-02 -1.652832031250000000e-01
1.015625000000000000e+00 -7.568359375000000000e-02 -1.733398437500000000e-01
1.010986328125000000e+00 -7.592773437500000000e-02 -2.116699218750000000e-01
1.019775390625000000e+00 -7.690429687500000000e-02 -1.650390625000000000e-01
1.019287109375000000e+00 -8.398437500000000000e-02 -1.701660156250000000e-01
1.012695312500000000e+00 -7.763671875000000000e-02 -1.616210937500000000e-01
1.015869140625000000e+00 -7.568359375000000000e-02 -1.650390625000000000e-01
1.011718750000000000e+00 -8.398437500000000000e-02 -1.777343750000000000e-01
1.003662109375000000e+00 -7.495117187500000000e-02 -1.794433593750000000e-01
9.365234375000000000e-01 -7.470703125000000000e-02 -1.845703125000000000e-01
1.007568359375000000e+00 -8.081054687500000000e-02 -1.774902343750000000e-01
1.014160156250000000e+00 -8.178710937500000000e-02 -1.684570312500000000e-01
1.018310546875000000e+00 -7.690429687500000000e-02 -1.655273437500000000e-01
1.016357421875000000e+00 -8.105468750000000000e-02 -1.728515625000000000e-01
1.013916015625000000e+00 -8.203125000000000000e-02 -1.667480468750000000e-01
1.012939453125000000e+00 -8.276367187500000000e-02 -1.687011718750000000e-01
1.011962890625000000e+00 -7.958984375000000000e-02 -1.679687500000000000e-01
1.012207031250000000e+00 -7.421875000000000000e-02 -1.667480468750000000e-01
1.015136718750000000e+00 -8.007812500000000000e-02 -1.682128906250000000e-01
1.012939453125000000e+00 -7.690429687500000000e-02 -1.667480468750000000e-01
1.014892578125000000e+00 -7.788085937500000000e-02 -1.689453125000000000e-01
1.014404296875000000e+00 -8.032226562500000000e-02 -1.662597656250000000e-01
1.010986328125000000e+00 -7.690429687500000000e-02 -1.713867187500000000e-01
1.012695312500000000e+00 -7.592773437500000000e-02 -1.606445312500000000e-01
1.015625000000000000e+00 -7.641601562500000000e-02 -1.640625000000000000e-01
1.016845703125000000e+00 -7.788085937500000000e-02 -1.669921875000000000e-01
1.018066406250000000e+00 -7.812500000000000000e-02 -1.667480468750000000e-01
1.007568359375000000e+00 -8.129882812500000000e-02 -1.694335937500000000e-01
1.014160156250000000e+00 -7.617187500000000000e-02 -1.662597656250000000e-01
1.012695312500000000e+00 -7.495117187500000000e-02 -1.694335937500000000e-01
1.017089843750000000e+00 -7.568359375000000000e-02 -1.647949218750000000e-01
1.013671875000000000e+00 -7.080078125000000000e-02 -1.723632812500000000e-01
1.018798828125000000e+00 -7.617187500000000000e-02 -1.679687500000000000e-01
1.009765625000000000e+00 -7.812500000000000000e-02 -1.625976562500000000e-01
1.010498046875000000e+00 -7.275390625000000000e-02 -1.738281250000000000e-01
1.013671875000000000e+00 -7.177734375000000000e-02 -1.669921875000000000e-01
1.014404296875000000e+00 -7.739257812500000000e-02 -1.616210937500000000e-01
1.015869140625000000e+00 -7.373046875000000000e-02 -1.623535156250000000e-01
1.013427734375000000e+00 -7.641601562500000000e-02 -1.623535156250000000e-01
1.008056640625000000e+00 -7.543945312500000000e-02 -1.696777343750000000e-01
1.007568359375000000e+00 -7.568359375000000000e-02 -1.726074218750000000e-01
1.011474609375000000e+00 -7.812500000000000000e-02 -1.647949218750000000e-01
1.013671875000000000e+00 -7.397460937500000000e-02 -1.660156250000000000e-01
1.011962890625000000e+00 -7.958984375000000000e-02 -1.713867187500000000e-01
1.013671875000000000e+00 -8.007812500000000000e-02 -1.708984375000000000e-01
1.013916015625000000e+00 -7.739257812500000000e-02 -1.699218750000000000e-01
1.015136718750000000e+00 -7.885742187500000000e-02 -1.640625000000000000e-01
1.006835937500000000e+00 -7.788085937500000000e-02 -1.745605468750000000e-01
1.015625000000000000e+00 -7.666015625000000000e-02 -1.748046875000000000e-01
