1.029296875000000000e+00 -4.809570299999999660e-02 -1.086425780000000035e-01
1.029296875000000000e+00 -4.809570299999999660e-02 -1.086425780000000035e-01
1.026611327999999990e+00 -9.252929699999999646e-02 -1.171875000000000000e-01
1.030517577999999990e+00 -3.466796899999999987e-02 -1.152343750000000000e-01
1.026367188000000041e+00 -7.446289100000000327e-02 -9.838867199999999646e-02
9.689941410000000310e-01 -6.396484400000000681e-02 -1.076660160000000033e-01
9.770507809999999793e-01 3.906250000000000000e-03 -1.171875000000000000e-01
9.848632809999999793e-01 -6.616210899999999673e-02 -1.179199219999999965e-01
9.768066410000000310e-01 -7.031250000000000000e-02 -1.037597660000000033e-01
9.689941410000000310e-01 -7.299804699999999646e-02 -9.399414100000000327e-02
1.029296875000000000e+00 -7.568359400000000681e-02 -9.912109400000000681e-02
9.731445309999999793e-01 -6.494140599999999319e-02 -1.123046879999999997e-01
1.027832030999999979e+00 1.953125000000000000e-03 -1.218261719999999965e-01
9.765625000000000000e-01 2.734375000000000000e-02 -1.223144530000000035e-01
9.782714839999999690e-01 2.807617199999999993e-02 -1.203613280000000035e-01
9.829101559999999793e-01 1.220703100000000013e-02 -1.062011719999999965e-01
1.027587891000000031e+00 1.660156299999999974e-02 -9.472656299999999974e-02
9.724121089999999690e-01 -6.616210899999999673e-02 -1.437988279999999897e-01
1.030761719000000021e+00 -6.591796900000000681e-02 -1.513671880000000136e-01
9.702148440000000207e-01 -6.372070300000000354e-02 -9.497070300000000354e-02
9.785156250000000000e-01 -6.396484400000000681e-02 -1.462402339999999967e-01
9.729003910000000310e-01 1.684570300000000007e-02 -1.545410160000000033e-01
9.819335940000000207e-01 -6.445312500000000000e-02 -1.489257810000000071e-01
9.755859380000000414e-01 -7.324218799999999974e-02 -1.196289059999999932e-01
1.029052733999999969e+00 -7.397460899999999673e-02 -1.962890630000000136e-01
1.015136719000000021e+00 -5.249023399999999673e-02 -2.165527339999999967e-01
1.017089844000000021e+00 -6.225585899999999673e-02 -1.674804689999999929e-01
1.019042969000000021e+00 -9.912109400000000681e-02 -1.777343750000000000e-01
1.023437500000000000e+00 -1.403808589999999967e-01 -1.562500000000000000e-01
9.787597660000000310e-01 -3.784179700000000340e-02 -1.508789060000000071e-01
9.663085940000000207e-01 -1.154785160000000033e-01 -1.145019530000000035e-01
9.885253910000000310e-01 -1.223144530000000035e-01 -9.960937500000000000e-02
9.973144529999999897e-01 -1.411132810000000071e-01 -1.547851560000000071e-01
9.982910160000000310e-01 -4.492187500000000000e-02 -1.462402339999999967e-01
9.892578130000000414e-01 -1.496582029999999897e-01 -6.005859399999999987e-02
1.010986327999999990e+00 -1.206054690000000068e-01 -6.225585899999999673e-02
1.002197266000000031e+00 -1.528320310000000071e-01 -1.362304689999999929e-01
9.367675779999999897e-01 -1.037597660000000033e-01 -1.020507809999999932e-01
9.692382809999999793e-01 -4.199218799999999974e-02 -1.020507809999999932e-01
1.001464844000000021e+00 -1.323242189999999929e-01 -1.738281250000000000e-01
1.201904297000000010e+00 7.568359000000000197e-03 -1.784667970000000103e-01
8.349609380000000414e-01 -1.098632800000000007e-02 -1.125488280000000035e-01
9.890136720000000103e-01 1.428222660000000033e-01 -5.883789100000000327e-02
1.136230469000000021e+00 -2.075195300000000007e-02 -7.885742199999999646e-02
9.775390630000000414e-01 -1.953125000000000000e-03 -7.519531299999999974e-02
1.007568358999999969e+00 -1.855468799999999974e-02 -7.812500000000000000e-02
9.777832029999999897e-01 9.008789100000000327e-02 1.147460900000000020e-02
9.838867190000000207e-01 7.202148399999999673e-02 -4.589843799999999974e-02
1.068359375000000000e+00 -6.176757799999999660e-02 -6.347656299999999974e-02
9.572753910000000310e-01 2.587890600000000013e-02 3.076171899999999987e-02
9.558105470000000103e-01 -7.128906299999999974e-02 -1.408691410000000033e-01
1.147460938000000041e+00 4.052734399999999987e-02 -3.796386720000000103e-01
9.309082029999999897e-01 -1.606445310000000071e-01 -1.296386720000000103e-01
1.064453125000000000e+00 -7.983398399999999673e-02 -2.180175779999999897e-01
9.108886720000000103e-01 -1.318359380000000136e-01 -1.765136720000000103e-01
9.108886720000000103e-01 -1.318359380000000136e-01 -1.765136720000000103e-01
8.486328130000000414e-01 -1.342773439999999929e-01 -1.623535160000000033e-01
9.079589839999999690e-01 -3.823242190000000207e-01 -1.669921880000000136e-01
8.544921880000000414e-01 -3.535156250000000000e-01 -1.696777339999999967e-01
9.768066410000000310e-01 -2.724609379999999859e-01 -3.381347659999999755e-01
9.768066410000000310e-01 -2.724609379999999859e-01 -3.381347659999999755e-01
1.028564452999999990e+00 -1.425781250000000000e-01 -3.181152340000000245e-01
8.696289059999999793e-01 3.759765600000000013e-02 -1.772460939999999929e-01
7.924804690000000207e-01 -1.513671880000000136e-01 -1.696777339999999967e-01
9.020996089999999690e-01 -5.151367200000000340e-02 -2.551269529999999897e-01
8.190917970000000103e-01 -1.542968750000000000e-01 -2.014160160000000033e-01
7.224121089999999690e-01 -1.257324220000000103e-01 -2.504882809999999793e-01
7.297363279999999897e-01 -3.190917970000000103e-01 9.936523399999999673e-02
9.162597660000000310e-01 -1.586914099999999980e-02 1.850585939999999929e-01
1.045654297000000010e+00 -3.593750000000000000e-01 5.144042970000000103e-01
1.297607422000000010e+00 -3.334960940000000207e-01 5.087890630000000414e-01
1.471435547000000010e+00 -3.898925779999999897e-01 6.984863279999999897e-01
1.427001952999999990e+00 -5.834960940000000207e-01 5.622558589999999690e-01
1.207031250000000000e+00 -5.688476559999999793e-01 4.868164059999999793e-01
9.460449220000000103e-01 -3.901367190000000207e-01 3.864746090000000245e-01
7.072753910000000310e-01 -3.332519529999999897e-01 2.236328130000000136e-01
6.057128910000000310e-01 -2.109375000000000000e-01 2.233886720000000103e-01
6.047363279999999897e-01 -7.556152339999999690e-01 3.217773440000000207e-01
6.672363279999999897e-01 -7.812500000000000000e-01 4.289550779999999897e-01
7.355957029999999897e-01 -7.607421880000000414e-01 5.385742190000000207e-01
7.553710940000000207e-01 -6.496582029999999897e-01 6.875000000000000000e-01
-6.860351600000000327e-02 -1.777343750000000000e-01 1.069091797000000010e+00
-6.860351600000000327e-02 -1.777343750000000000e-01 1.069091797000000010e+00
-1.181640629999999997e-01 1.123046899999999987e-02 1.077148438000000041e+00
-1.181640629999999997e-01 1.123046899999999987e-02 1.077148438000000041e+00
-1.181640629999999997e-01 1.123046899999999987e-02 1.077148438000000041e+00
-7.031250000000000000e-02 1.250000000000000000e-01 9.711914059999999793e-01
-7.031250000000000000e-02 1.250000000000000000e-01 9.711914059999999793e-01
1.535644529999999897e-01 1.184082030000000035e-01 9.963378910000000310e-01
1.535644529999999897e-01 1.184082030000000035e-01 9.963378910000000310e-01
1.535644529999999897e-01 1.184082030000000035e-01 9.963378910000000310e-01
1.984863279999999897e-01 2.214355470000000103e-01 9.855957029999999897e-01
2.756347659999999755e-01 1.770019529999999897e-01 1.018798827999999990e+00
2.756347659999999755e-01 1.770019529999999897e-01 1.018798827999999990e+00
2.756347659999999755e-01 1.770019529999999897e-01 1.018798827999999990e+00
3.024902340000000245e-01 2.011718750000000000e-01 1.044677733999999969e+00
4.445800779999999897e-01 2.082519529999999897e-01 1.105468750000000000e+00
2.885742190000000207e-01 1.342773439999999929e-01 9.467773440000000207e-01
2.956542970000000103e-01 1.408691410000000033e-01 1.196533202999999990e+00
3.349609379999999859e-01 1.472167970000000103e-01 9.230957029999999897e-01
3.713378909999999755e-01 -2.172851599999999980e-02 1.192626952999999990e+00
1.601562500000000000e-01 5.151367200000000340e-02 1.091796875000000000e+00
2.854003909999999755e-01 -7.617187500000000000e-02 1.083984375000000000e+00
9.350585899999999673e-02 2.929687500000000000e-02 1.153076172000000010e+00
1.376953130000000136e-01 2.050781299999999974e-02 1.027099608999999969e+00
5.981445299999999660e-02 3.320312500000000000e-02 1.109863280999999979e+00
1.520996089999999967e-01 3.247070299999999660e-02 9.885253910000000310e-01
2.004394529999999897e-01 6.884765599999999319e-02 1.148193358999999969e+00
1.228027339999999967e-01 8.740234400000000681e-02 1.045410155999999979e+00
4.833984399999999987e-02 7.934570300000000354e-02 1.045898438000000041e+00
4.321289100000000327e-02 7.250976600000000327e-02 1.040039063000000041e+00
1.398925779999999897e-01 3.662109399999999987e-02 1.136230469000000021e+00
1.459960939999999929e-01 8.251953099999999319e-02 1.134033202999999990e+00
1.345214839999999967e-01 -6.103515999999999803e-03 1.059082030999999979e+00
1.345214839999999967e-01 -6.103515999999999803e-03 1.059082030999999979e+00
1.433105470000000103e-01 7.885742199999999646e-02 1.140380858999999969e+00
1.433105470000000103e-01 7.885742199999999646e-02 1.140380858999999969e+00
1.416015630000000136e-01 8.325195300000000354e-02 1.127685547000000010e+00
1.467285160000000033e-01 9.155273399999999673e-02 1.125244141000000031e+00
1.411132810000000071e-01 8.447265599999999319e-02 1.043212891000000031e+00
1.457519529999999897e-01 8.178710899999999673e-02 1.126953125000000000e+00
1.386718750000000000e-01 8.203125000000000000e-02 1.057128905999999979e+00
1.450195310000000071e-01 7.666015599999999319e-02 1.134521483999999969e+00
1.457519529999999897e-01 7.495117199999999646e-02 1.047851563000000041e+00
1.391601560000000071e-01 7.885742199999999646e-02 1.052734375000000000e+00
1.437988279999999897e-01 8.203125000000000000e-02 1.054931641000000031e+00
1.523437500000000000e-01 8.374023399999999673e-02 1.130615233999999969e+00
1.474609380000000136e-01 8.251953099999999319e-02 1.056152344000000021e+00
1.413574220000000103e-01 8.105468799999999974e-02 1.056884766000000031e+00
1.447753910000000033e-01 8.105468799999999974e-02 1.058349608999999969e+00
1.491699220000000103e-01 8.593750000000000000e-02 1.130126952999999990e+00
1.430664060000000071e-01 8.374023399999999673e-02 1.056640625000000000e+00
1.516113279999999897e-01 8.007812500000000000e-02 1.132812500000000000e+00
1.520996089999999967e-01 7.836914100000000327e-02 1.052246094000000021e+00
1.479492189999999929e-01 7.885742199999999646e-02 1.125244141000000031e+00
9.448242199999999646e-02 8.520507800000000354e-02 1.050048827999999990e+00
1.472167970000000103e-01 8.789062500000000000e-02 1.050292969000000021e+00
1.428222660000000033e-01 9.008789100000000327e-02 1.125976563000000041e+00
1.132812500000000000e-01 3.173828100000000013e-02 1.139160155999999979e+00
9.399414100000000327e-02 4.077148399999999673e-02 1.074951172000000010e+00
1.506347660000000033e-01 3.149414100000000327e-02 1.134277344000000021e+00
1.325683589999999967e-01 -3.173828000000000066e-03 9.787597660000000310e-01
5.371093799999999974e-02 6.591796900000000681e-02 1.049072266000000031e+00
1.293945310000000071e-01 7.592773399999999673e-02 1.036132813000000041e+00
5.981445299999999660e-02 6.787109400000000681e-02 1.086425780999999979e+00
5.517578100000000013e-02 7.324218999999999868e-03 1.082519530999999979e+00
2.663574220000000103e-01 -1.757812500000000000e-02 1.110839844000000021e+00
1.787109380000000136e-01 -1.147460900000000020e-02 1.044921875000000000e+00
1.787109380000000136e-01 -1.147460900000000020e-02 1.044921875000000000e+00
2.480468750000000000e-01 -6.640625000000000000e-02 1.083984375000000000e+00
3.237304690000000207e-01 8.422851600000000327e-02 1.129394530999999979e+00
3.217773440000000207e-01 1.364746089999999967e-01 9.294433589999999690e-01
3.867187500000000000e-01 2.009277339999999967e-01 1.015380858999999969e+00
3.872070309999999793e-01 -2.439999999999999949e-04 9.694824220000000103e-01
3.557128909999999755e-01 -8.422851600000000327e-02 1.030029297000000010e+00
4.472656250000000000e-01 -6.250000000000000000e-02 1.085205077999999990e+00
4.020996090000000245e-01 -1.960449220000000103e-01 9.704589839999999690e-01
3.935546879999999859e-01 -2.519531250000000000e-01 9.697265630000000414e-01
2.878417970000000103e-01 -2.600097659999999755e-01 1.026123047000000010e+00
4.060058590000000245e-01 -3.959960940000000207e-01 9.545898440000000207e-01
4.008789059999999793e-01 -4.602050779999999897e-01 8.515625000000000000e-01
3.676757809999999793e-01 -4.941406250000000000e-01 8.784179690000000207e-01
4.416503909999999755e-01 -6.440429690000000207e-01 8.281250000000000000e-01
5.029296880000000414e-01 -6.960449220000000103e-01 8.193359380000000414e-01
5.019531250000000000e-01 -6.916503910000000310e-01 7.370605470000000103e-01
4.970703129999999859e-01 -6.464843750000000000e-01 6.906738279999999897e-01
5.534667970000000103e-01 -6.296386720000000103e-01 5.571289059999999793e-01
6.494140630000000414e-01 -6.152343750000000000e-01 5.712890630000000414e-01
7.006835940000000207e-01 -6.743164059999999793e-01 4.106445309999999793e-01
7.534179690000000207e-01 -6.933593750000000000e-01 2.978515629999999859e-01
8.317871089999999690e-01 -6.083984380000000414e-01 2.382812500000000000e-01
8.889160160000000310e-01 -5.832519529999999897e-01 2.006835939999999929e-01
9.560546880000000414e-01 -4.167480470000000103e-01 1.228027339999999967e-01
9.645996089999999690e-01 -4.645996090000000245e-01 1.479492189999999929e-01
9.851074220000000103e-01 -5.183105470000000103e-01 1.901855470000000103e-01
1.255859375000000000e+00 -3.481445309999999793e-01 -1.708984399999999987e-02
1.209960938000000041e+00 -3.361816409999999755e-01 -1.059570309999999932e-01
1.188964844000000021e+00 -3.798828129999999859e-01 -1.564941410000000033e-01
1.061523438000000041e+00 -4.040527340000000245e-01 -2.255859380000000136e-01
1.014892577999999990e+00 -1.796875000000000000e-01 -2.907714840000000245e-01
8.747558589999999690e-01 -2.453613279999999897e-01 -2.985839840000000245e-01
8.608398440000000207e-01 -1.855468750000000000e-01 -3.833007809999999793e-01
8.596191410000000310e-01 -1.989746089999999967e-01 -3.547363279999999897e-01
9.577636720000000103e-01 -1.965332029999999897e-01 -3.825683590000000245e-01
9.843750000000000000e-01 -4.858398399999999673e-02 -3.925781250000000000e-01
1.087158202999999990e+00 -1.562500000000000000e-01 -2.939453129999999859e-01
9.931640630000000414e-01 -1.972656250000000000e-01 -2.114257810000000071e-01
9.838867190000000207e-01 -1.457519529999999897e-01 -1.745605470000000103e-01
9.492187500000000000e-01 1.318359399999999987e-02 -1.459960939999999929e-01
9.523925779999999897e-01 3.417968999999999868e-03 9.765625000000000000e-03
7.314453130000000414e-01 1.391601599999999980e-02 -5.419921899999999987e-02
7.885742190000000207e-01 -2.294921899999999987e-02 -7.861328099999999319e-02
1.142333983999999969e+00 -1.657714839999999967e-01 -1.948242189999999929e-01
1.142333983999999969e+00 -1.657714839999999967e-01 -1.948242189999999929e-01
1.004394530999999979e+00 -9.008789100000000327e-02 -2.058105470000000103e-01
9.492187500000000000e-01 -1.809082029999999897e-01 -1.042480469999999965e-01
1.006103516000000031e+00 -1.079101559999999932e-01 -4.663085899999999673e-02
9.318847660000000310e-01 -1.240234379999999997e-01 -7.397460899999999673e-02
1.041992188000000041e+00 -1.096191410000000033e-01 -6.811523399999999673e-02
1.041992188000000041e+00 -1.096191410000000033e-01 -6.811523399999999673e-02
