9.331054687500000000e-01 -1.760253906250000000e-01 -1.682128906250000000e-01
1.000732421875000000e+00 -2.175292968750000000e-01 -1.687011718750000000e-01
1.007568359375000000e+00 -1.567382812500000000e-01 -1.794433593750000000e-01
1.001708984375000000e+00 -2.124023437500000000e-01 -1.594238281250000000e-01
1.030273437500000000e+00 -1.975097656250000000e-01 -2.038574218750000000e-01
1.030273437500000000e+00 -1.975097656250000000e-01 -2.038574218750000000e-01
1.010498046875000000e+00 -1.943359375000000000e-01 -2.128906250000000000e-01
9.721679687500000000e-01 -1.933593750000000000e-01 -1.589355468750000000e-01
9.863281250000000000e-01 -1.066894531250000000e-01 -2.019042968750000000e-01
9.863281250000000000e-01 -1.066894531250000000e-01 -2.019042968750000000e-01
1.020263671875000000e+00 -1.904296875000000000e-01 -1.242675781250000000e-01
1.020263671875000000e+00 -1.904296875000000000e-01 -1.242675781250000000e-01
1.014160156250000000e+00 -1.816406250000000000e-01 -9.765625000000000000e-02
9.255371093750000000e-01 -1.184082031250000000e-01 -5.932617187500000000e-02
9.255371093750000000e-01 -1.184082031250000000e-01 -5.932617187500000000e-02
9.350585937500000000e-01 -1.064453125000000000e-01 -1.411132812500000000e-01
9.350585937500000000e-01 -1.064453125000000000e-01 -1.411132812500000000e-01
1.024902343750000000e+00 -2.646484375000000000e-01 -1.000976562500000000e-01
1.006591796875000000e+00 -2.792968750000000000e-01 -1.999511718750000000e-01
8.288574218750000000e-01 -1.220703125000000000e-01 -2.124023437500000000e-01
8.288574218750000000e-01 -1.220703125000000000e-01 -2.124023437500000000e-01
8.288574218750000000e-01 -1.220703125000000000e-01 -2.124023437500000000e-01
1.224121093750000000e+00 -4.245605468750000000e-01 4.541015625000000000e-02
9.868164062500000000e-01 6.591796875000000000e-03 2.172851562500000000e-02
9.758300781250000000e-01 -2.368164062500000000e-02 5.761718750000000000e-02
9.184570312500000000e-01 5.883789062500000000e-02 -7.104492187500000000e-02
1.055664062500000000e+00 1.877441406250000000e-01 4.980468750000000000e-02
1.063232421875000000e+00 2.612304687500000000e-01 4.296875000000000000e-02
1.318115234375000000e+00 6.396484375000000000e-02 1.044921875000000000e-01
1.503662109375000000e+00 -1.879882812500000000e-02 -8.691406250000000000e-02
1.503662109375000000e+00 -1.879882812500000000e-02 -8.691406250000000000e-02
1.564453125000000000e+00 2.153320312500000000e-01 -2.236328125000000000e-01
7.421875000000000000e-01 4.614257812500000000e-02 -3.232421875000000000e-01
7.421875000000000000e-01 4.614257812500000000e-02 -3.232421875000000000e-01
9.970703125000000000e-01 -1.269531250000000000e-02 -2.316894531250000000e-01
8.820800781250000000e-01 -1.350097656250000000e-01 -1.037597656250000000e-01
8.820800781250000000e-01 -1.350097656250000000e-01 -1.037597656250000000e-01
7.214355468750000000e-01 -1.403808593750000000e-01 -2.050781250000000000e-01
9.565429687500000000e-01 -2.563476562500000000e-01 -1.193847656250000000e-01
8.005371093750000000e-01 -2.199707031250000000e-01 -7.348632812500000000e-02
8.005371093750000000e-01 -2.199707031250000000e-01 -7.348632812500000000e-02
1.053710937500000000e+00 -1.894531250000000000e-01 -1.352539062500000000e-01
1.053710937500000000e+00 -1.894531250000000000e-01 -1.352539062500000000e-01
1.401123046875000000e+00 -4.291992187500000000e-01 -7.470703125000000000e-02
1.197021484375000000e+00 -1.071777343750000000e-01 1.240234375000000000e-01
6.608886718750000000e-01 -2.929687500000000000e-01 -1.066894531250000000e-01
1.266845703125000000e+00 -4.064941406250000000e-01 -4.479980468750000000e-01
1.141601562500000000e+00 -1.618652343750000000e-01 -4.501953125000000000e-01
7.683105468750000000e-01 -1.555175781250000000e-01 -1.816406250000000000e-01
8.154296875000000000e-01 -3.078613281250000000e-01 -1.813964843750000000e-01
5.847167968750000000e-01 -7.617187500000000000e-02 -1.579589843750000000e-01
6.843261718750000000e-01 4.907226562500000000e-02 -2.663574218750000000e-01
8.876953125000000000e-01 2.050781250000000000e-02 5.859375000000000000e-03
1.501953125000000000e+00 4.145507812500000000e-01 -3.488769531250000000e-01
9.865722656250000000e-01 2.368164062500000000e-02 -3.383789062500000000e-01
5.246582031250000000e-01 -1.977539062500000000e-01 -4.565429687500000000e-02
6.733398437500000000e-01 -2.380371093750000000e-01 5.200195312500000000e-02
1.068115234375000000e+00 -4.194335937500000000e-01 2.568359375000000000e-01
1.467285156250000000e+00 -6.728515625000000000e-01 1.496582031250000000e-01
1.467285156250000000e+00 -6.728515625000000000e-01 1.496582031250000000e-01
1.204101562500000000e+00 -5.312500000000000000e-01 -3.222656250000000000e-02
1.041992187500000000e+00 -6.811523437500000000e-02 -1.772460937500000000e-01
4.074707031250000000e-01 2.661132812500000000e-02 -1.582031250000000000e-01
9.558105468750000000e-01 -6.689453125000000000e-02 -1.972656250000000000e-01
8.569335937500000000e-01 3.906250000000000000e-03 -1.025390625000000000e-02
1.186035156250000000e+00 1.909179687500000000e-01 1.303710937500000000e-01
1.401367187500000000e+00 3.369140625000000000e-02 1.354980468750000000e-01
1.401367187500000000e+00 3.369140625000000000e-02 1.354980468750000000e-01
1.326904296875000000e+00 -8.471679687500000000e-02 -3.681640625000000000e-01
7.541503906250000000e-01 -3.176269531250000000e-01 -2.353515625000000000e-01
5.832519531250000000e-01 -1.904296875000000000e-01 -9.252929687500000000e-02
1.539306640625000000e+00 -4.875488281250000000e-01 -5.541992187500000000e-02
9.694824218750000000e-01 -9.252929687500000000e-02 -2.473144531250000000e-01
9.106445312500000000e-01 -3.913574218750000000e-01 -1.140136718750000000e-01
8.276367187500000000e-01 -2.124023437500000000e-02 -2.719726562500000000e-01
7.309570312500000000e-01 1.196289062500000000e-02 -2.646484375000000000e-01
7.294921875000000000e-01 -1.320800781250000000e-01 -6.225585937500000000e-02
7.294921875000000000e-01 -1.320800781250000000e-01 -6.225585937500000000e-02
1.090576171875000000e+00 -6.591796875000000000e-03 -2.539062500000000000e-02
1.090576171875000000e+00 -6.591796875000000000e-03 -2.539062500000000000e-02
1.571289062500000000e+00 1.074218750000000000e-02 -8.325195312500000000e-02
1.347167968750000000e+00 8.984375000000000000e-02 -1.091308593750000000e-01
9.514160156250000000e-01 1.918945312500000000e-01 -3.659667968750000000e-01
1.044921875000000000e+00 -1.550292968750000000e-01 -4.831542968750000000e-01
1.044921875000000000e+00 -1.550292968750000000e-01 -4.831542968750000000e-01
1.044921875000000000e+00 -1.550292968750000000e-01 -4.831542968750000000e-01
1.201904296875000000e+00 -3.063964843750000000e-01 -3.430175781250000000e-01
1.201904296875000000e+00 -3.063964843750000000e-01 -3.430175781250000000e-01
8.544921875000000000e-01 -2.941894531250000000e-01 -2.646484375000000000e-01
5.588378906250000000e-01 -1.699218750000000000e-01 -2.541503906250000000e-01
6.567382812500000000e-01 -2.565917968750000000e-01 -1.005859375000000000e-01
6.503906250000000000e-01 -1.005859375000000000e-01 -2.685546875000000000e-02
6.503906250000000000e-01 -1.005859375000000000e-01 -2.685546875000000000e-02
7.041015625000000000e-01 -1.611328125000000000e-01 1.201171875000000000e-01
7.041015625000000000e-01 -1.611328125000000000e-01 1.201171875000000000e-01
1.231689453125000000e+00 -3.674316406250000000e-01 1.372070312500000000e-01
1.231689453125000000e+00 -3.674316406250000000e-01 1.372070312500000000e-01
1.350341796875000000e+00 -5.485839843750000000e-01 -6.347656250000000000e-02
1.467041015625000000e+00 -5.651855468750000000e-01 -2.023925781250000000e-01
8.610839843750000000e-01 -1.108398437500000000e-01 -4.804687500000000000e-01
8.610839843750000000e-01 -1.108398437500000000e-01 -4.804687500000000000e-01
1.413574218750000000e+00 -1.782226562500000000e-01 -3.076171875000000000e-01
7.592773437500000000e-01 -1.147460937500000000e-01 -2.976074218750000000e-01
8.027343750000000000e-01 -2.619628906250000000e-01 -2.734375000000000000e-01
8.027343750000000000e-01 -2.619628906250000000e-01 -2.734375000000000000e-01
6.396484375000000000e-01 -1.354980468750000000e-01 -2.158203125000000000e-01
5.761718750000000000e-01 1.103515625000000000e-01 -6.567382812500000000e-02
5.761718750000000000e-01 1.103515625000000000e-01 -6.567382812500000000e-02
8.867187500000000000e-01 1.708984375000000000e-03 -7.446289062500000000e-02
1.237304687500000000e+00 -1.281738281250000000e-01 8.715820312500000000e-02
1.237304687500000000e+00 -1.281738281250000000e-01 8.715820312500000000e-02
1.268798828125000000e+00 5.786132812500000000e-01 -7.019042968750000000e-01
1.222900390625000000e+00 -2.770996093750000000e-01 -4.785156250000000000e-01
1.222900390625000000e+00 -2.770996093750000000e-01 -4.785156250000000000e-01
1.128417968750000000e+00 -2.561035156250000000e-01 -2.941894531250000000e-01
1.128417968750000000e+00 -2.561035156250000000e-01 -2.941894531250000000e-01
1.128417968750000000e+00 -2.561035156250000000e-01 -2.941894531250000000e-01
1.128417968750000000e+00 -2.561035156250000000e-01 -2.941894531250000000e-01
7.321777343750000000e-01 -2.099609375000000000e-02 -3.325195312500000000e-01
7.321777343750000000e-01 -2.099609375000000000e-02 -3.325195312500000000e-01
7.312011718750000000e-01 -1.518554687500000000e-01 -2.531738281250000000e-01
7.312011718750000000e-01 -1.518554687500000000e-01 -2.531738281250000000e-01
6.315917968750000000e-01 -1.711425781250000000e-01 -1.123046875000000000e-01
6.315917968750000000e-01 -1.711425781250000000e-01 -1.123046875000000000e-01
4.975585937500000000e-01 -3.161621093750000000e-01 -4.833984375000000000e-02
8.107910156250000000e-01 -2.204589843750000000e-01 1.452636718750000000e-01
1.255859375000000000e+00 -3.190917968750000000e-01 1.413574218750000000e-01
1.422851562500000000e+00 -4.182128906250000000e-01 -2.197265625000000000e-02
1.190673828125000000e+00 -1.718750000000000000e-01 -1.376953125000000000e-01
9.020996093750000000e-01 -3.203125000000000000e-01 -4.890136718750000000e-01
1.489746093750000000e+00 -4.040527343750000000e-01 -3.144531250000000000e-01
9.497070312500000000e-01 2.685546875000000000e-02 -3.767089843750000000e-01
6.738281250000000000e-01 -2.211914062500000000e-01 -2.375488281250000000e-01
6.848144531250000000e-01 -1.669921875000000000e-01 -2.707519531250000000e-01
4.873046875000000000e-01 -3.906250000000000000e-03 -5.297851562500000000e-02
9.477539062500000000e-01 2.578125000000000000e-01 2.050781250000000000e-01
9.477539062500000000e-01 2.578125000000000000e-01 2.050781250000000000e-01
1.454589843750000000e+00 5.346679687500000000e-02 -3.466796875000000000e-02
1.117675781250000000e+00 -1.596679687500000000e-01 -3.015136718750000000e-01
6.154785156250000000e-01 -5.126953125000000000e-02 -2.937011718750000000e-01
6.823730468750000000e-01 -1.926269531250000000e-01 -2.441406250000000000e-01
6.823730468750000000e-01 -1.926269531250000000e-01 -2.441406250000000000e-01
6.147460937500000000e-01 -2.885742187500000000e-01 -2.080078125000000000e-01
6.147460937500000000e-01 -2.885742187500000000e-01 -2.080078125000000000e-01
4.433593750000000000e-01 -2.658691406250000000e-01 1.953125000000000000e-03
4.433593750000000000e-01 -2.658691406250000000e-01 1.953125000000000000e-03
7.214355468750000000e-01 -2.705078125000000000e-01 1.291503906250000000e-01
9.887695312500000000e-01 -3.542480468750000000e-01 1.779785156250000000e-01
1.677978515625000000e+00 -4.477539062500000000e-01 2.746582031250000000e-01
1.151367187500000000e+00 -2.978515625000000000e-01 -2.524414062500000000e-01
1.306396484375000000e+00 1.259765625000000000e-01 -3.149414062500000000e-01
1.306396484375000000e+00 1.259765625000000000e-01 -3.149414062500000000e-01
8.962402343750000000e-01 -2.575683593750000000e-01 -2.719726562500000000e-01
5.100097656250000000e-01 -6.372070312500000000e-02 -3.808593750000000000e-02
5.100097656250000000e-01 -6.372070312500000000e-02 -3.808593750000000000e-02
5.756835937500000000e-01 -8.569335937500000000e-02 -8.105468750000000000e-02
8.793945312500000000e-01 -2.197265625000000000e-03 5.468750000000000000e-02
8.793945312500000000e-01 -2.197265625000000000e-03 5.468750000000000000e-02
1.235839843750000000e+00 1.171875000000000000e-01 2.080078125000000000e-01
9.150390625000000000e-01 1.367187500000000000e-02 -4.074707031250000000e-01
1.014648437500000000e+00 -2.714843750000000000e-01 2.021484375000000000e-01
1.202148437500000000e+00 -4.282226562500000000e-01 -7.714843750000000000e-02
1.321777343750000000e+00 -2.644042968750000000e-01 -3.217773437500000000e-01
1.445800781250000000e+00 -2.468261718750000000e-01 -4.604492187500000000e-01
7.358398437500000000e-01 -2.485351562500000000e-01 -2.177734375000000000e-01
4.912109375000000000e-01 -2.438964843750000000e-01 -1.162109375000000000e-01
4.367675781250000000e-01 -1.000976562500000000e-02 -9.277343750000000000e-02
8.886718750000000000e-01 5.517578125000000000e-02 -7.934570312500000000e-02
1.451660156250000000e+00 6.323242187500000000e-02 -1.428222656250000000e-01
1.583984375000000000e+00 4.882812500000000000e-02 -5.344238281250000000e-01
9.902343750000000000e-01 -1.708984375000000000e-02 -4.829101562500000000e-01
1.123779296875000000e+00 -2.048339843750000000e-01 -5.295410156250000000e-01
1.096923828125000000e+00 -1.020507812500000000e-01 -2.392578125000000000e-01
1.096923828125000000e+00 -1.020507812500000000e-01 -2.392578125000000000e-01
5.727539062500000000e-01 -1.784667968750000000e-01 -2.644042968750000000e-01
8.181152343750000000e-01 -1.892089843750000000e-01 -2.241210937500000000e-01
5.886230468750000000e-01 -3.320312500000000000e-01 -2.028808593750000000e-01
5.886230468750000000e-01 -3.320312500000000000e-01 -2.028808593750000000e-01
6.452636718750000000e-01 -1.594238281250000000e-01 9.033203125000000000e-03
8.996582031250000000e-01 -3.398437500000000000e-01 1.984863281250000000e-01
1.135009765625000000e+00 -3.652343750000000000e-01 1.325683593750000000e-01
1.361328125000000000e+00 -3.999023437500000000e-01 1.367187500000000000e-01
1.135498046875000000e+00 -6.833496093750000000e-01 -9.619140625000000000e-02
1.135498046875000000e+00 -6.833496093750000000e-01 -9.619140625000000000e-02
9.848632812500000000e-01 -2.871093750000000000e-01 -4.506835937500000000e-01
1.394531250000000000e+00 -1.516113281250000000e-01 -2.978515625000000000e-01
1.394531250000000000e+00 -1.516113281250000000e-01 -2.978515625000000000e-01
7.966308593750000000e-01 -1.745605468750000000e-01 -1.235351562500000000e-01
6.618652343750000000e-01 -1.997070312500000000e-01 -1.396484375000000000e-01
6.594238281250000000e-01 -6.127929687500000000e-02 -1.169433593750000000e-01
7.949218750000000000e-01 -5.371093750000000000e-03 -1.977539062500000000e-01
8.911132812500000000e-01 7.519531250000000000e-02 -1.110839843750000000e-01
8.918457031250000000e-01 -3.320312500000000000e-02 1.147460937500000000e-02
9.470214843750000000e-01 -5.175781250000000000e-02 8.715820312500000000e-02
7.849121093750000000e-01 2.441406250000000000e-04 -1.098632812500000000e-02
1.295898437500000000e+00 3.183593750000000000e-01 -3.317871093750000000e-01
1.170654296875000000e+00 -1.469726562500000000e-01 -2.856445312500000000e-01
1.170654296875000000e+00 -1.469726562500000000e-01 -2.856445312500000000e-01
6.010742187500000000e-01 1.279296875000000000e-01 -2.990722656250000000e-01
1.058105468750000000e+00 -4.479980468750000000e-01 -7.080078125000000000e-02
