9.980468750000000000e-01 -4.736328125000000000e-02 -1.005859375000000000e-01
9.707031250000000000e-01 -1.479492187500000000e-01 -1.459960937500000000e-01
9.707031250000000000e-01 -1.479492187500000000e-01 -1.459960937500000000e-01
9.707031250000000000e-01 -1.479492187500000000e-01 -1.459960937500000000e-01
9.707031250000000000e-01 -1.479492187500000000e-01 -1.459960937500000000e-01
1.029296875000000000e+00 -1.228027343750000000e-01 -1.269531250000000000e-01
1.029296875000000000e+00 -1.228027343750000000e-01 -1.269531250000000000e-01
9.736328125000000000e-01 -1.975097656250000000e-01 -4.614257812500000000e-02
9.763183593750000000e-01 -1.232910156250000000e-01 -4.541015625000000000e-02
9.824218750000000000e-01 -1.506347656250000000e-01 -4.125976562500000000e-02
9.838867187500000000e-01 -4.394531250000000000e-02 -4.614257812500000000e-02
9.816894531250000000e-01 -6.713867187500000000e-02 -3.173828125000000000e-02
9.860839843750000000e-01 -8.007812500000000000e-02 -3.784179687500000000e-02
9.787597656250000000e-01 -4.052734375000000000e-02 -8.642578125000000000e-02
9.858398437500000000e-01 -5.981445312500000000e-02 -8.032226562500000000e-02
9.797363281250000000e-01 -5.346679687500000000e-02 -8.471679687500000000e-02
9.782714843750000000e-01 -5.786132812500000000e-02 -8.935546875000000000e-02
9.760742187500000000e-01 -1.291503906250000000e-01 -8.032226562500000000e-02
9.821777343750000000e-01 -6.225585937500000000e-02 -9.252929687500000000e-02
9.812011718750000000e-01 -1.296386718750000000e-01 -3.613281250000000000e-02
9.826660156250000000e-01 -1.286621093750000000e-01 -3.735351562500000000e-02
9.860839843750000000e-01 -1.342773437500000000e-01 -5.249023437500000000e-02
9.746093750000000000e-01 -1.511230468750000000e-01 -5.004882812500000000e-02
8.100585937500000000e-01 -1.999511718750000000e-01 -1.538085937500000000e-02
9.968261718750000000e-01 -3.759765625000000000e-02 -1.425781250000000000e-01
1.040771484375000000e+00 -1.135253906250000000e-01 -1.254882812500000000e-01
1.017089843750000000e+00 -1.560058593750000000e-01 -1.479492187500000000e-01
9.887695312500000000e-01 -1.279296875000000000e-01 -9.448242187500000000e-02
9.763183593750000000e-01 -9.301757812500000000e-02 -9.887695312500000000e-02
1.029052734375000000e+00 -4.272460937500000000e-02 -9.423828125000000000e-02
1.002441406250000000e+00 -5.541992187500000000e-02 -1.508789062500000000e-01
1.016113281250000000e+00 -4.663085937500000000e-02 -1.040039062500000000e-01
1.024902343750000000e+00 -3.271484375000000000e-02 -1.220703125000000000e-01
1.030761718750000000e+00 -4.003906250000000000e-02 -1.923828125000000000e-01
1.006103515625000000e+00 -5.078125000000000000e-02 -1.604003906250000000e-01
1.027099609375000000e+00 -3.198242187500000000e-02 -1.650390625000000000e-01
9.885253906250000000e-01 2.197265625000000000e-03 -2.500000000000000000e-01
1.000488281250000000e+00 -7.739257812500000000e-02 -2.551269531250000000e-01
1.008300781250000000e+00 -4.565429687500000000e-02 -1.865234375000000000e-01
1.001953125000000000e+00 3.906250000000000000e-03 -2.717285156250000000e-01
9.367675781250000000e-01 -9.252929687500000000e-02 -2.414550781250000000e-01
9.465332031250000000e-01 -6.518554687500000000e-02 -2.480468750000000000e-01
9.270019531250000000e-01 -3.173828125000000000e-02 -3.427734375000000000e-01
9.438476562500000000e-01 -9.643554687500000000e-02 -3.896484375000000000e-01
8.549804687500000000e-01 -1.040039062500000000e-01 -3.942871093750000000e-01
8.569335937500000000e-01 -2.185058593750000000e-01 -3.540039062500000000e-01
9.680175781250000000e-01 -1.689453125000000000e-01 -4.389648437500000000e-01
8.869628906250000000e-01 -1.882324218750000000e-01 -3.459472656250000000e-01
8.112792968750000000e-01 -1.562500000000000000e-01 -4.394531250000000000e-01
9.443359375000000000e-01 -1.188964843750000000e-01 -4.340820312500000000e-01
7.829589843750000000e-01 -1.896972656250000000e-01 -4.567871093750000000e-01
7.731933593750000000e-01 -2.001953125000000000e-01 -5.219726562500000000e-01
6.643066406250000000e-01 -2.185058593750000000e-01 -6.982421875000000000e-01
6.748046875000000000e-01 -1.757812500000000000e-01 -8.061523437500000000e-01
4.333496093750000000e-01 -1.442871093750000000e-01 -6.931152343750000000e-01
4.062500000000000000e-01 -6.103515625000000000e-02 -2.465820312500000000e-01
7.077636718750000000e-01 -2.165527343750000000e-01 -7.709960937500000000e-01
6.838378906250000000e-01 -1.218261718750000000e-01 -8.259277343750000000e-01
5.095214843750000000e-01 -1.171875000000000000e-01 -8.481445312500000000e-01
2.443847656250000000e-01 -5.346679687500000000e-02 -7.995605468750000000e-01
1.523437500000000000e-01 -3.613281250000000000e-02 -8.557128906250000000e-01
-6.811523437500000000e-02 -8.569335937500000000e-02 -9.211425781250000000e-01
-1.623535156250000000e-01 1.904296875000000000e-02 -9.326171875000000000e-01
-3.273925781250000000e-01 1.147460937500000000e-02 -9.475097656250000000e-01
-3.342285156250000000e-01 -6.445312500000000000e-02 -8.608398437500000000e-01
-3.039550781250000000e-01 -7.104492187500000000e-02 -8.449707031250000000e-01
-3.874511718750000000e-01 -7.666015625000000000e-02 -8.962402343750000000e-01
-3.759765625000000000e-01 -2.368164062500000000e-02 -8.081054687500000000e-01
-2.976074218750000000e-01 -6.469726562500000000e-02 -8.002929687500000000e-01
-2.788085937500000000e-01 -8.715820312500000000e-02 -7.829589843750000000e-01
-1.921386718750000000e-01 -4.101562500000000000e-02 -8.210449218750000000e-01
-7.592773437500000000e-02 -7.226562500000000000e-02 -7.634277343750000000e-01
8.105468750000000000e-02 -7.788085937500000000e-02 -5.471191406250000000e-01
9.741210937500000000e-02 -9.228515625000000000e-02 -6.064453125000000000e-01
2.163085937500000000e-01 -3.881835937500000000e-02 -6.191406250000000000e-01
2.575683593750000000e-01 -4.345703125000000000e-02 -7.551269531250000000e-01
3.222656250000000000e-01 -9.008789062500000000e-02 -6.210937500000000000e-01
5.046386718750000000e-01 -9.448242187500000000e-02 -8.388671875000000000e-01
6.579589843750000000e-01 -2.158203125000000000e-01 -9.521484375000000000e-01
7.363281250000000000e-01 -2.529296875000000000e-01 -1.231445312500000000e+00
1.043457031250000000e+00 -2.663574218750000000e-01 -1.225341796875000000e+00
1.223144531250000000e+00 -2.143554687500000000e-01 -8.608398437500000000e-01
1.276855468750000000e+00 -1.291503906250000000e-01 -2.890625000000000000e-01
1.032226562500000000e+00 -1.059570312500000000e-01 1.147460937500000000e-02
8.151855468750000000e-01 -3.344726562500000000e-02 -2.031250000000000000e-01
8.288574218750000000e-01 -1.391601562500000000e-02 -1.420898437500000000e-01
8.681640625000000000e-01 8.300781250000000000e-02 -3.173828125000000000e-02
9.965820312500000000e-01 1.003417968750000000e-01 3.027343750000000000e-01
1.033203125000000000e+00 3.833007812500000000e-02 4.824218750000000000e-01
1.012451171875000000e+00 4.711914062500000000e-02 8.557128906250000000e-01
7.016601562500000000e-01 3.002929687500000000e-02 1.145996093750000000e+00
6.381835937500000000e-01 -7.446289062500000000e-02 7.829589843750000000e-01
6.645507812500000000e-01 -1.315917968750000000e-01 7.077636718750000000e-01
6.584472656250000000e-01 -7.031250000000000000e-02 5.583496093750000000e-01
7.897949218750000000e-01 -2.124023437500000000e-02 4.702148437500000000e-01
1.086425781250000000e+00 -1.538085937500000000e-02 4.709472656250000000e-01
1.084228515625000000e+00 -6.762695312500000000e-02 5.366210937500000000e-01
1.064453125000000000e+00 1.708984375000000000e-03 5.908203125000000000e-01
8.623046875000000000e-01 -1.318359375000000000e-01 5.910644531250000000e-01
8.283691406250000000e-01 -1.474609375000000000e-01 5.444335937500000000e-01
8.342285156250000000e-01 -9.472656250000000000e-02 6.528320312500000000e-01
8.515625000000000000e-01 -7.250976562500000000e-02 6.220703125000000000e-01
9.416503906250000000e-01 2.416992187500000000e-02 7.080078125000000000e-01
8.676757812500000000e-01 -7.104492187500000000e-02 7.148437500000000000e-01
8.916015625000000000e-01 -7.910156250000000000e-02 6.059570312500000000e-01
7.875976562500000000e-01 -7.958984375000000000e-02 6.113281250000000000e-01
7.973632812500000000e-01 -3.051757812500000000e-02 7.187500000000000000e-01
7.351074218750000000e-01 -2.026367187500000000e-02 7.316894531250000000e-01
7.407226562500000000e-01 -3.076171875000000000e-02 8.144531250000000000e-01
8.193359375000000000e-01 -8.300781250000000000e-03 8.417968750000000000e-01
7.666015625000000000e-01 -1.269531250000000000e-02 7.475585937500000000e-01
6.196289062500000000e-01 9.057617187500000000e-02 7.314453125000000000e-01
7.585449218750000000e-01 6.884765625000000000e-02 7.878417968750000000e-01
7.290039062500000000e-01 6.005859375000000000e-02 8.378906250000000000e-01
6.171875000000000000e-01 3.930664062500000000e-02 8.806152343750000000e-01
7.082519531250000000e-01 8.227539062500000000e-02 8.925781250000000000e-01
6.845703125000000000e-01 8.081054687500000000e-02 8.859863281250000000e-01
7.539062500000000000e-01 -7.324218750000000000e-04 8.022460937500000000e-01
6.987304687500000000e-01 6.835937500000000000e-02 8.022460937500000000e-01
7.131347656250000000e-01 6.909179687500000000e-02 8.806152343750000000e-01
6.594238281250000000e-01 7.958984375000000000e-02 8.835449218750000000e-01
7.001953125000000000e-01 8.544921875000000000e-02 8.906250000000000000e-01
6.916503906250000000e-01 8.789062500000000000e-02 8.974609375000000000e-01
6.975097656250000000e-01 9.179687500000000000e-02 8.923339843750000000e-01
6.997070312500000000e-01 9.277343750000000000e-02 8.874511718750000000e-01
6.933593750000000000e-01 8.911132812500000000e-02 8.884277343750000000e-01
6.950683593750000000e-01 8.496093750000000000e-02 8.947753906250000000e-01
6.918945312500000000e-01 8.471679687500000000e-02 9.003906250000000000e-01
6.906738281250000000e-01 8.618164062500000000e-02 8.532714843750000000e-01
6.201171875000000000e-01 8.911132812500000000e-02 8.449707031250000000e-01
6.232910156250000000e-01 8.935546875000000000e-02 8.459472656250000000e-01
6.228027343750000000e-01 8.447265625000000000e-02 8.454589843750000000e-01
6.152343750000000000e-01 8.178710937500000000e-02 8.498535156250000000e-01
6.206054687500000000e-01 8.520507812500000000e-02 9.062500000000000000e-01
6.135253906250000000e-01 8.618164062500000000e-02 8.447265625000000000e-01
6.154785156250000000e-01 8.691406250000000000e-02 8.471679687500000000e-01
6.188964843750000000e-01 8.105468750000000000e-02 9.025878906250000000e-01
6.193847656250000000e-01 8.715820312500000000e-02 9.050292968750000000e-01
6.208496093750000000e-01 8.398437500000000000e-02 9.030761718750000000e-01
6.186523437500000000e-01 8.715820312500000000e-02 8.530273437500000000e-01
6.057128906250000000e-01 9.350585937500000000e-02 8.496093750000000000e-01
6.149902343750000000e-01 9.008789062500000000e-02 8.532714843750000000e-01
6.149902343750000000e-01 9.277343750000000000e-02 8.483886718750000000e-01
6.147460937500000000e-01 8.911132812500000000e-02 8.540039062500000000e-01
6.208496093750000000e-01 8.740234375000000000e-02 8.457031250000000000e-01
6.242675781250000000e-01 8.447265625000000000e-02 9.001464843750000000e-01
6.975097656250000000e-01 9.301757812500000000e-02 8.935546875000000000e-01
6.972656250000000000e-01 9.179687500000000000e-02 8.937988281250000000e-01
6.982421875000000000e-01 8.666992187500000000e-02 8.996582031250000000e-01
7.043457031250000000e-01 8.520507812500000000e-02 8.920898437500000000e-01
7.021484375000000000e-01 8.642578125000000000e-02 8.964843750000000000e-01
7.121582031250000000e-01 8.715820312500000000e-02 8.940429687500000000e-01
5.576171875000000000e-01 7.641601562500000000e-02 8.032226562500000000e-01
8.017578125000000000e-01 2.856445312500000000e-02 7.534179687500000000e-01
6.965332031250000000e-01 5.932617187500000000e-02 7.500000000000000000e-01
7.246093750000000000e-01 -1.904296875000000000e-02 7.631835937500000000e-01
8.063964843750000000e-01 6.250000000000000000e-02 6.713867187500000000e-01
7.883300781250000000e-01 6.762695312500000000e-02 6.376953125000000000e-01
8.830566406250000000e-01 -7.080078125000000000e-03 5.498046875000000000e-01
9.628906250000000000e-01 8.300781250000000000e-02 5.766601562500000000e-01
9.794921875000000000e-01 9.057617187500000000e-02 4.826660156250000000e-01
1.048095703125000000e+00 6.225585937500000000e-02 4.575195312500000000e-01
1.085693359375000000e+00 4.589843750000000000e-02 3.112792968750000000e-01
1.026611328125000000e+00 -6.640625000000000000e-02 1.875000000000000000e-01
1.016113281250000000e+00 -1.389160156250000000e-01 1.176757812500000000e-01
1.020263671875000000e+00 -1.503906250000000000e-01 -6.591796875000000000e-03
1.031250000000000000e+00 -4.687500000000000000e-02 -1.330566406250000000e-01
1.068603515625000000e+00 -2.111816406250000000e-01 -1.914062500000000000e-01
1.012939453125000000e+00 -1.748046875000000000e-01 -2.756347656250000000e-01
8.894042968750000000e-01 -1.210937500000000000e-01 -6.330566406250000000e-01
8.461914062500000000e-01 -2.597656250000000000e-01 -5.546875000000000000e-01
8.320312500000000000e-01 -2.539062500000000000e-01 -6.389160156250000000e-01
8.999023437500000000e-01 -1.621093750000000000e-01 -6.113281250000000000e-01
6.604003906250000000e-01 -9.619140625000000000e-02 -8.872070312500000000e-01
6.096191406250000000e-01 -1.997070312500000000e-01 -9.160156250000000000e-01
5.285644531250000000e-01 -1.215820312500000000e-01 -9.147949218750000000e-01
5.866699218750000000e-01 -1.528320312500000000e-01 -9.013671875000000000e-01
6.108398437500000000e-01 2.929687500000000000e-03 -9.812011718750000000e-01
4.255371093750000000e-01 -9.179687500000000000e-02 -1.087158203125000000e+00
2.685546875000000000e-01 -8.105468750000000000e-02 -1.339843750000000000e+00
-1.293945312500000000e-02 9.204101562500000000e-02 -1.102783203125000000e+00
3.366699218750000000e-01 5.371093750000000000e-03 -6.777343750000000000e-01
4.765625000000000000e-01 -9.838867187500000000e-02 -8.813476562500000000e-01
6.276855468750000000e-01 -5.932617187500000000e-02 -5.932617187500000000e-01
4.968261718750000000e-01 -9.619140625000000000e-02 -3.486328125000000000e-01
5.881347656250000000e-01 -5.419921875000000000e-02 -3.603515625000000000e-01
7.016601562500000000e-01 -4.248046875000000000e-02 -3.383789062500000000e-01
7.707519531250000000e-01 -4.418945312500000000e-02 -2.978515625000000000e-01
8.015136718750000000e-01 -1.318359375000000000e-01 -3.146972656250000000e-01
8.300781250000000000e-01 -1.962890625000000000e-01 -2.192382812500000000e-01
8.100585937500000000e-01 -6.225585937500000000e-02 -2.604980468750000000e-01
8.916015625000000000e-01 -1.293945312500000000e-01 -1.740722656250000000e-01
8.923339843750000000e-01 -1.040039062500000000e-01 -1.618652343750000000e-01
9.157714843750000000e-01 -1.464843750000000000e-01 -2.644042968750000000e-01
9.721679687500000000e-01 -2.104492187500000000e-01 -2.724609375000000000e-01
9.123535156250000000e-01 -1.579589843750000000e-01 -1.230468750000000000e-01
1.145263671875000000e+00 -2.097167968750000000e-01 -1.357421875000000000e-01
1.012451171875000000e+00 -2.050781250000000000e-01 -3.686523437500000000e-02
1.002929687500000000e+00 -1.901855468750000000e-01 -6.103515625000000000e-03
9.333496093750000000e-01 -1.928710937500000000e-01 3.002929687500000000e-02
