1.012939453125000000e+00 3.662109375000000000e-03 4.489746093750000000e-01
1.005859375000000000e+00 1.147460937500000000e-02 3.708496093750000000e-01
1.005859375000000000e+00 1.147460937500000000e-02 3.708496093750000000e-01
1.005859375000000000e+00 1.147460937500000000e-02 3.708496093750000000e-01
1.010009765625000000e+00 2.441406250000000000e-03 3.586425781250000000e-01
1.018554687500000000e+00 2.441406250000000000e-04 3.703613281250000000e-01
9.211425781250000000e-01 -7.226562500000000000e-02 4.509277343750000000e-01
9.211425781250000000e-01 -7.226562500000000000e-02 4.509277343750000000e-01
1.018310546875000000e+00 5.615234375000000000e-03 4.069824218750000000e-01
1.001953125000000000e+00 -6.713867187500000000e-02 4.545898437500000000e-01
9.362792968750000000e-01 1.464843750000000000e-02 3.750000000000000000e-01
1.024414062500000000e+00 3.173828125000000000e-03 3.713378906250000000e-01
1.013183593750000000e+00 -6.982421875000000000e-02 3.588867187500000000e-01
1.016113281250000000e+00 -6.811523437500000000e-02 3.618164062500000000e-01
1.026611328125000000e+00 4.638671875000000000e-03 3.635253906250000000e-01
1.001464843750000000e+00 3.173828125000000000e-03 4.521484375000000000e-01
9.375000000000000000e-01 -6.738281250000000000e-02 3.686523437500000000e-01
1.007568359375000000e+00 6.591796875000000000e-03 3.669433593750000000e-01
1.016845703125000000e+00 2.929687500000000000e-03 3.718261718750000000e-01
1.007812500000000000e+00 3.662109375000000000e-03 3.625488281250000000e-01
1.021728515625000000e+00 -7.934570312500000000e-02 3.583984375000000000e-01
1.003906250000000000e+00 -6.469726562500000000e-02 3.632812500000000000e-01
1.022460937500000000e+00 -8.056640625000000000e-02 3.520507812500000000e-01
1.022705078125000000e+00 -6.762695312500000000e-02 3.559570312500000000e-01
1.009521484375000000e+00 -6.909179687500000000e-02 3.732910156250000000e-01
1.007324218750000000e+00 -6.713867187500000000e-02 4.450683593750000000e-01
1.006103515625000000e+00 -6.420898437500000000e-02 4.387207031250000000e-01
1.004394531250000000e+00 -7.861328125000000000e-02 4.379882812500000000e-01
1.015136718750000000e+00 -8.007812500000000000e-02 3.515625000000000000e-01
1.009033203125000000e+00 -8.032226562500000000e-02 3.464355468750000000e-01
9.741210937500000000e-01 -8.471679687500000000e-02 3.454589843750000000e-01
1.010986328125000000e+00 -9.301757812500000000e-02 3.959960937500000000e-01
1.000976562500000000e+00 -4.321289062500000000e-02 2.490234375000000000e-01
1.019287109375000000e+00 -1.457519531250000000e-01 2.507324218750000000e-01
9.589843750000000000e-01 -9.790039062500000000e-02 1.772460937500000000e-01
7.304687500000000000e-01 -1.545410156250000000e-01 9.716796875000000000e-02
7.937011718750000000e-01 -1.213378906250000000e-01 1.459960937500000000e-01
8.203125000000000000e-01 6.372070312500000000e-02 2.448730468750000000e-01
9.414062500000000000e-01 -4.614257812500000000e-02 6.420898437500000000e-02
8.540039062500000000e-01 -2.136230468750000000e-01 1.882324218750000000e-01
9.638671875000000000e-01 -9.838867187500000000e-02 -1.977539062500000000e-02
1.029296875000000000e+00 -1.999511718750000000e-01 1.447753906250000000e-01
9.921875000000000000e-01 -2.736816406250000000e-01 -1.953125000000000000e-03
1.083251953125000000e+00 -1.782226562500000000e-01 8.496093750000000000e-02
1.083251953125000000e+00 -1.782226562500000000e-01 8.496093750000000000e-02
9.697265625000000000e-01 -3.051757812500000000e-01 -1.723632812500000000e-01
9.697265625000000000e-01 -3.051757812500000000e-01 -1.723632812500000000e-01
9.831542968750000000e-01 -3.618164062500000000e-01 -1.472167968750000000e-01
8.679199218750000000e-01 -3.615722656250000000e-01 -3.859863281250000000e-01
9.909667968750000000e-01 -4.060058593750000000e-01 -4.155273437500000000e-01
8.515625000000000000e-01 -3.510742187500000000e-01 -4.812011718750000000e-01
7.380371093750000000e-01 -4.528808593750000000e-01 -5.935058593750000000e-01
6.999511718750000000e-01 -5.012207031250000000e-01 -7.062988281250000000e-01
5.510253906250000000e-01 -5.058593750000000000e-01 -6.809082031250000000e-01
5.131835937500000000e-01 -4.743652343750000000e-01 -7.839355468750000000e-01
3.618164062500000000e-01 -5.305175781250000000e-01 -7.858886718750000000e-01
2.963867187500000000e-01 -5.209960937500000000e-01 -7.819824218750000000e-01
2.268066406250000000e-01 -4.272460937500000000e-01 -8.378906250000000000e-01
2.570800781250000000e-01 -4.116210937500000000e-01 -8.183593750000000000e-01
2.309570312500000000e-01 -4.975585937500000000e-01 -8.793945312500000000e-01
1.550292968750000000e-01 -5.075683593750000000e-01 -9.675292968750000000e-01
1.894531250000000000e-01 -4.074707031250000000e-01 -8.430175781250000000e-01
1.862792968750000000e-01 -3.723144531250000000e-01 -7.902832031250000000e-01
2.746582031250000000e-01 -4.082031250000000000e-01 -9.035644531250000000e-01
2.377929687500000000e-01 -4.604492187500000000e-01 -7.966308593750000000e-01
2.355957031250000000e-01 -4.660644531250000000e-01 -7.900390625000000000e-01
3.269042968750000000e-01 -4.084472656250000000e-01 -8.310546875000000000e-01
3.349609375000000000e-01 -4.135742187500000000e-01 -8.283691406250000000e-01
3.310546875000000000e-01 -4.645996093750000000e-01 -8.283691406250000000e-01
2.819824218750000000e-01 -5.043945312500000000e-01 -8.154296875000000000e-01
3.371582031250000000e-01 -4.189453125000000000e-01 -8.227539062500000000e-01
3.178710937500000000e-01 -4.238281250000000000e-01 -7.416992187500000000e-01
2.490234375000000000e-01 -4.360351562500000000e-01 -7.722167968750000000e-01
3.127441406250000000e-01 -4.316406250000000000e-01 -7.602539062500000000e-01
2.473144531250000000e-01 -4.172363281250000000e-01 -6.726074218750000000e-01
2.443847656250000000e-01 -4.094238281250000000e-01 -7.045898437500000000e-01
3.269042968750000000e-01 -4.072265625000000000e-01 -6.696777343750000000e-01
3.344726562500000000e-01 -5.183105468750000000e-01 -7.199707031250000000e-01
3.022460937500000000e-01 -4.362792968750000000e-01 -8.386230468750000000e-01
3.085937500000000000e-01 -4.746093750000000000e-01 -7.814941406250000000e-01
3.793945312500000000e-01 -4.833984375000000000e-01 -8.046875000000000000e-01
3.081054687500000000e-01 -4.882812500000000000e-01 -8.471679687500000000e-01
3.483886718750000000e-01 -5.693359375000000000e-01 -9.287109375000000000e-01
3.483886718750000000e-01 -5.693359375000000000e-01 -9.287109375000000000e-01
3.227539062500000000e-01 -4.912109375000000000e-01 -1.006103515625000000e+00
3.227539062500000000e-01 -4.912109375000000000e-01 -1.006103515625000000e+00
3.237304687500000000e-01 -5.080566406250000000e-01 -7.939453125000000000e-01
3.422851562500000000e-01 -5.058593750000000000e-01 -8.381347656250000000e-01
2.905273437500000000e-01 -4.255371093750000000e-01 -7.504882812500000000e-01
4.411621093750000000e-01 -4.514160156250000000e-01 -7.619628906250000000e-01
4.807128906250000000e-01 -4.631347656250000000e-01 -8.310546875000000000e-01
4.787597656250000000e-01 -4.223632812500000000e-01 -7.370605468750000000e-01
5.625000000000000000e-01 -4.084472656250000000e-01 -6.088867187500000000e-01
6.582031250000000000e-01 -4.543457031250000000e-01 -6.037597656250000000e-01
8.962402343750000000e-01 -4.343261718750000000e-01 -7.722167968750000000e-01
8.842773437500000000e-01 -2.919921875000000000e-01 -2.949218750000000000e-01
8.210449218750000000e-01 -3.435058593750000000e-01 -3.706054687500000000e-01
7.829589843750000000e-01 -2.956542968750000000e-01 -3.339843750000000000e-01
8.535156250000000000e-01 -4.003906250000000000e-01 -3.127441406250000000e-01
8.591308593750000000e-01 -3.369140625000000000e-01 -1.811523437500000000e-01
8.317871093750000000e-01 -3.134765625000000000e-01 -1.538085937500000000e-01
9.316406250000000000e-01 -1.643066406250000000e-01 -2.182617187500000000e-01
9.831542968750000000e-01 -1.855468750000000000e-01 -2.045898437500000000e-01
9.123535156250000000e-01 -3.310546875000000000e-01 -5.541992187500000000e-02
8.974609375000000000e-01 -1.638183593750000000e-01 -1.440429687500000000e-01
8.437500000000000000e-01 -8.715820312500000000e-02 -5.029296875000000000e-02
8.894042968750000000e-01 -5.786132812500000000e-02 -1.306152343750000000e-01
8.530273437500000000e-01 -1.013183593750000000e-01 -8.374023437500000000e-02
8.662109375000000000e-01 -6.030273437500000000e-02 -6.005859375000000000e-02
9.580078125000000000e-01 -6.176757812500000000e-02 -7.519531250000000000e-02
9.389648437500000000e-01 -9.423828125000000000e-02 1.733398437500000000e-02
1.006103515625000000e+00 -1.633300781250000000e-01 2.026367187500000000e-02
1.131591796875000000e+00 -1.936035156250000000e-01 5.371093750000000000e-03
1.082275390625000000e+00 -7.031250000000000000e-02 9.082031250000000000e-02
9.296875000000000000e-01 -1.196289062500000000e-02 1.533203125000000000e-01
9.812011718750000000e-01 -4.638671875000000000e-02 2.077636718750000000e-01
9.973144531250000000e-01 -9.545898437500000000e-02 1.166992187500000000e-01
9.704589843750000000e-01 -9.326171875000000000e-02 1.228027343750000000e-01
1.064941406250000000e+00 -4.174804687500000000e-02 2.031250000000000000e-01
9.870605468750000000e-01 -9.155273437500000000e-02 2.102050781250000000e-01
9.853515625000000000e-01 -8.056640625000000000e-02 1.650390625000000000e-01
1.063964843750000000e+00 -8.447265625000000000e-02 1.577148437500000000e-01
9.929199218750000000e-01 -8.471679687500000000e-02 1.604003906250000000e-01
9.829101562500000000e-01 -9.033203125000000000e-02 1.765136718750000000e-01
9.829101562500000000e-01 -9.033203125000000000e-02 1.765136718750000000e-01
9.863281250000000000e-01 -4.125976562500000000e-02 1.794433593750000000e-01
9.838867187500000000e-01 -8.789062500000000000e-02 2.712402343750000000e-01
9.885253906250000000e-01 -8.154296875000000000e-02 2.800292968750000000e-01
9.833984375000000000e-01 -9.204101562500000000e-02 2.707519531250000000e-01
9.851074218750000000e-01 -8.642578125000000000e-02 2.690429687500000000e-01
9.919433593750000000e-01 -8.496093750000000000e-02 2.653808593750000000e-01
9.812011718750000000e-01 -8.666992187500000000e-02 2.646484375000000000e-01
9.914550781250000000e-01 -8.471679687500000000e-02 2.722167968750000000e-01
9.782714843750000000e-01 -7.885742187500000000e-02 2.697753906250000000e-01
9.826660156250000000e-01 -7.128906250000000000e-02 2.648925781250000000e-01
9.814453125000000000e-01 -7.153320312500000000e-02 2.709960937500000000e-01
9.797363281250000000e-01 -7.543945312500000000e-02 2.653808593750000000e-01
9.892578125000000000e-01 -7.910156250000000000e-02 2.729492187500000000e-01
9.833984375000000000e-01 -7.519531250000000000e-02 2.675781250000000000e-01
9.824218750000000000e-01 -7.519531250000000000e-02 2.797851562500000000e-01
9.865722656250000000e-01 -6.982421875000000000e-02 2.668457031250000000e-01
9.895019531250000000e-01 -7.495117187500000000e-02 2.612304687500000000e-01
9.870605468750000000e-01 -7.470703125000000000e-02 2.744140625000000000e-01
9.833984375000000000e-01 -6.982421875000000000e-02 2.731933593750000000e-01
9.858398437500000000e-01 -6.958007812500000000e-02 2.668457031250000000e-01
9.868164062500000000e-01 -7.006835937500000000e-02 2.700195312500000000e-01
9.846191406250000000e-01 -7.128906250000000000e-02 2.644042968750000000e-01
9.865722656250000000e-01 -6.933593750000000000e-02 2.663574218750000000e-01
9.868164062500000000e-01 -6.860351562500000000e-02 2.692871093750000000e-01
9.860839843750000000e-01 -7.153320312500000000e-02 2.570800781250000000e-01
9.882812500000000000e-01 -6.591796875000000000e-02 2.714843750000000000e-01
9.868164062500000000e-01 -6.640625000000000000e-02 2.541503906250000000e-01
9.821777343750000000e-01 -7.128906250000000000e-02 2.578125000000000000e-01
9.785156250000000000e-01 -6.567382812500000000e-02 2.585449218750000000e-01
9.858398437500000000e-01 -6.738281250000000000e-02 2.658691406250000000e-01
9.865722656250000000e-01 -6.665039062500000000e-02 2.609863281250000000e-01
9.916992187500000000e-01 -7.055664062500000000e-02 2.585449218750000000e-01
9.860839843750000000e-01 -7.202148437500000000e-02 2.707519531250000000e-01
9.863281250000000000e-01 -6.689453125000000000e-02 2.788085937500000000e-01
9.780273437500000000e-01 -6.372070312500000000e-02 2.805175781250000000e-01
9.838867187500000000e-01 -6.689453125000000000e-02 2.680664062500000000e-01
9.838867187500000000e-01 -6.689453125000000000e-02 2.680664062500000000e-01
9.865722656250000000e-01 2.441406250000000000e-04 2.805175781250000000e-01
9.865722656250000000e-01 2.441406250000000000e-04 2.805175781250000000e-01
9.790039062500000000e-01 -6.420898437500000000e-02 2.189941406250000000e-01
9.814453125000000000e-01 -6.640625000000000000e-02 2.236328125000000000e-01
9.873046875000000000e-01 3.417968750000000000e-03 2.783203125000000000e-01
9.804687500000000000e-01 2.197265625000000000e-03 2.766113281250000000e-01
9.909667968750000000e-01 -6.298828125000000000e-02 2.790527343750000000e-01
9.772949218750000000e-01 7.324218750000000000e-04 2.780761718750000000e-01
9.838867187500000000e-01 5.371093750000000000e-03 2.268066406250000000e-01
9.838867187500000000e-01 3.662109375000000000e-03 2.783203125000000000e-01
9.860839843750000000e-01 -6.372070312500000000e-02 2.199707031250000000e-01
9.821777343750000000e-01 9.765625000000000000e-04 2.219238281250000000e-01
9.772949218750000000e-01 9.765625000000000000e-04 2.197265625000000000e-01
9.853515625000000000e-01 -6.542968750000000000e-02 2.233886718750000000e-01
9.814453125000000000e-01 -6.616210937500000000e-02 2.272949218750000000e-01
9.816894531250000000e-01 1.220703125000000000e-03 2.199707031250000000e-01
9.792480468750000000e-01 -6.591796875000000000e-02 2.260742187500000000e-01
9.846191406250000000e-01 -6.860351562500000000e-02 2.265625000000000000e-01
9.829101562500000000e-01 -6.860351562500000000e-02 2.224121093750000000e-01
9.785156250000000000e-01 4.882812500000000000e-04 2.260742187500000000e-01
9.802246093750000000e-01 -6.909179687500000000e-02 2.768554687500000000e-01
9.865722656250000000e-01 -7.006835937500000000e-02 2.236328125000000000e-01
9.731445312500000000e-01 -6.396484375000000000e-02 2.194824218750000000e-01
9.855957031250000000e-01 -6.933593750000000000e-02 2.331542968750000000e-01
9.792480468750000000e-01 -6.616210937500000000e-02 2.756347656250000000e-01
9.863281250000000000e-01 -7.104492187500000000e-02 2.260742187500000000e-01
9.853515625000000000e-01 -7.324218750000000000e-02 2.319335937500000000e-01
9.780273437500000000e-01 -6.811523437500000000e-02 2.258300781250000000e-01
9.819335937500000000e-01 -6.884765625000000000e-02 2.253417968750000000e-01
9.870605468750000000e-01 -6.665039062500000000e-02 2.219238281250000000e-01
9.819335937500000000e-01 -6.982421875000000000e-02 2.192382812500000000e-01
9.829101562500000000e-01 -6.835937500000000000e-02 2.194824218750000000e-01
9.802246093750000000e-01 -6.762695312500000000e-02 2.766113281250000000e-01
9.885253906250000000e-01 -7.446289062500000000e-02 2.248535156250000000e-01
9.838867187500000000e-01 -6.860351562500000000e-02 2.775878906250000000e-01
9.916992187500000000e-01 -7.177734375000000000e-02 2.734375000000000000e-01
9.763183593750000000e-01 -6.835937500000000000e-02 2.805175781250000000e-01
9.873046875000000000e-01 -7.275390625000000000e-02 2.775878906250000000e-01
