1.013671875000000000e+00 -5.444335937500000000e-02 -2.114257812500000000e-01
1.018798828125000000e+00 -5.395507812500000000e-02 -2.089843750000000000e-01
1.012695312500000000e+00 -5.273437500000000000e-02 -2.087402343750000000e-01
1.012695312500000000e+00 -5.273437500000000000e-02 -2.087402343750000000e-01
1.019042968750000000e+00 -4.882812500000000000e-02 -2.084960937500000000e-01
1.019042968750000000e+00 -5.395507812500000000e-02 -1.992187500000000000e-01
1.018066406250000000e+00 -5.615234375000000000e-02 -1.992187500000000000e-01
1.015625000000000000e+00 -1.254882812500000000e-01 -1.982421875000000000e-01
1.018798828125000000e+00 -5.395507812500000000e-02 -1.994628906250000000e-01
1.013916015625000000e+00 -5.151367187500000000e-02 -1.989746093750000000e-01
1.015625000000000000e+00 -4.907226562500000000e-02 -1.999511718750000000e-01
1.021972656250000000e+00 -5.908203125000000000e-02 -1.950683593750000000e-01
1.015380859375000000e+00 -5.151367187500000000e-02 -1.931152343750000000e-01
1.017333984375000000e+00 -5.273437500000000000e-02 -1.965332031250000000e-01
1.020263671875000000e+00 -5.322265625000000000e-02 -1.972656250000000000e-01
1.020507812500000000e+00 -5.029296875000000000e-02 -1.896972656250000000e-01
1.015625000000000000e+00 -5.444335937500000000e-02 -1.894531250000000000e-01
1.018798828125000000e+00 -5.029296875000000000e-02 -1.235351562500000000e-01
1.019042968750000000e+00 -4.223632812500000000e-02 -1.955566406250000000e-01
1.026611328125000000e+00 -8.642578125000000000e-02 -1.958007812500000000e-01
1.017089843750000000e+00 -8.837890625000000000e-02 -1.987304687500000000e-01
1.019287109375000000e+00 -8.911132812500000000e-02 -1.962890625000000000e-01
1.017822265625000000e+00 -3.955078125000000000e-02 -1.875000000000000000e-01
1.020996093750000000e+00 -9.228515625000000000e-02 -1.926269531250000000e-01
1.018554687500000000e+00 -8.398437500000000000e-02 -1.228027343750000000e-01
9.704589843750000000e-01 -9.082031250000000000e-02 -1.923828125000000000e-01
1.019775390625000000e+00 -7.885742187500000000e-02 -2.033691406250000000e-01
1.027099609375000000e+00 -8.642578125000000000e-02 -1.965332031250000000e-01
1.013427734375000000e+00 -8.618164062500000000e-02 -1.977539062500000000e-01
1.023681640625000000e+00 -7.836914062500000000e-02 -1.945800781250000000e-01
1.025634765625000000e+00 -8.496093750000000000e-02 -1.965332031250000000e-01
1.030273437500000000e+00 -5.908203125000000000e-02 -2.014160156250000000e-01
9.934082031250000000e-01 -1.220703125000000000e-01 -2.067871093750000000e-01
1.022460937500000000e+00 -2.697753906250000000e-01 -1.215820312500000000e-01
1.018066406250000000e+00 -1.809082031250000000e-01 -1.196289062500000000e-01
1.017333984375000000e+00 -2.675781250000000000e-01 -5.590820312500000000e-02
1.013916015625000000e+00 -1.149902343750000000e-01 -1.286621093750000000e-01
9.118652343750000000e-01 -1.643066406250000000e-01 2.880859375000000000e-02
1.019775390625000000e+00 -2.609863281250000000e-01 -4.028320312500000000e-02
9.653320312500000000e-01 -2.500000000000000000e-01 -3.564453125000000000e-02
9.089355468750000000e-01 -2.495117187500000000e-01 -4.931640625000000000e-02
9.074707031250000000e-01 -3.146972656250000000e-01 -4.931640625000000000e-02
9.606933593750000000e-01 -3.112792968750000000e-01 -1.516113281250000000e-01
9.440917968750000000e-01 -3.469238281250000000e-01 -1.518554687500000000e-01
9.133300781250000000e-01 -3.605957031250000000e-01 -1.630859375000000000e-01
8.715820312500000000e-01 -3.078613281250000000e-01 -1.608886718750000000e-01
1.023437500000000000e+00 -2.712402343750000000e-01 -3.366699218750000000e-01
1.102050781250000000e+00 -8.471679687500000000e-02 -4.704589843750000000e-01
7.998046875000000000e-01 -6.738281250000000000e-02 -3.266601562500000000e-01
1.197021484375000000e+00 -4.394531250000000000e-03 -3.081054687500000000e-01
9.592285156250000000e-01 -3.662109375000000000e-03 -1.613769531250000000e-01
9.567871093750000000e-01 4.272460937500000000e-02 -1.828613281250000000e-01
8.845214843750000000e-01 -1.701660156250000000e-01 -1.643066406250000000e-01
9.125976562500000000e-01 -2.006835937500000000e-01 -1.816406250000000000e-01
7.971191406250000000e-01 -2.441406250000000000e-02 -2.419433593750000000e-01
1.042236328125000000e+00 -7.861328125000000000e-02 -2.983398437500000000e-01
6.850585937500000000e-01 7.788085937500000000e-02 -2.416992187500000000e-01
8.405761718750000000e-01 -1.794433593750000000e-01 -2.485351562500000000e-01
5.620117187500000000e-01 -2.770996093750000000e-01 -2.646484375000000000e-01
9.675292968750000000e-01 2.810058593750000000e-01 -3.457031250000000000e-01
6.198730468750000000e-01 -1.708984375000000000e-01 -2.412109375000000000e-01
7.893066406250000000e-01 -1.142578125000000000e-01 -4.206542968750000000e-01
7.224121093750000000e-01 8.276367187500000000e-02 -5.610351562500000000e-01
6.809082031250000000e-01 -1.018066406250000000e-01 -7.663574218750000000e-01
5.939941406250000000e-01 -6.909179687500000000e-02 -7.780761718750000000e-01
5.187988281250000000e-01 -1.340332031250000000e-01 -8.298339843750000000e-01
4.965820312500000000e-01 6.347656250000000000e-03 -9.011230468750000000e-01
4.492187500000000000e-01 -1.054687500000000000e-01 -9.438476562500000000e-01
3.557128906250000000e-01 -9.130859375000000000e-02 -9.418945312500000000e-01
4.060058593750000000e-01 -6.030273437500000000e-02 -8.820800781250000000e-01
5.063476562500000000e-01 -5.834960937500000000e-02 -7.827148437500000000e-01
6.367187500000000000e-01 -9.960937500000000000e-02 -8.920898437500000000e-01
7.158203125000000000e-01 -5.761718750000000000e-02 -8.088378906250000000e-01
6.166992187500000000e-01 -4.858398437500000000e-02 -6.782226562500000000e-01
8.105468750000000000e-01 -9.033203125000000000e-02 -5.937500000000000000e-01
1.193115234375000000e+00 -1.550292968750000000e-01 -7.985839843750000000e-01
1.311523437500000000e+00 -1.062011718750000000e-01 -8.847656250000000000e-01
6.135253906250000000e-01 -7.983398437500000000e-02 -2.861328125000000000e-01
8.947753906250000000e-01 -7.226562500000000000e-02 -1.953125000000000000e-03
1.261230468750000000e+00 -1.303710937500000000e-01 -1.972656250000000000e-01
8.835449218750000000e-01 1.147460937500000000e-02 -1.306152343750000000e-01
1.017333984375000000e+00 -2.758789062500000000e-02 -1.513671875000000000e-02
1.067626953125000000e+00 1.293945312500000000e-02 3.710937500000000000e-02
9.768066406250000000e-01 -5.053710937500000000e-02 2.636718750000000000e-01
1.030273437500000000e+00 -8.837890625000000000e-02 2.666015625000000000e-01
1.014160156250000000e+00 -1.440429687500000000e-02 3.237304687500000000e-01
1.007812500000000000e+00 1.904296875000000000e-02 3.427734375000000000e-01
1.007324218750000000e+00 2.197265625000000000e-03 3.847656250000000000e-01
9.160156250000000000e-01 -8.105468750000000000e-02 3.950195312500000000e-01
1.069335937500000000e+00 -7.080078125000000000e-02 3.586425781250000000e-01
9.523925781250000000e-01 1.220703125000000000e-03 4.562988281250000000e-01
1.000244140625000000e+00 -9.057617187500000000e-02 4.348144531250000000e-01
9.553222656250000000e-01 1.464843750000000000e-03 5.214843750000000000e-01
9.487304687500000000e-01 2.075195312500000000e-02 5.048828125000000000e-01
8.845214843750000000e-01 -2.465820312500000000e-02 5.705566406250000000e-01
9.240722656250000000e-01 -1.333007812500000000e-01 5.297851562500000000e-01
8.654785156250000000e-01 -4.760742187500000000e-02 3.666992187500000000e-01
9.108886718750000000e-01 -4.736328125000000000e-02 5.251464843750000000e-01
8.613281250000000000e-01 3.076171875000000000e-02 4.799804687500000000e-01
9.655761718750000000e-01 -1.416015625000000000e-01 4.968261718750000000e-01
9.550781250000000000e-01 -6.713867187500000000e-02 4.934082031250000000e-01
9.497070312500000000e-01 9.521484375000000000e-03 4.753417968750000000e-01
9.587402343750000000e-01 4.638671875000000000e-03 4.868164062500000000e-01
9.672851562500000000e-01 1.367187500000000000e-02 4.814453125000000000e-01
9.599609375000000000e-01 -6.665039062500000000e-02 5.283203125000000000e-01
9.636230468750000000e-01 -7.446289062500000000e-02 5.307617187500000000e-01
9.096679687500000000e-01 -6.933593750000000000e-02 5.122070312500000000e-01
9.611816406250000000e-01 -7.617187500000000000e-02 4.355468750000000000e-01
9.084472656250000000e-01 -7.641601562500000000e-02 5.019531250000000000e-01
9.111328125000000000e-01 -7.446289062500000000e-02 4.367675781250000000e-01
9.108886718750000000e-01 -6.933593750000000000e-02 5.039062500000000000e-01
9.123535156250000000e-01 -6.567382812500000000e-02 5.029296875000000000e-01
9.682617187500000000e-01 -6.835937500000000000e-02 5.043945312500000000e-01
9.116210937500000000e-01 -6.933593750000000000e-02 4.282226562500000000e-01
9.125976562500000000e-01 -6.909179687500000000e-02 4.348144531250000000e-01
9.162597656250000000e-01 -7.421875000000000000e-02 4.326171875000000000e-01
9.111328125000000000e-01 -6.909179687500000000e-02 4.211425781250000000e-01
9.108886718750000000e-01 -7.055664062500000000e-02 4.282226562500000000e-01
9.084472656250000000e-01 -6.787109375000000000e-02 5.051269531250000000e-01
9.069824218750000000e-01 -6.811523437500000000e-02 5.068359375000000000e-01
9.677734375000000000e-01 -6.567382812500000000e-02 5.124511718750000000e-01
9.108886718750000000e-01 -6.738281250000000000e-02 5.119628906250000000e-01
9.072265625000000000e-01 -6.787109375000000000e-02 4.367675781250000000e-01
9.680175781250000000e-01 -6.958007812500000000e-02 5.173339843750000000e-01
9.663085937500000000e-01 -6.542968750000000000e-02 5.141601562500000000e-01
9.069824218750000000e-01 -6.933593750000000000e-02 5.097656250000000000e-01
9.584960937500000000e-01 -7.104492187500000000e-02 5.224609375000000000e-01
9.677734375000000000e-01 -6.835937500000000000e-02 5.236816406250000000e-01
9.611816406250000000e-01 -6.640625000000000000e-02 4.707031250000000000e-01
9.558105468750000000e-01 -6.616210937500000000e-02 5.261230468750000000e-01
9.599609375000000000e-01 -7.324218750000000000e-02 4.746093750000000000e-01
9.587402343750000000e-01 -6.835937500000000000e-02 4.755859375000000000e-01
9.519042968750000000e-01 -6.542968750000000000e-02 5.280761718750000000e-01
9.606933593750000000e-01 -6.469726562500000000e-02 4.814453125000000000e-01
9.577636718750000000e-01 -6.640625000000000000e-02 4.785156250000000000e-01
9.506835937500000000e-01 -6.469726562500000000e-02 4.804687500000000000e-01
9.523925781250000000e-01 1.220703125000000000e-03 4.833984375000000000e-01
9.528808593750000000e-01 -6.274414062500000000e-02 4.877929687500000000e-01
9.475097656250000000e-01 -6.689453125000000000e-02 4.841308593750000000e-01
9.516601562500000000e-01 -6.298828125000000000e-02 4.865722656250000000e-01
9.538574218750000000e-01 3.173828125000000000e-03 4.863281250000000000e-01
9.440917968750000000e-01 9.765625000000000000e-04 4.914550781250000000e-01
9.562988281250000000e-01 -6.982421875000000000e-02 4.960937500000000000e-01
9.445800781250000000e-01 -7.177734375000000000e-02 4.858398437500000000e-01
9.577636718750000000e-01 -6.958007812500000000e-02 4.738769531250000000e-01
8.620605468750000000e-01 -7.055664062500000000e-02 4.829101562500000000e-01
9.648437500000000000e-01 -6.542968750000000000e-02 5.678710937500000000e-01
8.630371093750000000e-01 5.371093750000000000e-03 5.021972656250000000e-01
9.555664062500000000e-01 -6.909179687500000000e-02 5.270996093750000000e-01
9.477539062500000000e-01 -7.836914062500000000e-02 5.197753906250000000e-01
9.460449218750000000e-01 -6.665039062500000000e-02 4.267578125000000000e-01
9.284667968750000000e-01 0.000000000000000000e+00 4.160156250000000000e-01
1.006835937500000000e+00 4.882812500000000000e-03 4.614257812500000000e-01
9.204101562500000000e-01 1.464843750000000000e-03 3.666992187500000000e-01
1.000244140625000000e+00 -1.806640625000000000e-02 3.022460937500000000e-01
1.015136718750000000e+00 -8.447265625000000000e-02 2.370605468750000000e-01
1.030761718750000000e+00 -1.291503906250000000e-01 2.385253906250000000e-01
1.013427734375000000e+00 -6.542968750000000000e-02 2.507324218750000000e-01
1.008056640625000000e+00 -8.959960937500000000e-02 1.516113281250000000e-01
9.775390625000000000e-01 1.904296875000000000e-02 -2.441406250000000000e-03
9.160156250000000000e-01 2.294921875000000000e-02 2.026367187500000000e-02
9.272460937500000000e-01 -7.861328125000000000e-02 -1.152343750000000000e-01
9.130859375000000000e-01 -5.371093750000000000e-02 -3.007812500000000000e-01
1.118408203125000000e+00 -1.547851562500000000e-01 -3.840332031250000000e-01
1.001953125000000000e+00 -2.036132812500000000e-01 -6.591796875000000000e-01
1.298095703125000000e+00 -2.329101562500000000e-01 -7.370605468750000000e-01
9.448242187500000000e-01 -2.612304687500000000e-01 -9.531250000000000000e-01
9.028320312500000000e-01 -2.780761718750000000e-01 -8.474121093750000000e-01
7.985839843750000000e-01 -2.119140625000000000e-01 -9.602050781250000000e-01
6.745605468750000000e-01 -2.614746093750000000e-01 -7.304687500000000000e-01
8.349609375000000000e-01 -2.131347656250000000e-01 -6.682128906250000000e-01
7.834472656250000000e-01 -1.796875000000000000e-01 -5.415039062500000000e-01
8.054199218750000000e-01 -1.975097656250000000e-01 -4.340820312500000000e-01
6.904296875000000000e-01 -1.203613281250000000e-01 -2.202148437500000000e-01
6.801757812500000000e-01 -1.291503906250000000e-01 -1.828613281250000000e-01
7.175292968750000000e-01 -8.935546875000000000e-02 -2.773437500000000000e-01
6.911621093750000000e-01 -2.084960937500000000e-01 -2.958984375000000000e-01
7.189941406250000000e-01 -2.084960937500000000e-01 -2.299804687500000000e-01
6.035156250000000000e-01 -6.445312500000000000e-02 -2.253417968750000000e-01
8.950195312500000000e-01 2.539062500000000000e-02 -1.469726562500000000e-01
9.047851562500000000e-01 1.188964843750000000e-01 -2.775878906250000000e-01
8.933105468750000000e-01 -6.787109375000000000e-02 -2.658691406250000000e-01
8.808593750000000000e-01 -1.994628906250000000e-01 -1.997070312500000000e-01
1.072021484375000000e+00 -1.633300781250000000e-01 -1.213378906250000000e-01
8.728027343750000000e-01 -3.930664062500000000e-02 -9.912109375000000000e-02
1.012695312500000000e+00 1.997070312500000000e-01 -2.585449218750000000e-01
1.275878906250000000e+00 -4.492187500000000000e-02 -3.215332031250000000e-01
1.197021484375000000e+00 -3.603515625000000000e-01 -3.811035156250000000e-01
1.022705078125000000e+00 -2.126464843750000000e-01 -3.547363281250000000e-01
7.897949218750000000e-01 -2.216796875000000000e-01 -2.634277343750000000e-01
7.331542968750000000e-01 -2.075195312500000000e-01 -2.766113281250000000e-01
8.505859375000000000e-01 -3.364257812500000000e-01 -1.699218750000000000e-01
1.014160156250000000e+00 -3.684082031250000000e-01 -2.507324218750000000e-01
1.021972656250000000e+00 -3.330078125000000000e-01 -2.102050781250000000e-01
9.177246093750000000e-01 -2.004394531250000000e-01 -1.757812500000000000e-01
9.165039062500000000e-01 -2.680664062500000000e-01 -1.616210937500000000e-01
8.715820312500000000e-01 -2.670898437500000000e-01 -1.943359375000000000e-01
9.582519531250000000e-01 -1.909179687500000000e-01 -1.545410156250000000e-01
9.255371093750000000e-01 -1.398925781250000000e-01 -1.210937500000000000e-01
8.527832031250000000e-01 -1.335449218750000000e-01 -2.290039062500000000e-01
