9.721679687500000000e-01 -2.319335937500000000e-02 -9.375000000000000000e-02
9.721679687500000000e-01 -2.319335937500000000e-02 -9.375000000000000000e-02
9.719238281250000000e-01 -2.612304687500000000e-02 -1.472167968750000000e-01
9.719238281250000000e-01 -2.612304687500000000e-02 -1.472167968750000000e-01
9.738769531250000000e-01 -2.319335937500000000e-02 -1.506347656250000000e-01
9.750976562500000000e-01 -2.416992187500000000e-02 -9.472656250000000000e-02
1.030517578125000000e+00 -1.879882812500000000e-02 -1.530761718750000000e-01
9.699707031250000000e-01 -2.441406250000000000e-02 -1.477050781250000000e-01
9.807128906250000000e-01 -2.441406250000000000e-02 -1.560058593750000000e-01
9.807128906250000000e-01 -2.441406250000000000e-02 -1.560058593750000000e-01
9.758300781250000000e-01 -2.612304687500000000e-02 -1.518554687500000000e-01
9.758300781250000000e-01 -2.612304687500000000e-02 -1.518554687500000000e-01
9.697265625000000000e-01 -1.708984375000000000e-02 -1.547851562500000000e-01
1.028564453125000000e+00 -2.246093750000000000e-02 -1.503906250000000000e-01
1.028320312500000000e+00 -2.905273437500000000e-02 -1.049804687500000000e-01
9.738769531250000000e-01 3.051757812500000000e-02 -1.044921875000000000e-01
1.030761718750000000e+00 -2.294921875000000000e-02 -1.040039062500000000e-01
1.071044921875000000e+00 -2.612304687500000000e-02 -1.015625000000000000e-01
1.000732421875000000e+00 -1.098632812500000000e-02 -9.716796875000000000e-02
9.724121093750000000e-01 -1.928710937500000000e-02 -1.123046875000000000e-01
1.026123046875000000e+00 -2.441406250000000000e-02 -1.921386718750000000e-01
9.792480468750000000e-01 -2.441406250000000000e-02 -1.640625000000000000e-01
9.355468750000000000e-01 1.928710937500000000e-02 -2.009277343750000000e-01
1.001220703125000000e+00 -3.784179687500000000e-02 -1.752929687500000000e-01
9.267578125000000000e-01 -2.180175781250000000e-01 -1.162109375000000000e-01
9.836425781250000000e-01 -1.147460937500000000e-01 -1.284179687500000000e-01
1.097167968750000000e+00 4.882812500000000000e-03 -1.301269531250000000e-01
1.008056640625000000e+00 2.758789062500000000e-02 -5.981445312500000000e-02
9.189453125000000000e-01 -4.614257812500000000e-02 -6.640625000000000000e-02
1.012207031250000000e+00 -1.359863281250000000e-01 -6.787109375000000000e-02
9.702148437500000000e-01 -1.899414062500000000e-01 -1.296386718750000000e-01
9.702148437500000000e-01 -1.899414062500000000e-01 -1.296386718750000000e-01
9.814453125000000000e-01 -1.953125000000000000e-01 -5.517578125000000000e-02
9.904785156250000000e-01 -2.077636718750000000e-01 -8.276367187500000000e-02
9.895019531250000000e-01 -1.699218750000000000e-01 -3.051757812500000000e-02
1.065429687500000000e+00 -1.831054687500000000e-01 -1.806640625000000000e-01
1.411621093750000000e+00 -2.966308593750000000e-01 -3.327636718750000000e-01
9.025878906250000000e-01 -1.469726562500000000e-01 -2.624511718750000000e-01
7.817382812500000000e-01 3.417968750000000000e-02 -2.604980468750000000e-01
9.807128906250000000e-01 -7.958984375000000000e-02 -3.149414062500000000e-01
1.022460937500000000e+00 7.031250000000000000e-02 -3.215332031250000000e-01
9.047851562500000000e-01 -3.002929687500000000e-02 -2.792968750000000000e-01
9.492187500000000000e-01 -2.587890625000000000e-02 -2.155761718750000000e-01
1.024414062500000000e+00 1.350097656250000000e-01 -2.182617187500000000e-01
1.014892578125000000e+00 1.369628906250000000e-01 -1.979980468750000000e-01
8.737792968750000000e-01 1.496582031250000000e-01 -1.391601562500000000e-01
8.994140625000000000e-01 1.982421875000000000e-01 -8.081054687500000000e-02
1.028320312500000000e+00 1.198730468750000000e-01 -3.027343750000000000e-02
1.106689453125000000e+00 1.384277343750000000e-01 -6.420898437500000000e-02
1.106689453125000000e+00 1.384277343750000000e-01 -6.420898437500000000e-02
1.261962890625000000e+00 2.053222656250000000e-01 1.621093750000000000e-01
1.079345703125000000e+00 1.657714843750000000e-01 -3.808593750000000000e-02
1.293701171875000000e+00 1.076660156250000000e-01 -5.329589843750000000e-01
7.854003906250000000e-01 -2.150878906250000000e-01 -2.937011718750000000e-01
1.102539062500000000e+00 1.098632812500000000e-01 -1.633300781250000000e-01
9.418945312500000000e-01 6.982421875000000000e-02 -1.047363281250000000e-01
6.809082031250000000e-01 -4.003906250000000000e-02 -1.472167968750000000e-01
9.838867187500000000e-01 -1.953125000000000000e-01 -1.403808593750000000e-01
8.159179687500000000e-01 -1.245117187500000000e-01 -8.691406250000000000e-02
7.365722656250000000e-01 -6.250000000000000000e-02 1.245117187500000000e-02
9.626464843750000000e-01 1.855468750000000000e-02 3.271484375000000000e-02
1.134033203125000000e+00 -1.513671875000000000e-01 8.105468750000000000e-02
1.244873046875000000e+00 -1.909179687500000000e-01 2.880859375000000000e-02
1.200439453125000000e+00 -2.844238281250000000e-01 7.617187500000000000e-02
1.260253906250000000e+00 -3.479003906250000000e-01 -5.737304687500000000e-01
1.137695312500000000e+00 -1.030273437500000000e-01 -5.085449218750000000e-01
8.422851562500000000e-01 3.320312500000000000e-02 -1.076660156250000000e-01
8.630371093750000000e-01 -5.175781250000000000e-02 -1.660156250000000000e-01
8.037109375000000000e-01 -1.015625000000000000e-01 -2.060546875000000000e-01
1.018066406250000000e+00 6.274414062500000000e-02 -7.714843750000000000e-02
8.200683593750000000e-01 1.198730468750000000e-01 -7.128906250000000000e-02
8.405761718750000000e-01 6.079101562500000000e-02 -7.592773437500000000e-02
9.077148437500000000e-01 1.335449218750000000e-01 3.613281250000000000e-02
9.794921875000000000e-01 7.763671875000000000e-02 5.541992187500000000e-02
1.133789062500000000e+00 -1.513671875000000000e-02 -1.101074218750000000e-01
1.317871093750000000e+00 1.730957031250000000e-01 1.513671875000000000e-01
1.228027343750000000e+00 1.586914062500000000e-01 -2.021484375000000000e-01
9.848632812500000000e-01 2.014160156250000000e-01 -5.224609375000000000e-01
9.707031250000000000e-01 -1.096191406250000000e-01 -1.806640625000000000e-01
1.053466796875000000e+00 1.562500000000000000e-02 -1.589355468750000000e-01
8.920898437500000000e-01 -9.155273437500000000e-02 -1.748046875000000000e-01
7.009277343750000000e-01 1.513671875000000000e-02 -1.345214843750000000e-01
8.559570312500000000e-01 -5.615234375000000000e-02 -5.908203125000000000e-02
6.623535156250000000e-01 -1.105957031250000000e-01 -8.813476562500000000e-02
8.535156250000000000e-01 -1.572265625000000000e-01 -4.150390625000000000e-03
1.149169921875000000e+00 -1.259765625000000000e-01 7.226562500000000000e-02
1.256835937500000000e+00 -7.617187500000000000e-02 -7.568359375000000000e-03
1.104492187500000000e+00 -1.181640625000000000e-01 -2.614746093750000000e-01
1.104492187500000000e+00 -1.181640625000000000e-01 -2.614746093750000000e-01
1.044921875000000000e+00 6.347656250000000000e-02 -2.800292968750000000e-01
1.044921875000000000e+00 6.347656250000000000e-02 -2.800292968750000000e-01
8.491210937500000000e-01 6.860351562500000000e-02 -1.982421875000000000e-01
8.845214843750000000e-01 -1.799316406250000000e-01 -2.092285156250000000e-01
8.740234375000000000e-01 1.364746093750000000e-01 -1.425781250000000000e-01
9.680175781250000000e-01 1.630859375000000000e-01 -8.227539062500000000e-02
7.534179687500000000e-01 1.306152343750000000e-01 -7.373046875000000000e-02
9.040527343750000000e-01 6.079101562500000000e-02 1.354980468750000000e-01
1.085205078125000000e+00 1.083984375000000000e-01 6.713867187500000000e-02
1.142089843750000000e+00 -2.150878906250000000e-01 -1.384277343750000000e-01
1.271240234375000000e+00 2.014160156250000000e-01 2.507324218750000000e-01
1.182128906250000000e+00 4.809570312500000000e-02 -2.004394531250000000e-01
1.262207031250000000e+00 2.514648437500000000e-01 -5.600585937500000000e-01
1.083984375000000000e+00 -6.250000000000000000e-02 -1.826171875000000000e-01
1.118164062500000000e+00 1.757812500000000000e-02 -1.711425781250000000e-01
8.977050781250000000e-01 -2.612304687500000000e-02 -1.218261718750000000e-01
5.986328125000000000e-01 1.220703125000000000e-03 -9.277343750000000000e-02
8.952636718750000000e-01 -9.545898437500000000e-02 -9.033203125000000000e-02
7.512207031250000000e-01 -2.094726562500000000e-01 -9.082031250000000000e-02
8.701171875000000000e-01 -2.138671875000000000e-01 7.275390625000000000e-02
1.056640625000000000e+00 -1.408691406250000000e-01 -2.319335937500000000e-02
1.336181640625000000e+00 -1.445312500000000000e-01 2.636718750000000000e-02
1.327636718750000000e+00 -2.451171875000000000e-01 1.755371093750000000e-01
1.144775390625000000e+00 -1.494140625000000000e-01 -1.113281250000000000e-01
1.313476562500000000e+00 -2.507324218750000000e-01 -5.786132812500000000e-01
9.807128906250000000e-01 3.198242187500000000e-02 -2.731933593750000000e-01
1.021972656250000000e+00 -2.709960937500000000e-02 -2.011718750000000000e-01
8.522949218750000000e-01 -1.154785156250000000e-01 -1.567382812500000000e-01
7.966308593750000000e-01 -6.713867187500000000e-02 -1.379394531250000000e-01
9.641113281250000000e-01 1.625976562500000000e-01 -5.029296875000000000e-02
8.269042968750000000e-01 1.540527343750000000e-01 2.075195312500000000e-02
8.544921875000000000e-01 4.882812500000000000e-02 4.931640625000000000e-02
1.059570312500000000e+00 -3.173828125000000000e-03 7.397460937500000000e-02
1.141845703125000000e+00 -7.617187500000000000e-02 -4.272460937500000000e-02
1.157714843750000000e+00 2.189941406250000000e-01 2.050781250000000000e-01
1.278076171875000000e+00 -9.765625000000000000e-03 -1.716308593750000000e-01
1.125488281250000000e+00 1.672363281250000000e-01 -5.185546875000000000e-01
1.165527343750000000e+00 -3.222656250000000000e-02 -2.121582031250000000e-01
1.165527343750000000e+00 -3.222656250000000000e-02 -2.121582031250000000e-01
7.502441406250000000e-01 7.080078125000000000e-03 -9.033203125000000000e-02
7.502441406250000000e-01 7.080078125000000000e-03 -9.033203125000000000e-02
9.521484375000000000e-01 -1.398925781250000000e-01 -5.810546875000000000e-02
7.458496093750000000e-01 -1.540527343750000000e-01 -9.204101562500000000e-02
8.281250000000000000e-01 -1.335449218750000000e-01 3.662109375000000000e-03
1.021240234375000000e+00 -1.345214843750000000e-01 -4.150390625000000000e-03
1.177734375000000000e+00 5.126953125000000000e-03 8.691406250000000000e-02
1.171142578125000000e+00 -5.810546875000000000e-02 7.031250000000000000e-02
1.197265625000000000e+00 -2.468261718750000000e-01 -7.690429687500000000e-02
1.582275390625000000e+00 -3.684082031250000000e-01 -6.281738281250000000e-01
8.349609375000000000e-01 -2.031250000000000000e-01 -4.011230468750000000e-01
9.638671875000000000e-01 6.689453125000000000e-02 -1.896972656250000000e-01
8.205566406250000000e-01 -1.420898437500000000e-01 -2.578125000000000000e-01
8.869628906250000000e-01 -1.293945312500000000e-02 -1.789550781250000000e-01
1.037597656250000000e+00 6.591796875000000000e-03 -1.225585937500000000e-01
8.344726562500000000e-01 5.249023437500000000e-02 -1.064453125000000000e-01
9.465332031250000000e-01 -6.103515625000000000e-03 -1.420898437500000000e-01
8.737792968750000000e-01 6.787109375000000000e-02 -6.372070312500000000e-02
1.074218750000000000e+00 1.420898437500000000e-01 2.832031250000000000e-02
9.992675781250000000e-01 7.006835937500000000e-02 -6.542968750000000000e-02
1.151367187500000000e+00 1.333007812500000000e-01 3.686523437500000000e-02
9.987792968750000000e-01 -5.371093750000000000e-03 -1.484375000000000000e-01
1.228027343750000000e+00 -9.765625000000000000e-04 -5.148925781250000000e-01
8.957519531250000000e-01 -2.167968750000000000e-01 -4.270019531250000000e-01
1.186035156250000000e+00 -1.235351562500000000e-01 -2.402343750000000000e-01
9.353027343750000000e-01 1.562500000000000000e-02 -1.904296875000000000e-01
7.414550781250000000e-01 -1.977539062500000000e-01 -1.379394531250000000e-01
8.720703125000000000e-01 -1.057128906250000000e-01 -1.420898437500000000e-01
8.540039062500000000e-01 -1.276855468750000000e-01 -5.517578125000000000e-02
9.055175781250000000e-01 -1.906738281250000000e-01 -8.203125000000000000e-02
9.414062500000000000e-01 -4.467773437500000000e-02 1.025390625000000000e-02
9.333496093750000000e-01 -5.273437500000000000e-02 2.880859375000000000e-02
1.132568359375000000e+00 -2.565917968750000000e-01 2.124023437500000000e-02
1.122070312500000000e+00 -3.342285156250000000e-01 1.782226562500000000e-02
1.104736328125000000e+00 -2.854003906250000000e-01 9.155273437500000000e-02
1.237548828125000000e+00 -2.319335937500000000e-01 -3.242187500000000000e-01
9.709472656250000000e-01 -2.385253906250000000e-01 -3.015136718750000000e-01
8.759765625000000000e-01 4.492187500000000000e-02 -2.854003906250000000e-01
9.191894531250000000e-01 -5.786132812500000000e-02 -1.821289062500000000e-01
9.494628906250000000e-01 -2.783203125000000000e-02 -1.855468750000000000e-01
9.494628906250000000e-01 -2.783203125000000000e-02 -1.855468750000000000e-01
9.519042968750000000e-01 5.883789062500000000e-02 -1.589355468750000000e-01
9.667968750000000000e-01 8.300781250000000000e-02 -2.524414062500000000e-01
9.567871093750000000e-01 1.552734375000000000e-01 -9.936523437500000000e-02
8.649902343750000000e-01 2.502441406250000000e-01 -7.543945312500000000e-02
9.309082031250000000e-01 1.042480468750000000e-01 -2.685546875000000000e-03
1.066650390625000000e+00 -6.591796875000000000e-02 2.709960937500000000e-02
1.061767578125000000e+00 -5.224609375000000000e-02 -1.887207031250000000e-01
1.175781250000000000e+00 6.225585937500000000e-02 1.669921875000000000e-01
8.532714843750000000e-01 4.272460937500000000e-02 -5.102539062500000000e-02
1.309570312500000000e+00 2.180175781250000000e-01 -4.826660156250000000e-01
8.635253906250000000e-01 -8.862304687500000000e-02 -4.140625000000000000e-01
1.281738281250000000e+00 2.172851562500000000e-02 -2.507324218750000000e-01
8.618164062500000000e-01 8.471679687500000000e-02 -2.033691406250000000e-01
6.875000000000000000e-01 1.293945312500000000e-02 -5.639648437500000000e-02
9.572753906250000000e-01 -1.289062500000000000e-01 -5.566406250000000000e-02
7.463378906250000000e-01 -1.298828125000000000e-01 -1.423339843750000000e-01
8.095703125000000000e-01 -1.174316406250000000e-01 -7.397460937500000000e-02
9.548339843750000000e-01 -5.102539062500000000e-02 3.076171875000000000e-02
1.048339843750000000e+00 -1.230468750000000000e-01 8.764648437500000000e-02
1.105957031250000000e+00 -1.701660156250000000e-01 -1.269531250000000000e-02
1.223876953125000000e+00 -2.070312500000000000e-01 5.224609375000000000e-02
1.207519531250000000e+00 -2.072753906250000000e-01 -1.101074218750000000e-01
1.294189453125000000e+00 -3.864746093750000000e-01 -5.170898437500000000e-01
8.569335937500000000e-01 1.450195312500000000e-01 -3.923339843750000000e-01
1.030761718750000000e+00 1.782226562500000000e-02 -1.044921875000000000e-01
9.624023437500000000e-01 -4.736328125000000000e-02 -1.994628906250000000e-01
8.479003906250000000e-01 -7.299804687500000000e-02 -1.879882812500000000e-01
1.011230468750000000e+00 9.033203125000000000e-02 -3.979492187500000000e-02
7.424316406250000000e-01 1.477050781250000000e-01 -6.323242187500000000e-02
8.540039062500000000e-01 1.291503906250000000e-01 1.855468750000000000e-02
9.653320312500000000e-01 1.394042968750000000e-01 5.468750000000000000e-02
