9.777832031250000000e-01 -1.806640625000000000e-02 -1.376953125000000000e-01
9.777832031250000000e-01 -1.806640625000000000e-02 -1.376953125000000000e-01
9.777832031250000000e-01 -1.806640625000000000e-02 -1.376953125000000000e-01
9.760742187500000000e-01 -2.001953125000000000e-02 -1.311035156250000000e-01
9.780273437500000000e-01 -2.319335937500000000e-02 -1.301269531250000000e-01
9.782714843750000000e-01 -1.733398437500000000e-02 -1.308593750000000000e-01
9.782714843750000000e-01 -1.733398437500000000e-02 -1.308593750000000000e-01
9.812011718750000000e-01 -2.197265625000000000e-02 -1.391601562500000000e-01
1.027587890625000000e+00 -1.367187500000000000e-02 -1.333007812500000000e-01
9.755859375000000000e-01 -1.489257812500000000e-02 -1.354980468750000000e-01
9.753417968750000000e-01 -1.660156250000000000e-02 -1.435546875000000000e-01
9.716796875000000000e-01 -1.660156250000000000e-02 -1.291503906250000000e-01
9.770507812500000000e-01 -1.586914062500000000e-02 -1.433105468750000000e-01
1.031250000000000000e+00 -1.220703125000000000e-02 -1.386718750000000000e-01
9.772949218750000000e-01 -2.075195312500000000e-02 -1.450195312500000000e-01
9.743652343750000000e-01 -1.171875000000000000e-02 -1.398925781250000000e-01
9.809570312500000000e-01 -1.489257812500000000e-02 -1.408691406250000000e-01
9.709472656250000000e-01 -1.611328125000000000e-02 -1.401367187500000000e-01
9.782714843750000000e-01 -1.879882812500000000e-02 -1.457519531250000000e-01
9.699707031250000000e-01 -1.831054687500000000e-02 -1.286621093750000000e-01
9.689941406250000000e-01 -1.782226562500000000e-02 -1.335449218750000000e-01
9.716796875000000000e-01 -1.513671875000000000e-02 -1.347656250000000000e-01
9.836425781250000000e-01 -1.196289062500000000e-02 -1.403808593750000000e-01
9.782714843750000000e-01 -2.197265625000000000e-02 -1.418457031250000000e-01
1.029052734375000000e+00 -1.562500000000000000e-02 -1.398925781250000000e-01
1.028564453125000000e+00 -1.977539062500000000e-02 -1.352539062500000000e-01
9.724121093750000000e-01 -1.757812500000000000e-02 -1.398925781250000000e-01
9.782714843750000000e-01 -1.318359375000000000e-02 -1.357421875000000000e-01
9.758300781250000000e-01 -1.928710937500000000e-02 -1.401367187500000000e-01
9.792480468750000000e-01 -2.661132812500000000e-02 -1.469726562500000000e-01
1.031250000000000000e+00 -1.977539062500000000e-02 -1.381835937500000000e-01
9.748535156250000000e-01 -1.855468750000000000e-02 -1.469726562500000000e-01
9.697265625000000000e-01 -2.514648437500000000e-02 -1.455078125000000000e-01
9.729003906250000000e-01 -1.562500000000000000e-02 -1.452636718750000000e-01
9.746093750000000000e-01 -1.489257812500000000e-02 -1.416015625000000000e-01
9.697265625000000000e-01 -1.464843750000000000e-02 -1.455078125000000000e-01
9.785156250000000000e-01 -1.782226562500000000e-02 -1.435546875000000000e-01
9.748535156250000000e-01 -1.611328125000000000e-02 -1.450195312500000000e-01
9.711914062500000000e-01 -2.270507812500000000e-02 -1.381835937500000000e-01
1.024658203125000000e+00 -1.928710937500000000e-02 -1.477050781250000000e-01
9.736328125000000000e-01 -2.172851562500000000e-02 -1.542968750000000000e-01
9.748535156250000000e-01 -2.148437500000000000e-02 -1.472167968750000000e-01
1.030029296875000000e+00 -1.855468750000000000e-02 -1.447753906250000000e-01
1.029052734375000000e+00 -2.856445312500000000e-02 -1.523437500000000000e-01
1.029052734375000000e+00 -2.856445312500000000e-02 -1.523437500000000000e-01
9.729003906250000000e-01 2.685546875000000000e-02 -1.499023437500000000e-01
9.729003906250000000e-01 2.685546875000000000e-02 -1.499023437500000000e-01
9.785156250000000000e-01 -1.879882812500000000e-02 -1.535644531250000000e-01
9.702148437500000000e-01 -2.099609375000000000e-02 -1.540527343750000000e-01
9.726562500000000000e-01 -2.978515625000000000e-02 -1.088867187500000000e-01
1.022705078125000000e+00 -2.465820312500000000e-02 -1.447753906250000000e-01
9.697265625000000000e-01 -1.098632812500000000e-02 -1.452636718750000000e-01
9.689941406250000000e-01 6.445312500000000000e-02 -1.389160156250000000e-01
9.782714843750000000e-01 -1.220703125000000000e-03 -1.384277343750000000e-01
9.831542968750000000e-01 6.542968750000000000e-02 -1.530761718750000000e-01
1.029785156250000000e+00 -1.049804687500000000e-02 -9.497070312500000000e-02
9.716796875000000000e-01 -9.765625000000000000e-03 -9.716796875000000000e-02
9.726562500000000000e-01 -1.928710937500000000e-02 -1.025390625000000000e-01
1.027099609375000000e+00 -1.953125000000000000e-02 -1.052246093750000000e-01
9.709472656250000000e-01 -2.246093750000000000e-02 -1.083984375000000000e-01
1.029785156250000000e+00 3.076171875000000000e-02 -1.130371093750000000e-01
1.031005859375000000e+00 -1.245117187500000000e-02 -1.044921875000000000e-01
1.029296875000000000e+00 -1.171875000000000000e-02 -1.000976562500000000e-01
9.743652343750000000e-01 -1.831054687500000000e-02 -1.093750000000000000e-01
9.702148437500000000e-01 -1.708984375000000000e-02 -1.047363281250000000e-01
9.733886718750000000e-01 -2.343750000000000000e-02 -1.040039062500000000e-01
9.689941406250000000e-01 -1.684570312500000000e-02 -1.035156250000000000e-01
1.028076171875000000e+00 -1.538085937500000000e-02 -1.030273437500000000e-01
1.026611328125000000e+00 -1.196289062500000000e-02 -1.098632812500000000e-01
9.694824218750000000e-01 -1.513671875000000000e-02 -1.064453125000000000e-01
1.026611328125000000e+00 -1.953125000000000000e-02 -1.047363281250000000e-01
9.692382812500000000e-01 -1.733398437500000000e-02 -9.863281250000000000e-02
9.707031250000000000e-01 -1.220703125000000000e-02 -1.120605468750000000e-01
1.026367187500000000e+00 -2.026367187500000000e-02 -1.066894531250000000e-01
1.029052734375000000e+00 -1.831054687500000000e-02 -1.098632812500000000e-01
1.030761718750000000e+00 -2.075195312500000000e-02 -1.098632812500000000e-01
1.031005859375000000e+00 -1.733398437500000000e-02 -1.030273437500000000e-01
1.029296875000000000e+00 -2.465820312500000000e-02 -1.552734375000000000e-01
9.702148437500000000e-01 -1.635742187500000000e-02 -1.013183593750000000e-01
1.023437500000000000e+00 -2.124023437500000000e-02 -1.064453125000000000e-01
1.025878906250000000e+00 -1.757812500000000000e-02 -1.027832031250000000e-01
1.028076171875000000e+00 -1.904296875000000000e-02 -1.110839843750000000e-01
9.697265625000000000e-01 -2.026367187500000000e-02 -1.025390625000000000e-01
1.030761718750000000e+00 -1.757812500000000000e-02 -1.003417968750000000e-01
1.030273437500000000e+00 -1.513671875000000000e-02 -1.105957031250000000e-01
1.027587890625000000e+00 -1.562500000000000000e-02 -1.052246093750000000e-01
9.716796875000000000e-01 -1.611328125000000000e-02 -1.054687500000000000e-01
9.711914062500000000e-01 -1.391601562500000000e-02 -1.154785156250000000e-01
1.025390625000000000e+00 -2.124023437500000000e-02 -1.044921875000000000e-01
9.724121093750000000e-01 -1.733398437500000000e-02 -1.093750000000000000e-01
1.027099609375000000e+00 -2.026367187500000000e-02 -1.025390625000000000e-01
9.694824218750000000e-01 -1.757812500000000000e-02 -1.013183593750000000e-01
1.029785156250000000e+00 -1.635742187500000000e-02 -1.037597656250000000e-01
9.707031250000000000e-01 -2.026367187500000000e-02 -1.120605468750000000e-01
1.029541015625000000e+00 -1.904296875000000000e-02 -1.105957031250000000e-01
9.716796875000000000e-01 -1.635742187500000000e-02 -1.059570312500000000e-01
9.694824218750000000e-01 -2.026367187500000000e-02 -1.049804687500000000e-01
1.031005859375000000e+00 -1.586914062500000000e-02 -1.096191406250000000e-01
1.026367187500000000e+00 -1.733398437500000000e-02 -1.030273437500000000e-01
1.027587890625000000e+00 -1.806640625000000000e-02 -1.125488281250000000e-01
1.030761718750000000e+00 -1.904296875000000000e-02 -1.118164062500000000e-01
1.024658203125000000e+00 -1.562500000000000000e-02 -1.140136718750000000e-01
1.027099609375000000e+00 -1.782226562500000000e-02 -1.208496093750000000e-01
9.729003906250000000e-01 -1.904296875000000000e-02 -1.191406250000000000e-01
1.028076171875000000e+00 -2.172851562500000000e-02 -1.149902343750000000e-01
1.027832031250000000e+00 -2.099609375000000000e-02 -1.157226562500000000e-01
1.030517578125000000e+00 -2.050781250000000000e-02 -1.196289062500000000e-01
1.027587890625000000e+00 -2.050781250000000000e-02 -1.171875000000000000e-01
1.030517578125000000e+00 -2.148437500000000000e-02 -1.171875000000000000e-01
1.025634765625000000e+00 -2.172851562500000000e-02 -1.135253906250000000e-01
1.027587890625000000e+00 -2.050781250000000000e-02 -1.127929687500000000e-01
1.021484375000000000e+00 -2.124023437500000000e-02 -1.184082031250000000e-01
1.031005859375000000e+00 -1.757812500000000000e-02 -1.171875000000000000e-01
1.025634765625000000e+00 -1.757812500000000000e-02 -1.074218750000000000e-01
9.704589843750000000e-01 -1.831054687500000000e-02 -1.125488281250000000e-01
1.026611328125000000e+00 -1.831054687500000000e-02 -1.164550781250000000e-01
1.026611328125000000e+00 -2.050781250000000000e-02 -1.135253906250000000e-01
1.028564453125000000e+00 -2.197265625000000000e-02 -1.127929687500000000e-01
1.025634765625000000e+00 -1.904296875000000000e-02 -1.228027343750000000e-01
1.027099609375000000e+00 -1.928710937500000000e-02 -1.132812500000000000e-01
1.028564453125000000e+00 -7.080078125000000000e-03 -1.076660156250000000e-01
1.029785156250000000e+00 -2.294921875000000000e-02 -1.162109375000000000e-01
1.029785156250000000e+00 -2.294921875000000000e-02 -1.162109375000000000e-01
1.021972656250000000e+00 -2.587890625000000000e-02 -1.962890625000000000e-01
1.021972656250000000e+00 -2.587890625000000000e-02 -1.962890625000000000e-01
1.028076171875000000e+00 -1.953125000000000000e-02 -1.936035156250000000e-01
1.024902343750000000e+00 -2.368164062500000000e-02 -1.936035156250000000e-01
1.023193359375000000e+00 -2.172851562500000000e-02 -1.179199218750000000e-01
1.024169921875000000e+00 -2.026367187500000000e-02 -1.115722656250000000e-01
9.716796875000000000e-01 -1.318359375000000000e-02 -1.113281250000000000e-01
1.023925781250000000e+00 -1.953125000000000000e-02 -1.174316406250000000e-01
1.027832031250000000e+00 -2.416992187500000000e-02 -1.176757812500000000e-01
1.029052734375000000e+00 -1.782226562500000000e-02 -1.042480468750000000e-01
1.027587890625000000e+00 -1.708984375000000000e-02 -1.047363281250000000e-01
1.025634765625000000e+00 -2.124023437500000000e-02 -1.086425781250000000e-01
1.029296875000000000e+00 -2.294921875000000000e-02 -1.101074218750000000e-01
9.719238281250000000e-01 -2.050781250000000000e-02 -1.096191406250000000e-01
1.024902343750000000e+00 -2.075195312500000000e-02 -1.125488281250000000e-01
9.692382812500000000e-01 -2.368164062500000000e-02 -1.145019531250000000e-01
1.027587890625000000e+00 -2.172851562500000000e-02 -1.044921875000000000e-01
1.030517578125000000e+00 -2.075195312500000000e-02 -1.115722656250000000e-01
1.028076171875000000e+00 -2.148437500000000000e-02 -1.113281250000000000e-01
9.709472656250000000e-01 -2.270507812500000000e-02 -1.096191406250000000e-01
1.029785156250000000e+00 -2.246093750000000000e-02 -1.044921875000000000e-01
1.028564453125000000e+00 -2.246093750000000000e-02 -1.157226562500000000e-01
1.030761718750000000e+00 -2.441406250000000000e-02 -1.145019531250000000e-01
1.025878906250000000e+00 -2.172851562500000000e-02 -1.115722656250000000e-01
9.692382812500000000e-01 -2.026367187500000000e-02 -1.105957031250000000e-01
1.031005859375000000e+00 -2.148437500000000000e-02 -1.093750000000000000e-01
9.699707031250000000e-01 -2.172851562500000000e-02 -1.132812500000000000e-01
1.030029296875000000e+00 -2.539062500000000000e-02 -1.091308593750000000e-01
1.028564453125000000e+00 -2.539062500000000000e-02 -1.042480468750000000e-01
9.699707031250000000e-01 -1.977539062500000000e-02 -1.025390625000000000e-01
1.024414062500000000e+00 -2.075195312500000000e-02 -1.027832031250000000e-01
9.748535156250000000e-01 -1.538085937500000000e-02 -1.030273437500000000e-01
1.024902343750000000e+00 -2.294921875000000000e-02 -1.083984375000000000e-01
9.689941406250000000e-01 -2.050781250000000000e-02 -1.088867187500000000e-01
1.028564453125000000e+00 -2.368164062500000000e-02 -1.035156250000000000e-01
1.022216796875000000e+00 -1.928710937500000000e-02 -1.096191406250000000e-01
9.729003906250000000e-01 -1.538085937500000000e-02 -1.044921875000000000e-01
9.721679687500000000e-01 -1.855468750000000000e-02 -1.164550781250000000e-01
9.721679687500000000e-01 -1.855468750000000000e-02 -1.164550781250000000e-01
9.694824218750000000e-01 -1.928710937500000000e-02 -1.198730468750000000e-01
9.694824218750000000e-01 -1.928710937500000000e-02 -1.198730468750000000e-01
1.028808593750000000e+00 -2.441406250000000000e-02 -1.142578125000000000e-01
1.028564453125000000e+00 -2.441406250000000000e-02 -1.179199218750000000e-01
1.025146484375000000e+00 -1.855468750000000000e-02 -1.105957031250000000e-01
9.731445312500000000e-01 -1.855468750000000000e-02 -1.127929687500000000e-01
1.027587890625000000e+00 -1.977539062500000000e-02 -1.198730468750000000e-01
1.027343750000000000e+00 -2.783203125000000000e-02 -1.154785156250000000e-01
1.022460937500000000e+00 -2.197265625000000000e-02 -1.188964843750000000e-01
1.025634765625000000e+00 -2.319335937500000000e-02 -1.174316406250000000e-01
9.716796875000000000e-01 -2.368164062500000000e-02 -1.206054687500000000e-01
1.021728515625000000e+00 -2.661132812500000000e-02 -1.125488281250000000e-01
1.021484375000000000e+00 -2.880859375000000000e-02 -1.091308593750000000e-01
1.029785156250000000e+00 2.978515625000000000e-02 -1.057128906250000000e-01
9.787597656250000000e-01 -2.587890625000000000e-02 -1.103515625000000000e-01
1.023925781250000000e+00 -2.368164062500000000e-02 -1.091308593750000000e-01
9.812011718750000000e-01 -8.056640625000000000e-03 -1.123046875000000000e-01
1.023437500000000000e+00 -1.269531250000000000e-02 -1.904296875000000000e-01
1.019531250000000000e+00 -1.757812500000000000e-02 -1.923828125000000000e-01
1.030517578125000000e+00 6.665039062500000000e-02 -1.157226562500000000e-01
1.021240234375000000e+00 -8.056640625000000000e-03 -1.916503906250000000e-01
1.016357421875000000e+00 -2.221679687500000000e-02 -1.972656250000000000e-01
1.028076171875000000e+00 -7.324218750000000000e-04 -1.201171875000000000e-01
1.004882812500000000e+00 -2.001953125000000000e-02 -1.911621093750000000e-01
9.770507812500000000e-01 2.197265625000000000e-02 -1.162109375000000000e-01
9.770507812500000000e-01 2.197265625000000000e-02 -1.162109375000000000e-01
1.025146484375000000e+00 -1.586914062500000000e-02 -1.110839843750000000e-01
1.004150390625000000e+00 6.542968750000000000e-02 -1.223144531250000000e-01
9.772949218750000000e-01 -9.765625000000000000e-04 -1.909179687500000000e-01
1.016357421875000000e+00 4.003906250000000000e-02 -2.004394531250000000e-01
1.009765625000000000e+00 -8.032226562500000000e-02 -1.916503906250000000e-01
1.020996093750000000e+00 7.324218750000000000e-03 -1.936035156250000000e-01
9.873046875000000000e-01 2.197265625000000000e-03 -1.887207031250000000e-01
9.179687500000000000e-01 7.250976562500000000e-02 -1.230468750000000000e-01
9.824218750000000000e-01 1.879882812500000000e-02 -1.914062500000000000e-01
1.009033203125000000e+00 -9.521484375000000000e-03 -2.009277343750000000e-01
9.863281250000000000e-01 -1.318359375000000000e-02 -1.972656250000000000e-01
9.755859375000000000e-01 2.880859375000000000e-02 -1.198730468750000000e-01
