9.267578125000000000e-01 -1.516113281250000000e-01 4.377441406250000000e-01
9.267578125000000000e-01 -1.516113281250000000e-01 4.377441406250000000e-01
9.289550781250000000e-01 -1.386718750000000000e-01 3.657226562500000000e-01
9.289550781250000000e-01 -1.386718750000000000e-01 3.657226562500000000e-01
9.306640625000000000e-01 -1.357421875000000000e-01 4.448242187500000000e-01
1.003906250000000000e+00 -1.523437500000000000e-01 4.487304687500000000e-01
9.672851562500000000e-01 -9.985351562500000000e-02 4.462890625000000000e-01
9.125976562500000000e-01 -1.323242187500000000e-01 4.377441406250000000e-01
1.009277343750000000e+00 -4.248046875000000000e-02 4.382324218750000000e-01
1.018310546875000000e+00 -4.492187500000000000e-02 3.562011718750000000e-01
1.030273437500000000e+00 -4.785156250000000000e-02 3.513183593750000000e-01
1.016357421875000000e+00 -4.931640625000000000e-02 3.647460937500000000e-01
9.331054687500000000e-01 -5.468750000000000000e-02 3.715820312500000000e-01
9.194335937500000000e-01 -1.418457031250000000e-01 4.589843750000000000e-01
9.270019531250000000e-01 -1.560058593750000000e-01 4.514160156250000000e-01
9.328613281250000000e-01 -1.437988281250000000e-01 4.042968750000000000e-01
9.309082031250000000e-01 -1.291503906250000000e-01 3.996582031250000000e-01
9.304199218750000000e-01 -1.362304687500000000e-01 3.974609375000000000e-01
9.689941406250000000e-01 -1.333007812500000000e-01 3.356933593750000000e-01
9.206542968750000000e-01 -1.403808593750000000e-01 2.902832031250000000e-01
9.318847656250000000e-01 -1.474609375000000000e-01 3.364257812500000000e-01
9.272460937500000000e-01 -1.542968750000000000e-01 2.421875000000000000e-01
9.309082031250000000e-01 -1.472167968750000000e-01 2.446289062500000000e-01
9.868164062500000000e-01 8.544921875000000000e-03 2.470703125000000000e-01
1.156005859375000000e+00 -1.953125000000000000e-02 2.744140625000000000e-01
1.197753906250000000e+00 -6.835937500000000000e-03 2.509765625000000000e-01
9.743652343750000000e-01 -2.880859375000000000e-02 2.373046875000000000e-01
9.643554687500000000e-01 -3.808593750000000000e-02 2.480468750000000000e-01
9.289550781250000000e-01 -1.132812500000000000e-01 2.243652343750000000e-01
9.829101562500000000e-01 -4.785156250000000000e-02 2.675781250000000000e-01
1.080322265625000000e+00 -8.154296875000000000e-02 2.773437500000000000e-01
1.096435546875000000e+00 -7.617187500000000000e-02 2.365722656250000000e-01
1.061035156250000000e+00 -9.008789062500000000e-02 2.438964843750000000e-01
1.008544921875000000e+00 -8.642578125000000000e-02 3.261718750000000000e-01
8.576660156250000000e-01 2.685546875000000000e-03 3.776855468750000000e-01
9.106445312500000000e-01 -5.615234375000000000e-02 3.879394531250000000e-01
9.628906250000000000e-01 -1.381835937500000000e-01 3.044433593750000000e-01
9.541015625000000000e-01 -2.014160156250000000e-01 3.403320312500000000e-01
9.101562500000000000e-01 -2.187500000000000000e-01 3.093261718750000000e-01
9.963378906250000000e-01 -1.882324218750000000e-01 2.976074218750000000e-01
1.092285156250000000e+00 -1.010742187500000000e-01 3.959960937500000000e-01
1.017333984375000000e+00 -9.863281250000000000e-02 4.045410156250000000e-01
9.353027343750000000e-01 -1.386718750000000000e-01 3.032226562500000000e-01
9.204101562500000000e-01 -5.493164062500000000e-02 4.504394531250000000e-01
9.157714843750000000e-01 3.906250000000000000e-03 3.920898437500000000e-01
1.006591796875000000e+00 -4.394531250000000000e-03 4.018554687500000000e-01
9.934082031250000000e-01 -4.882812500000000000e-03 3.837890625000000000e-01
9.887695312500000000e-01 -1.367187500000000000e-02 3.967285156250000000e-01
9.270019531250000000e-01 -1.757812500000000000e-02 4.614257812500000000e-01
1.006591796875000000e+00 -1.953125000000000000e-03 4.133300781250000000e-01
1.071777343750000000e+00 -2.563476562500000000e-02 4.377441406250000000e-01
9.760742187500000000e-01 3.662109375000000000e-03 3.737792968750000000e-01
9.130859375000000000e-01 2.612304687500000000e-02 4.243164062500000000e-01
9.582519531250000000e-01 5.126953125000000000e-03 5.112304687500000000e-01
8.532714843750000000e-01 -5.102539062500000000e-02 5.219726562500000000e-01
8.901367187500000000e-01 -4.223632812500000000e-02 4.294433593750000000e-01
8.146972656250000000e-01 -1.313476562500000000e-01 4.960937500000000000e-01
8.295898437500000000e-01 -4.321289062500000000e-02 5.944824218750000000e-01
9.477539062500000000e-01 -3.857421875000000000e-02 7.075195312500000000e-01
1.074951171875000000e+00 -3.784179687500000000e-02 7.216796875000000000e-01
1.214111328125000000e+00 6.665039062500000000e-02 7.194824218750000000e-01
1.237548828125000000e+00 7.421875000000000000e-02 2.866210937500000000e-01
9.111328125000000000e-01 1.088867187500000000e-01 -2.099609375000000000e-02
5.834960937500000000e-01 -2.670898437500000000e-01 5.639648437500000000e-02
1.158447265625000000e+00 -5.571289062500000000e-01 5.432128906250000000e-01
9.499511718750000000e-01 -2.514648437500000000e-02 6.330566406250000000e-01
8.183593750000000000e-01 -5.273437500000000000e-02 2.526855468750000000e-01
9.765625000000000000e-01 -3.049316406250000000e-01 4.638671875000000000e-01
9.133300781250000000e-01 -2.265625000000000000e-01 5.649414062500000000e-01
8.654785156250000000e-01 -3.693847656250000000e-01 2.392578125000000000e-01
1.170898437500000000e+00 -3.815917968750000000e-01 2.236328125000000000e-01
1.388916015625000000e+00 2.875976562500000000e-01 4.250488281250000000e-01
8.505859375000000000e-01 1.525878906250000000e-01 1.499023437500000000e-01
6.369628906250000000e-01 -1.113281250000000000e-01 2.521972656250000000e-01
7.778320312500000000e-01 -3.259277343750000000e-01 3.171386718750000000e-01
1.239990234375000000e+00 4.321289062500000000e-02 4.055175781250000000e-01
1.165771484375000000e+00 1.491699218750000000e-01 2.321777343750000000e-01
1.021728515625000000e+00 -1.259765625000000000e-01 2.380371093750000000e-01
9.436035156250000000e-01 -1.098632812500000000e-01 3.635253906250000000e-01
9.409179687500000000e-01 4.150390625000000000e-03 3.151855468750000000e-01
9.006347656250000000e-01 -6.445312500000000000e-02 3.605957031250000000e-01
1.042236328125000000e+00 -9.448242187500000000e-02 4.020996093750000000e-01
1.143310546875000000e+00 -2.150878906250000000e-01 2.270507812500000000e-01
1.022705078125000000e+00 -2.722167968750000000e-01 2.844238281250000000e-01
9.418945312500000000e-01 -1.594238281250000000e-01 3.793945312500000000e-01
8.464355468750000000e-01 -1.926269531250000000e-01 3.474121093750000000e-01
9.462890625000000000e-01 -1.708984375000000000e-01 4.440917968750000000e-01
1.313232421875000000e+00 -2.900390625000000000e-01 3.481445312500000000e-01
1.105712890625000000e+00 -2.565917968750000000e-01 2.807617187500000000e-01
1.002929687500000000e+00 -4.589843750000000000e-02 2.976074218750000000e-01
7.819824218750000000e-01 -1.169433593750000000e-01 4.704589843750000000e-01
8.652343750000000000e-01 -2.565917968750000000e-01 4.653320312500000000e-01
9.182128906250000000e-01 -1.916503906250000000e-01 3.911132812500000000e-01
9.287109375000000000e-01 -1.882324218750000000e-01 4.431152343750000000e-01
9.321289062500000000e-01 -2.043457031250000000e-01 3.505859375000000000e-01
9.118652343750000000e-01 -2.050781250000000000e-01 3.444824218750000000e-01
8.513183593750000000e-01 -1.171875000000000000e-01 4.172363281250000000e-01
9.848632812500000000e-01 -1.086425781250000000e-01 4.653320312500000000e-01
1.083007812500000000e+00 -1.689453125000000000e-01 4.572753906250000000e-01
9.006347656250000000e-01 -3.293457031250000000e-01 4.819335937500000000e-01
9.006347656250000000e-01 -3.293457031250000000e-01 4.819335937500000000e-01
9.619140625000000000e-01 -2.375488281250000000e-01 5.258789062500000000e-01
8.586425781250000000e-01 -1.831054687500000000e-01 4.641113281250000000e-01
8.320312500000000000e-01 -1.906738281250000000e-01 3.977050781250000000e-01
1.136962890625000000e+00 -1.484375000000000000e-01 4.570312500000000000e-01
1.019531250000000000e+00 2.246093750000000000e-02 3.498535156250000000e-01
8.364257812500000000e-01 -7.397460937500000000e-02 5.219726562500000000e-01
9.736328125000000000e-01 9.204101562500000000e-02 4.987792968750000000e-01
1.089843750000000000e+00 8.911132812500000000e-02 4.174804687500000000e-01
8.715820312500000000e-01 8.300781250000000000e-03 5.300292968750000000e-01
9.445800781250000000e-01 -4.492187500000000000e-02 5.175781250000000000e-01
9.201660156250000000e-01 -4.980468750000000000e-02 4.133300781250000000e-01
9.238281250000000000e-01 -6.835937500000000000e-02 4.296875000000000000e-01
9.118652343750000000e-01 -7.446289062500000000e-02 4.101562500000000000e-01
9.743652343750000000e-01 -4.272460937500000000e-02 3.981933593750000000e-01
9.829101562500000000e-01 -8.105468750000000000e-02 3.439941406250000000e-01
1.031005859375000000e+00 -7.128906250000000000e-02 3.562011718750000000e-01
1.011718750000000000e+00 -3.515625000000000000e-02 3.618164062500000000e-01
9.645996093750000000e-01 -5.419921875000000000e-02 4.553222656250000000e-01
9.355468750000000000e-01 -5.957031250000000000e-02 4.147949218750000000e-01
1.007080078125000000e+00 -4.174804687500000000e-02 3.642578125000000000e-01
1.022216796875000000e+00 -9.008789062500000000e-02 3.613281250000000000e-01
8.527832031250000000e-01 1.123046875000000000e-02 5.283203125000000000e-01
9.716796875000000000e-01 -6.127929687500000000e-02 3.269042968750000000e-01
1.136474609375000000e+00 -4.541015625000000000e-02 4.094238281250000000e-01
8.984375000000000000e-01 -1.364746093750000000e-01 3.474121093750000000e-01
9.191894531250000000e-01 -5.932617187500000000e-02 4.567871093750000000e-01
8.684082031250000000e-01 -5.883789062500000000e-02 5.056152343750000000e-01
7.983398437500000000e-01 -1.936035156250000000e-01 4.660644531250000000e-01
9.326171875000000000e-01 -1.381835937500000000e-01 4.128417968750000000e-01
1.128906250000000000e+00 8.300781250000000000e-03 1.687011718750000000e-01
1.046630859375000000e+00 -2.441406250000000000e-03 4.685058593750000000e-01
9.777832031250000000e-01 1.147460937500000000e-02 3.920898437500000000e-01
9.958496093750000000e-01 2.050781250000000000e-02 3.212890625000000000e-01
9.665527343750000000e-01 -8.496093750000000000e-02 4.211425781250000000e-01
8.940429687500000000e-01 -4.443359375000000000e-02 5.236816406250000000e-01
1.022460937500000000e+00 -8.715820312500000000e-02 2.878417968750000000e-01
1.022216796875000000e+00 -8.740234375000000000e-02 3.789062500000000000e-01
9.096679687500000000e-01 2.441406250000000000e-04 4.228515625000000000e-01
1.025390625000000000e+00 7.812500000000000000e-03 3.537597656250000000e-01
1.024169921875000000e+00 -8.422851562500000000e-02 3.891601562500000000e-01
9.274902343750000000e-01 -8.544921875000000000e-02 3.635253906250000000e-01
9.287109375000000000e-01 1.171875000000000000e-02 3.701171875000000000e-01
1.021972656250000000e+00 -6.933593750000000000e-02 3.999023437500000000e-01
1.024169921875000000e+00 -8.227539062500000000e-02 3.464355468750000000e-01
1.013916015625000000e+00 -7.983398437500000000e-02 4.003906250000000000e-01
1.010498046875000000e+00 -7.934570312500000000e-02 4.038085937500000000e-01
1.017578125000000000e+00 -8.154296875000000000e-02 3.515625000000000000e-01
1.008789062500000000e+00 -8.569335937500000000e-02 4.040527343750000000e-01
1.020507812500000000e+00 -7.983398437500000000e-02 3.806152343750000000e-01
1.025390625000000000e+00 3.662109375000000000e-03 3.781738281250000000e-01
1.029785156250000000e+00 1.635742187500000000e-02 3.933105468750000000e-01
1.022705078125000000e+00 1.000976562500000000e-02 3.090820312500000000e-01
9.357910156250000000e-01 2.929687500000000000e-03 3.754882812500000000e-01
9.572753906250000000e-01 -6.518554687500000000e-02 4.038085937500000000e-01
9.479980468750000000e-01 -8.007812500000000000e-02 3.718261718750000000e-01
9.365234375000000000e-01 -7.421875000000000000e-02 3.662109375000000000e-01
1.067871093750000000e+00 1.416015625000000000e-02 3.020019531250000000e-01
1.084472656250000000e+00 1.757812500000000000e-02 3.337402343750000000e-01
9.851074218750000000e-01 -6.787109375000000000e-02 3.071289062500000000e-01
9.287109375000000000e-01 -7.495117187500000000e-02 4.038085937500000000e-01
1.013183593750000000e+00 1.416015625000000000e-02 2.883300781250000000e-01
1.028320312500000000e+00 -6.689453125000000000e-02 3.183593750000000000e-01
9.960937500000000000e-01 -8.862304687500000000e-02 3.190917968750000000e-01
9.873046875000000000e-01 -3.442382812500000000e-02 3.173828125000000000e-01
9.785156250000000000e-01 -3.906250000000000000e-02 3.395996093750000000e-01
9.321289062500000000e-01 -5.346679687500000000e-02 3.024902343750000000e-01
1.018798828125000000e+00 -3.515625000000000000e-02 2.819824218750000000e-01
1.068847656250000000e+00 -8.422851562500000000e-02 3.134765625000000000e-01
1.083007812500000000e+00 5.371093750000000000e-03 2.915039062500000000e-01
1.007568359375000000e+00 -4.467773437500000000e-02 2.902832031250000000e-01
9.467773437500000000e-01 -1.481933593750000000e-01 3.955078125000000000e-01
1.020751953125000000e+00 -1.247558593750000000e-01 2.985839843750000000e-01
1.008300781250000000e+00 -1.083984375000000000e-01 3.322753906250000000e-01
1.020751953125000000e+00 -9.497070312500000000e-02 2.961425781250000000e-01
1.070800781250000000e+00 -5.395507812500000000e-02 3.354492187500000000e-01
1.021240234375000000e+00 -8.593750000000000000e-02 3.403320312500000000e-01
1.022949218750000000e+00 -3.833007812500000000e-02 2.875976562500000000e-01
1.017822265625000000e+00 -3.491210937500000000e-02 2.961425781250000000e-01
1.021972656250000000e+00 -8.398437500000000000e-02 2.929687500000000000e-01
9.775390625000000000e-01 -6.713867187500000000e-02 2.836914062500000000e-01
9.763183593750000000e-01 -7.373046875000000000e-02 2.814941406250000000e-01
1.014404296875000000e+00 -3.540039062500000000e-02 3.027343750000000000e-01
1.017333984375000000e+00 -5.859375000000000000e-02 3.032226562500000000e-01
1.020751953125000000e+00 -1.274414062500000000e-01 3.015136718750000000e-01
1.013916015625000000e+00 -1.298828125000000000e-01 3.117675781250000000e-01
1.019775390625000000e+00 -1.396484375000000000e-01 2.924804687500000000e-01
9.309082031250000000e-01 -9.570312500000000000e-02 3.024902343750000000e-01
1.025390625000000000e+00 -1.103515625000000000e-01 3.789062500000000000e-01
1.007324218750000000e+00 -1.086425781250000000e-01 3.786621093750000000e-01
9.350585937500000000e-01 -1.137695312500000000e-01 3.081054687500000000e-01
9.277343750000000000e-01 -1.032714843750000000e-01 3.000488281250000000e-01
1.018554687500000000e+00 -1.540527343750000000e-01 3.757324218750000000e-01
1.027587890625000000e+00 -1.437988281250000000e-01 2.875976562500000000e-01
1.029052734375000000e+00 -1.406250000000000000e-01 3.000488281250000000e-01
9.931640625000000000e-01 -1.530761718750000000e-01 3.203125000000000000e-01
1.015136718750000000e+00 -9.667968750000000000e-02 2.944335937500000000e-01
9.365234375000000000e-01 -1.081542968750000000e-01 2.983398437500000000e-01
1.013916015625000000e+00 -1.418457031250000000e-01 3.017578125000000000e-01
1.005126953125000000e+00 -1.345214843750000000e-01 3.759765625000000000e-01
