1.027099609375000000e+00 -2.001953125000000000e-02 3.024902343750000000e-01
1.027099609375000000e+00 -2.001953125000000000e-02 3.024902343750000000e-01
1.026367187500000000e+00 -2.001953125000000000e-02 2.978515625000000000e-01
1.026367187500000000e+00 -2.001953125000000000e-02 2.978515625000000000e-01
1.029052734375000000e+00 -1.977539062500000000e-02 2.966308593750000000e-01
9.714355468750000000e-01 -2.392578125000000000e-02 2.937011718750000000e-01
9.763183593750000000e-01 -1.879882812500000000e-02 2.927246093750000000e-01
9.726562500000000000e-01 -1.440429687500000000e-02 2.983398437500000000e-01
1.021240234375000000e+00 -1.708984375000000000e-02 2.961425781250000000e-01
1.019042968750000000e+00 -2.465820312500000000e-02 3.046875000000000000e-01
9.716796875000000000e-01 -2.124023437500000000e-02 2.897949218750000000e-01
9.736328125000000000e-01 -2.465820312500000000e-02 2.927246093750000000e-01
9.741210937500000000e-01 -2.075195312500000000e-02 2.993164062500000000e-01
9.782714843750000000e-01 -2.294921875000000000e-02 2.924804687500000000e-01
1.028808593750000000e+00 -2.075195312500000000e-02 2.868652343750000000e-01
1.029296875000000000e+00 -1.684570312500000000e-02 2.915039062500000000e-01
1.030517578125000000e+00 -1.855468750000000000e-02 2.907714843750000000e-01
9.716796875000000000e-01 -2.099609375000000000e-02 2.880859375000000000e-01
9.753417968750000000e-01 -2.294921875000000000e-02 2.890625000000000000e-01
9.716796875000000000e-01 -2.124023437500000000e-02 2.849121093750000000e-01
9.721679687500000000e-01 -2.270507812500000000e-02 2.851562500000000000e-01
1.031250000000000000e+00 -2.221679687500000000e-02 2.878417968750000000e-01
9.699707031250000000e-01 -1.708984375000000000e-02 2.832031250000000000e-01
9.704589843750000000e-01 -1.586914062500000000e-02 2.941894531250000000e-01
1.029052734375000000e+00 -2.319335937500000000e-02 2.863769531250000000e-01
9.753417968750000000e-01 -2.148437500000000000e-02 2.919921875000000000e-01
9.719238281250000000e-01 -2.392578125000000000e-02 2.932128906250000000e-01
9.697265625000000000e-01 -2.124023437500000000e-02 2.866210937500000000e-01
9.699707031250000000e-01 -2.099609375000000000e-02 2.958984375000000000e-01
9.980468750000000000e-01 -5.615234375000000000e-03 3.312988281250000000e-01
1.029785156250000000e+00 -1.147460937500000000e-02 2.871093750000000000e-01
1.027343750000000000e+00 2.514648437500000000e-02 2.880859375000000000e-01
1.030273437500000000e+00 2.758789062500000000e-02 3.315429687500000000e-01
9.709472656250000000e-01 2.563476562500000000e-02 2.875976562500000000e-01
9.846191406250000000e-01 1.538085937500000000e-02 3.369140625000000000e-01
9.787597656250000000e-01 -1.440429687500000000e-02 3.317871093750000000e-01
9.755859375000000000e-01 -9.521484375000000000e-03 3.383789062500000000e-01
9.892578125000000000e-01 -1.416015625000000000e-02 3.247070312500000000e-01
1.072021484375000000e+00 6.323242187500000000e-02 2.373046875000000000e-01
9.851074218750000000e-01 -4.394531250000000000e-03 2.260742187500000000e-01
9.697265625000000000e-01 6.250000000000000000e-02 2.558593750000000000e-01
9.245605468750000000e-01 -1.611328125000000000e-02 1.684570312500000000e-01
8.625488281250000000e-01 -4.150390625000000000e-03 1.228027343750000000e-01
9.440917968750000000e-01 4.028320312500000000e-02 1.533203125000000000e-01
9.389648437500000000e-01 5.834960937500000000e-02 2.631835937500000000e-01
8.200683593750000000e-01 8.544921875000000000e-03 1.013183593750000000e-01
6.975097656250000000e-01 -2.197265625000000000e-01 1.806640625000000000e-01
1.331787109375000000e+00 6.469726562500000000e-02 1.137695312500000000e-01
1.011230468750000000e+00 1.623535156250000000e-01 -9.204101562500000000e-02
1.013183593750000000e+00 2.111816406250000000e-01 4.467773437500000000e-02
9.934082031250000000e-01 -8.789062500000000000e-03 -8.203125000000000000e-02
8.359375000000000000e-01 7.983398437500000000e-02 -9.765625000000000000e-03
1.054443359375000000e+00 4.467773437500000000e-02 -5.004882812500000000e-02
9.211425781250000000e-01 -9.594726562500000000e-02 -7.202148437500000000e-02
1.063232421875000000e+00 -2.954101562500000000e-02 -2.246093750000000000e-02
9.941406250000000000e-01 -2.563476562500000000e-02 -8.154296875000000000e-02
1.069091796875000000e+00 6.738281250000000000e-02 -8.544921875000000000e-03
1.000488281250000000e+00 6.494140625000000000e-02 3.759765625000000000e-02
1.066894531250000000e+00 -8.349609375000000000e-02 5.712890625000000000e-02
1.053710937500000000e+00 -2.197265625000000000e-02 1.506347656250000000e-01
9.936523437500000000e-01 -7.055664062500000000e-02 3.928222656250000000e-01
9.426269531250000000e-01 -8.740234375000000000e-02 3.986816406250000000e-01
1.079345703125000000e+00 1.464843750000000000e-03 5.148925781250000000e-01
1.184082031250000000e+00 -4.077148437500000000e-02 7.319335937500000000e-01
1.336669921875000000e+00 -4.736328125000000000e-02 1.025634765625000000e+00
9.868164062500000000e-01 -2.553710937500000000e-01 1.023437500000000000e+00
6.733398437500000000e-01 -1.064453125000000000e-01 8.261718750000000000e-01
4.992675781250000000e-01 -2.097167968750000000e-01 7.131347656250000000e-01
7.114257812500000000e-01 -3.759765625000000000e-02 7.324218750000000000e-01
6.389160156250000000e-01 -1.782226562500000000e-02 7.834472656250000000e-01
8.642578125000000000e-01 1.015625000000000000e-01 1.026611328125000000e+00
6.477050781250000000e-01 9.326171875000000000e-02 9.313964843750000000e-01
5.629882812500000000e-01 -3.051757812500000000e-02 9.987792968750000000e-01
3.156738281250000000e-01 -1.066894531250000000e-01 9.421386718750000000e-01
4.548339843750000000e-01 5.859375000000000000e-03 1.015869140625000000e+00
5.810546875000000000e-01 8.789062500000000000e-02 1.002197265625000000e+00
6.416015625000000000e-01 -8.618164062500000000e-02 1.020996093750000000e+00
4.389648437500000000e-01 -9.350585937500000000e-02 1.030273437500000000e+00
2.883300781250000000e-01 2.978515625000000000e-02 9.763183593750000000e-01
3.085937500000000000e-01 7.446289062500000000e-02 1.092041015625000000e+00
3.417968750000000000e-01 -2.197265625000000000e-02 1.074218750000000000e+00
3.596191406250000000e-01 -2.148437500000000000e-02 1.054199218750000000e+00
4.130859375000000000e-01 -7.958984375000000000e-02 9.729003906250000000e-01
4.211425781250000000e-01 -4.052734375000000000e-02 9.829101562500000000e-01
3.547363281250000000e-01 1.000976562500000000e-02 1.066650390625000000e+00
2.226562500000000000e-01 -7.739257812500000000e-02 1.079589843750000000e+00
3.518066406250000000e-01 -6.689453125000000000e-02 1.088378906250000000e+00
3.664550781250000000e-01 -1.098632812500000000e-02 1.041259765625000000e+00
3.417968750000000000e-01 5.615234375000000000e-03 1.086181640625000000e+00
1.652832031250000000e-01 -5.273437500000000000e-02 1.041748046875000000e+00
1.794433593750000000e-01 -1.328125000000000000e-01 1.041748046875000000e+00
3.413085937500000000e-01 -9.667968750000000000e-02 1.085693359375000000e+00
3.264160156250000000e-01 -1.452636718750000000e-01 1.042724609375000000e+00
2.329101562500000000e-01 -5.224609375000000000e-02 1.092773437500000000e+00
2.192382812500000000e-01 -9.008789062500000000e-02 1.043457031250000000e+00
2.287597656250000000e-01 -3.247070312500000000e-02 1.049072265625000000e+00
1.791992187500000000e-01 -4.077148437500000000e-02 1.046142578125000000e+00
2.709960937500000000e-01 -1.306152343750000000e-01 1.048828125000000000e+00
2.702636718750000000e-01 -1.467285156250000000e-01 1.033935546875000000e+00
2.697753906250000000e-01 -1.269531250000000000e-01 1.056152343750000000e+00
2.736816406250000000e-01 -4.809570312500000000e-02 1.052978515625000000e+00
2.619628906250000000e-01 -6.030273437500000000e-02 1.062255859375000000e+00
2.287597656250000000e-01 -5.053710937500000000e-02 1.089843750000000000e+00
2.380371093750000000e-01 -5.004882812500000000e-02 1.042480468750000000e+00
1.843261718750000000e-01 -4.223632812500000000e-02 1.126464843750000000e+00
3.095703125000000000e-01 -8.935546875000000000e-02 9.963378906250000000e-01
3.168945312500000000e-01 -6.152343750000000000e-02 1.064697265625000000e+00
2.404785156250000000e-01 -5.371093750000000000e-02 1.038085937500000000e+00
2.358398437500000000e-01 -1.267089843750000000e-01 1.051757812500000000e+00
2.636718750000000000e-01 -1.291503906250000000e-01 1.057861328125000000e+00
2.797851562500000000e-01 -5.590820312500000000e-02 1.046875000000000000e+00
2.241210937500000000e-01 -4.687500000000000000e-02 1.039794921875000000e+00
2.399902343750000000e-01 -4.663085937500000000e-02 1.052246093750000000e+00
2.241210937500000000e-01 -1.252441406250000000e-01 1.038574218750000000e+00
2.192382812500000000e-01 -1.289062500000000000e-01 1.042968750000000000e+00
2.324218750000000000e-01 -6.201171875000000000e-02 1.031982421875000000e+00
2.238769531250000000e-01 -1.296386718750000000e-01 1.040283203125000000e+00
3.237304687500000000e-01 -4.541015625000000000e-02 1.032470703125000000e+00
2.438964843750000000e-01 -4.687500000000000000e-02 1.093505859375000000e+00
2.424316406250000000e-01 -6.201171875000000000e-02 1.036376953125000000e+00
2.431640625000000000e-01 -1.279296875000000000e-01 1.039062500000000000e+00
2.336425781250000000e-01 -6.127929687500000000e-02 1.045410156250000000e+00
2.500000000000000000e-01 -6.201171875000000000e-02 1.087646484375000000e+00
2.385253906250000000e-01 -5.517578125000000000e-02 1.036132812500000000e+00
2.385253906250000000e-01 -5.029296875000000000e-02 1.045898437500000000e+00
2.416992187500000000e-01 -5.151367187500000000e-02 1.038818359375000000e+00
2.392578125000000000e-01 -5.517578125000000000e-02 1.037109375000000000e+00
2.346191406250000000e-01 -6.250000000000000000e-02 1.038818359375000000e+00
2.434082031250000000e-01 -1.279296875000000000e-01 1.032470703125000000e+00
2.421875000000000000e-01 -5.395507812500000000e-02 1.042968750000000000e+00
2.280273437500000000e-01 -5.834960937500000000e-02 1.042724609375000000e+00
2.270507812500000000e-01 -1.286621093750000000e-01 1.044921875000000000e+00
2.314453125000000000e-01 -1.279296875000000000e-01 1.037597656250000000e+00
2.258300781250000000e-01 -5.664062500000000000e-02 1.038085937500000000e+00
2.336425781250000000e-01 -5.957031250000000000e-02 1.040039062500000000e+00
2.343750000000000000e-01 -5.957031250000000000e-02 1.033447265625000000e+00
2.224121093750000000e-01 -5.664062500000000000e-02 1.037353515625000000e+00
2.294921875000000000e-01 -1.318359375000000000e-01 1.046142578125000000e+00
2.299804687500000000e-01 -6.030273437500000000e-02 1.038574218750000000e+00
2.363281250000000000e-01 -6.079101562500000000e-02 1.053466796875000000e+00
2.312011718750000000e-01 -6.030273437500000000e-02 1.042236328125000000e+00
2.243652343750000000e-01 -6.152343750000000000e-02 1.039794921875000000e+00
2.226562500000000000e-01 -1.315917968750000000e-01 1.042480468750000000e+00
2.265625000000000000e-01 -1.342773437500000000e-01 1.041748046875000000e+00
2.268066406250000000e-01 -1.281738281250000000e-01 1.034179687500000000e+00
2.255859375000000000e-01 -5.834960937500000000e-02 1.041992187500000000e+00
2.270507812500000000e-01 -5.541992187500000000e-02 1.045166015625000000e+00
2.272949218750000000e-01 -5.908203125000000000e-02 1.041748046875000000e+00
2.280273437500000000e-01 -1.318359375000000000e-01 1.046142578125000000e+00
2.209472656250000000e-01 -1.315917968750000000e-01 1.043457031250000000e+00
2.268066406250000000e-01 -1.293945312500000000e-01 1.039306640625000000e+00
2.199707031250000000e-01 -1.257324218750000000e-01 1.044189453125000000e+00
2.204589843750000000e-01 -1.264648437500000000e-01 1.093750000000000000e+00
2.766113281250000000e-01 -1.289062500000000000e-01 1.042968750000000000e+00
2.724609375000000000e-01 -1.308593750000000000e-01 1.049316406250000000e+00
2.204589843750000000e-01 -1.286621093750000000e-01 1.042236328125000000e+00
2.216796875000000000e-01 -1.313476562500000000e-01 1.041015625000000000e+00
2.788085937500000000e-01 -1.352539062500000000e-01 1.048583984375000000e+00
2.795410156250000000e-01 -1.293945312500000000e-01 1.042480468750000000e+00
2.673339843750000000e-01 -1.269531250000000000e-01 1.038574218750000000e+00
2.785644531250000000e-01 -1.257324218750000000e-01 1.044189453125000000e+00
2.238769531250000000e-01 -1.291503906250000000e-01 1.038818359375000000e+00
2.792968750000000000e-01 -1.286621093750000000e-01 1.045410156250000000e+00
2.761230468750000000e-01 -1.401367187500000000e-01 1.036865234375000000e+00
2.675781250000000000e-01 -1.323242187500000000e-01 1.035156250000000000e+00
2.597656250000000000e-01 -1.364746093750000000e-01 1.075439453125000000e+00
3.132324218750000000e-01 -1.330566406250000000e-01 9.863281250000000000e-01
3.803710937500000000e-01 -1.542968750000000000e-01 1.066894531250000000e+00
3.015136718750000000e-01 -1.496582031250000000e-01 9.887695312500000000e-01
4.147949218750000000e-01 -7.177734375000000000e-02 1.053466796875000000e+00
4.614257812500000000e-01 1.440429687500000000e-02 9.882812500000000000e-01
5.212402343750000000e-01 1.806640625000000000e-02 9.792480468750000000e-01
5.112304687500000000e-01 1.733398437500000000e-02 9.782714843750000000e-01
5.629882812500000000e-01 -1.782226562500000000e-02 9.274902343750000000e-01
6.262207031250000000e-01 -6.518554687500000000e-02 9.504394531250000000e-01
7.021484375000000000e-01 -8.618164062500000000e-02 8.989257812500000000e-01
6.745605468750000000e-01 -6.298828125000000000e-02 8.041992187500000000e-01
7.666015625000000000e-01 -2.294921875000000000e-02 8.232421875000000000e-01
7.465820312500000000e-01 4.248046875000000000e-02 8.813476562500000000e-01
7.473144531250000000e-01 1.320800781250000000e-01 7.246093750000000000e-01
6.726074218750000000e-01 5.371093750000000000e-02 7.026367187500000000e-01
8.376464843750000000e-01 6.958007812500000000e-02 6.577148437500000000e-01
1.012939453125000000e+00 1.291503906250000000e-01 4.780273437500000000e-01
8.115234375000000000e-01 1.552734375000000000e-01 5.622558593750000000e-01
9.152832031250000000e-01 2.587890625000000000e-01 4.323730468750000000e-01
1.124023437500000000e+00 5.029296875000000000e-02 3.728027343750000000e-01
9.997558593750000000e-01 1.076660156250000000e-01 3.330078125000000000e-01
1.203857421875000000e+00 1.914062500000000000e-01 2.175292968750000000e-01
1.330810546875000000e+00 1.169433593750000000e-01 9.790039062500000000e-02
1.266357421875000000e+00 1.750488281250000000e-01 1.091308593750000000e-01
1.123291015625000000e+00 1.301269531250000000e-01 1.335449218750000000e-01
1.116210937500000000e+00 4.394531250000000000e-02 3.686523437500000000e-02
1.149902343750000000e+00 4.003906250000000000e-02 6.176757812500000000e-02
1.053222656250000000e+00 6.103515625000000000e-02 1.896972656250000000e-01
1.052001953125000000e+00 8.813476562500000000e-02 1.645507812500000000e-01
1.067138671875000000e+00 -1.733398437500000000e-02 2.111816406250000000e-01
9.785156250000000000e-01 1.635742187500000000e-02 1.604003906250000000e-01
9.707031250000000000e-01 1.806640625000000000e-02 1.235351562500000000e-01
9.936523437500000000e-01 -6.127929687500000000e-02 1.335449218750000000e-01
8.740234375000000000e-01 4.882812500000000000e-03 1.442871093750000000e-01
