1.014892578125000000e+00 -4.492187500000000000e-02 -2.099609375000000000e-01
1.018310546875000000e+00 -4.199218750000000000e-02 -2.087402343750000000e-01
1.018310546875000000e+00 -4.199218750000000000e-02 -2.087402343750000000e-01
1.018310546875000000e+00 -4.199218750000000000e-02 -2.087402343750000000e-01
1.015136718750000000e+00 -4.321289062500000000e-02 -2.087402343750000000e-01
1.015625000000000000e+00 -4.052734375000000000e-02 -2.077636718750000000e-01
1.017578125000000000e+00 -4.736328125000000000e-02 -1.977539062500000000e-01
1.015869140625000000e+00 -4.370117187500000000e-02 -2.062988281250000000e-01
1.017333984375000000e+00 -4.565429687500000000e-02 -1.977539062500000000e-01
1.013916015625000000e+00 -4.150390625000000000e-02 -2.033691406250000000e-01
1.017333984375000000e+00 -4.711914062500000000e-02 -2.060546875000000000e-01
1.016601562500000000e+00 -4.321289062500000000e-02 -1.972656250000000000e-01
1.020751953125000000e+00 -3.979492187500000000e-02 -1.997070312500000000e-01
1.016845703125000000e+00 -4.467773437500000000e-02 -1.940917968750000000e-01
1.020263671875000000e+00 -4.736328125000000000e-02 -2.006835937500000000e-01
1.019531250000000000e+00 -4.296875000000000000e-02 -2.011718750000000000e-01
1.014648437500000000e+00 -3.979492187500000000e-02 -1.943359375000000000e-01
1.013427734375000000e+00 -4.638671875000000000e-02 -1.955566406250000000e-01
1.020751953125000000e+00 -4.565429687500000000e-02 -1.948242187500000000e-01
1.016845703125000000e+00 -4.589843750000000000e-02 -1.933593750000000000e-01
1.023681640625000000e+00 -4.492187500000000000e-02 -1.931152343750000000e-01
1.016601562500000000e+00 -5.810546875000000000e-02 -1.247558593750000000e-01
1.022705078125000000e+00 -1.352539062500000000e-01 -1.943359375000000000e-01
1.019287109375000000e+00 -1.462402343750000000e-01 -1.186523437500000000e-01
1.018554687500000000e+00 -1.516113281250000000e-01 -1.193847656250000000e-01
1.014160156250000000e+00 -1.535644531250000000e-01 -1.140136718750000000e-01
1.017578125000000000e+00 -1.005859375000000000e-01 -1.206054687500000000e-01
1.023193359375000000e+00 -9.814453125000000000e-02 -1.213378906250000000e-01
1.020019531250000000e+00 -1.010742187500000000e-01 -1.196289062500000000e-01
1.019531250000000000e+00 -1.052246093750000000e-01 -1.181640625000000000e-01
1.017333984375000000e+00 -9.838867187500000000e-02 -1.147460937500000000e-01
1.015869140625000000e+00 -1.523437500000000000e-01 -1.176757812500000000e-01
1.026367187500000000e+00 -1.311035156250000000e-01 -2.048339843750000000e-01
9.736328125000000000e-01 -3.173828125000000000e-02 -2.023925781250000000e-01
9.794921875000000000e-01 7.080078125000000000e-03 -2.011718750000000000e-01
1.027832031250000000e+00 -2.929687500000000000e-03 -1.127929687500000000e-01
1.025390625000000000e+00 -6.103515625000000000e-03 -1.523437500000000000e-01
9.750976562500000000e-01 3.662109375000000000e-03 -3.344726562500000000e-02
9.826660156250000000e-01 2.246093750000000000e-02 -1.337890625000000000e-01
1.002685546875000000e+00 -1.342773437500000000e-02 -5.102539062500000000e-02
9.284667968750000000e-01 1.635742187500000000e-02 -4.931640625000000000e-02
1.002929687500000000e+00 1.513671875000000000e-02 -4.809570312500000000e-02
9.365234375000000000e-01 2.294921875000000000e-02 -6.005859375000000000e-02
9.736328125000000000e-01 -6.347656250000000000e-02 -5.810546875000000000e-02
1.150390625000000000e+00 -1.198730468750000000e-01 -4.296875000000000000e-02
9.738769531250000000e-01 -2.065429687500000000e-01 -5.859375000000000000e-02
1.065917968750000000e+00 -1.337890625000000000e-01 -3.007812500000000000e-01
1.128662109375000000e+00 1.240234375000000000e-01 -3.830566406250000000e-01
8.642578125000000000e-01 3.588867187500000000e-02 -2.958984375000000000e-01
8.076171875000000000e-01 -9.033203125000000000e-02 -2.722167968750000000e-01
1.054931640625000000e+00 -1.252441406250000000e-01 -2.546386718750000000e-01
1.021972656250000000e+00 -6.054687500000000000e-02 -2.478027343750000000e-01
9.614257812500000000e-01 -1.157226562500000000e-01 -2.480468750000000000e-01
8.930664062500000000e-01 -9.887695312500000000e-02 -2.158203125000000000e-01
9.165039062500000000e-01 -1.015625000000000000e-01 -2.524414062500000000e-01
9.182128906250000000e-01 -1.040039062500000000e-01 -2.207031250000000000e-01
9.675292968750000000e-01 -1.025390625000000000e-01 -3.281250000000000000e-01
9.423828125000000000e-01 -1.943359375000000000e-01 -2.839355468750000000e-01
9.584960937500000000e-01 -1.916503906250000000e-01 -3.034667968750000000e-01
8.085937500000000000e-01 -2.124023437500000000e-01 -3.911132812500000000e-01
8.168945312500000000e-01 -1.447753906250000000e-01 -4.252929687500000000e-01
6.923828125000000000e-01 -2.297363281250000000e-01 -6.918945312500000000e-01
1.244628906250000000e+00 -2.492675781250000000e-01 -2.482910156250000000e-01
1.093261718750000000e+00 -9.472656250000000000e-02 -1.791992187500000000e-01
7.993164062500000000e-01 -1.320800781250000000e-01 -2.329101562500000000e-01
6.738281250000000000e-01 -6.640625000000000000e-02 -4.028320312500000000e-02
1.088867187500000000e+00 -1.999511718750000000e-01 -4.694824218750000000e-01
7.897949218750000000e-01 5.566406250000000000e-02 -1.779785156250000000e-01
7.431640625000000000e-01 8.544921875000000000e-03 -2.709960937500000000e-01
7.583007812500000000e-01 -2.075195312500000000e-02 -2.302246093750000000e-01
7.087402343750000000e-01 -1.735839843750000000e-01 -5.373535156250000000e-01
1.066894531250000000e+00 -2.036132812500000000e-01 -3.562011718750000000e-01
6.008300781250000000e-01 -2.392578125000000000e-02 -6.406250000000000000e-01
7.639160156250000000e-01 -8.032226562500000000e-02 -5.581054687500000000e-01
6.550292968750000000e-01 -1.215820312500000000e-01 -7.111816406250000000e-01
5.324707031250000000e-01 -3.637695312500000000e-02 -7.805175781250000000e-01
5.874023437500000000e-01 -1.325683593750000000e-01 -8.032226562500000000e-01
3.713378906250000000e-01 -1.914062500000000000e-01 -8.842773437500000000e-01
3.679199218750000000e-01 -1.237792968750000000e-01 -8.610839843750000000e-01
3.586425781250000000e-01 -5.468750000000000000e-02 -9.587402343750000000e-01
3.605957031250000000e-01 -8.105468750000000000e-02 -8.754882812500000000e-01
4.082031250000000000e-01 -4.882812500000000000e-02 -9.606933593750000000e-01
5.212402343750000000e-01 -6.396484375000000000e-02 -8.547363281250000000e-01
5.903320312500000000e-01 -4.150390625000000000e-02 -8.452148437500000000e-01
6.945800781250000000e-01 -1.611328125000000000e-02 -6.811523437500000000e-01
6.662597656250000000e-01 1.855468750000000000e-02 -5.449218750000000000e-01
7.641601562500000000e-01 2.929687500000000000e-02 -4.819335937500000000e-01
8.889160156250000000e-01 -2.514648437500000000e-02 -2.839355468750000000e-01
2.013916015625000000e+00 -2.497558593750000000e-01 -8.784179687500000000e-01
7.712402343750000000e-01 -1.352539062500000000e-01 -1.006103515625000000e+00
2.619628906250000000e-01 3.906250000000000000e-02 4.279785156250000000e-01
1.551757812500000000e+00 -9.936523437500000000e-02 8.715820312500000000e-02
8.083496093750000000e-01 -3.125000000000000000e-02 -1.513671875000000000e-02
1.008544921875000000e+00 -7.812500000000000000e-02 1.765136718750000000e-01
9.743652343750000000e-01 1.855468750000000000e-02 2.270507812500000000e-01
9.311523437500000000e-01 -4.321289062500000000e-02 3.166503906250000000e-01
9.721679687500000000e-01 1.293945312500000000e-02 3.041992187500000000e-01
1.003173828125000000e+00 5.859375000000000000e-03 3.513183593750000000e-01
9.318847656250000000e-01 7.812500000000000000e-02 4.470214843750000000e-01
9.479980468750000000e-01 2.905273437500000000e-02 4.118652343750000000e-01
9.152832031250000000e-01 1.000976562500000000e-02 4.331054687500000000e-01
9.404296875000000000e-01 -4.736328125000000000e-02 5.229492187500000000e-01
1.021972656250000000e+00 3.076171875000000000e-02 5.097656250000000000e-01
9.226074218750000000e-01 -9.057617187500000000e-02 4.135742187500000000e-01
9.184570312500000000e-01 -5.468750000000000000e-02 5.080566406250000000e-01
9.670410156250000000e-01 2.929687500000000000e-03 5.212402343750000000e-01
9.523925781250000000e-01 4.882812500000000000e-04 5.253906250000000000e-01
8.781738281250000000e-01 1.342773437500000000e-02 5.810546875000000000e-01
9.509277343750000000e-01 2.758789062500000000e-02 5.649414062500000000e-01
8.706054687500000000e-01 1.391601562500000000e-02 5.703125000000000000e-01
8.493652343750000000e-01 8.056640625000000000e-03 6.276855468750000000e-01
8.591308593750000000e-01 1.318359375000000000e-02 5.532226562500000000e-01
8.662109375000000000e-01 -2.929687500000000000e-02 5.915527343750000000e-01
9.392089843750000000e-01 -5.615234375000000000e-03 4.965820312500000000e-01
8.664550781250000000e-01 -9.765625000000000000e-04 4.982910156250000000e-01
9.394531250000000000e-01 -2.075195312500000000e-02 5.776367187500000000e-01
9.445800781250000000e-01 1.074218750000000000e-02 5.878906250000000000e-01
9.526367187500000000e-01 -7.666015625000000000e-02 5.827636718750000000e-01
9.499511718750000000e-01 -7.885742187500000000e-02 5.708007812500000000e-01
9.431152343750000000e-01 -6.274414062500000000e-02 4.875488281250000000e-01
9.416503906250000000e-01 9.521484375000000000e-03 4.804687500000000000e-01
9.479980468750000000e-01 1.074218750000000000e-02 4.887695312500000000e-01
9.428710937500000000e-01 1.245117187500000000e-02 4.948730468750000000e-01
9.531250000000000000e-01 1.440429687500000000e-02 5.639648437500000000e-01
9.523925781250000000e-01 1.660156250000000000e-02 4.912109375000000000e-01
9.455566406250000000e-01 7.568359375000000000e-03 4.887695312500000000e-01
9.436035156250000000e-01 8.789062500000000000e-03 4.953613281250000000e-01
9.406738281250000000e-01 6.103515625000000000e-03 5.710449218750000000e-01
9.438476562500000000e-01 7.324218750000000000e-03 5.739746093750000000e-01
8.735351562500000000e-01 1.245117187500000000e-02 5.708007812500000000e-01
9.448242187500000000e-01 9.277343750000000000e-03 5.717773437500000000e-01
9.436035156250000000e-01 1.196289062500000000e-02 5.632324218750000000e-01
8.732910156250000000e-01 1.269531250000000000e-02 5.649414062500000000e-01
9.438476562500000000e-01 1.196289062500000000e-02 5.742187500000000000e-01
9.418945312500000000e-01 6.835937500000000000e-03 5.766601562500000000e-01
8.728027343750000000e-01 8.300781250000000000e-03 5.832519531250000000e-01
9.445800781250000000e-01 8.056640625000000000e-03 5.732421875000000000e-01
9.399414062500000000e-01 7.812500000000000000e-03 5.739746093750000000e-01
9.416503906250000000e-01 1.391601562500000000e-02 5.737304687500000000e-01
9.409179687500000000e-01 1.123046875000000000e-02 5.727539062500000000e-01
8.715820312500000000e-01 1.220703125000000000e-02 5.693359375000000000e-01
8.732910156250000000e-01 1.049804687500000000e-02 5.769042968750000000e-01
9.384765625000000000e-01 2.929687500000000000e-03 5.756835937500000000e-01
8.745117187500000000e-01 7.324218750000000000e-03 5.810546875000000000e-01
9.492187500000000000e-01 -6.445312500000000000e-02 5.632324218750000000e-01
8.681640625000000000e-01 -2.465820312500000000e-02 4.997558593750000000e-01
9.436035156250000000e-01 2.490234375000000000e-02 5.773925781250000000e-01
9.448242187500000000e-01 1.904296875000000000e-02 5.800781250000000000e-01
8.518066406250000000e-01 1.367187500000000000e-02 5.314941406250000000e-01
8.701171875000000000e-01 4.150390625000000000e-03 5.524902343750000000e-01
8.610839843750000000e-01 -2.929687500000000000e-02 5.622558593750000000e-01
8.596191406250000000e-01 -2.661132812500000000e-02 5.871582031250000000e-01
8.703613281250000000e-01 2.563476562500000000e-02 4.951171875000000000e-01
8.544921875000000000e-01 -8.325195312500000000e-02 4.697265625000000000e-01
8.813476562500000000e-01 7.250976562500000000e-02 4.870605468750000000e-01
1.048828125000000000e+00 -7.324218750000000000e-02 3.728027343750000000e-01
8.625488281250000000e-01 -1.774902343750000000e-01 4.602050781250000000e-01
9.121093750000000000e-01 -8.349609375000000000e-02 4.384765625000000000e-01
9.372558593750000000e-01 -1.901855468750000000e-01 3.828125000000000000e-01
9.589843750000000000e-01 1.318359375000000000e-02 3.195800781250000000e-01
9.936523437500000000e-01 -1.279296875000000000e-01 3.220214843750000000e-01
1.001464843750000000e+00 -2.563476562500000000e-02 2.763671875000000000e-01
1.012939453125000000e+00 -6.469726562500000000e-02 9.643554687500000000e-02
1.007324218750000000e+00 -9.277343750000000000e-02 -4.882812500000000000e-03
8.620605468750000000e-01 -6.787109375000000000e-02 -3.784179687500000000e-02
9.375000000000000000e-01 1.123046875000000000e-02 -1.562500000000000000e-01
9.289550781250000000e-01 -1.035156250000000000e-01 -2.822265625000000000e-01
1.227050781250000000e+00 -9.594726562500000000e-02 -3.234863281250000000e-01
1.074218750000000000e+00 -9.692382812500000000e-02 -6.584472656250000000e-01
8.825683593750000000e-01 -2.241210937500000000e-01 -6.086425781250000000e-01
1.089111328125000000e+00 -7.446289062500000000e-02 -9.685058593750000000e-01
9.660644531250000000e-01 -9.765625000000000000e-02 -9.047851562500000000e-01
8.012695312500000000e-01 -1.306152343750000000e-01 -1.021728515625000000e+00
7.797851562500000000e-01 -1.420898437500000000e-01 -9.675292968750000000e-01
6.569824218750000000e-01 -8.007812500000000000e-02 -8.457031250000000000e-01
5.339355468750000000e-01 -8.129882812500000000e-02 -6.796875000000000000e-01
6.411132812500000000e-01 -1.284179687500000000e-01 -6.855468750000000000e-01
6.267089843750000000e-01 -1.447753906250000000e-01 -5.961914062500000000e-01
6.069335937500000000e-01 -1.267089843750000000e-01 -4.880371093750000000e-01
6.774902343750000000e-01 -1.533203125000000000e-01 -5.024414062500000000e-01
7.114257812500000000e-01 -2.587890625000000000e-01 -3.967285156250000000e-01
5.803222656250000000e-01 -1.401367187500000000e-01 -3.417968750000000000e-01
4.794921875000000000e-01 1.049804687500000000e-02 -3.256835937500000000e-01
9.553222656250000000e-01 -3.203125000000000000e-01 -3.137207031250000000e-01
8.276367187500000000e-01 -5.346679687500000000e-02 -2.834472656250000000e-01
9.987792968750000000e-01 2.587890625000000000e-02 -2.431640625000000000e-01
8.259277343750000000e-01 -3.881835937500000000e-02 -1.225585937500000000e-01
9.414062500000000000e-01 -4.565429687500000000e-02 -1.247558593750000000e-01
8.657226562500000000e-01 -4.541015625000000000e-02 -1.394042968750000000e-01
7.985839843750000000e-01 -6.762695312500000000e-02 -9.326171875000000000e-02
7.888183593750000000e-01 -5.102539062500000000e-02 -2.575683593750000000e-01
1.511962890625000000e+00 3.979492187500000000e-02 -2.795410156250000000e-01
1.046142578125000000e+00 -3.862304687500000000e-01 -5.288085937500000000e-01
8.779296875000000000e-01 -3.449707031250000000e-01 -3.811035156250000000e-01
1.030517578125000000e+00 -4.309082031250000000e-01 -1.762695312500000000e-01
1.000732421875000000e+00 -2.658691406250000000e-01 -1.784667968750000000e-01
9.011230468750000000e-01 -1.198730468750000000e-01 -1.528320312500000000e-01
9.355468750000000000e-01 -8.764648437500000000e-02 -1.450195312500000000e-01
1.133300781250000000e+00 -2.009277343750000000e-01 -1.279296875000000000e-01
8.503417968750000000e-01 -3.293457031250000000e-01 -1.083984375000000000e-01
