9.846191406250000000e-01 -3.051757812500000000e-02 1.276855468750000000e-01
9.860839843750000000e-01 -2.661132812500000000e-02 1.281738281250000000e-01
9.860839843750000000e-01 -2.661132812500000000e-02 1.281738281250000000e-01
9.887695312500000000e-01 -2.929687500000000000e-02 5.395507812500000000e-02
9.887695312500000000e-01 3.100585937500000000e-02 6.079101562500000000e-02
9.833984375000000000e-01 -2.783203125000000000e-02 6.054687500000000000e-02
9.860839843750000000e-01 -2.807617187500000000e-02 5.395507812500000000e-02
9.819335937500000000e-01 -2.587890625000000000e-02 6.152343750000000000e-02
9.885253906250000000e-01 -2.758789062500000000e-02 4.980468750000000000e-02
9.863281250000000000e-01 -2.856445312500000000e-02 5.590820312500000000e-02
9.807128906250000000e-01 2.294921875000000000e-02 5.639648437500000000e-02
9.846191406250000000e-01 2.832031250000000000e-02 6.127929687500000000e-02
9.870605468750000000e-01 -2.661132812500000000e-02 5.151367187500000000e-02
9.914550781250000000e-01 -2.270507812500000000e-02 5.004882812500000000e-02
9.936523437500000000e-01 3.076171875000000000e-02 4.077148437500000000e-02
9.892578125000000000e-01 -1.953125000000000000e-02 4.687500000000000000e-02
9.846191406250000000e-01 -1.196289062500000000e-02 5.517578125000000000e-02
9.931640625000000000e-01 -1.855468750000000000e-02 6.127929687500000000e-02
9.943847656250000000e-01 -1.928710937500000000e-02 5.664062500000000000e-02
9.890136718750000000e-01 2.587890625000000000e-02 1.428222656250000000e-01
9.765625000000000000e-01 2.001953125000000000e-02 1.547851562500000000e-01
9.855957031250000000e-01 2.856445312500000000e-02 1.501464843750000000e-01
9.841308593750000000e-01 -2.368164062500000000e-02 1.494140625000000000e-01
9.919433593750000000e-01 -1.367187500000000000e-02 1.445312500000000000e-01
9.865722656250000000e-01 7.299804687500000000e-02 1.369628906250000000e-01
9.721679687500000000e-01 -6.835937500000000000e-03 1.354980468750000000e-01
9.785156250000000000e-01 -2.001953125000000000e-02 1.303710937500000000e-01
9.990234375000000000e-01 1.293945312500000000e-02 3.930664062500000000e-02
9.870605468750000000e-01 -6.494140625000000000e-02 4.296875000000000000e-02
9.990234375000000000e-01 2.441406250000000000e-03 5.273437500000000000e-02
9.858398437500000000e-01 -2.001953125000000000e-02 1.437988281250000000e-01
1.068115234375000000e+00 8.862304687500000000e-02 4.931640625000000000e-02
1.020507812500000000e+00 6.396484375000000000e-02 1.354980468750000000e-01
1.028076171875000000e+00 2.221679687500000000e-02 1.074218750000000000e-01
9.902343750000000000e-01 -5.664062500000000000e-02 1.469726562500000000e-01
1.058349609375000000e+00 -4.321289062500000000e-02 1.477050781250000000e-01
9.956054687500000000e-01 -2.856445312500000000e-02 5.200195312500000000e-02
9.826660156250000000e-01 2.563476562500000000e-02 9.326171875000000000e-02
9.770507812500000000e-01 -1.782226562500000000e-02 1.113281250000000000e-01
9.741210937500000000e-01 9.765625000000000000e-03 1.096191406250000000e-01
9.123535156250000000e-01 -1.855468750000000000e-02 3.393554687500000000e-02
1.128417968750000000e+00 -1.123046875000000000e-02 5.859375000000000000e-02
1.025146484375000000e+00 6.909179687500000000e-02 3.955078125000000000e-02
1.076660156250000000e+00 -4.394531250000000000e-03 9.497070312500000000e-02
9.851074218750000000e-01 1.049804687500000000e-02 1.340332031250000000e-01
1.070556640625000000e+00 -2.221679687500000000e-02 9.985351562500000000e-02
1.031005859375000000e+00 -1.303710937500000000e-01 8.740234375000000000e-02
1.067138671875000000e+00 -1.904296875000000000e-02 9.521484375000000000e-02
9.948730468750000000e-01 8.691406250000000000e-02 1.362304687500000000e-01
1.068603515625000000e+00 1.416015625000000000e-02 1.123046875000000000e-01
9.819335937500000000e-01 2.246093750000000000e-02 1.435546875000000000e-01
9.943847656250000000e-01 7.568359375000000000e-03 1.125488281250000000e-01
9.279785156250000000e-01 -7.934570312500000000e-02 1.271972656250000000e-01
1.082275390625000000e+00 -6.103515625000000000e-03 1.186523437500000000e-01
9.243164062500000000e-01 8.227539062500000000e-02 1.311035156250000000e-01
1.079101562500000000e+00 2.294921875000000000e-02 1.225585937500000000e-01
9.853515625000000000e-01 2.172851562500000000e-02 9.838867187500000000e-02
9.909667968750000000e-01 1.806640625000000000e-02 1.171875000000000000e-01
9.807128906250000000e-01 1.025390625000000000e-02 4.589843750000000000e-02
1.065185546875000000e+00 4.150390625000000000e-02 2.158203125000000000e-01
9.206542968750000000e-01 -6.787109375000000000e-02 1.513671875000000000e-01
9.880371093750000000e-01 6.567382812500000000e-02 1.213378906250000000e-01
9.780273437500000000e-01 2.758789062500000000e-02 1.108398437500000000e-01
1.028320312500000000e+00 2.343750000000000000e-02 1.887207031250000000e-01
1.064453125000000000e+00 2.319335937500000000e-02 1.062011718750000000e-01
1.064941406250000000e+00 4.028320312500000000e-02 1.174316406250000000e-01
9.843750000000000000e-01 -6.347656250000000000e-02 1.442871093750000000e-01
9.790039062500000000e-01 2.148437500000000000e-02 9.936523437500000000e-02
9.855957031250000000e-01 7.080078125000000000e-03 1.115722656250000000e-01
9.970703125000000000e-01 3.100585937500000000e-02 1.499023437500000000e-01
1.075195312500000000e+00 4.394531250000000000e-03 9.692382812500000000e-02
1.041259765625000000e+00 1.545410156250000000e-01 1.018066406250000000e-01
1.001953125000000000e+00 -4.052734375000000000e-02 1.542968750000000000e-01
1.075927734375000000e+00 -8.447265625000000000e-02 1.499023437500000000e-01
9.948730468750000000e-01 -3.735351562500000000e-02 1.501464843750000000e-01
1.018310546875000000e+00 -4.785156250000000000e-02 1.267089843750000000e-01
9.848632812500000000e-01 9.033203125000000000e-03 9.472656250000000000e-02
9.877929687500000000e-01 8.911132812500000000e-02 1.137695312500000000e-01
1.003173828125000000e+00 -6.591796875000000000e-03 1.115722656250000000e-01
1.079101562500000000e+00 7.446289062500000000e-02 1.398925781250000000e-01
9.748535156250000000e-01 -1.196289062500000000e-02 9.765625000000000000e-02
1.065185546875000000e+00 2.416992187500000000e-02 1.132812500000000000e-01
9.768066406250000000e-01 -7.641601562500000000e-02 1.269531250000000000e-01
1.079101562500000000e+00 6.054687500000000000e-02 1.230468750000000000e-01
1.014648437500000000e+00 8.447265625000000000e-02 1.403808593750000000e-01
9.960937500000000000e-01 7.421875000000000000e-02 1.069335937500000000e-01
9.907226562500000000e-01 -7.324218750000000000e-04 2.116699218750000000e-01
9.809570312500000000e-01 1.489257812500000000e-02 9.936523437500000000e-02
9.997558593750000000e-01 -3.735351562500000000e-02 1.425781250000000000e-01
9.992675781250000000e-01 7.055664062500000000e-02 1.887207031250000000e-01
9.838867187500000000e-01 7.421875000000000000e-02 9.643554687500000000e-02
9.855957031250000000e-01 -1.953125000000000000e-02 1.059570312500000000e-01
9.765625000000000000e-01 -2.001953125000000000e-02 2.006835937500000000e-01
9.924316406250000000e-01 -4.443359375000000000e-02 1.218261718750000000e-01
9.750976562500000000e-01 -4.541015625000000000e-02 1.506347656250000000e-01
1.070800781250000000e+00 1.464843750000000000e-01 1.230468750000000000e-01
1.028320312500000000e+00 -7.324218750000000000e-04 1.042480468750000000e-01
9.887695312500000000e-01 1.489257812500000000e-02 1.086425781250000000e-01
9.938964843750000000e-01 -3.662109375000000000e-03 2.021484375000000000e-01
9.829101562500000000e-01 -1.318359375000000000e-01 9.472656250000000000e-02
9.868164062500000000e-01 -7.885742187500000000e-02 1.149902343750000000e-01
1.063964843750000000e+00 6.054687500000000000e-02 1.916503906250000000e-01
1.031250000000000000e+00 6.469726562500000000e-02 1.555175781250000000e-01
9.926757812500000000e-01 -7.080078125000000000e-03 1.550292968750000000e-01
1.064697265625000000e+00 -6.835937500000000000e-03 1.894531250000000000e-01
9.831542968750000000e-01 -5.322265625000000000e-02 1.108398437500000000e-01
9.753417968750000000e-01 -8.618164062500000000e-02 5.322265625000000000e-02
1.077880859375000000e+00 1.345214843750000000e-01 1.918945312500000000e-01
9.753417968750000000e-01 -9.277343750000000000e-03 9.790039062500000000e-02
9.753417968750000000e-01 -9.277343750000000000e-03 9.790039062500000000e-02
1.077148437500000000e+00 -1.416015625000000000e-02 1.921386718750000000e-01
9.921875000000000000e-01 -1.318359375000000000e-01 1.101074218750000000e-01
1.004882812500000000e+00 -7.983398437500000000e-02 2.080078125000000000e-01
1.092529296875000000e+00 1.481933593750000000e-01 1.015625000000000000e-01
9.794921875000000000e-01 -2.832031250000000000e-02 1.069335937500000000e-01
9.807128906250000000e-01 -3.906250000000000000e-03 1.540527343750000000e-01
1.069335937500000000e+00 2.172851562500000000e-02 1.230468750000000000e-01
9.836425781250000000e-01 -1.508789062500000000e-01 1.181640625000000000e-01
1.029296875000000000e+00 -9.130859375000000000e-02 9.716796875000000000e-02
1.078125000000000000e+00 1.311035156250000000e-01 1.103515625000000000e-01
1.016845703125000000e+00 7.910156250000000000e-02 1.142578125000000000e-01
9.775390625000000000e-01 -1.733398437500000000e-02 1.044921875000000000e-01
1.070312500000000000e+00 -2.783203125000000000e-02 1.970214843750000000e-01
9.714355468750000000e-01 -7.177734375000000000e-02 1.230468750000000000e-01
1.015869140625000000e+00 -9.765625000000000000e-04 2.153320312500000000e-01
1.073730468750000000e+00 1.979980468750000000e-01 1.157226562500000000e-01
9.824218750000000000e-01 9.106445312500000000e-02 9.399414062500000000e-02
9.819335937500000000e-01 6.933593750000000000e-02 1.193847656250000000e-01
9.948730468750000000e-01 8.618164062500000000e-02 2.111816406250000000e-01
9.726562500000000000e-01 3.100585937500000000e-02 1.970214843750000000e-01
9.108886718750000000e-01 1.269531250000000000e-01 2.592773437500000000e-01
9.360351562500000000e-01 1.481933593750000000e-01 1.821289062500000000e-01
1.066406250000000000e+00 3.784179687500000000e-02 1.862792968750000000e-01
9.821777343750000000e-01 5.981445312500000000e-02 1.699218750000000000e-01
9.902343750000000000e-01 1.425781250000000000e-01 2.170410156250000000e-01
1.008789062500000000e+00 2.075195312500000000e-01 2.182617187500000000e-01
1.001464843750000000e+00 2.150878906250000000e-01 1.577148437500000000e-01
1.003662109375000000e+00 1.660156250000000000e-01 1.760253906250000000e-01
1.018554687500000000e+00 5.273437500000000000e-02 1.914062500000000000e-01
9.848632812500000000e-01 9.008789062500000000e-02 1.516113281250000000e-01
1.080810546875000000e+00 -2.099609375000000000e-02 6.542968750000000000e-02
9.887695312500000000e-01 8.544921875000000000e-02 8.886718750000000000e-02
9.826660156250000000e-01 7.788085937500000000e-02 8.276367187500000000e-02
1.001708984375000000e+00 -1.049804687500000000e-02 7.641601562500000000e-02
1.139404296875000000e+00 -4.370117187500000000e-02 5.566406250000000000e-02
9.157714843750000000e-01 7.348632812500000000e-02 -8.300781250000000000e-03
1.145019531250000000e+00 2.221679687500000000e-02 1.601562500000000000e-01
1.132568359375000000e+00 -3.857421875000000000e-02 1.914062500000000000e-01
1.077880859375000000e+00 -4.272460937500000000e-02 1.201171875000000000e-01
9.230957031250000000e-01 -1.406250000000000000e-01 1.174316406250000000e-01
9.755859375000000000e-01 -5.371093750000000000e-02 1.125488281250000000e-01
1.012939453125000000e+00 -3.784179687500000000e-02 1.933593750000000000e-01
9.956054687500000000e-01 -4.272460937500000000e-02 1.105957031250000000e-01
9.870605468750000000e-01 -1.379394531250000000e-01 1.413574218750000000e-01
9.741210937500000000e-01 -1.562500000000000000e-01 1.267089843750000000e-01
9.755859375000000000e-01 -1.120605468750000000e-01 3.442382812500000000e-02
9.958496093750000000e-01 -1.335449218750000000e-01 5.322265625000000000e-02
1.067626953125000000e+00 -9.277343750000000000e-02 1.303710937500000000e-01
9.702148437500000000e-01 -5.468750000000000000e-02 1.350097656250000000e-01
1.022705078125000000e+00 -1.533203125000000000e-01 1.411132812500000000e-01
9.743652343750000000e-01 -9.570312500000000000e-02 1.362304687500000000e-01
1.022949218750000000e+00 -1.125488281250000000e-01 6.201171875000000000e-02
9.709472656250000000e-01 -9.643554687500000000e-02 5.004882812500000000e-02
1.065673828125000000e+00 -4.028320312500000000e-02 4.394531250000000000e-02
1.066162109375000000e+00 -6.591796875000000000e-02 3.295898437500000000e-02
1.073486328125000000e+00 2.514648437500000000e-02 4.272460937500000000e-02
1.089355468750000000e+00 5.444335937500000000e-02 8.544921875000000000e-02
9.079589843750000000e-01 -5.615234375000000000e-03 6.054687500000000000e-02
1.025878906250000000e+00 8.251953125000000000e-02 1.613769531250000000e-01
1.000000000000000000e+00 1.333007812500000000e-01 1.782226562500000000e-01
1.002197265625000000e+00 4.565429687500000000e-02 2.126464843750000000e-01
1.129150390625000000e+00 -3.906250000000000000e-03 1.010742187500000000e-01
1.130126953125000000e+00 4.394531250000000000e-02 1.008300781250000000e-01
1.021484375000000000e+00 5.078125000000000000e-02 1.677246093750000000e-01
1.006347656250000000e+00 8.569335937500000000e-02 2.507324218750000000e-01
1.007812500000000000e+00 3.662109375000000000e-02 1.752929687500000000e-01
1.028808593750000000e+00 3.247070312500000000e-02 2.167968750000000000e-01
9.794921875000000000e-01 1.386718750000000000e-01 1.889648437500000000e-01
9.865722656250000000e-01 1.069335937500000000e-01 1.230468750000000000e-01
9.780273437500000000e-01 1.381835937500000000e-01 1.223144531250000000e-01
9.707031250000000000e-01 1.452636718750000000e-01 1.179199218750000000e-01
9.731445312500000000e-01 1.513671875000000000e-01 1.020507812500000000e-01
9.885253906250000000e-01 1.279296875000000000e-01 1.093750000000000000e-01
9.951171875000000000e-01 3.930664062500000000e-02 1.145019531250000000e-01
9.772949218750000000e-01 8.959960937500000000e-02 1.496582031250000000e-01
9.697265625000000000e-01 7.788085937500000000e-02 1.491699218750000000e-01
9.777832031250000000e-01 6.372070312500000000e-02 1.401367187500000000e-01
1.015136718750000000e+00 -4.150390625000000000e-03 1.398925781250000000e-01
1.068115234375000000e+00 1.879882812500000000e-02 1.252441406250000000e-01
1.073242187500000000e+00 1.464843750000000000e-02 1.257324218750000000e-01
9.785156250000000000e-01 2.587890625000000000e-02 3.857421875000000000e-02
9.941406250000000000e-01 -2.026367187500000000e-02 5.493164062500000000e-02
9.809570312500000000e-01 -1.562500000000000000e-02 4.980468750000000000e-02
9.924316406250000000e-01 3.100585937500000000e-02 5.004882812500000000e-02
9.775390625000000000e-01 -2.490234375000000000e-02 1.254882812500000000e-01
9.858398437500000000e-01 -2.978515625000000000e-02 5.737304687500000000e-02
9.887695312500000000e-01 2.392578125000000000e-02 1.257324218750000000e-01
9.909667968750000000e-01 2.685546875000000000e-02 5.126953125000000000e-02
9.895019531250000000e-01 2.197265625000000000e-02 4.394531250000000000e-02
9.877929687500000000e-01 1.000976562500000000e-02 5.297851562500000000e-02
