9.313964843750000000e-01 -2.805175781250000000e-01 -2.116699218750000000e-01
9.350585937500000000e-01 -2.204589843750000000e-01 -2.141113281250000000e-01
9.323730468750000000e-01 -2.729492187500000000e-01 -1.936035156250000000e-01
9.321289062500000000e-01 -2.675781250000000000e-01 -2.094726562500000000e-01
1.004638671875000000e+00 -2.783203125000000000e-01 -2.133789062500000000e-01
9.338378906250000000e-01 -2.761230468750000000e-01 -1.613769531250000000e-01
9.282226562500000000e-01 -2.214355468750000000e-01 -2.150878906250000000e-01
9.296875000000000000e-01 -2.263183593750000000e-01 -1.613769531250000000e-01
9.357910156250000000e-01 -2.792968750000000000e-01 -2.158203125000000000e-01
9.289550781250000000e-01 -2.795410156250000000e-01 -1.562500000000000000e-01
9.362792968750000000e-01 -2.797851562500000000e-01 -1.562500000000000000e-01
9.306640625000000000e-01 -2.812500000000000000e-01 -1.599121093750000000e-01
9.306640625000000000e-01 -2.812500000000000000e-01 -1.599121093750000000e-01
9.291992187500000000e-01 -2.280273437500000000e-01 -1.716308593750000000e-01
9.306640625000000000e-01 -2.231445312500000000e-01 -2.512207031250000000e-01
9.306640625000000000e-01 -2.231445312500000000e-01 -2.512207031250000000e-01
9.274902343750000000e-01 -2.338867187500000000e-01 -2.504882812500000000e-01
9.221191406250000000e-01 -2.224121093750000000e-01 -2.626953125000000000e-01
9.221191406250000000e-01 -2.224121093750000000e-01 -2.626953125000000000e-01
9.221191406250000000e-01 -2.224121093750000000e-01 -2.626953125000000000e-01
9.270019531250000000e-01 -2.724609375000000000e-01 -2.629394531250000000e-01
9.243164062500000000e-01 -2.197265625000000000e-01 -2.673339843750000000e-01
9.243164062500000000e-01 -2.197265625000000000e-01 -2.673339843750000000e-01
9.167480468750000000e-01 -2.697753906250000000e-01 -2.597656250000000000e-01
9.167480468750000000e-01 -2.697753906250000000e-01 -2.597656250000000000e-01
9.655761718750000000e-01 -2.243652343750000000e-01 -1.777343750000000000e-01
9.636230468750000000e-01 -2.463378906250000000e-01 -1.694335937500000000e-01
9.672851562500000000e-01 -3.437500000000000000e-01 -1.611328125000000000e-01
9.562988281250000000e-01 -2.231445312500000000e-01 -1.772460937500000000e-01
9.235839843750000000e-01 -1.762695312500000000e-01 -2.187500000000000000e-01
8.530273437500000000e-01 -2.644042968750000000e-01 -2.629394531250000000e-01
9.089355468750000000e-01 -3.193359375000000000e-01 -2.670898437500000000e-01
9.089355468750000000e-01 -3.193359375000000000e-01 -2.670898437500000000e-01
8.686523437500000000e-01 -2.424316406250000000e-01 -2.275390625000000000e-01
9.238281250000000000e-01 -2.707519531250000000e-01 -1.728515625000000000e-01
8.701171875000000000e-01 -2.260742187500000000e-01 -1.818847656250000000e-01
8.493652343750000000e-01 -2.788085937500000000e-01 -1.564941406250000000e-01
9.394531250000000000e-01 -1.867675781250000000e-01 -2.810058593750000000e-01
9.494628906250000000e-01 -3.164062500000000000e-01 -2.722167968750000000e-01
8.691406250000000000e-01 -1.601562500000000000e-01 -2.204589843750000000e-01
8.720703125000000000e-01 -2.617187500000000000e-01 -1.862792968750000000e-01
9.252929687500000000e-01 -2.204589843750000000e-01 -1.965332031250000000e-01
9.069824218750000000e-01 -2.109375000000000000e-01 -9.667968750000000000e-02
8.818359375000000000e-01 -1.101074218750000000e-01 -1.252441406250000000e-01
8.818359375000000000e-01 -1.101074218750000000e-01 -1.252441406250000000e-01
9.165039062500000000e-01 -1.811523437500000000e-01 -4.833984375000000000e-02
9.665527343750000000e-01 -1.948242187500000000e-01 -8.544921875000000000e-02
9.665527343750000000e-01 -1.948242187500000000e-01 -8.544921875000000000e-02
8.449707031250000000e-01 -3.271484375000000000e-02 5.419921875000000000e-02
1.132324218750000000e+00 -6.201171875000000000e-02 1.999511718750000000e-01
1.231689453125000000e+00 8.300781250000000000e-03 2.270507812500000000e-01
1.229248046875000000e+00 -9.106445312500000000e-02 2.604980468750000000e-01
1.180664062500000000e+00 -7.543945312500000000e-02 1.875000000000000000e-01
1.193359375000000000e+00 -7.299804687500000000e-02 1.806640625000000000e-01
1.193359375000000000e+00 -7.299804687500000000e-02 1.806640625000000000e-01
1.154052734375000000e+00 -1.396484375000000000e-01 1.567382812500000000e-01
1.046386718750000000e+00 -3.564453125000000000e-02 1.599121093750000000e-01
1.076660156250000000e+00 -1.291503906250000000e-01 1.965332031250000000e-01
1.076660156250000000e+00 -1.291503906250000000e-01 1.965332031250000000e-01
9.897460937500000000e-01 -1.503906250000000000e-01 1.225585937500000000e-01
1.067871093750000000e+00 -1.459960937500000000e-01 1.132812500000000000e-01
1.067871093750000000e+00 -1.459960937500000000e-01 1.132812500000000000e-01
1.037109375000000000e+00 -1.047363281250000000e-01 9.912109375000000000e-02
1.037109375000000000e+00 -1.047363281250000000e-01 9.912109375000000000e-02
1.138183593750000000e+00 -2.121582031250000000e-01 4.907226562500000000e-02
1.043701171875000000e+00 -1.008300781250000000e-01 1.464843750000000000e-01
1.043701171875000000e+00 -1.008300781250000000e-01 1.464843750000000000e-01
1.054931640625000000e+00 -1.176757812500000000e-01 1.308593750000000000e-01
1.054931640625000000e+00 -1.176757812500000000e-01 1.308593750000000000e-01
1.131103515625000000e+00 -1.943359375000000000e-01 6.152343750000000000e-02
9.919433593750000000e-01 -1.962890625000000000e-01 1.345214843750000000e-01
9.638671875000000000e-01 -1.047363281250000000e-01 6.811523437500000000e-02
9.523925781250000000e-01 -1.804199218750000000e-01 -8.471679687500000000e-02
9.523925781250000000e-01 -1.804199218750000000e-01 -8.471679687500000000e-02
1.049560546875000000e+00 -2.211914062500000000e-01 -3.076171875000000000e-02
1.012451171875000000e+00 -2.141113281250000000e-01 -7.885742187500000000e-02
9.001464843750000000e-01 -2.133789062500000000e-01 -7.861328125000000000e-02
9.436035156250000000e-01 -2.236328125000000000e-01 -9.106445312500000000e-02
9.538574218750000000e-01 -1.696777343750000000e-01 -1.411132812500000000e-01
9.257812500000000000e-01 -3.176269531250000000e-01 -1.437988281250000000e-01
9.284667968750000000e-01 -2.661132812500000000e-01 -1.445312500000000000e-01
1.012207031250000000e+00 -2.468261718750000000e-01 -1.259765625000000000e-01
9.152832031250000000e-01 -3.156738281250000000e-01 -1.503906250000000000e-01
9.697265625000000000e-01 -2.353515625000000000e-01 -1.423339843750000000e-01
9.697265625000000000e-01 -2.353515625000000000e-01 -1.423339843750000000e-01
9.296875000000000000e-01 -2.812500000000000000e-01 -9.570312500000000000e-02
1.030029296875000000e+00 -2.382812500000000000e-01 -1.535644531250000000e-01
9.343261718750000000e-01 -2.707519531250000000e-01 -1.362304687500000000e-01
1.026123046875000000e+00 -2.670898437500000000e-01 -1.284179687500000000e-01
1.026123046875000000e+00 -2.670898437500000000e-01 -1.284179687500000000e-01
9.294433593750000000e-01 -2.504882812500000000e-01 -1.347656250000000000e-01
1.012207031250000000e+00 -2.792968750000000000e-01 -9.960937500000000000e-02
1.012207031250000000e+00 -2.792968750000000000e-01 -9.960937500000000000e-02
9.758300781250000000e-01 -2.312011718750000000e-01 -1.201171875000000000e-01
9.758300781250000000e-01 -2.312011718750000000e-01 -1.201171875000000000e-01
9.914550781250000000e-01 -2.570800781250000000e-01 -2.041015625000000000e-01
1.021972656250000000e+00 -1.848144531250000000e-01 -1.887207031250000000e-01
9.328613281250000000e-01 -2.724609375000000000e-01 -1.066894531250000000e-01
9.367675781250000000e-01 -2.192382812500000000e-01 -9.521484375000000000e-02
1.024414062500000000e+00 -2.197265625000000000e-01 -1.137695312500000000e-01
1.016845703125000000e+00 -2.780761718750000000e-01 -1.550292968750000000e-01
1.016845703125000000e+00 -2.780761718750000000e-01 -1.550292968750000000e-01
1.016845703125000000e+00 -2.780761718750000000e-01 -1.550292968750000000e-01
1.008789062500000000e+00 -2.319335937500000000e-01 -1.386718750000000000e-01
1.003417968750000000e+00 -2.790527343750000000e-01 -1.328125000000000000e-01
1.002929687500000000e+00 -2.734375000000000000e-01 -1.352539062500000000e-01
1.017578125000000000e+00 -2.658691406250000000e-01 -1.435546875000000000e-01
1.015136718750000000e+00 -2.783203125000000000e-01 -1.386718750000000000e-01
1.014160156250000000e+00 -2.788085937500000000e-01 -1.291503906250000000e-01
1.014160156250000000e+00 -2.788085937500000000e-01 -1.291503906250000000e-01
1.008544921875000000e+00 -2.780761718750000000e-01 -1.342773437500000000e-01
1.008544921875000000e+00 -2.780761718750000000e-01 -1.342773437500000000e-01
1.011962890625000000e+00 -2.216796875000000000e-01 -5.786132812500000000e-02
1.015136718750000000e+00 -2.766113281250000000e-01 -1.345214843750000000e-01
1.011474609375000000e+00 -2.805175781250000000e-01 -1.384277343750000000e-01
1.017578125000000000e+00 -2.646484375000000000e-01 -1.354980468750000000e-01
1.025634765625000000e+00 -2.668457031250000000e-01 -1.452636718750000000e-01
1.015136718750000000e+00 -2.707519531250000000e-01 -1.352539062500000000e-01
1.009277343750000000e+00 -2.749023437500000000e-01 -1.337890625000000000e-01
1.019042968750000000e+00 -2.673339843750000000e-01 -1.425781250000000000e-01
1.016357421875000000e+00 -2.683105468750000000e-01 -1.384277343750000000e-01
1.015136718750000000e+00 -2.624511718750000000e-01 -1.262207031250000000e-01
1.012207031250000000e+00 -2.661132812500000000e-01 -1.308593750000000000e-01
1.018554687500000000e+00 -2.614746093750000000e-01 -1.274414062500000000e-01
1.019042968750000000e+00 -2.695312500000000000e-01 -1.389160156250000000e-01
1.012939453125000000e+00 -2.700195312500000000e-01 -1.330566406250000000e-01
1.015869140625000000e+00 -2.717285156250000000e-01 -1.440429687500000000e-01
1.014160156250000000e+00 -2.707519531250000000e-01 -1.408691406250000000e-01
1.020019531250000000e+00 -2.661132812500000000e-01 -1.352539062500000000e-01
1.013183593750000000e+00 -2.736816406250000000e-01 -1.386718750000000000e-01
1.013183593750000000e+00 -2.736816406250000000e-01 -1.386718750000000000e-01
1.014648437500000000e+00 -2.685546875000000000e-01 -1.362304687500000000e-01
1.015136718750000000e+00 -2.712402343750000000e-01 -1.318359375000000000e-01
1.011962890625000000e+00 -2.702636718750000000e-01 -1.376953125000000000e-01
1.018554687500000000e+00 -2.690429687500000000e-01 -1.408691406250000000e-01
1.015136718750000000e+00 -2.692871093750000000e-01 -1.337890625000000000e-01
1.021240234375000000e+00 -2.744140625000000000e-01 -1.499023437500000000e-01
1.019531250000000000e+00 -2.729492187500000000e-01 -1.408691406250000000e-01
1.017089843750000000e+00 -2.707519531250000000e-01 -1.313476562500000000e-01
1.017089843750000000e+00 -2.707519531250000000e-01 -1.313476562500000000e-01
1.010986328125000000e+00 -2.702636718750000000e-01 -1.542968750000000000e-01
1.010253906250000000e+00 -2.600097656250000000e-01 -1.445312500000000000e-01
1.010253906250000000e+00 -2.600097656250000000e-01 -1.445312500000000000e-01
1.015625000000000000e+00 -2.661132812500000000e-01 -1.445312500000000000e-01
1.015625000000000000e+00 -2.661132812500000000e-01 -1.445312500000000000e-01
1.015625000000000000e+00 -2.661132812500000000e-01 -1.445312500000000000e-01
1.011474609375000000e+00 -2.648925781250000000e-01 -1.406250000000000000e-01
1.011474609375000000e+00 -2.648925781250000000e-01 -1.406250000000000000e-01
1.021972656250000000e+00 -2.597656250000000000e-01 -1.440429687500000000e-01
1.021972656250000000e+00 -2.597656250000000000e-01 -1.440429687500000000e-01
1.018066406250000000e+00 -2.653808593750000000e-01 -1.494140625000000000e-01
1.016357421875000000e+00 -2.624511718750000000e-01 -9.912109375000000000e-02
1.011474609375000000e+00 -2.690429687500000000e-01 -1.455078125000000000e-01
1.012695312500000000e+00 -2.717285156250000000e-01 -1.503906250000000000e-01
1.015136718750000000e+00 -2.778320312500000000e-01 -1.467285156250000000e-01
1.015136718750000000e+00 -2.778320312500000000e-01 -1.467285156250000000e-01
1.010986328125000000e+00 -2.800292968750000000e-01 -1.425781250000000000e-01
1.012207031250000000e+00 -2.719726562500000000e-01 -1.442871093750000000e-01
1.012207031250000000e+00 -2.719726562500000000e-01 -1.442871093750000000e-01
1.014648437500000000e+00 -2.678222656250000000e-01 -1.416015625000000000e-01
1.015136718750000000e+00 -2.705078125000000000e-01 -1.401367187500000000e-01
1.013671875000000000e+00 -2.668457031250000000e-01 -1.403808593750000000e-01
1.013671875000000000e+00 -2.668457031250000000e-01 -1.403808593750000000e-01
1.013916015625000000e+00 -2.705078125000000000e-01 -1.428222656250000000e-01
1.018554687500000000e+00 -2.634277343750000000e-01 -1.425781250000000000e-01
1.015869140625000000e+00 -2.604980468750000000e-01 -1.389160156250000000e-01
1.016113281250000000e+00 -2.619628906250000000e-01 -1.394042968750000000e-01
1.017822265625000000e+00 -2.687988281250000000e-01 -1.442871093750000000e-01
1.018066406250000000e+00 -2.663574218750000000e-01 -1.450195312500000000e-01
1.016357421875000000e+00 -2.575683593750000000e-01 -1.408691406250000000e-01
1.013183593750000000e+00 -2.600097656250000000e-01 -1.481933593750000000e-01
1.013183593750000000e+00 -2.600097656250000000e-01 -1.481933593750000000e-01
1.016357421875000000e+00 -2.619628906250000000e-01 -1.433105468750000000e-01
1.016357421875000000e+00 -2.666015625000000000e-01 -1.542968750000000000e-01
1.012939453125000000e+00 -2.687988281250000000e-01 -1.506347656250000000e-01
1.012939453125000000e+00 -2.687988281250000000e-01 -1.506347656250000000e-01
1.013183593750000000e+00 -2.656250000000000000e-01 -1.367187500000000000e-01
1.015380859375000000e+00 -2.675781250000000000e-01 -1.403808593750000000e-01
1.018066406250000000e+00 -2.639160156250000000e-01 -1.484375000000000000e-01
1.018066406250000000e+00 -2.639160156250000000e-01 -1.484375000000000000e-01
1.015136718750000000e+00 -2.656250000000000000e-01 -1.372070312500000000e-01
1.017333984375000000e+00 -2.636718750000000000e-01 -1.381835937500000000e-01
1.012695312500000000e+00 -2.712402343750000000e-01 -1.374511718750000000e-01
1.016601562500000000e+00 -2.670898437500000000e-01 -1.340332031250000000e-01
1.018554687500000000e+00 -2.653808593750000000e-01 -1.342773437500000000e-01
1.018554687500000000e+00 -2.653808593750000000e-01 -1.342773437500000000e-01
1.018554687500000000e+00 -2.746582031250000000e-01 -1.381835937500000000e-01
1.016113281250000000e+00 -2.685546875000000000e-01 -1.315917968750000000e-01
1.018066406250000000e+00 -2.729492187500000000e-01 -1.335449218750000000e-01
1.018066406250000000e+00 -2.729492187500000000e-01 -1.335449218750000000e-01
1.019287109375000000e+00 -2.700195312500000000e-01 -1.403808593750000000e-01
1.015625000000000000e+00 -2.661132812500000000e-01 -1.389160156250000000e-01
1.011962890625000000e+00 -2.712402343750000000e-01 -1.313476562500000000e-01
1.011962890625000000e+00 -2.712402343750000000e-01 -1.313476562500000000e-01
1.018310546875000000e+00 -2.705078125000000000e-01 -1.347656250000000000e-01
1.019531250000000000e+00 -2.670898437500000000e-01 -1.364746093750000000e-01
1.020507812500000000e+00 -2.695312500000000000e-01 -1.384277343750000000e-01
1.011962890625000000e+00 -2.695312500000000000e-01 -1.381835937500000000e-01
1.017089843750000000e+00 -2.680664062500000000e-01 -1.425781250000000000e-01
1.017089843750000000e+00 -2.680664062500000000e-01 -1.425781250000000000e-01
