6.708984375000000000e-01 2.827148437500000000e-01 7.729492187500000000e-01
6.708984375000000000e-01 2.827148437500000000e-01 7.729492187500000000e-01
6.691894531250000000e-01 2.922363281250000000e-01 7.763671875000000000e-01
6.691894531250000000e-01 2.922363281250000000e-01 7.763671875000000000e-01
6.691894531250000000e-01 2.922363281250000000e-01 7.763671875000000000e-01
6.691894531250000000e-01 2.922363281250000000e-01 7.763671875000000000e-01
6.691894531250000000e-01 2.922363281250000000e-01 7.763671875000000000e-01
6.691894531250000000e-01 2.922363281250000000e-01 7.763671875000000000e-01
6.652832031250000000e-01 2.976074218750000000e-01 7.663574218750000000e-01
6.726074218750000000e-01 2.897949218750000000e-01 7.631835937500000000e-01
6.733398437500000000e-01 2.888183593750000000e-01 7.705078125000000000e-01
6.699218750000000000e-01 2.890625000000000000e-01 7.700195312500000000e-01
6.706542968750000000e-01 2.929687500000000000e-01 7.697753906250000000e-01
6.713867187500000000e-01 2.883300781250000000e-01 7.690429687500000000e-01
6.713867187500000000e-01 2.883300781250000000e-01 7.687988281250000000e-01
6.687011718750000000e-01 2.915039062500000000e-01 7.644042968750000000e-01
6.699218750000000000e-01 2.897949218750000000e-01 7.741699218750000000e-01
6.728515625000000000e-01 2.946777343750000000e-01 7.629394531250000000e-01
6.701660156250000000e-01 2.878417968750000000e-01 7.719726562500000000e-01
6.633300781250000000e-01 2.907714843750000000e-01 7.585449218750000000e-01
6.811523437500000000e-01 3.000488281250000000e-01 7.651367187500000000e-01
6.855468750000000000e-01 3.117675781250000000e-01 7.580566406250000000e-01
6.652832031250000000e-01 3.027343750000000000e-01 7.607421875000000000e-01
6.779785156250000000e-01 2.932128906250000000e-01 7.565917968750000000e-01
6.860351562500000000e-01 2.861328125000000000e-01 7.612304687500000000e-01
7.573242187500000000e-01 2.817382812500000000e-01 7.739257812500000000e-01
6.867675781250000000e-01 3.208007812500000000e-01 7.209472656250000000e-01
6.230468750000000000e-01 3.176269531250000000e-01 7.707519531250000000e-01
6.726074218750000000e-01 2.832031250000000000e-01 6.655273437500000000e-01
6.826171875000000000e-01 3.076171875000000000e-01 6.638183593750000000e-01
7.207031250000000000e-01 3.083496093750000000e-01 7.636718750000000000e-01
6.826171875000000000e-01 3.779296875000000000e-01 7.553710937500000000e-01
6.867675781250000000e-01 3.750000000000000000e-01 6.850585937500000000e-01
6.838378906250000000e-01 2.900390625000000000e-01 6.784667968750000000e-01
6.816406250000000000e-01 3.354492187500000000e-01 7.561035156250000000e-01
7.761230468750000000e-01 3.398437500000000000e-01 7.324218750000000000e-01
7.094726562500000000e-01 3.405761718750000000e-01 6.691894531250000000e-01
6.630859375000000000e-01 3.176269531250000000e-01 6.628417968750000000e-01
7.211914062500000000e-01 2.983398437500000000e-01 6.857910156250000000e-01
6.835937500000000000e-01 2.951660156250000000e-01 6.745605468750000000e-01
7.666015625000000000e-01 2.990722656250000000e-01 6.826171875000000000e-01
6.809082031250000000e-01 3.781738281250000000e-01 6.743164062500000000e-01
6.821289062500000000e-01 2.419433593750000000e-01 7.810058593750000000e-01
6.691894531250000000e-01 3.293457031250000000e-01 7.690429687500000000e-01
7.001953125000000000e-01 3.173828125000000000e-01 7.536621093750000000e-01
7.570800781250000000e-01 3.752441406250000000e-01 6.743164062500000000e-01
7.512207031250000000e-01 4.624023437500000000e-01 7.744140625000000000e-01
7.592773437500000000e-01 2.812500000000000000e-01 7.768554687500000000e-01
6.894531250000000000e-01 3.930664062500000000e-01 7.170410156250000000e-01
6.923828125000000000e-01 3.425292968750000000e-01 7.668457031250000000e-01
6.982421875000000000e-01 4.035644531250000000e-01 7.412109375000000000e-01
7.138671875000000000e-01 3.112792968750000000e-01 7.446289062500000000e-01
6.105957031250000000e-01 3.076171875000000000e-01 7.358398437500000000e-01
6.442871093750000000e-01 3.925781250000000000e-01 7.402343750000000000e-01
7.072753906250000000e-01 4.042968750000000000e-01 7.785644531250000000e-01
6.962890625000000000e-01 4.497070312500000000e-01 7.766113281250000000e-01
6.518554687500000000e-01 3.757324218750000000e-01 7.304687500000000000e-01
6.127929687500000000e-01 3.505859375000000000e-01 7.441406250000000000e-01
6.972656250000000000e-01 3.630371093750000000e-01 7.382812500000000000e-01
6.057128906250000000e-01 3.574218750000000000e-01 7.495117187500000000e-01
6.052246093750000000e-01 4.428710937500000000e-01 8.159179687500000000e-01
6.406250000000000000e-01 3.520507812500000000e-01 8.320312500000000000e-01
6.540527343750000000e-01 3.459472656250000000e-01 7.409667968750000000e-01
6.049804687500000000e-01 4.382324218750000000e-01 7.277832031250000000e-01
6.389160156250000000e-01 4.494628906250000000e-01 8.146972656250000000e-01
5.493164062500000000e-01 3.676757812500000000e-01 8.171386718750000000e-01
6.403808593750000000e-01 3.745117187500000000e-01 7.365722656250000000e-01
6.486816406250000000e-01 3.649902343750000000e-01 7.399902343750000000e-01
6.337890625000000000e-01 3.952636718750000000e-01 8.291015625000000000e-01
6.523437500000000000e-01 3.981933593750000000e-01 8.229980468750000000e-01
6.408691406250000000e-01 3.610839843750000000e-01 7.402343750000000000e-01
6.491699218750000000e-01 3.720703125000000000e-01 7.343750000000000000e-01
5.971679687500000000e-01 4.562988281250000000e-01 7.236328125000000000e-01
6.093750000000000000e-01 4.414062500000000000e-01 7.380371093750000000e-01
6.447753906250000000e-01 3.559570312500000000e-01 8.315429687500000000e-01
6.071777343750000000e-01 4.511718750000000000e-01 7.395019531250000000e-01
6.518554687500000000e-01 3.820800781250000000e-01 7.412109375000000000e-01
6.081542968750000000e-01 4.030761718750000000e-01 7.482910156250000000e-01
6.130371093750000000e-01 3.586425781250000000e-01 7.456054687500000000e-01
7.004394531250000000e-01 3.876953125000000000e-01 7.731933593750000000e-01
6.533203125000000000e-01 3.537597656250000000e-01 7.197265625000000000e-01
6.027832031250000000e-01 3.481445312500000000e-01 7.314453125000000000e-01
6.909179687500000000e-01 3.872070312500000000e-01 8.146972656250000000e-01
6.933593750000000000e-01 3.085937500000000000e-01 8.132324218750000000e-01
6.179199218750000000e-01 2.993164062500000000e-01 7.487792968750000000e-01
6.979980468750000000e-01 2.971191406250000000e-01 7.448730468750000000e-01
7.099609375000000000e-01 3.811035156250000000e-01 7.285156250000000000e-01
7.116699218750000000e-01 3.903808593750000000e-01 7.265625000000000000e-01
7.182617187500000000e-01 4.018554687500000000e-01 7.502441406250000000e-01
6.613769531250000000e-01 3.579101562500000000e-01 7.565917968750000000e-01
7.067871093750000000e-01 3.674316406250000000e-01 6.835937500000000000e-01
7.067871093750000000e-01 3.627929687500000000e-01 6.696777343750000000e-01
6.623535156250000000e-01 4.023437500000000000e-01 6.743164062500000000e-01
6.665039062500000000e-01 3.017578125000000000e-01 6.831054687500000000e-01
6.635742187500000000e-01 3.361816406250000000e-01 7.524414062500000000e-01
6.835937500000000000e-01 3.291015625000000000e-01 7.563476562500000000e-01
7.565917968750000000e-01 3.251953125000000000e-01 7.502441406250000000e-01
7.709960937500000000e-01 3.322753906250000000e-01 7.504882812500000000e-01
7.626953125000000000e-01 3.227539062500000000e-01 6.745605468750000000e-01
7.663574218750000000e-01 3.388671875000000000e-01 6.674804687500000000e-01
7.568359375000000000e-01 3.408203125000000000e-01 6.660156250000000000e-01
7.546386718750000000e-01 2.814941406250000000e-01 7.092285156250000000e-01
7.668457031250000000e-01 3.383789062500000000e-01 6.665039062500000000e-01
7.783203125000000000e-01 3.388671875000000000e-01 6.801757812500000000e-01
7.192382812500000000e-01 3.295898437500000000e-01 6.699218750000000000e-01
7.756347656250000000e-01 3.210449218750000000e-01 6.713867187500000000e-01
7.189941406250000000e-01 2.429199218750000000e-01 6.813964843750000000e-01
7.314453125000000000e-01 2.285156250000000000e-01 6.860351562500000000e-01
7.727050781250000000e-01 2.331542968750000000e-01 7.529296875000000000e-01
7.746582031250000000e-01 2.390136718750000000e-01 6.821289062500000000e-01
7.712402343750000000e-01 2.436523437500000000e-01 7.517089843750000000e-01
7.695312500000000000e-01 2.436523437500000000e-01 7.604980468750000000e-01
7.587890625000000000e-01 2.434082031250000000e-01 7.546386718750000000e-01
7.619628906250000000e-01 3.195800781250000000e-01 7.517089843750000000e-01
7.622070312500000000e-01 3.215332031250000000e-01 7.504882812500000000e-01
7.629394531250000000e-01 3.229980468750000000e-01 7.551269531250000000e-01
7.509765625000000000e-01 3.276367187500000000e-01 7.553710937500000000e-01
6.813964843750000000e-01 3.300781250000000000e-01 7.624511718750000000e-01
6.875000000000000000e-01 3.261718750000000000e-01 7.602539062500000000e-01
6.843261718750000000e-01 3.220214843750000000e-01 7.585449218750000000e-01
6.799316406250000000e-01 3.310546875000000000e-01 7.536621093750000000e-01
7.539062500000000000e-01 3.342285156250000000e-01 7.622070312500000000e-01
6.850585937500000000e-01 3.378906250000000000e-01 7.578125000000000000e-01
7.561035156250000000e-01 3.354492187500000000e-01 7.651367187500000000e-01
6.779785156250000000e-01 3.342285156250000000e-01 7.600097656250000000e-01
6.823730468750000000e-01 3.371582031250000000e-01 7.585449218750000000e-01
6.853027343750000000e-01 3.317871093750000000e-01 7.612304687500000000e-01
7.526855468750000000e-01 3.312988281250000000e-01 7.585449218750000000e-01
7.519531250000000000e-01 3.339843750000000000e-01 7.590332031250000000e-01
6.843261718750000000e-01 3.266601562500000000e-01 6.840820312500000000e-01
7.509765625000000000e-01 3.276367187500000000e-01 7.565917968750000000e-01
7.521972656250000000e-01 3.271484375000000000e-01 7.597656250000000000e-01
6.840820312500000000e-01 3.305664062500000000e-01 6.872558593750000000e-01
7.595214843750000000e-01 3.366699218750000000e-01 7.553710937500000000e-01
7.521972656250000000e-01 3.352050781250000000e-01 7.526855468750000000e-01
7.656250000000000000e-01 3.359375000000000000e-01 6.867675781250000000e-01
7.646484375000000000e-01 3.298339843750000000e-01 7.531738281250000000e-01
6.833496093750000000e-01 3.395996093750000000e-01 7.509765625000000000e-01
6.809082031250000000e-01 3.386230468750000000e-01 7.578125000000000000e-01
6.867675781250000000e-01 2.836914062500000000e-01 7.578125000000000000e-01
7.526855468750000000e-01 3.342285156250000000e-01 7.580566406250000000e-01
7.561035156250000000e-01 3.332519531250000000e-01 7.563476562500000000e-01
7.558593750000000000e-01 3.383789062500000000e-01 7.570800781250000000e-01
7.502441406250000000e-01 2.841796875000000000e-01 7.573242187500000000e-01
6.774902343750000000e-01 3.388671875000000000e-01 7.583007812500000000e-01
6.809082031250000000e-01 3.395996093750000000e-01 7.587890625000000000e-01
6.799316406250000000e-01 2.856445312500000000e-01 7.702636718750000000e-01
6.787109375000000000e-01 2.827148437500000000e-01 7.641601562500000000e-01
6.733398437500000000e-01 2.814941406250000000e-01 7.626953125000000000e-01
6.840820312500000000e-01 3.393554687500000000e-01 7.604980468750000000e-01
6.850585937500000000e-01 3.393554687500000000e-01 7.644042968750000000e-01
6.801757812500000000e-01 2.812500000000000000e-01 7.629394531250000000e-01
6.777343750000000000e-01 3.415527343750000000e-01 7.504882812500000000e-01
6.857910156250000000e-01 3.395996093750000000e-01 7.619628906250000000e-01
6.853027343750000000e-01 3.374023437500000000e-01 7.585449218750000000e-01
7.524414062500000000e-01 2.817382812500000000e-01 7.587890625000000000e-01
6.843261718750000000e-01 3.361816406250000000e-01 7.553710937500000000e-01
6.831054687500000000e-01 3.381347656250000000e-01 7.590332031250000000e-01
6.848144531250000000e-01 3.417968750000000000e-01 7.612304687500000000e-01
7.526855468750000000e-01 3.356933593750000000e-01 6.857910156250000000e-01
7.526855468750000000e-01 3.405761718750000000e-01 7.546386718750000000e-01
7.519531250000000000e-01 3.378906250000000000e-01 6.860351562500000000e-01
6.806640625000000000e-01 3.386230468750000000e-01 7.543945312500000000e-01
7.600097656250000000e-01 3.361816406250000000e-01 6.826171875000000000e-01
7.604980468750000000e-01 3.403320312500000000e-01 6.831054687500000000e-01
6.872558593750000000e-01 2.822265625000000000e-01 6.835937500000000000e-01
6.850585937500000000e-01 2.846679687500000000e-01 6.850585937500000000e-01
6.774902343750000000e-01 2.834472656250000000e-01 6.865234375000000000e-01
6.865234375000000000e-01 2.844238281250000000e-01 7.548828125000000000e-01
6.787109375000000000e-01 2.832031250000000000e-01 7.568359375000000000e-01
7.539062500000000000e-01 2.902832031250000000e-01 7.624511718750000000e-01
6.740722656250000000e-01 2.844238281250000000e-01 7.634277343750000000e-01
6.696777343750000000e-01 2.834472656250000000e-01 7.529296875000000000e-01
6.706542968750000000e-01 2.954101562500000000e-01 7.680664062500000000e-01
6.706542968750000000e-01 3.115234375000000000e-01 7.636718750000000000e-01
6.733398437500000000e-01 3.823242187500000000e-01 7.641601562500000000e-01
6.718750000000000000e-01 3.044433593750000000e-01 6.867675781250000000e-01
6.840820312500000000e-01 2.856445312500000000e-01 7.802734375000000000e-01
6.750488281250000000e-01 3.354492187500000000e-01 7.304687500000000000e-01
6.652832031250000000e-01 2.485351562500000000e-01 7.341308593750000000e-01
6.987304687500000000e-01 3.269042968750000000e-01 7.749023437500000000e-01
6.123046875000000000e-01 2.858886718750000000e-01 7.731933593750000000e-01
7.148437500000000000e-01 3.879394531250000000e-01 6.855468750000000000e-01
6.618652343750000000e-01 3.039550781250000000e-01 6.875000000000000000e-01
6.750488281250000000e-01 3.950195312500000000e-01 7.253417968750000000e-01
6.889648437500000000e-01 3.281250000000000000e-01 6.860351562500000000e-01
6.889648437500000000e-01 3.281250000000000000e-01 6.860351562500000000e-01
7.587890625000000000e-01 3.757324218750000000e-01 7.207031250000000000e-01
6.577148437500000000e-01 3.981933593750000000e-01 6.867675781250000000e-01
6.738281250000000000e-01 3.847656250000000000e-01 7.800292968750000000e-01
7.089843750000000000e-01 2.915039062500000000e-01 7.583007812500000000e-01
6.875000000000000000e-01 3.872070312500000000e-01 7.189941406250000000e-01
6.923828125000000000e-01 3.386230468750000000e-01 7.590332031250000000e-01
6.809082031250000000e-01 3.002929687500000000e-01 7.734375000000000000e-01
7.170410156250000000e-01 2.893066406250000000e-01 7.192382812500000000e-01
6.672363281250000000e-01 3.356933593750000000e-01 7.207031250000000000e-01
6.616210937500000000e-01 2.861328125000000000e-01 7.792968750000000000e-01
7.180175781250000000e-01 2.812500000000000000e-01 7.807617187500000000e-01
6.596679687500000000e-01 3.432617187500000000e-01 7.578125000000000000e-01
6.799316406250000000e-01 2.856445312500000000e-01 7.214355468750000000e-01
