9.846191406250000000e-01 -8.496093750000000000e-02 2.797851562500000000e-01
9.846191406250000000e-01 -8.496093750000000000e-02 2.797851562500000000e-01
9.851074218750000000e-01 -7.641601562500000000e-02 2.753906250000000000e-01
9.851074218750000000e-01 -7.641601562500000000e-02 2.753906250000000000e-01
9.870605468750000000e-01 -7.153320312500000000e-02 2.746582031250000000e-01
9.814453125000000000e-01 -7.202148437500000000e-02 2.749023437500000000e-01
9.860839843750000000e-01 -7.275390625000000000e-02 2.746582031250000000e-01
9.880371093750000000e-01 -8.032226562500000000e-02 2.702636718750000000e-01
9.880371093750000000e-01 -8.032226562500000000e-02 2.702636718750000000e-01
9.877929687500000000e-01 -7.934570312500000000e-02 2.602539062500000000e-01
9.873046875000000000e-01 -7.788085937500000000e-02 2.692871093750000000e-01
9.848632812500000000e-01 -7.885742187500000000e-02 2.690429687500000000e-01
9.885253906250000000e-01 -7.348632812500000000e-02 2.663574218750000000e-01
9.863281250000000000e-01 -7.836914062500000000e-02 2.731933593750000000e-01
9.836425781250000000e-01 -7.421875000000000000e-02 2.749023437500000000e-01
9.804687500000000000e-01 -8.056640625000000000e-02 2.744140625000000000e-01
9.863281250000000000e-01 -8.032226562500000000e-02 2.700195312500000000e-01
9.860839843750000000e-01 -7.983398437500000000e-02 2.680664062500000000e-01
9.851074218750000000e-01 -7.714843750000000000e-02 2.673339843750000000e-01
9.855957031250000000e-01 -7.910156250000000000e-02 2.687988281250000000e-01
9.887695312500000000e-01 -7.739257812500000000e-02 2.651367187500000000e-01
9.826660156250000000e-01 -6.787109375000000000e-02 2.563476562500000000e-01
9.943847656250000000e-01 -6.835937500000000000e-02 2.585449218750000000e-01
9.826660156250000000e-01 -8.007812500000000000e-02 2.646484375000000000e-01
9.770507812500000000e-01 -6.494140625000000000e-02 2.607421875000000000e-01
9.931640625000000000e-01 -8.032226562500000000e-02 2.546386718750000000e-01
9.899902343750000000e-01 -8.251953125000000000e-02 2.634277343750000000e-01
9.877929687500000000e-01 -8.374023437500000000e-02 2.614746093750000000e-01
9.863281250000000000e-01 -8.837890625000000000e-02 2.583007812500000000e-01
9.865722656250000000e-01 -8.300781250000000000e-02 2.600097656250000000e-01
9.882812500000000000e-01 -8.789062500000000000e-02 2.546386718750000000e-01
9.821777343750000000e-01 -3.979492187500000000e-02 2.534179687500000000e-01
9.802246093750000000e-01 -3.222656250000000000e-02 1.867675781250000000e-01
9.958496093750000000e-01 -8.642578125000000000e-02 1.835937500000000000e-01
9.953613281250000000e-01 -1.489257812500000000e-02 1.962890625000000000e-01
1.074218750000000000e+00 2.563476562500000000e-02 1.093750000000000000e-01
9.963378906250000000e-01 -2.392578125000000000e-02 1.137695312500000000e-01
9.841308593750000000e-01 -1.782226562500000000e-02 1.213378906250000000e-01
9.975585937500000000e-01 -2.832031250000000000e-02 1.940917968750000000e-01
9.812011718750000000e-01 1.660156250000000000e-02 1.928710937500000000e-01
9.970703125000000000e-01 -2.001953125000000000e-02 1.147460937500000000e-01
1.069824218750000000e+00 6.713867187500000000e-02 1.079101562500000000e-01
1.075927734375000000e+00 1.152343750000000000e-01 3.662109375000000000e-02
1.098388671875000000e+00 -8.691406250000000000e-02 2.082519531250000000e-01
9.838867187500000000e-01 1.440429687500000000e-01 1.606445312500000000e-01
9.838867187500000000e-01 1.440429687500000000e-01 1.606445312500000000e-01
9.135742187500000000e-01 -2.441406250000000000e-04 1.848144531250000000e-01
8.962402343750000000e-01 -2.050781250000000000e-02 2.629394531250000000e-01
9.787597656250000000e-01 1.320800781250000000e-01 3.100585937500000000e-01
1.064941406250000000e+00 1.220703125000000000e-01 3.320312500000000000e-01
9.282226562500000000e-01 1.218261718750000000e-01 3.186035156250000000e-01
9.409179687500000000e-01 1.936035156250000000e-01 2.509765625000000000e-01
9.616699218750000000e-01 3.300781250000000000e-01 2.648925781250000000e-01
8.608398437500000000e-01 3.935546875000000000e-01 3.662109375000000000e-02
1.840820312500000000e+00 -3.068847656250000000e-01 -7.641601562500000000e-02
1.172851562500000000e+00 -5.341796875000000000e-01 -2.084960937500000000e-01
1.237792968750000000e+00 -1.237792968750000000e-01 8.056640625000000000e-03
1.260986328125000000e+00 -3.408203125000000000e-01 7.275390625000000000e-02
8.317871093750000000e-01 -2.797851562500000000e-01 1.936035156250000000e-01
8.051757812500000000e-01 -8.886718750000000000e-02 1.960449218750000000e-01
8.422851562500000000e-01 -1.457519531250000000e-01 1.374511718750000000e-01
9.592285156250000000e-01 -1.252441406250000000e-01 4.882812500000000000e-02
1.153076171875000000e+00 -2.597656250000000000e-01 8.837890625000000000e-02
1.030029296875000000e+00 -2.170410156250000000e-01 7.250976562500000000e-02
1.010498046875000000e+00 -1.267089843750000000e-01 7.568359375000000000e-02
9.919433593750000000e-01 -2.246093750000000000e-02 7.861328125000000000e-02
1.030761718750000000e+00 9.765625000000000000e-03 1.252441406250000000e-01
9.965820312500000000e-01 -1.147460937500000000e-01 7.055664062500000000e-02
9.321289062500000000e-01 -6.030273437500000000e-02 -2.612304687500000000e-02
8.486328125000000000e-01 -2.441406250000000000e-04 -8.959960937500000000e-02
9.150390625000000000e-01 8.056640625000000000e-03 4.614257812500000000e-02
8.610839843750000000e-01 -9.179687500000000000e-02 7.983398437500000000e-02
8.205566406250000000e-01 -3.002929687500000000e-02 8.789062500000000000e-02
8.483886718750000000e-01 7.324218750000000000e-02 1.503906250000000000e-01
8.342285156250000000e-01 8.862304687500000000e-02 4.223632812500000000e-02
9.062500000000000000e-01 -6.396484375000000000e-02 2.038574218750000000e-01
1.027343750000000000e+00 -4.638671875000000000e-02 1.289062500000000000e-01
8.537597656250000000e-01 2.658691406250000000e-01 1.574707031250000000e-01
9.670410156250000000e-01 4.394531250000000000e-03 3.266601562500000000e-01
1.378662109375000000e+00 1.108398437500000000e-01 2.546386718750000000e-01
8.969726562500000000e-01 -3.125000000000000000e-02 7.683105468750000000e-01
9.443359375000000000e-01 7.348632812500000000e-02 6.738281250000000000e-01
8.625488281250000000e-01 8.837890625000000000e-02 7.309570312500000000e-01
4.765625000000000000e-01 -4.150390625000000000e-02 1.092773437500000000e+00
4.765625000000000000e-01 -4.150390625000000000e-02 1.092773437500000000e+00
6.496582031250000000e-01 7.861328125000000000e-02 1.507568359375000000e+00
6.496582031250000000e-01 7.861328125000000000e-02 1.507568359375000000e+00
5.654296875000000000e-01 1.311035156250000000e-01 1.520263671875000000e+00
2.211914062500000000e-01 1.372070312500000000e-01 1.215087890625000000e+00
1.394042968750000000e-01 1.054687500000000000e-01 9.580078125000000000e-01
1.328125000000000000e-01 7.421875000000000000e-02 9.553222656250000000e-01
1.862792968750000000e-01 8.178710937500000000e-02 1.083740234375000000e+00
2.973632812500000000e-01 1.340332031250000000e-01 1.192626953125000000e+00
2.819824218750000000e-01 3.784179687500000000e-02 1.135498046875000000e+00
2.285156250000000000e-01 6.689453125000000000e-02 1.094726562500000000e+00
2.680664062500000000e-01 8.422851562500000000e-02 1.034179687500000000e+00
1.765136718750000000e-01 7.958984375000000000e-02 1.065917968750000000e+00
2.587890625000000000e-01 3.881835937500000000e-02 1.088378906250000000e+00
2.421875000000000000e-01 7.934570312500000000e-02 1.074218750000000000e+00
3.271484375000000000e-01 6.933593750000000000e-02 1.086181640625000000e+00
3.383789062500000000e-01 8.618164062500000000e-02 1.078613281250000000e+00
3.273925781250000000e-01 8.911132812500000000e-02 1.084228515625000000e+00
3.186035156250000000e-01 4.199218750000000000e-02 1.093261718750000000e+00
2.680664062500000000e-01 5.297851562500000000e-02 1.034179687500000000e+00
1.782226562500000000e-01 3.686523437500000000e-02 1.058593750000000000e+00
1.835937500000000000e-01 -7.812500000000000000e-03 1.044921875000000000e+00
2.810058593750000000e-01 -1.513671875000000000e-02 1.040527343750000000e+00
2.331542968750000000e-01 -2.270507812500000000e-02 1.088867187500000000e+00
2.458496093750000000e-01 -1.928710937500000000e-02 1.092529296875000000e+00
2.500000000000000000e-01 7.250976562500000000e-02 1.033447265625000000e+00
3.229980468750000000e-01 8.520507812500000000e-02 1.031982421875000000e+00
3.186035156250000000e-01 8.764648437500000000e-02 1.041015625000000000e+00
2.453613281250000000e-01 8.422851562500000000e-02 1.091064453125000000e+00
2.431640625000000000e-01 8.789062500000000000e-02 1.089843750000000000e+00
3.134765625000000000e-01 8.422851562500000000e-02 1.090087890625000000e+00
3.203125000000000000e-01 7.299804687500000000e-02 1.092041015625000000e+00
3.281250000000000000e-01 6.469726562500000000e-02 1.089111328125000000e+00
3.261718750000000000e-01 6.958007812500000000e-02 1.032470703125000000e+00
3.247070312500000000e-01 6.884765625000000000e-02 1.091552734375000000e+00
3.203125000000000000e-01 6.689453125000000000e-02 1.087402343750000000e+00
3.129882812500000000e-01 -9.765625000000000000e-04 1.093017578125000000e+00
2.478027343750000000e-01 6.884765625000000000e-02 1.088134765625000000e+00
3.251953125000000000e-01 7.348632812500000000e-02 1.086181640625000000e+00
3.251953125000000000e-01 7.348632812500000000e-02 1.086181640625000000e+00
2.475585937500000000e-01 7.690429687500000000e-02 1.087890625000000000e+00
2.475585937500000000e-01 7.690429687500000000e-02 1.087890625000000000e+00
2.470703125000000000e-01 7.104492187500000000e-02 1.087646484375000000e+00
2.482910156250000000e-01 6.982421875000000000e-02 1.091064453125000000e+00
3.178710937500000000e-01 6.469726562500000000e-02 1.085937500000000000e+00
3.178710937500000000e-01 7.275390625000000000e-02 1.090087890625000000e+00
2.497558593750000000e-01 7.202148437500000000e-02 1.091796875000000000e+00
3.137207031250000000e-01 6.982421875000000000e-02 1.093505859375000000e+00
3.139648437500000000e-01 6.860351562500000000e-02 1.033935546875000000e+00
3.166503906250000000e-01 7.324218750000000000e-02 1.079833984375000000e+00
2.495117187500000000e-01 7.153320312500000000e-02 1.091064453125000000e+00
2.470703125000000000e-01 7.080078125000000000e-02 1.091552734375000000e+00
3.193359375000000000e-01 6.982421875000000000e-02 1.086669921875000000e+00
3.149414062500000000e-01 7.446289062500000000e-02 1.087890625000000000e+00
2.490234375000000000e-01 7.421875000000000000e-02 1.031982421875000000e+00
3.149414062500000000e-01 7.153320312500000000e-02 1.087402343750000000e+00
2.470703125000000000e-01 7.006835937500000000e-02 1.092773437500000000e+00
2.487792968750000000e-01 7.324218750000000000e-02 1.092773437500000000e+00
2.470703125000000000e-01 7.202148437500000000e-02 1.092285156250000000e+00
2.497558593750000000e-01 7.421875000000000000e-02 1.085937500000000000e+00
2.495117187500000000e-01 7.324218750000000000e-02 1.091796875000000000e+00
3.129882812500000000e-01 7.324218750000000000e-02 1.089843750000000000e+00
2.446289062500000000e-01 7.202148437500000000e-02 1.035400390625000000e+00
2.495117187500000000e-01 7.031250000000000000e-02 1.092773437500000000e+00
3.149414062500000000e-01 6.958007812500000000e-02 1.089355468750000000e+00
2.463378906250000000e-01 6.958007812500000000e-02 1.034912109375000000e+00
2.465820312500000000e-01 7.202148437500000000e-02 1.032226562500000000e+00
3.166503906250000000e-01 7.226562500000000000e-02 1.091552734375000000e+00
3.127441406250000000e-01 7.324218750000000000e-02 1.093261718750000000e+00
2.448730468750000000e-01 6.665039062500000000e-02 1.092529296875000000e+00
2.478027343750000000e-01 6.982421875000000000e-02 1.088134765625000000e+00
2.470703125000000000e-01 6.713867187500000000e-02 1.093017578125000000e+00
2.412109375000000000e-01 7.592773437500000000e-02 1.090087890625000000e+00
2.434082031250000000e-01 7.812500000000000000e-02 1.091552734375000000e+00
2.421875000000000000e-01 7.299804687500000000e-02 1.089111328125000000e+00
2.482910156250000000e-01 7.055664062500000000e-02 1.093750000000000000e+00
2.456054687500000000e-01 6.762695312500000000e-02 1.087890625000000000e+00
2.456054687500000000e-01 7.104492187500000000e-02 1.031494140625000000e+00
2.456054687500000000e-01 7.104492187500000000e-02 1.031494140625000000e+00
3.164062500000000000e-01 7.250976562500000000e-02 1.090820312500000000e+00
3.164062500000000000e-01 7.250976562500000000e-02 1.090820312500000000e+00
3.127441406250000000e-01 7.275390625000000000e-02 1.090087890625000000e+00
2.448730468750000000e-01 7.226562500000000000e-02 1.083984375000000000e+00
3.176269531250000000e-01 7.031250000000000000e-02 1.088134765625000000e+00
3.203125000000000000e-01 7.104492187500000000e-02 1.092041015625000000e+00
3.132324218750000000e-01 7.128906250000000000e-02 1.038574218750000000e+00
3.129882812500000000e-01 6.713867187500000000e-02 1.092285156250000000e+00
2.473144531250000000e-01 7.055664062500000000e-02 1.032470703125000000e+00
3.139648437500000000e-01 7.128906250000000000e-02 1.093017578125000000e+00
3.129882812500000000e-01 6.958007812500000000e-02 1.090820312500000000e+00
3.134765625000000000e-01 7.373046875000000000e-02 1.088623046875000000e+00
2.475585937500000000e-01 7.519531250000000000e-02 1.086914062500000000e+00
2.468261718750000000e-01 7.031250000000000000e-02 1.092041015625000000e+00
2.460937500000000000e-01 7.250976562500000000e-02 1.085449218750000000e+00
2.453613281250000000e-01 7.397460937500000000e-02 1.087890625000000000e+00
3.137207031250000000e-01 7.714843750000000000e-02 1.081298828125000000e+00
2.470703125000000000e-01 6.884765625000000000e-02 1.080810546875000000e+00
3.378906250000000000e-01 6.835937500000000000e-02 9.824218750000000000e-01
2.416992187500000000e-01 7.055664062500000000e-02 1.083984375000000000e+00
2.692871093750000000e-01 -9.033203125000000000e-03 1.045410156250000000e+00
2.602539062500000000e-01 -3.051757812500000000e-02 1.137451171875000000e+00
2.231445312500000000e-01 -1.904296875000000000e-02 1.040771484375000000e+00
3.332519531250000000e-01 6.567382812500000000e-02 1.086914062500000000e+00
3.225097656250000000e-01 -1.953125000000000000e-03 1.065917968750000000e+00
2.973632812500000000e-01 -1.391601562500000000e-02 9.887695312500000000e-01
3.107910156250000000e-01 1.782226562500000000e-02 1.086181640625000000e+00
3.591308593750000000e-01 -6.396484375000000000e-02 1.168212890625000000e+00
4.521484375000000000e-01 -2.929687500000000000e-02 1.320312500000000000e+00
4.311523437500000000e-01 9.765625000000000000e-03 1.442138671875000000e+00
6.594238281250000000e-01 2.978515625000000000e-02 1.256347656250000000e+00
7.761230468750000000e-01 1.245117187500000000e-02 1.217529296875000000e+00
8.098144531250000000e-01 7.324218750000000000e-04 1.089843750000000000e+00
9.038085937500000000e-01 1.049804687500000000e-02 9.316406250000000000e-01
8.356933593750000000e-01 6.250000000000000000e-02 8.669433593750000000e-01
6.716308593750000000e-01 4.101562500000000000e-02 8.198242187500000000e-01
6.865234375000000000e-01 -4.394531250000000000e-03 7.121582031250000000e-01
