9.831542968750000000e-01 -9.521484375000000000e-02 -3.027343750000000000e-02
9.831542968750000000e-01 -9.521484375000000000e-02 -3.027343750000000000e-02
9.816894531250000000e-01 -9.423828125000000000e-02 2.636718750000000000e-02
9.780273437500000000e-01 -9.521484375000000000e-02 3.076171875000000000e-02
9.804687500000000000e-01 -9.521484375000000000e-02 3.125000000000000000e-02
9.765625000000000000e-01 -9.521484375000000000e-02 -3.002929687500000000e-02
9.790039062500000000e-01 -1.550292968750000000e-01 -2.343750000000000000e-02
9.797363281250000000e-01 -9.716796875000000000e-02 3.051757812500000000e-02
9.799804687500000000e-01 -9.545898437500000000e-02 2.124023437500000000e-02
9.841308593750000000e-01 -1.015625000000000000e-01 2.783203125000000000e-02
9.829101562500000000e-01 -1.557617187500000000e-01 2.734375000000000000e-02
9.865722656250000000e-01 -1.535644531250000000e-01 2.978515625000000000e-02
9.904785156250000000e-01 -9.741210937500000000e-02 1.684570312500000000e-02
1.025634765625000000e+00 -1.083984375000000000e-01 1.074218750000000000e-02
1.028076171875000000e+00 -1.003417968750000000e-01 8.544921875000000000e-03
9.787597656250000000e-01 -1.958007812500000000e-01 -6.274414062500000000e-02
9.765625000000000000e-01 -1.201171875000000000e-01 1.025390625000000000e-02
9.772949218750000000e-01 -1.982421875000000000e-01 2.465820312500000000e-02
9.772949218750000000e-01 -1.982421875000000000e-01 2.465820312500000000e-02
9.763183593750000000e-01 -1.218261718750000000e-01 1.025390625000000000e-02
9.804687500000000000e-01 -9.838867187500000000e-02 -6.884765625000000000e-02
9.819335937500000000e-01 -1.364746093750000000e-01 7.324218750000000000e-04
1.029541015625000000e+00 -1.035156250000000000e-01 -7.934570312500000000e-02
9.802246093750000000e-01 -1.232910156250000000e-01 3.173828125000000000e-03
1.028564453125000000e+00 -1.110839843750000000e-01 -6.933593750000000000e-02
9.821777343750000000e-01 -1.179199218750000000e-01 -8.251953125000000000e-02
9.743652343750000000e-01 -1.203613281250000000e-01 7.324218750000000000e-04
1.023193359375000000e+00 -1.193847656250000000e-01 -8.886718750000000000e-02
9.731445312500000000e-01 -1.240234375000000000e-01 -8.911132812500000000e-02
1.017333984375000000e+00 -1.545410156250000000e-01 -3.540039062500000000e-02
1.016845703125000000e+00 -1.052246093750000000e-01 -5.224609375000000000e-02
1.021728515625000000e+00 -1.975097656250000000e-01 -5.810546875000000000e-02
1.020996093750000000e+00 -2.084960937500000000e-01 -5.566406250000000000e-02
1.015869140625000000e+00 -1.235351562500000000e-01 -1.428222656250000000e-01
9.782714843750000000e-01 -9.667968750000000000e-02 -1.337890625000000000e-01
1.026855468750000000e+00 -1.364746093750000000e-01 -9.838867187500000000e-02
1.027099609375000000e+00 -1.354980468750000000e-01 -1.550292968750000000e-01
9.699707031250000000e-01 -1.459960937500000000e-01 -1.982421875000000000e-01
9.797363281250000000e-01 -9.643554687500000000e-02 -1.147460937500000000e-01
9.882812500000000000e-01 -8.984375000000000000e-02 -1.628417968750000000e-01
1.024169921875000000e+00 7.812500000000000000e-03 -1.813964843750000000e-01
9.626464843750000000e-01 -8.911132812500000000e-02 -2.197265625000000000e-01
1.014404296875000000e+00 -1.394042968750000000e-01 -1.772460937500000000e-01
9.838867187500000000e-01 -3.759765625000000000e-02 -2.082519531250000000e-01
9.216308593750000000e-01 -4.931640625000000000e-02 -1.154785156250000000e-01
1.009765625000000000e+00 -1.481933593750000000e-01 -1.293945312500000000e-01
1.018798828125000000e+00 -8.276367187500000000e-02 -5.761718750000000000e-02
1.016357421875000000e+00 1.391601562500000000e-02 -8.789062500000000000e-02
1.082031250000000000e+00 -9.326171875000000000e-02 -7.812500000000000000e-02
1.057617187500000000e+00 7.812500000000000000e-03 3.662109375000000000e-03
1.055664062500000000e+00 5.639648437500000000e-02 -5.297851562500000000e-02
1.140380859375000000e+00 1.254882812500000000e-01 -1.875000000000000000e-01
1.110595703125000000e+00 2.539062500000000000e-02 -1.337890625000000000e-01
9.123535156250000000e-01 -2.053222656250000000e-01 -9.863281250000000000e-02
8.479003906250000000e-01 -2.155761718750000000e-01 -1.762695312500000000e-01
1.018066406250000000e+00 -3.625488281250000000e-01 -2.167968750000000000e-01
9.697265625000000000e-01 -1.833496093750000000e-01 -1.997070312500000000e-01
9.316406250000000000e-01 -1.086425781250000000e-01 -1.550292968750000000e-01
9.484863281250000000e-01 -2.600097656250000000e-01 -9.399414062500000000e-02
8.684082031250000000e-01 -2.404785156250000000e-01 -1.423339843750000000e-01
9.262695312500000000e-01 -2.153320312500000000e-01 -8.081054687500000000e-02
9.216308593750000000e-01 -2.009277343750000000e-01 1.464843750000000000e-03
8.747558593750000000e-01 -1.005859375000000000e-01 -8.544921875000000000e-03
9.411621093750000000e-01 -1.564941406250000000e-01 8.349609375000000000e-02
9.609375000000000000e-01 -1.835937500000000000e-01 9.057617187500000000e-02
1.085693359375000000e+00 -1.848144531250000000e-01 4.223632812500000000e-02
1.088378906250000000e+00 -3.137207031250000000e-01 -7.714843750000000000e-02
1.122558593750000000e+00 -4.626464843750000000e-01 6.396484375000000000e-02
1.483642578125000000e+00 -4.501953125000000000e-01 -2.961425781250000000e-01
9.257812500000000000e-01 -3.903808593750000000e-01 -1.574707031250000000e-01
7.370605468750000000e-01 2.622070312500000000e-01 -2.595214843750000000e-01
9.843750000000000000e-01 -2.121582031250000000e-01 -2.019042968750000000e-01
9.167480468750000000e-01 -2.275390625000000000e-01 -1.562500000000000000e-01
1.012451171875000000e+00 -1.877441406250000000e-01 -1.350097656250000000e-01
8.542480468750000000e-01 -8.203125000000000000e-02 -3.271484375000000000e-02
8.649902343750000000e-01 1.171875000000000000e-02 -6.347656250000000000e-02
1.022705078125000000e+00 -4.467773437500000000e-02 3.906250000000000000e-03
9.375000000000000000e-01 -7.763671875000000000e-02 -1.416015625000000000e-02
9.274902343750000000e-01 -5.200195312500000000e-02 3.198242187500000000e-02
1.070312500000000000e+00 -9.887695312500000000e-02 -2.050781250000000000e-02
9.907226562500000000e-01 -1.408691406250000000e-01 -1.049804687500000000e-02
1.129150390625000000e+00 -2.856445312500000000e-02 1.108398437500000000e-01
1.118652343750000000e+00 7.348632812500000000e-02 -1.040039062500000000e-01
1.385498046875000000e+00 2.639160156250000000e-01 -2.602539062500000000e-01
7.192382812500000000e-01 -2.429199218750000000e-01 -3.181152343750000000e-01
8.020019531250000000e-01 -1.652832031250000000e-01 -1.591796875000000000e-01
1.576171875000000000e+00 3.051757812500000000e-02 -2.160644531250000000e-01
9.392089843750000000e-01 -7.885742187500000000e-02 -2.517089843750000000e-01
8.891601562500000000e-01 -1.328125000000000000e-01 -2.094726562500000000e-01
9.599609375000000000e-01 -1.586914062500000000e-01 -1.567382812500000000e-01
1.020263671875000000e+00 -1.992187500000000000e-01 -1.596679687500000000e-01
9.479980468750000000e-01 -1.450195312500000000e-01 -2.180175781250000000e-01
9.633789062500000000e-01 -2.011718750000000000e-01 -1.635742187500000000e-01
1.012939453125000000e+00 -2.392578125000000000e-01 -1.682128906250000000e-01
9.624023437500000000e-01 -3.791503906250000000e-01 -1.706542968750000000e-01
8.659667968750000000e-01 -2.856445312500000000e-01 -1.857910156250000000e-01
8.562011718750000000e-01 -2.668457031250000000e-01 -2.072753906250000000e-01
9.602050781250000000e-01 -2.431640625000000000e-01 -2.856445312500000000e-01
1.096679687500000000e+00 -1.240234375000000000e-01 -3.515625000000000000e-01
1.026367187500000000e+00 6.274414062500000000e-02 -3.266601562500000000e-01
1.138183593750000000e+00 -2.441406250000000000e-03 -2.722167968750000000e-01
8.750000000000000000e-01 1.271972656250000000e-01 -9.692382812500000000e-02
9.758300781250000000e-01 7.885742187500000000e-02 -5.053710937500000000e-02
9.772949218750000000e-01 1.513671875000000000e-01 -3.222656250000000000e-02
9.196777343750000000e-01 1.340332031250000000e-01 -5.737304687500000000e-02
9.904785156250000000e-01 -1.782226562500000000e-02 -9.594726562500000000e-02
1.022460937500000000e+00 3.662109375000000000e-03 -1.176757812500000000e-01
9.890136718750000000e-01 8.544921875000000000e-03 -1.411132812500000000e-01
9.907226562500000000e-01 -3.710937500000000000e-02 -1.271972656250000000e-01
1.017333984375000000e+00 -3.735351562500000000e-02 -9.033203125000000000e-02
9.836425781250000000e-01 -8.374023437500000000e-02 -4.931640625000000000e-02
9.956054687500000000e-01 1.220703125000000000e-03 -6.030273437500000000e-02
1.020751953125000000e+00 -2.097167968750000000e-01 -4.418945312500000000e-02
9.858398437500000000e-01 -1.533203125000000000e-01 -1.296386718750000000e-01
9.733886718750000000e-01 -9.985351562500000000e-02 -4.589843750000000000e-02
9.831542968750000000e-01 -5.639648437500000000e-02 -7.885742187500000000e-02
1.015625000000000000e+00 -1.330566406250000000e-01 -6.835937500000000000e-02
9.946289062500000000e-01 -4.248046875000000000e-02 1.953125000000000000e-03
9.729003906250000000e-01 -4.565429687500000000e-02 -6.640625000000000000e-02
9.731445312500000000e-01 -1.257324218750000000e-01 4.394531250000000000e-03
9.838867187500000000e-01 -1.291503906250000000e-01 -6.445312500000000000e-02
9.743652343750000000e-01 -6.103515625000000000e-02 3.417968750000000000e-03
9.765625000000000000e-01 -6.152343750000000000e-02 7.812500000000000000e-03
9.809570312500000000e-01 -1.293945312500000000e-01 -6.274414062500000000e-02
9.807128906250000000e-01 -1.352539062500000000e-01 3.906250000000000000e-03
9.831542968750000000e-01 -1.362304687500000000e-01 -7.128906250000000000e-02
9.802246093750000000e-01 -1.513671875000000000e-01 -7.128906250000000000e-02
9.807128906250000000e-01 -1.533203125000000000e-01 -7.177734375000000000e-02
9.719238281250000000e-01 -9.472656250000000000e-02 -7.910156250000000000e-02
9.731445312500000000e-01 -9.643554687500000000e-02 -7.568359375000000000e-02
9.824218750000000000e-01 -1.560058593750000000e-01 -7.031250000000000000e-02
9.755859375000000000e-01 -1.479492187500000000e-01 -7.153320312500000000e-02
9.846191406250000000e-01 -1.027832031250000000e-01 2.197265625000000000e-03
9.697265625000000000e-01 -1.545410156250000000e-01 -6.250000000000000000e-02
9.821777343750000000e-01 -1.520996093750000000e-01 -6.469726562500000000e-02
9.777832031250000000e-01 -1.472167968750000000e-01 2.929687500000000000e-03
9.719238281250000000e-01 -1.481933593750000000e-01 -7.666015625000000000e-02
9.880371093750000000e-01 -1.489257812500000000e-01 5.126953125000000000e-03
1.030273437500000000e+00 -1.545410156250000000e-01 -6.494140625000000000e-02
9.875488281250000000e-01 -1.005859375000000000e-01 8.789062500000000000e-03
9.716796875000000000e-01 -1.542968750000000000e-01 3.662109375000000000e-03
9.812011718750000000e-01 -1.005859375000000000e-01 1.953125000000000000e-03
9.846191406250000000e-01 -1.503906250000000000e-01 1.953125000000000000e-03
9.711914062500000000e-01 -1.523437500000000000e-01 1.464843750000000000e-03
9.877929687500000000e-01 -9.423828125000000000e-02 4.882812500000000000e-04
9.741210937500000000e-01 -9.570312500000000000e-02 2.685546875000000000e-03
9.736328125000000000e-01 -9.521484375000000000e-02 1.074218750000000000e-02
9.790039062500000000e-01 -1.540527343750000000e-01 3.662109375000000000e-03
9.780273437500000000e-01 -1.557617187500000000e-01 1.220703125000000000e-03
9.816894531250000000e-01 -9.399414062500000000e-02 -6.372070312500000000e-02
9.768066406250000000e-01 -1.560058593750000000e-01 9.521484375000000000e-03
9.853515625000000000e-01 -9.716796875000000000e-02 2.441406250000000000e-03
9.743652343750000000e-01 -1.535644531250000000e-01 7.080078125000000000e-03
9.760742187500000000e-01 -1.540527343750000000e-01 5.126953125000000000e-03
9.790039062500000000e-01 -1.538085937500000000e-01 -6.274414062500000000e-02
9.846191406250000000e-01 -1.467285156250000000e-01 7.324218750000000000e-04
9.787597656250000000e-01 -1.560058593750000000e-01 1.293945312500000000e-02
9.804687500000000000e-01 -1.516113281250000000e-01 8.056640625000000000e-03
9.731445312500000000e-01 -1.525878906250000000e-01 7.568359375000000000e-03
9.755859375000000000e-01 -1.513671875000000000e-01 1.953125000000000000e-03
9.812011718750000000e-01 -1.535644531250000000e-01 7.324218750000000000e-04
9.724121093750000000e-01 -1.552734375000000000e-01 2.441406250000000000e-04
9.814453125000000000e-01 -9.790039062500000000e-02 -6.567382812500000000e-02
9.770507812500000000e-01 -9.594726562500000000e-02 6.591796875000000000e-03
9.760742187500000000e-01 -1.501464843750000000e-01 3.417968750000000000e-03
9.819335937500000000e-01 -9.912109375000000000e-02 7.080078125000000000e-03
9.809570312500000000e-01 -1.550292968750000000e-01 6.347656250000000000e-03
9.826660156250000000e-01 -1.557617187500000000e-01 5.371093750000000000e-03
9.814453125000000000e-01 -1.560058593750000000e-01 2.441406250000000000e-03
9.802246093750000000e-01 -1.457519531250000000e-01 3.173828125000000000e-03
9.824218750000000000e-01 -1.542968750000000000e-01 1.025390625000000000e-02
9.819335937500000000e-01 -1.508789062500000000e-01 3.906250000000000000e-03
9.836425781250000000e-01 -1.518554687500000000e-01 4.882812500000000000e-03
9.831542968750000000e-01 -1.520996093750000000e-01 1.098632812500000000e-02
9.831542968750000000e-01 -1.520996093750000000e-01 1.098632812500000000e-02
9.831542968750000000e-01 -1.520996093750000000e-01 1.416015625000000000e-02
9.790039062500000000e-01 -1.516113281250000000e-01 1.660156250000000000e-02
9.780273437500000000e-01 -1.550292968750000000e-01 1.928710937500000000e-02
9.746093750000000000e-01 -9.399414062500000000e-02 2.026367187500000000e-02
9.809570312500000000e-01 -1.542968750000000000e-01 1.831054687500000000e-02
9.819335937500000000e-01 -1.467285156250000000e-01 1.928710937500000000e-02
9.846191406250000000e-01 -1.555175781250000000e-01 1.708984375000000000e-02
9.780273437500000000e-01 -1.535644531250000000e-01 1.660156250000000000e-02
9.765625000000000000e-01 -1.506347656250000000e-01 2.099609375000000000e-02
9.843750000000000000e-01 -1.508789062500000000e-01 9.033203125000000000e-03
9.838867187500000000e-01 -1.477050781250000000e-01 1.879882812500000000e-02
9.821777343750000000e-01 -1.528320312500000000e-01 2.124023437500000000e-02
9.770507812500000000e-01 -1.520996093750000000e-01 2.172851562500000000e-02
9.755859375000000000e-01 -1.533203125000000000e-01 2.221679687500000000e-02
9.816894531250000000e-01 -1.489257812500000000e-01 2.026367187500000000e-02
9.802246093750000000e-01 -1.520996093750000000e-01 2.075195312500000000e-02
9.831542968750000000e-01 -1.486816406250000000e-01 2.709960937500000000e-02
9.821777343750000000e-01 -1.462402343750000000e-01 2.685546875000000000e-02
9.738769531250000000e-01 -1.511230468750000000e-01 2.734375000000000000e-02
9.812011718750000000e-01 -1.513671875000000000e-01 2.929687500000000000e-02
9.797363281250000000e-01 -1.486816406250000000e-01 2.661132812500000000e-02
9.821777343750000000e-01 -1.508789062500000000e-01 2.661132812500000000e-02
9.799804687500000000e-01 -1.533203125000000000e-01 -2.734375000000000000e-02
9.785156250000000000e-01 -1.523437500000000000e-01 -2.807617187500000000e-02
9.833984375000000000e-01 -1.535644531250000000e-01 -3.076171875000000000e-02
