1.012939453125000000e+00 -7.788085937500000000e-02 -1.618652343750000000e-01
1.017578125000000000e+00 -7.568359375000000000e-02 -2.160644531250000000e-01
1.017578125000000000e+00 -7.568359375000000000e-02 -2.160644531250000000e-01
1.015380859375000000e+00 -7.861328125000000000e-02 -1.589355468750000000e-01
1.017822265625000000e+00 -7.958984375000000000e-02 -1.611328125000000000e-01
1.016357421875000000e+00 -7.861328125000000000e-02 -1.630859375000000000e-01
1.014648437500000000e+00 -7.324218750000000000e-02 -1.621093750000000000e-01
1.014892578125000000e+00 -7.568359375000000000e-02 -1.662597656250000000e-01
1.009765625000000000e+00 -7.495117187500000000e-02 -1.669921875000000000e-01
1.024169921875000000e+00 -7.641601562500000000e-02 -1.657714843750000000e-01
1.011962890625000000e+00 -7.666015625000000000e-02 -1.699218750000000000e-01
1.008056640625000000e+00 -7.421875000000000000e-02 -1.745605468750000000e-01
1.014404296875000000e+00 -7.934570312500000000e-02 -1.791992187500000000e-01
1.005615234375000000e+00 -8.203125000000000000e-02 -2.568359375000000000e-01
1.006591796875000000e+00 -7.226562500000000000e-02 -2.551269531250000000e-01
1.003173828125000000e+00 -7.446289062500000000e-02 -2.619628906250000000e-01
1.007080078125000000e+00 -6.884765625000000000e-02 -2.763671875000000000e-01
1.001953125000000000e+00 -7.153320312500000000e-02 -2.785644531250000000e-01
9.353027343750000000e-01 -7.568359375000000000e-02 -2.370605468750000000e-01
9.228515625000000000e-01 -7.617187500000000000e-02 -2.431640625000000000e-01
9.184570312500000000e-01 -8.129882812500000000e-02 -3.359375000000000000e-01
9.160156250000000000e-01 -7.250976562500000000e-02 -2.814941406250000000e-01
9.082031250000000000e-01 -7.080078125000000000e-02 -3.432617187500000000e-01
9.489746093750000000e-01 -7.421875000000000000e-02 -3.334960937500000000e-01
9.614257812500000000e-01 -8.251953125000000000e-02 -3.413085937500000000e-01
9.602050781250000000e-01 -3.466796875000000000e-02 -2.399902343750000000e-01
9.074707031250000000e-01 -6.982421875000000000e-02 -2.834472656250000000e-01
9.077148437500000000e-01 -8.862304687500000000e-02 -3.005371093750000000e-01
9.077148437500000000e-01 -7.373046875000000000e-02 -3.681640625000000000e-01
8.947753906250000000e-01 -7.592773437500000000e-02 -4.448242187500000000e-01
8.669433593750000000e-01 -7.568359375000000000e-02 -3.635253906250000000e-01
7.956542968750000000e-01 -7.128906250000000000e-02 -3.671875000000000000e-01
8.452148437500000000e-01 -9.130859375000000000e-02 -4.936523437500000000e-01
6.625976562500000000e-01 -6.103515625000000000e-02 -5.270996093750000000e-01
6.281738281250000000e-01 -1.508789062500000000e-01 -4.455566406250000000e-01
7.541503906250000000e-01 -8.544921875000000000e-02 -5.344238281250000000e-01
6.799316406250000000e-01 -7.226562500000000000e-02 -5.544433593750000000e-01
7.011718750000000000e-01 -3.442382812500000000e-02 -7.434082031250000000e-01
3.684082031250000000e-01 -1.923828125000000000e-01 -8.239746093750000000e-01
3.977050781250000000e-01 -1.577148437500000000e-01 -8.454589843750000000e-01
1.437988281250000000e-01 -1.672363281250000000e-01 -8.583984375000000000e-01
3.662109375000000000e-03 -1.032714843750000000e-01 -8.666992187500000000e-01
-1.435546875000000000e-01 -1.042480468750000000e-01 -8.051757812500000000e-01
-9.863281250000000000e-02 -2.734375000000000000e-02 -7.343750000000000000e-01
-1.435546875000000000e-01 -7.519531250000000000e-02 -6.867675781250000000e-01
-1.916503906250000000e-01 -1.052246093750000000e-01 -7.536621093750000000e-01
-1.496582031250000000e-01 -8.691406250000000000e-02 -7.788085937500000000e-01
-1.105957031250000000e-01 -3.149414062500000000e-02 -6.787109375000000000e-01
-3.955078125000000000e-02 -1.381835937500000000e-01 -6.711425781250000000e-01
3.637695312500000000e-02 -1.279296875000000000e-01 -7.150878906250000000e-01
3.129882812500000000e-01 -1.467285156250000000e-01 -1.017333984375000000e+00
5.170898437500000000e-01 -1.137695312500000000e-01 -1.263427734375000000e+00
5.151367187500000000e-01 -1.481933593750000000e-01 -1.469482421875000000e+00
7.077636718750000000e-01 -1.477050781250000000e-01 -1.492675781250000000e+00
7.443847656250000000e-01 -4.077148437500000000e-02 -1.201171875000000000e+00
7.009277343750000000e-01 1.318359375000000000e-02 -6.650390625000000000e-01
6.611328125000000000e-01 -9.277343750000000000e-03 -4.536132812500000000e-01
6.811523437500000000e-01 7.641601562500000000e-02 -3.291015625000000000e-01
7.517089843750000000e-01 7.324218750000000000e-04 -3.669433593750000000e-01
8.244628906250000000e-01 3.173828125000000000e-03 -5.068359375000000000e-01
8.918457031250000000e-01 -6.665039062500000000e-02 -4.702148437500000000e-01
9.606933593750000000e-01 2.050781250000000000e-02 -5.134277343750000000e-01
9.167480468750000000e-01 -2.416992187500000000e-02 -4.291992187500000000e-01
9.685058593750000000e-01 6.811523437500000000e-02 -4.685058593750000000e-01
9.504394531250000000e-01 7.470703125000000000e-02 -3.466796875000000000e-01
8.608398437500000000e-01 7.788085937500000000e-02 -3.923339843750000000e-01
8.554687500000000000e-01 7.568359375000000000e-02 -3.464355468750000000e-01
8.464355468750000000e-01 5.883789062500000000e-02 -4.536132812500000000e-01
7.861328125000000000e-01 9.252929687500000000e-02 -4.895019531250000000e-01
8.010253906250000000e-01 7.397460937500000000e-02 -5.676269531250000000e-01
8.264160156250000000e-01 1.726074218750000000e-01 -7.055664062500000000e-01
8.415527343750000000e-01 2.619628906250000000e-01 -6.010742187500000000e-01
7.663574218750000000e-01 2.937011718750000000e-01 -5.678710937500000000e-01
7.514648437500000000e-01 3.981933593750000000e-01 -3.715820312500000000e-01
7.648925781250000000e-01 4.172363281250000000e-01 -3.942871093750000000e-01
6.635742187500000000e-01 6.381835937500000000e-01 -3.381347656250000000e-01
6.110839843750000000e-01 7.041015625000000000e-01 -2.038574218750000000e-01
5.622558593750000000e-01 5.354003906250000000e-01 -2.719726562500000000e-01
5.695800781250000000e-01 6.530761718750000000e-01 -1.389160156250000000e-01
4.985351562500000000e-01 5.610351562500000000e-01 4.980468750000000000e-02
5.524902343750000000e-01 8.303222656250000000e-01 1.452636718750000000e-01
6.962890625000000000e-01 9.243164062500000000e-01 2.470703125000000000e-01
6.401367187500000000e-01 9.726562500000000000e-01 4.252929687500000000e-01
5.686035156250000000e-01 1.001708984375000000e+00 4.833984375000000000e-01
4.304199218750000000e-01 8.640136718750000000e-01 5.822753906250000000e-01
4.606933593750000000e-01 7.832031250000000000e-01 5.122070312500000000e-01
5.278320312500000000e-01 6.923828125000000000e-01 5.090332031250000000e-01
5.300292968750000000e-01 6.975097656250000000e-01 5.734863281250000000e-01
4.936523437500000000e-01 6.242675781250000000e-01 6.264648437500000000e-01
5.771484375000000000e-01 6.308593750000000000e-01 6.210937500000000000e-01
5.622558593750000000e-01 4.973144531250000000e-01 7.609863281250000000e-01
6.479492187500000000e-01 5.187988281250000000e-01 7.460937500000000000e-01
5.419921875000000000e-01 3.940429687500000000e-01 7.333984375000000000e-01
6.313476562500000000e-01 2.453613281250000000e-01 8.435058593750000000e-01
6.386718750000000000e-01 1.237792968750000000e-01 9.414062500000000000e-01
5.527343750000000000e-01 -1.074218750000000000e-02 9.731445312500000000e-01
4.609375000000000000e-01 -1.247558593750000000e-01 1.033691406250000000e+00
5.007324218750000000e-01 -1.931152343750000000e-01 1.021728515625000000e+00
5.170898437500000000e-01 -1.220703125000000000e-01 1.008300781250000000e+00
3.811035156250000000e-01 -5.859375000000000000e-03 9.311523437500000000e-01
6.110839843750000000e-01 1.286621093750000000e-01 8.688964843750000000e-01
9.760742187500000000e-01 4.528808593750000000e-01 1.075927734375000000e+00
5.297851562500000000e-01 2.937011718750000000e-01 1.084960937500000000e+00
4.609375000000000000e-01 2.521972656250000000e-01 8.227539062500000000e-01
2.727050781250000000e-01 2.065429687500000000e-01 8.776855468750000000e-01
1.904296875000000000e-01 1.398925781250000000e-01 9.592285156250000000e-01
2.653808593750000000e-01 1.918945312500000000e-01 1.047607421875000000e+00
2.128906250000000000e-01 1.481933593750000000e-01 1.230224609375000000e+00
1.896972656250000000e-01 4.492187500000000000e-02 1.250732421875000000e+00
2.377929687500000000e-01 8.251953125000000000e-02 1.039062500000000000e+00
4.252929687500000000e-01 8.886718750000000000e-02 1.004150390625000000e+00
1.430664062500000000e-01 5.883789062500000000e-02 9.155273437500000000e-01
2.719726562500000000e-01 5.688476562500000000e-02 1.076171875000000000e+00
2.707519531250000000e-01 1.281738281250000000e-01 1.121337890625000000e+00
2.412109375000000000e-01 5.297851562500000000e-02 1.096679687500000000e+00
3.237304687500000000e-01 9.033203125000000000e-02 1.092529296875000000e+00
2.431640625000000000e-01 8.789062500000000000e-02 1.075683593750000000e+00
2.712402343750000000e-01 4.003906250000000000e-02 1.084472656250000000e+00
2.717285156250000000e-01 4.345703125000000000e-02 1.047363281250000000e+00
2.812500000000000000e-01 8.398437500000000000e-02 1.083251953125000000e+00
2.749023437500000000e-01 9.082031250000000000e-02 1.045166015625000000e+00
2.287597656250000000e-01 3.588867187500000000e-02 1.061035156250000000e+00
2.407226562500000000e-01 4.638671875000000000e-02 1.041259765625000000e+00
2.368164062500000000e-01 4.541015625000000000e-02 1.032958984375000000e+00
2.297363281250000000e-01 3.613281250000000000e-02 1.072998046875000000e+00
2.253417968750000000e-01 8.959960937500000000e-02 1.064208984375000000e+00
2.634277343750000000e-01 3.857421875000000000e-02 1.036376953125000000e+00
2.512207031250000000e-01 9.375000000000000000e-02 1.059326171875000000e+00
2.836914062500000000e-01 7.055664062500000000e-02 1.098876953125000000e+00
2.695312500000000000e-01 -3.173828125000000000e-03 1.076171875000000000e+00
2.199707031250000000e-01 8.056640625000000000e-02 1.084228515625000000e+00
2.731933593750000000e-01 8.618164062500000000e-02 1.079101562500000000e+00
2.780761718750000000e-01 4.028320312500000000e-02 1.036376953125000000e+00
2.575683593750000000e-01 5.151367187500000000e-02 1.058593750000000000e+00
2.626953125000000000e-01 4.736328125000000000e-02 1.051025390625000000e+00
2.805175781250000000e-01 3.491210937500000000e-02 1.091064453125000000e+00
2.683105468750000000e-01 8.715820312500000000e-02 1.086425781250000000e+00
2.575683593750000000e-01 8.398437500000000000e-02 1.041748046875000000e+00
2.517089843750000000e-01 8.862304687500000000e-02 1.041259765625000000e+00
1.713867187500000000e-01 9.350585937500000000e-02 1.057861328125000000e+00
1.726074218750000000e-01 3.833007812500000000e-02 1.126220703125000000e+00
1.750488281250000000e-01 3.588867187500000000e-02 1.052246093750000000e+00
1.777343750000000000e-01 9.179687500000000000e-02 1.046386718750000000e+00
1.752929687500000000e-01 8.935546875000000000e-02 1.048095703125000000e+00
1.757812500000000000e-01 9.301757812500000000e-02 1.050781250000000000e+00
1.755371093750000000e-01 3.173828125000000000e-02 1.053466796875000000e+00
1.784667968750000000e-01 3.515625000000000000e-02 1.056884765625000000e+00
1.857910156250000000e-01 9.082031250000000000e-02 1.053222656250000000e+00
2.556152343750000000e-01 9.204101562500000000e-02 1.051025390625000000e+00
2.666015625000000000e-01 9.252929687500000000e-02 1.045166015625000000e+00
2.712402343750000000e-01 3.271484375000000000e-02 1.033203125000000000e+00
2.744140625000000000e-01 3.149414062500000000e-02 1.036865234375000000e+00
2.307128906250000000e-01 8.911132812500000000e-02 1.048095703125000000e+00
2.348632812500000000e-01 9.082031250000000000e-02 1.091308593750000000e+00
2.253417968750000000e-01 8.691406250000000000e-02 1.090576171875000000e+00
2.275390625000000000e-01 9.106445312500000000e-02 1.092773437500000000e+00
2.248535156250000000e-01 8.862304687500000000e-02 1.085693359375000000e+00
2.338867187500000000e-01 6.835937500000000000e-02 1.135253906250000000e+00
2.106933593750000000e-01 5.468750000000000000e-02 1.019531250000000000e+00
3.996582031250000000e-01 5.761718750000000000e-02 1.104248046875000000e+00
3.757324218750000000e-01 8.300781250000000000e-02 1.028320312500000000e+00
4.001464843750000000e-01 8.227539062500000000e-02 1.004882812500000000e+00
4.331054687500000000e-01 1.450195312500000000e-01 1.083740234375000000e+00
5.041503906250000000e-01 9.741210937500000000e-02 1.024414062500000000e+00
4.362792968750000000e-01 2.077636718750000000e-01 1.000244140625000000e+00
4.299316406250000000e-01 1.669921875000000000e-01 9.296875000000000000e-01
4.296875000000000000e-01 1.967773437500000000e-01 1.025390625000000000e+00
4.082031250000000000e-01 1.638183593750000000e-01 9.150390625000000000e-01
4.238281250000000000e-01 1.755371093750000000e-01 9.169921875000000000e-01
4.421386718750000000e-01 2.651367187500000000e-01 1.020263671875000000e+00
4.523925781250000000e-01 3.395996093750000000e-01 9.975585937500000000e-01
5.251464843750000000e-01 1.604003906250000000e-01 1.019531250000000000e+00
4.973144531250000000e-01 1.960449218750000000e-01 1.017333984375000000e+00
5.324707031250000000e-01 1.958007812500000000e-01 9.560546875000000000e-01
5.874023437500000000e-01 2.595214843750000000e-01 8.913574218750000000e-01
5.363769531250000000e-01 3.220214843750000000e-01 8.737792968750000000e-01
5.693359375000000000e-01 1.623535156250000000e-01 9.406738281250000000e-01
5.202636718750000000e-01 2.163085937500000000e-01 9.621582031250000000e-01
5.019531250000000000e-01 1.752929687500000000e-01 1.004150390625000000e+00
5.310058593750000000e-01 1.821289062500000000e-01 1.007812500000000000e+00
4.697265625000000000e-01 1.767578125000000000e-01 1.005371093750000000e+00
4.599609375000000000e-01 2.644042968750000000e-01 9.548339843750000000e-01
3.518066406250000000e-01 1.450195312500000000e-01 1.070556640625000000e+00
3.535156250000000000e-01 3.815917968750000000e-01 1.019775390625000000e+00
4.169921875000000000e-01 3.813476562500000000e-01 1.011230468750000000e+00
5.095214843750000000e-01 3.762207031250000000e-01 8.007812500000000000e-01
5.937500000000000000e-01 3.525390625000000000e-01 7.490234375000000000e-01
6.674804687500000000e-01 4.985351562500000000e-01 6.547851562500000000e-01
7.893066406250000000e-01 6.887207031250000000e-01 6.398925781250000000e-01
7.905273437500000000e-01 5.749511718750000000e-01 4.973144531250000000e-01
9.138183593750000000e-01 4.348144531250000000e-01 4.843750000000000000e-01
8.764648437500000000e-01 4.184570312500000000e-01 3.361816406250000000e-01
8.024902343750000000e-01 4.824218750000000000e-01 1.845703125000000000e-01
8.012695312500000000e-01 5.087890625000000000e-01 6.909179687500000000e-02
7.192382812500000000e-01 4.697265625000000000e-01 7.299804687500000000e-02
8.134765625000000000e-01 4.790039062500000000e-01 -1.486816406250000000e-01
7.253417968750000000e-01 5.356445312500000000e-01 -1.628417968750000000e-01
7.756347656250000000e-01 5.969238281250000000e-01 -2.126464843750000000e-01
7.797851562500000000e-01 6.254882812500000000e-01 -1.791992187500000000e-01
7.402343750000000000e-01 4.995117187500000000e-01 -1.806640625000000000e-01
