9.956054687500000000e-01 -6.640625000000000000e-02 5.932617187500000000e-02
9.956054687500000000e-01 -6.640625000000000000e-02 5.932617187500000000e-02
9.956054687500000000e-01 -6.640625000000000000e-02 5.932617187500000000e-02
9.956054687500000000e-01 -6.640625000000000000e-02 5.932617187500000000e-02
1.087402343750000000e+00 -6.787109375000000000e-02 5.151367187500000000e-02
1.000000000000000000e+00 -8.422851562500000000e-02 5.078125000000000000e-02
9.943847656250000000e-01 -8.276367187500000000e-02 1.320800781250000000e-01
9.990234375000000000e-01 -7.495117187500000000e-02 5.371093750000000000e-02
1.066162109375000000e+00 4.638671875000000000e-03 1.386718750000000000e-01
1.068115234375000000e+00 2.392578125000000000e-02 5.859375000000000000e-02
1.066894531250000000e+00 3.051757812500000000e-02 4.931640625000000000e-02
9.995117187500000000e-01 -3.076171875000000000e-02 5.395507812500000000e-02
9.858398437500000000e-01 6.591796875000000000e-03 1.323242187500000000e-01
9.960937500000000000e-01 -8.593750000000000000e-02 1.318359375000000000e-01
9.855957031250000000e-01 -8.374023437500000000e-02 1.376953125000000000e-01
1.064941406250000000e+00 -9.033203125000000000e-02 1.376953125000000000e-01
9.965820312500000000e-01 -7.080078125000000000e-02 1.433105468750000000e-01
1.064941406250000000e+00 2.197265625000000000e-03 1.340332031250000000e-01
9.965820312500000000e-01 -6.689453125000000000e-02 1.440429687500000000e-01
1.063964843750000000e+00 2.197265625000000000e-03 1.372070312500000000e-01
9.943847656250000000e-01 1.220703125000000000e-03 1.445312500000000000e-01
9.997558593750000000e-01 1.049804687500000000e-02 1.379394531250000000e-01
9.946289062500000000e-01 1.245117187500000000e-02 1.367187500000000000e-01
9.895019531250000000e-01 1.464843750000000000e-02 1.450195312500000000e-01
9.975585937500000000e-01 9.277343750000000000e-03 1.398925781250000000e-01
9.970703125000000000e-01 7.324218750000000000e-04 1.423339843750000000e-01
1.064208984375000000e+00 4.882812500000000000e-03 1.369628906250000000e-01
9.965820312500000000e-01 -6.372070312500000000e-02 1.408691406250000000e-01
9.943847656250000000e-01 -6.689453125000000000e-02 1.337890625000000000e-01
9.985351562500000000e-01 4.882812500000000000e-04 1.328125000000000000e-01
9.968261718750000000e-01 -7.055664062500000000e-02 1.337890625000000000e-01
9.946289062500000000e-01 -7.373046875000000000e-02 6.176757812500000000e-02
1.067871093750000000e+00 -7.788085937500000000e-02 5.468750000000000000e-02
9.997558593750000000e-01 -7.250976562500000000e-02 5.932617187500000000e-02
1.069091796875000000e+00 6.103515625000000000e-03 4.907226562500000000e-02
1.072265625000000000e+00 -3.002929687500000000e-02 9.326171875000000000e-02
1.074462890625000000e+00 -2.270507812500000000e-02 4.223632812500000000e-02
1.067626953125000000e+00 -8.740234375000000000e-02 5.004882812500000000e-02
1.032226562500000000e+00 3.076171875000000000e-02 8.959960937500000000e-02
1.075927734375000000e+00 -4.614257812500000000e-02 -4.565429687500000000e-02
9.541015625000000000e-01 -3.393554687500000000e-02 -9.277343750000000000e-02
9.362792968750000000e-01 -2.136230468750000000e-01 1.333007812500000000e-01
1.043701171875000000e+00 -1.325683593750000000e-01 7.324218750000000000e-02
9.353027343750000000e-01 -1.049804687500000000e-02 1.315917968750000000e-01
9.331054687500000000e-01 -1.403808593750000000e-01 -8.251953125000000000e-02
8.989257812500000000e-01 -2.011718750000000000e-01 -1.311035156250000000e-01
9.501953125000000000e-01 -1.772460937500000000e-01 -9.204101562500000000e-02
8.972167968750000000e-01 -1.333007812500000000e-01 -2.426757812500000000e-01
8.002929687500000000e-01 -9.497070312500000000e-02 -1.848144531250000000e-01
1.062988281250000000e+00 -1.115722656250000000e-01 -3.317871093750000000e-01
7.973632812500000000e-01 1.643066406250000000e-01 -5.175781250000000000e-01
8.205566406250000000e-01 7.812500000000000000e-03 -5.729980468750000000e-01
4.829101562500000000e-01 1.782226562500000000e-02 -4.582519531250000000e-01
5.869140625000000000e-01 1.730957031250000000e-01 -7.072753906250000000e-01
4.091796875000000000e-01 1.269531250000000000e-02 -5.747070312500000000e-01
3.203125000000000000e-01 -1.464843750000000000e-02 -8.903808593750000000e-01
1.860351562500000000e-01 -1.074218750000000000e-01 -8.171386718750000000e-01
8.056640625000000000e-02 8.251953125000000000e-02 -1.013183593750000000e+00
-1.291503906250000000e-01 1.025390625000000000e-02 -9.619140625000000000e-01
-2.678222656250000000e-01 1.416015625000000000e-02 -8.459472656250000000e-01
-3.801269531250000000e-01 -1.096191406250000000e-01 -8.442382812500000000e-01
-3.134765625000000000e-01 -1.376953125000000000e-01 -8.942871093750000000e-01
-2.639160156250000000e-01 -5.395507812500000000e-02 -1.034423828125000000e+00
-3.190917968750000000e-01 -1.010742187500000000e-01 -9.233398437500000000e-01
-1.901855468750000000e-01 -1.132812500000000000e-01 -9.426269531250000000e-01
-6.054687500000000000e-02 -1.477050781250000000e-01 -1.028320312500000000e+00
-1.245117187500000000e-02 -1.174316406250000000e-01 -9.284667968750000000e-01
1.311035156250000000e-01 -1.022949218750000000e-01 -9.816894531250000000e-01
1.794433593750000000e-01 -1.079101562500000000e-01 -1.051025390625000000e+00
4.057617187500000000e-01 -2.744140625000000000e-01 -1.141601562500000000e+00
5.043945312500000000e-01 -2.219238281250000000e-01 -1.112060546875000000e+00
5.708007812500000000e-01 -3.486328125000000000e-01 -1.074218750000000000e+00
6.896972656250000000e-01 -3.349609375000000000e-01 -7.312011718750000000e-01
6.958007812500000000e-01 -2.832031250000000000e-01 -4.958496093750000000e-01
7.336425781250000000e-01 -1.594238281250000000e-01 -4.667968750000000000e-01
7.907714843750000000e-01 -2.275390625000000000e-01 -3.037109375000000000e-01
9.006347656250000000e-01 -2.851562500000000000e-01 -2.790527343750000000e-01
8.513183593750000000e-01 -3.935546875000000000e-01 -4.736328125000000000e-02
9.130859375000000000e-01 -4.689941406250000000e-01 7.177734375000000000e-02
1.088378906250000000e+00 -4.145507812500000000e-01 1.337890625000000000e-01
1.009765625000000000e+00 -4.140625000000000000e-01 2.014160156250000000e-01
1.051269531250000000e+00 -4.082031250000000000e-01 2.480468750000000000e-01
8.637695312500000000e-01 -4.106445312500000000e-01 2.312011718750000000e-01
9.179687500000000000e-01 -3.420410156250000000e-01 3.476562500000000000e-01
7.265625000000000000e-01 -3.671875000000000000e-01 5.268554687500000000e-01
7.509765625000000000e-01 -1.765136718750000000e-01 3.066406250000000000e-01
8.515625000000000000e-01 -4.064941406250000000e-01 6.320800781250000000e-01
7.802734375000000000e-01 -3.234863281250000000e-01 5.810546875000000000e-01
8.908691406250000000e-01 -2.248535156250000000e-01 6.970214843750000000e-01
8.183593750000000000e-01 4.882812500000000000e-03 9.489746093750000000e-01
7.719726562500000000e-01 9.375000000000000000e-02 8.308105468750000000e-01
7.531738281250000000e-01 3.044433593750000000e-01 1.047607421875000000e+00
4.562988281250000000e-01 3.281250000000000000e-01 7.233886718750000000e-01
6.743164062500000000e-01 4.846191406250000000e-01 1.040771484375000000e+00
2.495117187500000000e-01 4.609375000000000000e-01 8.088378906250000000e-01
7.182617187500000000e-01 5.070800781250000000e-01 7.888183593750000000e-01
2.871093750000000000e-01 6.093750000000000000e-01 9.685058593750000000e-01
5.219726562500000000e-01 5.847167968750000000e-01 5.605468750000000000e-01
1.694335937500000000e-01 6.318359375000000000e-01 9.533691406250000000e-01
2.424316406250000000e-01 4.228515625000000000e-01 6.889648437500000000e-01
3.256835937500000000e-01 4.926757812500000000e-01 9.428710937500000000e-01
4.184570312500000000e-01 4.106445312500000000e-01 7.819824218750000000e-01
5.253906250000000000e-01 5.146484375000000000e-01 1.203613281250000000e+00
5.136718750000000000e-01 2.343750000000000000e-01 1.083496093750000000e+00
4.409179687500000000e-01 -6.884765625000000000e-02 1.214355468750000000e+00
3.295898437500000000e-01 -1.330566406250000000e-01 1.126464843750000000e+00
3.405761718750000000e-01 -1.052246093750000000e-01 1.083007812500000000e+00
2.050781250000000000e-01 -1.342773437500000000e-01 1.022460937500000000e+00
2.626953125000000000e-01 6.835937500000000000e-03 1.035400390625000000e+00
1.586914062500000000e-01 3.906250000000000000e-03 1.024169921875000000e+00
1.577148437500000000e-01 5.859375000000000000e-03 1.151611328125000000e+00
2.717285156250000000e-01 -2.734375000000000000e-02 1.325439453125000000e+00
1.647949218750000000e-01 3.076171875000000000e-02 1.323974609375000000e+00
1.423339843750000000e-01 8.520507812500000000e-02 1.050048828125000000e+00
6.494140625000000000e-02 1.220703125000000000e-03 8.708496093750000000e-01
-4.150390625000000000e-03 -1.149902343750000000e-01 7.495117187500000000e-01
-6.958007812500000000e-02 -1.665039062500000000e-01 7.187500000000000000e-01
7.788085937500000000e-02 -1.442871093750000000e-01 7.802734375000000000e-01
1.831054687500000000e-01 3.100585937500000000e-02 1.040527343750000000e+00
1.701660156250000000e-01 2.734375000000000000e-02 1.516601562500000000e+00
3.613281250000000000e-01 1.386718750000000000e-01 1.693847656250000000e+00
3.168945312500000000e-01 -2.465820312500000000e-02 1.381103515625000000e+00
1.142578125000000000e-01 7.910156250000000000e-02 9.792480468750000000e-01
6.250000000000000000e-02 3.515625000000000000e-02 8.051757812500000000e-01
1.145019531250000000e-01 5.273437500000000000e-02 8.330078125000000000e-01
1.875000000000000000e-01 3.393554687500000000e-02 9.262695312500000000e-01
3.386230468750000000e-01 4.321289062500000000e-02 1.108642578125000000e+00
3.408203125000000000e-01 -5.859375000000000000e-03 1.331054687500000000e+00
2.268066406250000000e-01 -6.591796875000000000e-03 1.236083984375000000e+00
2.602539062500000000e-01 1.611328125000000000e-02 1.045166015625000000e+00
2.592773437500000000e-01 -6.323242187500000000e-02 9.064941406250000000e-01
1.860351562500000000e-01 3.662109375000000000e-03 9.548339843750000000e-01
2.729492187500000000e-01 5.615234375000000000e-03 1.020996093750000000e+00
2.749023437500000000e-01 -3.100585937500000000e-02 1.115478515625000000e+00
2.451171875000000000e-01 2.832031250000000000e-02 1.184082031250000000e+00
2.343750000000000000e-01 -1.074218750000000000e-02 1.212646484375000000e+00
2.687988281250000000e-01 -2.197265625000000000e-03 1.152587890625000000e+00
1.870117187500000000e-01 6.616210937500000000e-02 9.758300781250000000e-01
1.816406250000000000e-01 -4.882812500000000000e-04 9.211425781250000000e-01
2.568359375000000000e-01 -3.417968750000000000e-03 9.868164062500000000e-01
2.253417968750000000e-01 -8.544921875000000000e-03 1.132324218750000000e+00
2.316894531250000000e-01 -1.806640625000000000e-02 1.214599609375000000e+00
2.199707031250000000e-01 -2.709960937500000000e-02 1.197998046875000000e+00
2.644042968750000000e-01 2.734375000000000000e-02 1.049560546875000000e+00
1.828613281250000000e-01 2.416992187500000000e-02 9.833984375000000000e-01
2.512207031250000000e-01 -2.978515625000000000e-02 9.821777343750000000e-01
2.692871093750000000e-01 -2.539062500000000000e-02 1.077392578125000000e+00
2.788085937500000000e-01 -1.684570312500000000e-02 1.146728515625000000e+00
3.168945312500000000e-01 -1.611328125000000000e-02 1.114746093750000000e+00
2.580566406250000000e-01 -1.049804687500000000e-02 1.148681640625000000e+00
2.509765625000000000e-01 -1.538085937500000000e-02 1.037841796875000000e+00
1.867675781250000000e-01 -1.928710937500000000e-02 9.853515625000000000e-01
2.509765625000000000e-01 -2.001953125000000000e-02 1.070068359375000000e+00
2.790527343750000000e-01 -2.758789062500000000e-02 1.050292968750000000e+00
2.287597656250000000e-01 3.027343750000000000e-02 1.148437500000000000e+00
2.199707031250000000e-01 -2.856445312500000000e-02 1.112792968750000000e+00
2.775878906250000000e-01 -2.905273437500000000e-02 1.045898437500000000e+00
2.546386718750000000e-01 -2.465820312500000000e-02 1.065917968750000000e+00
2.607421875000000000e-01 -2.221679687500000000e-02 1.065185546875000000e+00
2.695312500000000000e-01 -1.977539062500000000e-02 1.042968750000000000e+00
2.207031250000000000e-01 -1.733398437500000000e-02 1.128417968750000000e+00
2.216796875000000000e-01 -2.294921875000000000e-02 1.129638671875000000e+00
2.700195312500000000e-01 -2.197265625000000000e-02 1.137207031250000000e+00
2.600097656250000000e-01 -2.050781250000000000e-02 1.048828125000000000e+00
2.653808593750000000e-01 -2.416992187500000000e-02 1.090820312500000000e+00
2.614746093750000000e-01 -2.368164062500000000e-02 1.089843750000000000e+00
2.192382812500000000e-01 -2.539062500000000000e-02 1.061035156250000000e+00
2.243652343750000000e-01 -2.197265625000000000e-02 1.051025390625000000e+00
2.705078125000000000e-01 -1.391601562500000000e-02 1.137207031250000000e+00
2.614746093750000000e-01 -1.660156250000000000e-02 1.044189453125000000e+00
1.862792968750000000e-01 -1.684570312500000000e-02 1.049560546875000000e+00
2.805175781250000000e-01 -2.490234375000000000e-02 1.084960937500000000e+00
2.614746093750000000e-01 -1.953125000000000000e-02 1.045166015625000000e+00
2.790527343750000000e-01 -1.855468750000000000e-02 1.053222656250000000e+00
2.282714843750000000e-01 -2.026367187500000000e-02 1.175048828125000000e+00
3.806152343750000000e-01 -2.270507812500000000e-02 9.946289062500000000e-01
2.768554687500000000e-01 9.277343750000000000e-03 1.197753906250000000e+00
3.510742187500000000e-01 6.396484375000000000e-02 9.282226562500000000e-01
3.918457031250000000e-01 -1.884765625000000000e-01 9.174804687500000000e-01
4.174804687500000000e-01 -1.918945312500000000e-01 9.914550781250000000e-01
3.503417968750000000e-01 -8.959960937500000000e-02 1.110839843750000000e+00
2.883300781250000000e-01 1.750488281250000000e-01 1.145996093750000000e+00
3.312988281250000000e-01 2.233886718750000000e-01 1.047851562500000000e+00
2.980957031250000000e-01 6.176757812500000000e-02 8.874511718750000000e-01
3.896484375000000000e-01 2.197265625000000000e-02 8.078613281250000000e-01
2.626953125000000000e-01 4.150390625000000000e-02 9.626464843750000000e-01
5.815429687500000000e-01 -3.415527343750000000e-01 1.078369140625000000e+00
7.126464843750000000e-01 -1.098632812500000000e-01 1.276367187500000000e+00
5.541992187500000000e-01 -1.218261718750000000e-01 1.245361328125000000e+00
4.262695312500000000e-01 -1.618652343750000000e-01 1.041748046875000000e+00
5.883789062500000000e-01 -1.748046875000000000e-01 8.847656250000000000e-01
6.374511718750000000e-01 -2.004394531250000000e-01 5.524902343750000000e-01
8.349609375000000000e-01 -4.067382812500000000e-01 4.802246093750000000e-01
8.720703125000000000e-01 -5.571289062500000000e-01 5.112304687500000000e-01
7.282714843750000000e-01 -5.483398437500000000e-01 2.067871093750000000e-01
9.899902343750000000e-01 -6.877441406250000000e-01 2.795410156250000000e-01
6.818847656250000000e-01 -4.523925781250000000e-01 3.417968750000000000e-02
8.999023437500000000e-01 -5.629882812500000000e-01 1.613769531250000000e-01
6.777343750000000000e-01 -5.129394531250000000e-01 -1.862792968750000000e-01
7.375488281250000000e-01 -4.755859375000000000e-01 -1.389160156250000000e-01
