7.526855468750000000e-01 -2.246093750000000000e-02 -6.030273437500000000e-01
7.526855468750000000e-01 -2.246093750000000000e-02 -6.030273437500000000e-01
7.529296875000000000e-01 -2.294921875000000000e-02 -6.018066406250000000e-01
7.529296875000000000e-01 -2.294921875000000000e-02 -6.018066406250000000e-01
7.529296875000000000e-01 -2.294921875000000000e-02 -6.018066406250000000e-01
7.531738281250000000e-01 -2.416992187500000000e-02 -6.103515625000000000e-01
7.561035156250000000e-01 -2.416992187500000000e-02 -6.030273437500000000e-01
7.563476562500000000e-01 -2.490234375000000000e-02 -6.064453125000000000e-01
6.875000000000000000e-01 -2.661132812500000000e-02 -6.110839843750000000e-01
7.519531250000000000e-01 -2.636718750000000000e-02 -6.093750000000000000e-01
7.556152343750000000e-01 -2.539062500000000000e-02 -6.066894531250000000e-01
6.855468750000000000e-01 -2.490234375000000000e-02 -6.152343750000000000e-01
7.519531250000000000e-01 -2.270507812500000000e-02 -6.040039062500000000e-01
7.558593750000000000e-01 -2.465820312500000000e-02 -6.054687500000000000e-01
7.583007812500000000e-01 -2.294921875000000000e-02 -6.152343750000000000e-01
7.514648437500000000e-01 -2.441406250000000000e-02 -6.020507812500000000e-01
7.519531250000000000e-01 -2.392578125000000000e-02 -6.064453125000000000e-01
6.867675781250000000e-01 -2.050781250000000000e-02 -6.042480468750000000e-01
6.875000000000000000e-01 -2.392578125000000000e-02 -6.059570312500000000e-01
7.558593750000000000e-01 -2.685546875000000000e-02 -6.030273437500000000e-01
7.529296875000000000e-01 -3.051757812500000000e-02 -6.086425781250000000e-01
6.872558593750000000e-01 2.563476562500000000e-02 -6.105957031250000000e-01
7.539062500000000000e-01 -2.197265625000000000e-02 -6.530761718750000000e-01
7.583007812500000000e-01 -4.394531250000000000e-03 -6.010742187500000000e-01
7.629394531250000000e-01 -7.080078125000000000e-03 -6.091308593750000000e-01
7.629394531250000000e-01 -1.586914062500000000e-02 -6.013183593750000000e-01
7.666015625000000000e-01 -2.563476562500000000e-02 -5.988769531250000000e-01
6.791992187500000000e-01 2.807617187500000000e-02 -5.979003906250000000e-01
7.595214843750000000e-01 -2.929687500000000000e-02 -6.538085937500000000e-01
7.805175781250000000e-01 -3.002929687500000000e-02 -6.538085937500000000e-01
7.687988281250000000e-01 -1.025390625000000000e-02 -5.983886718750000000e-01
7.631835937500000000e-01 -1.489257812500000000e-02 -5.996093750000000000e-01
7.622070312500000000e-01 -2.685546875000000000e-02 -6.025390625000000000e-01
7.614746093750000000e-01 2.612304687500000000e-02 -6.059570312500000000e-01
7.548828125000000000e-01 3.100585937500000000e-02 -5.969238281250000000e-01
7.663574218750000000e-01 2.490234375000000000e-02 -6.115722656250000000e-01
7.585449218750000000e-01 -3.125000000000000000e-02 -6.152343750000000000e-01
7.687988281250000000e-01 -2.124023437500000000e-02 -6.088867187500000000e-01
7.543945312500000000e-01 -1.806640625000000000e-02 -6.464843750000000000e-01
7.536621093750000000e-01 -1.879882812500000000e-02 -6.477050781250000000e-01
7.717285156250000000e-01 -1.586914062500000000e-02 -6.091308593750000000e-01
6.569824218750000000e-01 -2.929687500000000000e-03 -6.462402343750000000e-01
6.821289062500000000e-01 -1.904296875000000000e-02 -6.062011718750000000e-01
6.796875000000000000e-01 -2.343750000000000000e-02 -5.998535156250000000e-01
7.077636718750000000e-01 7.348632812500000000e-02 -6.545410156250000000e-01
6.806640625000000000e-01 -6.835937500000000000e-02 -6.228027343750000000e-01
7.648925781250000000e-01 2.539062500000000000e-02 -6.220703125000000000e-01
6.188964843750000000e-01 2.954101562500000000e-02 -6.499023437500000000e-01
7.651367187500000000e-01 2.685546875000000000e-03 -6.977539062500000000e-01
7.114257812500000000e-01 1.196289062500000000e-02 -6.918945312500000000e-01
7.163085937500000000e-01 -6.542968750000000000e-02 -6.088867187500000000e-01
7.561035156250000000e-01 9.033203125000000000e-03 -7.067871093750000000e-01
7.172851562500000000e-01 2.661132812500000000e-02 -6.901855468750000000e-01
7.001953125000000000e-01 1.489257812500000000e-02 -7.050781250000000000e-01
7.133789062500000000e-01 -6.420898437500000000e-02 -6.989746093750000000e-01
7.167968750000000000e-01 1.123046875000000000e-02 -6.621093750000000000e-01
6.650390625000000000e-01 2.441406250000000000e-03 -6.716308593750000000e-01
6.750488281250000000e-01 1.220703125000000000e-02 -7.770996093750000000e-01
6.892089843750000000e-01 1.733398437500000000e-02 -6.811523437500000000e-01
6.462402343750000000e-01 2.270507812500000000e-02 -7.592773437500000000e-01
5.671386718750000000e-01 -1.757812500000000000e-02 -6.586914062500000000e-01
5.585937500000000000e-01 -1.708984375000000000e-03 -6.628417968750000000e-01
6.403808593750000000e-01 -1.123046875000000000e-02 -7.253417968750000000e-01
5.585937500000000000e-01 -2.050781250000000000e-02 -7.661132812500000000e-01
5.981445312500000000e-01 1.757812500000000000e-02 -7.609863281250000000e-01
6.328125000000000000e-01 -1.269531250000000000e-02 -7.722167968750000000e-01
6.430664062500000000e-01 -2.978515625000000000e-02 -7.717285156250000000e-01
6.518554687500000000e-01 -1.782226562500000000e-02 -7.216796875000000000e-01
6.325683593750000000e-01 -1.049804687500000000e-02 -7.653808593750000000e-01
6.503906250000000000e-01 -2.197265625000000000e-02 -7.614746093750000000e-01
6.403808593750000000e-01 -1.000976562500000000e-02 -7.575683593750000000e-01
6.457519531250000000e-01 -1.171875000000000000e-02 -6.843261718750000000e-01
5.939941406250000000e-01 -1.123046875000000000e-02 -6.853027343750000000e-01
6.093750000000000000e-01 -1.074218750000000000e-02 -6.848144531250000000e-01
6.054687500000000000e-01 -2.026367187500000000e-02 -6.735839843750000000e-01
6.193847656250000000e-01 2.734375000000000000e-02 -6.706542968750000000e-01
6.950683593750000000e-01 2.416992187500000000e-02 -6.706542968750000000e-01
6.933593750000000000e-01 1.196289062500000000e-02 -6.589355468750000000e-01
7.006835937500000000e-01 5.371093750000000000e-03 -7.106933593750000000e-01
7.114257812500000000e-01 1.196289062500000000e-02 -6.989746093750000000e-01
7.182617187500000000e-01 2.758789062500000000e-02 -6.994628906250000000e-01
6.699218750000000000e-01 1.684570312500000000e-02 -6.926269531250000000e-01
6.674804687500000000e-01 -2.490234375000000000e-02 -6.936035156250000000e-01
6.823730468750000000e-01 -2.587890625000000000e-02 -6.154785156250000000e-01
6.760253906250000000e-01 2.221679687500000000e-02 -6.237792968750000000e-01
6.757812500000000000e-01 -7.031250000000000000e-02 -6.132812500000000000e-01
7.529296875000000000e-01 -7.934570312500000000e-02 -6.174316406250000000e-01
7.578125000000000000e-01 -7.568359375000000000e-02 -6.188964843750000000e-01
7.543945312500000000e-01 -6.738281250000000000e-02 -6.088867187500000000e-01
6.860351562500000000e-01 -8.056640625000000000e-02 -6.022949218750000000e-01
7.524414062500000000e-01 -7.250976562500000000e-02 -5.954589843750000000e-01
7.590332031250000000e-01 2.685546875000000000e-03 -5.959472656250000000e-01
7.583007812500000000e-01 1.806640625000000000e-02 -6.552734375000000000e-01
7.575683593750000000e-01 1.367187500000000000e-02 -5.947265625000000000e-01
7.634277343750000000e-01 1.782226562500000000e-02 -6.020507812500000000e-01
7.617187500000000000e-01 1.464843750000000000e-02 -6.132812500000000000e-01
7.600097656250000000e-01 3.906250000000000000e-03 -6.044921875000000000e-01
7.570800781250000000e-01 -7.275390625000000000e-02 -5.954589843750000000e-01
7.502441406250000000e-01 -6.982421875000000000e-02 -6.069335937500000000e-01
7.526855468750000000e-01 -7.519531250000000000e-02 -6.057128906250000000e-01
6.811523437500000000e-01 -6.958007812500000000e-02 -6.145019531250000000e-01
6.862792968750000000e-01 1.953125000000000000e-03 -6.184082031250000000e-01
6.872558593750000000e-01 1.293945312500000000e-02 -6.098632812500000000e-01
6.635742187500000000e-01 -7.421875000000000000e-02 -6.201171875000000000e-01
6.804199218750000000e-01 2.685546875000000000e-03 -6.071777343750000000e-01
7.519531250000000000e-01 8.056640625000000000e-03 -6.108398437500000000e-01
7.502441406250000000e-01 6.591796875000000000e-03 -6.052246093750000000e-01
7.675781250000000000e-01 1.293945312500000000e-02 -6.032714843750000000e-01
7.712402343750000000e-01 -1.855468750000000000e-02 -6.506347656250000000e-01
7.600097656250000000e-01 1.025390625000000000e-02 -5.942382812500000000e-01
7.695312500000000000e-01 1.074218750000000000e-02 -6.035156250000000000e-01
7.563476562500000000e-01 -7.080078125000000000e-02 -6.501464843750000000e-01
7.233886718750000000e-01 7.324218750000000000e-03 -5.961914062500000000e-01
7.790527343750000000e-01 -6.787109375000000000e-02 -6.308593750000000000e-01
7.348632812500000000e-01 -6.787109375000000000e-02 -5.541992187500000000e-01
7.446289062500000000e-01 3.027343750000000000e-02 -5.473632812500000000e-01
7.492675781250000000e-01 -2.246093750000000000e-02 -5.622558593750000000e-01
8.127441406250000000e-01 -7.080078125000000000e-02 -6.342773437500000000e-01
7.263183593750000000e-01 1.367187500000000000e-02 -6.250000000000000000e-01
7.487792968750000000e-01 2.661132812500000000e-02 -5.444335937500000000e-01
7.480468750000000000e-01 2.319335937500000000e-02 -5.317382812500000000e-01
7.424316406250000000e-01 2.929687500000000000e-02 -5.351562500000000000e-01
7.402343750000000000e-01 2.246093750000000000e-02 -5.312500000000000000e-01
8.166503906250000000e-01 1.513671875000000000e-02 -5.449218750000000000e-01
8.312988281250000000e-01 2.832031250000000000e-02 -5.573730468750000000e-01
8.220214843750000000e-01 -3.051757812500000000e-02 -5.375976562500000000e-01
8.251953125000000000e-01 3.051757812500000000e-02 -5.895996093750000000e-01
8.134765625000000000e-01 2.685546875000000000e-02 -5.849609375000000000e-01
8.168945312500000000e-01 2.465820312500000000e-02 -5.839843750000000000e-01
8.242187500000000000e-01 2.148437500000000000e-02 -5.317382812500000000e-01
8.203125000000000000e-01 1.928710937500000000e-02 -5.466308593750000000e-01
8.176269531250000000e-01 1.538085937500000000e-02 -5.395507812500000000e-01
7.480468750000000000e-01 1.611328125000000000e-02 -5.329589843750000000e-01
8.164062500000000000e-01 1.806640625000000000e-02 -5.358886718750000000e-01
8.146972656250000000e-01 2.246093750000000000e-02 -5.488281250000000000e-01
7.475585937500000000e-01 2.783203125000000000e-02 -5.412597656250000000e-01
7.485351562500000000e-01 2.612304687500000000e-02 -5.478515625000000000e-01
7.482910156250000000e-01 2.734375000000000000e-02 -5.444335937500000000e-01
7.482910156250000000e-01 2.832031250000000000e-02 -5.529785156250000000e-01
7.460937500000000000e-01 2.636718750000000000e-02 -5.515136718750000000e-01
7.446289062500000000e-01 2.636718750000000000e-02 -5.424804687500000000e-01
7.456054687500000000e-01 2.441406250000000000e-02 -5.449218750000000000e-01
7.443847656250000000e-01 2.807617187500000000e-02 -5.395507812500000000e-01
7.473144531250000000e-01 2.563476562500000000e-02 -5.505371093750000000e-01
7.434082031250000000e-01 2.050781250000000000e-02 -5.441894531250000000e-01
7.487792968750000000e-01 2.172851562500000000e-02 -5.461425781250000000e-01
7.434082031250000000e-01 2.294921875000000000e-02 -5.432128906250000000e-01
7.470703125000000000e-01 1.928710937500000000e-02 -5.444335937500000000e-01
7.497558593750000000e-01 2.343750000000000000e-02 -5.334472656250000000e-01
7.482910156250000000e-01 2.148437500000000000e-02 -5.378417968750000000e-01
7.492675781250000000e-01 2.514648437500000000e-02 -5.468750000000000000e-01
8.161621093750000000e-01 2.416992187500000000e-02 -5.402832031250000000e-01
7.500000000000000000e-01 2.221679687500000000e-02 -5.412597656250000000e-01
7.482910156250000000e-01 2.441406250000000000e-02 -5.385742187500000000e-01
8.132324218750000000e-01 1.977539062500000000e-02 -5.478515625000000000e-01
8.139648437500000000e-01 2.416992187500000000e-02 -5.432128906250000000e-01
8.137207031250000000e-01 2.294921875000000000e-02 -5.422363281250000000e-01
7.465820312500000000e-01 2.148437500000000000e-02 -5.427246093750000000e-01
7.487792968750000000e-01 2.514648437500000000e-02 -5.439453125000000000e-01
7.492675781250000000e-01 2.368164062500000000e-02 -5.454101562500000000e-01
7.438964843750000000e-01 2.294921875000000000e-02 -5.490722656250000000e-01
8.137207031250000000e-01 2.221679687500000000e-02 -5.410156250000000000e-01
7.490234375000000000e-01 2.514648437500000000e-02 -5.356445312500000000e-01
7.495117187500000000e-01 2.636718750000000000e-02 -5.449218750000000000e-01
7.480468750000000000e-01 2.563476562500000000e-02 -5.449218750000000000e-01
7.468261718750000000e-01 2.563476562500000000e-02 -5.458984375000000000e-01
7.441406250000000000e-01 2.294921875000000000e-02 -5.449218750000000000e-01
7.426757812500000000e-01 2.294921875000000000e-02 -5.480957031250000000e-01
7.436523437500000000e-01 2.221679687500000000e-02 -5.522460937500000000e-01
7.468261718750000000e-01 2.612304687500000000e-02 -5.522460937500000000e-01
7.419433593750000000e-01 2.539062500000000000e-02 -5.524902343750000000e-01
7.436523437500000000e-01 2.246093750000000000e-02 -5.527343750000000000e-01
7.412109375000000000e-01 2.465820312500000000e-02 -5.551757812500000000e-01
7.424316406250000000e-01 2.734375000000000000e-02 -5.612792968750000000e-01
7.397460937500000000e-01 1.953125000000000000e-02 -5.566406250000000000e-01
7.358398437500000000e-01 2.441406250000000000e-02 -5.571289062500000000e-01
7.343750000000000000e-01 2.319335937500000000e-02 -5.539550781250000000e-01
7.421875000000000000e-01 2.197265625000000000e-02 -5.573730468750000000e-01
7.392578125000000000e-01 2.465820312500000000e-02 -5.578613281250000000e-01
7.375488281250000000e-01 2.490234375000000000e-02 -5.571289062500000000e-01
7.353515625000000000e-01 2.465820312500000000e-02 -5.571289062500000000e-01
7.360839843750000000e-01 2.539062500000000000e-02 -5.551757812500000000e-01
7.399902343750000000e-01 2.832031250000000000e-02 -5.573730468750000000e-01
7.385253906250000000e-01 2.392578125000000000e-02 -5.607910156250000000e-01
7.387695312500000000e-01 2.270507812500000000e-02 -5.529785156250000000e-01
7.438964843750000000e-01 2.490234375000000000e-02 -5.507812500000000000e-01
7.409667968750000000e-01 2.026367187500000000e-02 -5.561523437500000000e-01
7.373046875000000000e-01 1.953125000000000000e-02 -5.585937500000000000e-01
7.316894531250000000e-01 1.733398437500000000e-02 -5.559082031250000000e-01
7.395019531250000000e-01 1.733398437500000000e-02 -5.595703125000000000e-01
7.307128906250000000e-01 2.270507812500000000e-02 -5.556640625000000000e-01
7.326660156250000000e-01 2.026367187500000000e-02 -5.595703125000000000e-01
7.375488281250000000e-01 2.563476562500000000e-02 -6.320800781250000000e-01
7.309570312500000000e-01 1.953125000000000000e-02 -6.254882812500000000e-01
7.348632812500000000e-01 1.928710937500000000e-02 -5.600585937500000000e-01
7.353515625000000000e-01 3.027343750000000000e-02 -5.615234375000000000e-01
7.343750000000000000e-01 -2.880859375000000000e-02 -5.581054687500000000e-01
7.312011718750000000e-01 -2.783203125000000000e-02 -5.605468750000000000e-01
7.319335937500000000e-01 2.954101562500000000e-02 -5.622558593750000000e-01
7.299804687500000000e-01 1.367187500000000000e-02 -6.298828125000000000e-01
