1.008789062500000000e+00 -7.714843750000000000e-02 -1.840820312500000000e-01
1.011474609375000000e+00 -7.934570312500000000e-02 -1.833496093750000000e-01
1.011474609375000000e+00 -7.934570312500000000e-02 -1.833496093750000000e-01
1.007080078125000000e+00 -7.983398437500000000e-02 -1.794433593750000000e-01
1.006835937500000000e+00 -8.251953125000000000e-02 -2.587890625000000000e-01
1.002441406250000000e+00 -7.446289062500000000e-02 -1.821289062500000000e-01
9.375000000000000000e-01 -7.861328125000000000e-02 -1.850585937500000000e-01
1.007324218750000000e+00 -7.836914062500000000e-02 -2.558593750000000000e-01
1.005859375000000000e+00 -7.788085937500000000e-02 -1.789550781250000000e-01
1.009765625000000000e+00 -7.861328125000000000e-02 -2.534179687500000000e-01
1.009033203125000000e+00 -8.081054687500000000e-02 -1.840820312500000000e-01
1.000976562500000000e+00 -7.958984375000000000e-02 -2.526855468750000000e-01
1.011962890625000000e+00 -8.251953125000000000e-02 -1.853027343750000000e-01
1.001953125000000000e+00 -8.007812500000000000e-02 -2.553710937500000000e-01
1.006347656250000000e+00 -8.300781250000000000e-02 -2.575683593750000000e-01
1.006835937500000000e+00 -7.592773437500000000e-02 -2.546386718750000000e-01
1.007568359375000000e+00 -8.007812500000000000e-02 -1.801757812500000000e-01
1.001953125000000000e+00 -8.227539062500000000e-02 -2.558593750000000000e-01
1.006835937500000000e+00 -7.983398437500000000e-02 -2.524414062500000000e-01
1.006347656250000000e+00 -8.032226562500000000e-02 -2.512207031250000000e-01
1.006835937500000000e+00 -3.442382812500000000e-02 -1.833496093750000000e-01
9.372558593750000000e-01 -8.715820312500000000e-02 -1.799316406250000000e-01
1.004394531250000000e+00 -7.666015625000000000e-02 -2.536621093750000000e-01
9.350585937500000000e-01 -7.421875000000000000e-02 -2.553710937500000000e-01
1.006347656250000000e+00 -7.275390625000000000e-02 -2.595214843750000000e-01
1.009277343750000000e+00 0.000000000000000000e+00 -2.639160156250000000e-01
1.001464843750000000e+00 1.953125000000000000e-02 -2.255859375000000000e-01
1.002197265625000000e+00 1.196289062500000000e-02 -2.773437500000000000e-01
9.338378906250000000e-01 -6.811523437500000000e-02 -2.287597656250000000e-01
1.005126953125000000e+00 -8.056640625000000000e-02 -2.373046875000000000e-01
9.172363281250000000e-01 -9.252929687500000000e-02 -2.290039062500000000e-01
9.335937500000000000e-01 -5.029296875000000000e-02 -2.326660156250000000e-01
9.338378906250000000e-01 -6.567382812500000000e-02 -2.226562500000000000e-01
1.005615234375000000e+00 -6.933593750000000000e-02 -2.687988281250000000e-01
1.003417968750000000e+00 3.051757812500000000e-02 -2.766113281250000000e-01
9.355468750000000000e-01 9.277343750000000000e-03 -2.609863281250000000e-01
9.362792968750000000e-01 -8.642578125000000000e-02 -2.512207031250000000e-01
1.007812500000000000e+00 -3.173828125000000000e-02 -2.204589843750000000e-01
1.002197265625000000e+00 -8.715820312500000000e-02 -2.805175781250000000e-01
9.335937500000000000e-01 9.033203125000000000e-03 -2.207031250000000000e-01
1.003173828125000000e+00 -7.641601562500000000e-02 -2.722167968750000000e-01
9.362792968750000000e-01 -7.397460937500000000e-02 -2.189941406250000000e-01
1.002685546875000000e+00 -8.227539062500000000e-02 -2.780761718750000000e-01
9.165039062500000000e-01 2.270507812500000000e-02 -1.782226562500000000e-01
9.201660156250000000e-01 -7.470703125000000000e-02 -2.492675781250000000e-01
9.331054687500000000e-01 2.368164062500000000e-02 -2.209472656250000000e-01
9.228515625000000000e-01 -9.521484375000000000e-03 -2.302246093750000000e-01
1.003173828125000000e+00 -3.051757812500000000e-02 -2.260742187500000000e-01
9.362792968750000000e-01 -6.933593750000000000e-02 -2.719726562500000000e-01
9.321289062500000000e-01 -3.271484375000000000e-02 -2.802734375000000000e-01
9.372558593750000000e-01 -1.276855468750000000e-01 -2.719726562500000000e-01
9.174804687500000000e-01 -1.262207031250000000e-01 -2.719726562500000000e-01
1.011230468750000000e+00 -5.126953125000000000e-02 -2.746582031250000000e-01
9.345703125000000000e-01 -9.228515625000000000e-02 -2.724609375000000000e-01
9.348144531250000000e-01 6.835937500000000000e-03 -2.761230468750000000e-01
1.009277343750000000e+00 2.148437500000000000e-02 -2.744140625000000000e-01
1.001953125000000000e+00 1.367187500000000000e-02 -2.697753906250000000e-01
1.001464843750000000e+00 -7.055664062500000000e-02 -2.626953125000000000e-01
1.004638671875000000e+00 -8.032226562500000000e-02 -2.744140625000000000e-01
1.007080078125000000e+00 -8.349609375000000000e-02 -2.749023437500000000e-01
1.000976562500000000e+00 -7.788085937500000000e-02 -2.507324218750000000e-01
1.005371093750000000e+00 -7.519531250000000000e-02 -2.668457031250000000e-01
1.003417968750000000e+00 -7.031250000000000000e-02 -2.683105468750000000e-01
1.009521484375000000e+00 -7.104492187500000000e-02 -2.526855468750000000e-01
9.357910156250000000e-01 -7.543945312500000000e-02 -2.504882812500000000e-01
9.360351562500000000e-01 -7.592773437500000000e-02 -2.592773437500000000e-01
1.000488281250000000e+00 -6.909179687500000000e-02 -2.570800781250000000e-01
1.003662109375000000e+00 -6.274414062500000000e-02 -2.600097656250000000e-01
9.355468750000000000e-01 -6.689453125000000000e-02 -1.850585937500000000e-01
1.012451171875000000e+00 -6.591796875000000000e-02 -2.626953125000000000e-01
1.011962890625000000e+00 -6.274414062500000000e-02 -1.857910156250000000e-01
1.002197265625000000e+00 8.544921875000000000e-03 -2.648925781250000000e-01
1.002197265625000000e+00 -6.347656250000000000e-02 -2.619628906250000000e-01
1.001708984375000000e+00 -6.567382812500000000e-02 -1.794433593750000000e-01
1.012695312500000000e+00 -3.710937500000000000e-02 -2.570800781250000000e-01
9.355468750000000000e-01 -9.301757812500000000e-02 -2.548828125000000000e-01
1.007568359375000000e+00 -6.274414062500000000e-02 -2.590332031250000000e-01
1.011962890625000000e+00 6.347656250000000000e-03 -1.748046875000000000e-01
1.012695312500000000e+00 -7.104492187500000000e-02 -1.870117187500000000e-01
1.007812500000000000e+00 -7.446289062500000000e-02 -2.539062500000000000e-01
1.004394531250000000e+00 -6.909179687500000000e-02 -1.831054687500000000e-01
1.002441406250000000e+00 -7.397460937500000000e-02 -2.587890625000000000e-01
1.008789062500000000e+00 -6.933593750000000000e-02 -2.526855468750000000e-01
1.006347656250000000e+00 -7.128906250000000000e-02 -2.517089843750000000e-01
1.008789062500000000e+00 -7.177734375000000000e-02 -2.517089843750000000e-01
1.004150390625000000e+00 -7.373046875000000000e-02 -2.524414062500000000e-01
1.009277343750000000e+00 -7.495117187500000000e-02 -2.583007812500000000e-01
1.003662109375000000e+00 -6.958007812500000000e-02 -1.870117187500000000e-01
1.006347656250000000e+00 -7.202148437500000000e-02 -2.551269531250000000e-01
1.003906250000000000e+00 -7.421875000000000000e-02 -1.804199218750000000e-01
1.013671875000000000e+00 -7.690429687500000000e-02 -1.855468750000000000e-01
1.009765625000000000e+00 -7.543945312500000000e-02 -1.872558593750000000e-01
1.004638671875000000e+00 -7.983398437500000000e-02 -1.870117187500000000e-01
1.006591796875000000e+00 -7.690429687500000000e-02 -2.600097656250000000e-01
1.000732421875000000e+00 -7.250976562500000000e-02 -2.626953125000000000e-01
1.002441406250000000e+00 -7.739257812500000000e-02 -2.602539062500000000e-01
1.011230468750000000e+00 -7.812500000000000000e-02 -2.563476562500000000e-01
1.003173828125000000e+00 -8.032226562500000000e-02 -2.578125000000000000e-01
1.000976562500000000e+00 -7.543945312500000000e-02 -2.644042968750000000e-01
1.006835937500000000e+00 -6.347656250000000000e-02 -2.597656250000000000e-01
9.357910156250000000e-01 -7.617187500000000000e-02 -2.580566406250000000e-01
1.007080078125000000e+00 -8.740234375000000000e-02 -2.661132812500000000e-01
9.335937500000000000e-01 -7.324218750000000000e-02 -2.612304687500000000e-01
9.335937500000000000e-01 -6.591796875000000000e-02 -2.717285156250000000e-01
9.326171875000000000e-01 -8.300781250000000000e-02 -2.695312500000000000e-01
9.311523437500000000e-01 -7.641601562500000000e-02 -2.336425781250000000e-01
9.355468750000000000e-01 -3.393554687500000000e-02 -2.241210937500000000e-01
9.191894531250000000e-01 -8.178710937500000000e-02 -2.373046875000000000e-01
9.255371093750000000e-01 -6.713867187500000000e-02 -3.261718750000000000e-01
9.306640625000000000e-01 4.882812500000000000e-03 -3.146972656250000000e-01
9.169921875000000000e-01 2.294921875000000000e-02 -3.288574218750000000e-01
9.235839843750000000e-01 -2.636718750000000000e-02 -3.332519531250000000e-01
9.206542968750000000e-01 2.856445312500000000e-02 -3.393554687500000000e-01
9.187011718750000000e-01 -6.860351562500000000e-02 -3.417968750000000000e-01
9.155273437500000000e-01 -4.370117187500000000e-02 -3.315429687500000000e-01
9.128417968750000000e-01 -5.541992187500000000e-02 -3.359375000000000000e-01
9.355468750000000000e-01 -8.374023437500000000e-02 -2.299804687500000000e-01
9.289550781250000000e-01 -4.272460937500000000e-02 -2.453613281250000000e-01
9.235839843750000000e-01 -3.515625000000000000e-02 -2.441406250000000000e-01
9.323730468750000000e-01 -7.812500000000000000e-02 -2.497558593750000000e-01
9.638671875000000000e-01 3.906250000000000000e-03 -2.419433593750000000e-01
9.272460937500000000e-01 5.126953125000000000e-03 -3.239746093750000000e-01
1.079101562500000000e+00 -1.933593750000000000e-01 -5.812988281250000000e-01
8.374023437500000000e-01 7.519531250000000000e-02 -2.402343750000000000e-01
9.777832031250000000e-01 -7.080078125000000000e-02 -3.005371093750000000e-01
9.614257812500000000e-01 -7.617187500000000000e-02 -2.392578125000000000e-01
1.001464843750000000e+00 -7.275390625000000000e-02 -3.188476562500000000e-01
9.226074218750000000e-01 -4.370117187500000000e-02 -2.277832031250000000e-01
9.362792968750000000e-01 -4.321289062500000000e-02 -2.246093750000000000e-01
9.343261718750000000e-01 -9.204101562500000000e-02 -2.651367187500000000e-01
1.007812500000000000e+00 -8.789062500000000000e-02 -2.634277343750000000e-01
9.316406250000000000e-01 -8.496093750000000000e-02 -1.809082031250000000e-01
1.002685546875000000e+00 -6.958007812500000000e-02 -1.787109375000000000e-01
1.011718750000000000e+00 1.220703125000000000e-03 -2.690429687500000000e-01
1.010498046875000000e+00 6.347656250000000000e-03 -2.553710937500000000e-01
9.318847656250000000e-01 -7.104492187500000000e-02 -2.524414062500000000e-01
1.001708984375000000e+00 -8.789062500000000000e-02 -2.736816406250000000e-01
1.003662109375000000e+00 -4.150390625000000000e-02 -2.634277343750000000e-01
1.000488281250000000e+00 -3.540039062500000000e-02 -2.651367187500000000e-01
1.008300781250000000e+00 -8.862304687500000000e-02 -2.558593750000000000e-01
1.001953125000000000e+00 -7.690429687500000000e-02 -2.534179687500000000e-01
1.006835937500000000e+00 -7.226562500000000000e-02 -2.551269531250000000e-01
1.004638671875000000e+00 -7.617187500000000000e-02 -1.865234375000000000e-01
1.009277343750000000e+00 -7.836914062500000000e-02 -1.862792968750000000e-01
1.004882812500000000e+00 -7.397460937500000000e-02 -1.848144531250000000e-01
1.008300781250000000e+00 -8.056640625000000000e-02 -2.580566406250000000e-01
1.011962890625000000e+00 -8.251953125000000000e-02 -2.563476562500000000e-01
1.005615234375000000e+00 -7.446289062500000000e-02 -1.826171875000000000e-01
1.003662109375000000e+00 -7.836914062500000000e-02 -2.509765625000000000e-01
1.008300781250000000e+00 -8.593750000000000000e-02 -2.507324218750000000e-01
1.013671875000000000e+00 -8.129882812500000000e-02 -1.760253906250000000e-01
1.007812500000000000e+00 -8.569335937500000000e-02 -2.504882812500000000e-01
1.010253906250000000e+00 -8.203125000000000000e-02 -1.850585937500000000e-01
1.010742187500000000e+00 -8.544921875000000000e-02 -1.831054687500000000e-01
1.009033203125000000e+00 -7.934570312500000000e-02 -2.517089843750000000e-01
1.010742187500000000e+00 -7.788085937500000000e-02 -1.811523437500000000e-01
1.007568359375000000e+00 -8.349609375000000000e-02 -1.860351562500000000e-01
1.011474609375000000e+00 -8.178710937500000000e-02 -1.762695312500000000e-01
1.013427734375000000e+00 -8.618164062500000000e-02 -1.838378906250000000e-01
1.004150390625000000e+00 -8.203125000000000000e-02 -1.787109375000000000e-01
1.007080078125000000e+00 -8.544921875000000000e-02 -1.816406250000000000e-01
1.010498046875000000e+00 -7.568359375000000000e-02 -1.799316406250000000e-01
1.010009765625000000e+00 -8.374023437500000000e-02 -1.755371093750000000e-01
1.007568359375000000e+00 -7.592773437500000000e-02 -1.794433593750000000e-01
1.013427734375000000e+00 -8.740234375000000000e-02 -1.696777343750000000e-01
1.011718750000000000e+00 -8.105468750000000000e-02 -1.647949218750000000e-01
1.009765625000000000e+00 -7.690429687500000000e-02 -1.689453125000000000e-01
1.013671875000000000e+00 -8.081054687500000000e-02 -1.752929687500000000e-01
1.010742187500000000e+00 -7.836914062500000000e-02 -1.728515625000000000e-01
1.006591796875000000e+00 -8.300781250000000000e-02 -1.750488281250000000e-01
1.009765625000000000e+00 -7.690429687500000000e-02 -1.826171875000000000e-01
1.005371093750000000e+00 -7.910156250000000000e-02 -1.782226562500000000e-01
1.013427734375000000e+00 -7.714843750000000000e-02 -1.718750000000000000e-01
1.012695312500000000e+00 -8.129882812500000000e-02 -1.816406250000000000e-01
1.012939453125000000e+00 -7.641601562500000000e-02 -1.723632812500000000e-01
1.011474609375000000e+00 -8.032226562500000000e-02 -1.667480468750000000e-01
1.011474609375000000e+00 -8.007812500000000000e-02 -1.779785156250000000e-01
1.006347656250000000e+00 -7.690429687500000000e-02 -1.777343750000000000e-01
1.009521484375000000e+00 -8.178710937500000000e-02 -1.755371093750000000e-01
1.014404296875000000e+00 -7.885742187500000000e-02 -1.853027343750000000e-01
1.010742187500000000e+00 -7.958984375000000000e-02 -1.767578125000000000e-01
1.003173828125000000e+00 -7.934570312500000000e-02 -1.791992187500000000e-01
1.009033203125000000e+00 -8.227539062500000000e-02 -1.845703125000000000e-01
1.008544921875000000e+00 -8.081054687500000000e-02 -1.777343750000000000e-01
1.006347656250000000e+00 -8.349609375000000000e-02 -1.784667968750000000e-01
1.009521484375000000e+00 -7.910156250000000000e-02 -1.770019531250000000e-01
1.006835937500000000e+00 -8.374023437500000000e-02 -1.806640625000000000e-01
1.010498046875000000e+00 -8.471679687500000000e-02 -1.809082031250000000e-01
1.008056640625000000e+00 -8.398437500000000000e-02 -1.843261718750000000e-01
1.010498046875000000e+00 -8.300781250000000000e-02 -1.831054687500000000e-01
1.007812500000000000e+00 -8.325195312500000000e-02 -2.517089843750000000e-01
1.008789062500000000e+00 -8.300781250000000000e-02 -1.799316406250000000e-01
1.007812500000000000e+00 -8.398437500000000000e-02 -1.838378906250000000e-01
1.009277343750000000e+00 -8.276367187500000000e-02 -1.833496093750000000e-01
1.010986328125000000e+00 -8.251953125000000000e-02 -1.831054687500000000e-01
1.007080078125000000e+00 -8.984375000000000000e-02 -1.777343750000000000e-01
1.008056640625000000e+00 -8.325195312500000000e-02 -1.813964843750000000e-01
1.009033203125000000e+00 -8.349609375000000000e-02 -1.862792968750000000e-01
1.009033203125000000e+00 -7.739257812500000000e-02 -1.752929687500000000e-01
1.006347656250000000e+00 -8.227539062500000000e-02 -1.831054687500000000e-01
