1.128906250000000000e+00 -7.177734375000000000e-02 1.855468750000000000e-01
1.128906250000000000e+00 -7.177734375000000000e-02 1.855468750000000000e-01
1.128906250000000000e+00 -7.177734375000000000e-02 1.855468750000000000e-01
9.907226562500000000e-01 9.057617187500000000e-02 2.656250000000000000e-01
9.907226562500000000e-01 9.057617187500000000e-02 2.656250000000000000e-01
1.165527343750000000e+00 -2.368164062500000000e-02 1.623535156250000000e-01
6.799316406250000000e-01 8.837890625000000000e-02 2.185058593750000000e-01
1.158203125000000000e+00 -3.906250000000000000e-02 2.258300781250000000e-01
1.112304687500000000e+00 1.928710937500000000e-02 2.639160156250000000e-01
8.693847656250000000e-01 -4.150390625000000000e-03 2.570800781250000000e-01
9.936523437500000000e-01 2.294921875000000000e-02 2.641601562500000000e-01
1.091796875000000000e+00 2.978515625000000000e-02 2.514648437500000000e-01
1.007812500000000000e+00 2.929687500000000000e-03 1.860351562500000000e-01
9.953613281250000000e-01 2.099609375000000000e-02 2.778320312500000000e-01
1.068603515625000000e+00 9.765625000000000000e-03 2.800292968750000000e-01
9.375000000000000000e-01 2.539062500000000000e-02 2.612304687500000000e-01
9.824218750000000000e-01 2.539062500000000000e-02 2.219238281250000000e-01
9.899902343750000000e-01 1.293945312500000000e-02 2.668457031250000000e-01
9.924316406250000000e-01 1.391601562500000000e-02 2.766113281250000000e-01
9.707031250000000000e-01 -2.587890625000000000e-02 2.770996093750000000e-01
1.002441406250000000e+00 8.056640625000000000e-02 2.646484375000000000e-01
1.068115234375000000e+00 1.171875000000000000e-02 2.709960937500000000e-01
9.711914062500000000e-01 -2.050781250000000000e-02 2.202148437500000000e-01
9.743652343750000000e-01 -1.660156250000000000e-02 2.746582031250000000e-01
9.982910156250000000e-01 -2.514648437500000000e-02 2.197265625000000000e-01
9.804687500000000000e-01 1.684570312500000000e-02 2.727050781250000000e-01
9.902343750000000000e-01 2.465820312500000000e-02 2.656250000000000000e-01
1.065185546875000000e+00 8.789062500000000000e-03 2.727050781250000000e-01
9.699707031250000000e-01 -2.124023437500000000e-02 2.805175781250000000e-01
9.741210937500000000e-01 8.300781250000000000e-03 1.838378906250000000e-01
9.931640625000000000e-01 -2.465820312500000000e-02 2.502441406250000000e-01
9.743652343750000000e-01 2.539062500000000000e-02 2.248535156250000000e-01
1.029785156250000000e+00 -3.076171875000000000e-02 1.689453125000000000e-01
1.015869140625000000e+00 -1.684570312500000000e-02 9.887695312500000000e-02
8.212890625000000000e-01 -9.252929687500000000e-02 1.318359375000000000e-01
7.216796875000000000e-01 -1.166992187500000000e-01 3.984375000000000000e-01
1.455078125000000000e+00 1.911621093750000000e-01 3.352050781250000000e-01
1.662109375000000000e+00 5.761718750000000000e-02 1.254882812500000000e-01
7.175292968750000000e-01 -1.687011718750000000e-01 1.425781250000000000e-01
7.592773437500000000e-01 -1.474609375000000000e-01 1.435546875000000000e-01
8.798828125000000000e-01 -6.738281250000000000e-02 -7.934570312500000000e-02
5.832519531250000000e-01 -1.035156250000000000e-01 -3.906250000000000000e-03
3.890625000000000000e+00 2.358398437500000000e-01 -1.987304687500000000e-01
3.890625000000000000e+00 2.358398437500000000e-01 -1.987304687500000000e-01
6.374511718750000000e-01 -3.176269531250000000e-01 -1.496582031250000000e-01
6.374511718750000000e-01 -3.176269531250000000e-01 -1.496582031250000000e-01
3.801269531250000000e-01 -7.006835937500000000e-02 -2.092285156250000000e-01
-3.740234375000000000e-01 -8.178710937500000000e-02 1.623535156250000000e-01
-1.198730468750000000e-01 -7.617187500000000000e-02 2.036132812500000000e-01
4.592285156250000000e-01 -2.270507812500000000e-02 1.818847656250000000e-01
3.317871093750000000e+00 -1.284179687500000000e-01 -4.570312500000000000e-01
2.070800781250000000e+00 -1.989746093750000000e-01 -2.026367187500000000e-02
1.469726562500000000e+00 7.666015625000000000e-02 2.583007812500000000e-01
7.927246093750000000e-01 -4.272460937500000000e-02 -7.519531250000000000e-02
-7.250976562500000000e-02 -9.082031250000000000e-02 -5.541992187500000000e-02
-6.413574218750000000e-01 6.665039062500000000e-02 -1.450195312500000000e-01
-2.514648437500000000e-02 -3.881835937500000000e-02 -2.758789062500000000e-02
7.614746093750000000e-01 -1.274414062500000000e-01 3.894042968750000000e-01
4.031250000000000000e+00 -1.425781250000000000e-01 -7.348632812500000000e-02
1.832763671875000000e+00 -1.154785156250000000e-01 -1.098632812500000000e-01
1.518310546875000000e+00 -2.231445312500000000e-01 1.567382812500000000e-01
2.326660156250000000e-01 -1.047363281250000000e-01 -2.526855468750000000e-01
-4.687500000000000000e-02 -1.154785156250000000e-01 -4.450683593750000000e-01
-5.095214843750000000e-01 2.026367187500000000e-02 1.748046875000000000e-01
1.958007812500000000e-01 -8.520507812500000000e-02 1.318359375000000000e-02
8.574218750000000000e-01 -2.082519531250000000e-01 -2.788085937500000000e-01
4.547607421875000000e+00 2.346191406250000000e-01 5.927734375000000000e-01
1.757812500000000000e+00 -1.279296875000000000e-01 -1.342773437500000000e-02
1.587646484375000000e+00 -1.806640625000000000e-01 -2.465820312500000000e-02
4.865722656250000000e-01 4.150390625000000000e-02 -3.271484375000000000e-01
-3.559570312500000000e-01 -1.896972656250000000e-01 6.152343750000000000e-02
-6.535644531250000000e-01 2.441406250000000000e-03 -4.262695312500000000e-01
5.563964843750000000e-01 6.420898437500000000e-02 2.316894531250000000e-01
6.811523437500000000e-01 -5.932617187500000000e-02 -2.902832031250000000e-01
5.015869140625000000e+00 -2.099609375000000000e-02 3.605957031250000000e-01
1.594238281250000000e+00 -1.730957031250000000e-01 1.000976562500000000e-02
1.709960937500000000e+00 -1.855468750000000000e-02 -9.887695312500000000e-02
6.367187500000000000e-01 -1.301269531250000000e-01 -1.826171875000000000e-01
-2.998046875000000000e-01 -2.041015625000000000e-01 1.259765625000000000e-01
-7.363281250000000000e-01 -4.687500000000000000e-02 -2.624511718750000000e-01
4.570312500000000000e-01 1.323242187500000000e-01 4.106445312500000000e-01
6.130371093750000000e-01 -8.105468750000000000e-02 -7.958984375000000000e-02
3.097900390625000000e+00 -8.154296875000000000e-02 2.775878906250000000e-01
1.801757812500000000e+00 -5.859375000000000000e-02 1.391601562500000000e-02
1.801757812500000000e+00 -5.859375000000000000e-02 1.391601562500000000e-02
6.625976562500000000e-01 -4.125976562500000000e-02 -1.582031250000000000e-01
-2.121582031250000000e-01 -1.035156250000000000e-01 -2.026367187500000000e-02
-9.458007812500000000e-01 -1.667480468750000000e-01 3.588867187500000000e-02
-7.812500000000000000e-03 -1.279296875000000000e-01 -7.128906250000000000e-02
6.093750000000000000e-01 6.396484375000000000e-02 4.399414062500000000e-01
1.955078125000000000e+00 2.805175781250000000e-01 1.494140625000000000e-01
2.431884765625000000e+00 -1.765136718750000000e-01 -1.984863281250000000e-01
1.685546875000000000e+00 -1.047363281250000000e-01 2.675781250000000000e-01
6.547851562500000000e-01 1.545410156250000000e-01 -2.631835937500000000e-01
-4.150390625000000000e-03 -1.945800781250000000e-01 -2.685546875000000000e-01
-9.775390625000000000e-01 -3.356933593750000000e-01 4.541015625000000000e-02
5.834960937500000000e-02 2.270507812500000000e-02 1.691894531250000000e-01
6.135253906250000000e-01 1.604003906250000000e-01 1.035156250000000000e-01
2.715332031250000000e+00 1.484375000000000000e-01 4.592285156250000000e-01
2.364257812500000000e+00 -3.261718750000000000e-01 -1.318359375000000000e-01
1.850830078125000000e+00 -1.535644531250000000e-01 3.417968750000000000e-01
7.954101562500000000e-01 1.215820312500000000e-01 -2.692871093750000000e-01
-6.127929687500000000e-02 -1.218261718750000000e-01 2.685546875000000000e-02
-9.462890625000000000e-01 -2.243652343750000000e-01 1.123046875000000000e-01
-7.153320312500000000e-02 -3.710937500000000000e-02 -2.561035156250000000e-01
6.235351562500000000e-01 3.149414062500000000e-02 4.638671875000000000e-02
1.668457031250000000e+00 -1.928710937500000000e-02 -4.665527343750000000e-01
2.877441406250000000e+00 2.587890625000000000e-02 -5.590820312500000000e-02
7.580566406250000000e-01 -1.218261718750000000e-01 8.056640625000000000e-03
1.178955078125000000e+00 -3.808593750000000000e-02 -1.157226562500000000e-01
-6.933593750000000000e-02 -4.633789062500000000e-01 1.499023437500000000e-01
-5.551757812500000000e-01 -3.127441406250000000e-01 -2.421875000000000000e-01
6.018066406250000000e-01 1.562500000000000000e-02 5.688476562500000000e-01
6.223144531250000000e-01 1.123046875000000000e-02 5.126953125000000000e-02
2.049072265625000000e+00 -2.810058593750000000e-01 -5.205078125000000000e-01
2.876220703125000000e+00 -7.224121093750000000e-01 -8.071289062500000000e-01
1.857910156250000000e+00 -3.247070312500000000e-01 -1.235351562500000000e-01
8.281250000000000000e-01 -2.636718750000000000e-02 -2.290039062500000000e-01
-3.107910156250000000e-01 7.153320312500000000e-02 -1.313476562500000000e-01
-5.334472656250000000e-01 -1.579589843750000000e-01 1.765136718750000000e-01
3.686523437500000000e-01 -5.615234375000000000e-03 9.008789062500000000e-02
3.686523437500000000e-01 -5.615234375000000000e-03 9.008789062500000000e-02
1.345947265625000000e+00 -3.999023437500000000e-01 -3.371582031250000000e-01
3.770751953125000000e+00 -9.155273437500000000e-02 -1.602294921875000000e+00
1.485839843750000000e+00 -5.761718750000000000e-02 -1.562500000000000000e-01
1.444091796875000000e+00 -5.249023437500000000e-02 -2.055664062500000000e-01
-6.542968750000000000e-02 -1.384277343750000000e-01 6.860351562500000000e-02
-5.610351562500000000e-01 -7.958984375000000000e-02 1.059570312500000000e-01
4.035644531250000000e-01 -8.789062500000000000e-03 3.271484375000000000e-01
4.035644531250000000e-01 -8.789062500000000000e-03 3.271484375000000000e-01
7.990722656250000000e-01 -2.780761718750000000e-01 -2.529296875000000000e-01
5.909667968750000000e+00 -3.669433593750000000e-01 -3.222656250000000000e-01
1.260498046875000000e+00 -2.006835937500000000e-01 4.677734375000000000e-01
1.754394531250000000e+00 -9.716796875000000000e-02 -6.152343750000000000e-02
2.102050781250000000e-01 -9.619140625000000000e-02 -1.345214843750000000e-01
-5.053710937500000000e-01 2.221679687500000000e-02 -1.025390625000000000e-02
-3.754882812500000000e-01 -1.909179687500000000e-01 -3.662109375000000000e-02
4.528808593750000000e-01 -2.441406250000000000e-03 3.139648437500000000e-01
5.881347656250000000e-01 5.688476562500000000e-02 2.148437500000000000e-02
3.743408203125000000e+00 -2.060546875000000000e-01 7.565917968750000000e-01
1.760986328125000000e+00 -4.704589843750000000e-01 5.275878906250000000e-01
1.834716796875000000e+00 4.150390625000000000e-02 -7.543945312500000000e-02
6.325683593750000000e-01 -1.999511718750000000e-01 1.635742187500000000e-02
-3.547363281250000000e-01 -6.713867187500000000e-02 -5.981445312500000000e-02
-4.707031250000000000e-01 -1.997070312500000000e-01 2.033691406250000000e-01
2.233886718750000000e-01 7.788085937500000000e-02 7.641601562500000000e-02
5.219726562500000000e-01 1.425781250000000000e-01 5.249023437500000000e-02
2.094482421875000000e+00 -1.154785156250000000e-01 -1.723632812500000000e-01
2.789306640625000000e+00 -4.284667968750000000e-01 -3.137207031250000000e-01
1.645996093750000000e+00 -9.326171875000000000e-02 -1.877441406250000000e-01
1.225341796875000000e+00 -3.149414062500000000e-02 -1.289062500000000000e-01
-2.856445312500000000e-01 -4.492187500000000000e-02 -1.115722656250000000e-01
-6.467285156250000000e-01 -5.273437500000000000e-02 1.101074218750000000e-01
1.699218750000000000e-01 1.782226562500000000e-02 5.712890625000000000e-02
3.791503906250000000e-01 -7.812500000000000000e-03 1.328125000000000000e-01
8.166503906250000000e-01 3.051757812500000000e-02 -1.171875000000000000e-01
6.491943359375000000e+00 9.521484375000000000e-02 -3.625488281250000000e-01
1.041992187500000000e+00 -3.947753906250000000e-01 2.360839843750000000e-01
1.647949218750000000e+00 -2.734375000000000000e-02 -5.151367187500000000e-02
-6.081542968750000000e-01 -5.444335937500000000e-02 -2.905273437500000000e-02
-6.081542968750000000e-01 -5.444335937500000000e-02 -2.905273437500000000e-02
-3.544921875000000000e-01 -5.126953125000000000e-02 -5.810546875000000000e-02
5.241699218750000000e-01 -9.277343750000000000e-03 2.590332031250000000e-01
6.425781250000000000e-01 -7.250976562500000000e-02 1.293945312500000000e-02
3.725830078125000000e+00 -2.058105468750000000e-01 1.319335937500000000e+00
1.808593750000000000e+00 -3.913574218750000000e-01 5.432128906250000000e-01
1.549316406250000000e+00 -1.296386718750000000e-01 4.589843750000000000e-02
7.761230468750000000e-01 -1.879882812500000000e-01 -1.518554687500000000e-01
-4.616699218750000000e-01 -4.394531250000000000e-03 -8.666992187500000000e-02
-5.937500000000000000e-01 -4.711914062500000000e-02 7.812500000000000000e-03
2.517089843750000000e-01 1.318359375000000000e-02 1.062011718750000000e-01
5.126953125000000000e-01 8.764648437500000000e-02 1.577148437500000000e-01
1.812011718750000000e+00 -1.118164062500000000e-01 -6.494140625000000000e-02
3.445068359375000000e+00 -1.308593750000000000e-01 -2.424316406250000000e-01
1.443847656250000000e+00 8.593750000000000000e-02 -1.806640625000000000e-02
1.112548828125000000e+00 -8.666992187500000000e-02 2.612304687500000000e-02
-2.629394531250000000e-01 -2.558593750000000000e-01 -9.521484375000000000e-02
-6.164550781250000000e-01 -1.318359375000000000e-01 1.965332031250000000e-01
3.515625000000000000e-02 1.401367187500000000e-01 -1.506347656250000000e-01
5.183105468750000000e-01 7.958984375000000000e-02 3.850097656250000000e-01
1.149902343750000000e+00 1.733398437500000000e-02 -4.189453125000000000e-01
5.353759765625000000e+00 -6.152343750000000000e-02 -1.014648437500000000e+00
9.711914062500000000e-01 1.279296875000000000e-01 3.916015625000000000e-01
1.388427734375000000e+00 1.369628906250000000e-01 8.471679687500000000e-02
6.616210937500000000e-02 -2.900390625000000000e-01 -1.672363281250000000e-01
-8.730468750000000000e-01 3.388671875000000000e-01 1.336181640625000000e+00
-1.345214843750000000e-01 -1.855468750000000000e-02 -5.808105468750000000e-01
1.110839843750000000e-01 -1.660156250000000000e-02 5.131835937500000000e-01
1.254394531250000000e+00 -1.440429687500000000e-02 -9.692382812500000000e-02
2.052246093750000000e+00 1.938476562500000000e-01 1.389160156250000000e-01
2.052246093750000000e+00 1.938476562500000000e-01 1.389160156250000000e-01
1.082031250000000000e+00 -1.523437500000000000e-01 -6.787109375000000000e-02
-5.322265625000000000e-02 -1.928710937500000000e-01 -1.291503906250000000e-01
-5.607910156250000000e-01 -1.374511718750000000e-01 9.033203125000000000e-02
-2.241210937500000000e-01 2.124023437500000000e-02 -1.120605468750000000e-01
5.419921875000000000e-01 8.544921875000000000e-02 2.202148437500000000e-01
1.123779296875000000e+00 -5.371093750000000000e-02 -4.597167968750000000e-01
5.449218750000000000e+00 -4.689941406250000000e-01 -1.059326171875000000e+00
1.221923828125000000e+00 6.738281250000000000e-02 2.451171875000000000e-01
1.221923828125000000e+00 6.738281250000000000e-02 2.451171875000000000e-01
