9.768066406250000000e-01 -1.381835937500000000e-01 2.707519531250000000e-01
9.814453125000000000e-01 -6.225585937500000000e-02 2.775878906250000000e-01
9.814453125000000000e-01 -6.225585937500000000e-02 2.775878906250000000e-01
1.029785156250000000e+00 -1.367187500000000000e-01 2.744140625000000000e-01
9.838867187500000000e-01 -1.357421875000000000e-01 2.656250000000000000e-01
9.699707031250000000e-01 -1.459960937500000000e-01 3.146972656250000000e-01
1.009033203125000000e+00 -1.511230468750000000e-01 1.831054687500000000e-01
1.029785156250000000e+00 -1.477050781250000000e-01 2.653808593750000000e-01
9.895019531250000000e-01 -1.037597656250000000e-01 2.761230468750000000e-01
9.362792968750000000e-01 -6.201171875000000000e-02 1.848144531250000000e-01
1.021972656250000000e+00 -1.254882812500000000e-01 3.146972656250000000e-01
9.982910156250000000e-01 -6.250000000000000000e-02 1.833496093750000000e-01
9.978027343750000000e-01 -5.908203125000000000e-02 1.726074218750000000e-01
9.731445312500000000e-01 -1.567382812500000000e-01 2.048339843750000000e-01
1.003173828125000000e+00 -6.762695312500000000e-02 2.338867187500000000e-01
1.091308593750000000e+00 -8.935546875000000000e-02 1.979980468750000000e-01
1.089355468750000000e+00 -4.345703125000000000e-02 1.979980468750000000e-01
1.023925781250000000e+00 -4.541015625000000000e-02 1.855468750000000000e-01
1.073486328125000000e+00 -1.262207031250000000e-01 1.613769531250000000e-01
9.851074218750000000e-01 -1.386718750000000000e-01 1.572265625000000000e-01
1.073242187500000000e+00 -1.281738281250000000e-01 2.185058593750000000e-01
9.855957031250000000e-01 -1.477050781250000000e-01 1.745605468750000000e-01
9.812011718750000000e-01 -9.912109375000000000e-02 1.574707031250000000e-01
9.973144531250000000e-01 -1.359863281250000000e-01 1.694335937500000000e-01
9.797363281250000000e-01 -5.151367187500000000e-02 2.758789062500000000e-01
9.763183593750000000e-01 -3.735351562500000000e-02 2.663574218750000000e-01
9.750976562500000000e-01 -5.664062500000000000e-02 2.575683593750000000e-01
9.824218750000000000e-01 -3.833007812500000000e-02 2.653808593750000000e-01
9.755859375000000000e-01 -1.333007812500000000e-01 2.558593750000000000e-01
9.995117187500000000e-01 -9.643554687500000000e-02 2.790527343750000000e-01
1.124267578125000000e+00 -1.201171875000000000e-01 2.758789062500000000e-01
1.068359375000000000e+00 -1.135253906250000000e-01 1.860351562500000000e-01
1.005371093750000000e+00 -9.790039062500000000e-02 2.429199218750000000e-01
9.741210937500000000e-01 -1.203613281250000000e-01 2.348632812500000000e-01
9.704589843750000000e-01 -1.564941406250000000e-01 3.400878906250000000e-01
9.719238281250000000e-01 -2.629394531250000000e-01 3.078613281250000000e-01
1.031005859375000000e+00 -1.794433593750000000e-01 3.876953125000000000e-01
9.682617187500000000e-01 -2.163085937500000000e-01 3.566894531250000000e-01
8.703613281250000000e-01 -1.628417968750000000e-01 4.467773437500000000e-01
8.662109375000000000e-01 -1.811523437500000000e-01 4.218750000000000000e-01
9.135742187500000000e-01 -2.680664062500000000e-01 4.291992187500000000e-01
8.710937500000000000e-01 -2.502441406250000000e-01 4.726562500000000000e-01
8.520507812500000000e-01 -1.784667968750000000e-01 5.649414062500000000e-01
8.469238281250000000e-01 -2.583007812500000000e-01 5.766601562500000000e-01
8.996582031250000000e-01 -2.277832031250000000e-01 4.863281250000000000e-01
8.769531250000000000e-01 -2.695312500000000000e-01 5.720214843750000000e-01
7.971191406250000000e-01 -1.811523437500000000e-01 5.913085937500000000e-01
8.559570312500000000e-01 -1.872558593750000000e-01 4.995117187500000000e-01
8.488769531250000000e-01 -2.624511718750000000e-01 4.887695312500000000e-01
8.962402343750000000e-01 -2.553710937500000000e-01 5.910644531250000000e-01
8.647460937500000000e-01 -1.589355468750000000e-01 5.764160156250000000e-01
8.496093750000000000e-01 -1.811523437500000000e-01 5.922851562500000000e-01
8.664550781250000000e-01 -1.779785156250000000e-01 5.817871093750000000e-01
9.401855468750000000e-01 -1.657714843750000000e-01 5.417480468750000000e-01
8.481445312500000000e-01 -2.060546875000000000e-01 5.729980468750000000e-01
8.496093750000000000e-01 -1.047363281250000000e-01 5.720214843750000000e-01
8.691406250000000000e-01 -1.088867187500000000e-01 5.551757812500000000e-01
9.396972656250000000e-01 -2.006835937500000000e-01 5.444335937500000000e-01
9.062500000000000000e-01 -1.481933593750000000e-01 5.529785156250000000e-01
8.464355468750000000e-01 -1.494140625000000000e-01 5.891113281250000000e-01
8.972167968750000000e-01 -1.120605468750000000e-01 6.552734375000000000e-01
8.859863281250000000e-01 -1.115722656250000000e-01 5.507812500000000000e-01
8.654785156250000000e-01 -9.716796875000000000e-02 6.364746093750000000e-01
8.913574218750000000e-01 -1.010742187500000000e-01 5.998535156250000000e-01
8.085937500000000000e-01 -1.345214843750000000e-01 6.428222656250000000e-01
9.035644531250000000e-01 -1.074218750000000000e-01 5.478515625000000000e-01
9.084472656250000000e-01 -1.162109375000000000e-01 5.356445312500000000e-01
8.977050781250000000e-01 -1.401367187500000000e-01 6.267089843750000000e-01
8.417968750000000000e-01 -1.506347656250000000e-01 6.518554687500000000e-01
9.028320312500000000e-01 -1.511230468750000000e-01 6.359863281250000000e-01
8.901367187500000000e-01 -1.206054687500000000e-01 5.517578125000000000e-01
8.862304687500000000e-01 -1.738281250000000000e-01 6.132812500000000000e-01
9.401855468750000000e-01 -1.948242187500000000e-01 6.506347656250000000e-01
9.624023437500000000e-01 -1.118164062500000000e-01 5.722656250000000000e-01
8.745117187500000000e-01 -1.140136718750000000e-01 6.196289062500000000e-01
8.566894531250000000e-01 -4.809570312500000000e-02 4.953613281250000000e-01
8.510742187500000000e-01 -2.629394531250000000e-01 5.444335937500000000e-01
8.112792968750000000e-01 -2.189941406250000000e-01 5.456542968750000000e-01
9.128417968750000000e-01 -1.210937500000000000e-01 4.721679687500000000e-01
1.002197265625000000e+00 -1.232910156250000000e-01 5.681152343750000000e-01
8.352050781250000000e-01 -1.337890625000000000e-01 5.476074218750000000e-01
9.516601562500000000e-01 -1.367187500000000000e-01 4.890136718750000000e-01
9.541015625000000000e-01 -2.773437500000000000e-01 4.853515625000000000e-01
8.603515625000000000e-01 -1.616210937500000000e-01 4.821777343750000000e-01
9.584960937500000000e-01 -2.067871093750000000e-01 5.795898437500000000e-01
8.562011718750000000e-01 -1.301269531250000000e-01 5.681152343750000000e-01
9.528808593750000000e-01 -1.003417968750000000e-01 4.694824218750000000e-01
8.481445312500000000e-01 -2.180175781250000000e-01 5.356445312500000000e-01
9.150390625000000000e-01 -2.082519531250000000e-01 5.852050781250000000e-01
1.026367187500000000e+00 -1.464843750000000000e-01 5.341796875000000000e-01
8.703613281250000000e-01 -1.164550781250000000e-01 5.026855468750000000e-01
9.304199218750000000e-01 -1.232910156250000000e-01 4.975585937500000000e-01
9.304199218750000000e-01 -1.232910156250000000e-01 4.975585937500000000e-01
9.685058593750000000e-01 -1.535644531250000000e-01 5.285644531250000000e-01
8.530273437500000000e-01 -1.384277343750000000e-01 5.290527343750000000e-01
8.571777343750000000e-01 -1.386718750000000000e-01 4.753417968750000000e-01
8.967285156250000000e-01 -1.164550781250000000e-01 5.224609375000000000e-01
9.582519531250000000e-01 -1.489257812500000000e-01 5.222167968750000000e-01
9.460449218750000000e-01 -1.472167968750000000e-01 4.707031250000000000e-01
8.745117187500000000e-01 -4.980468750000000000e-02 4.746093750000000000e-01
8.552246093750000000e-01 -6.298828125000000000e-02 6.376953125000000000e-01
8.608398437500000000e-01 -6.958007812500000000e-02 5.620117187500000000e-01
8.115234375000000000e-01 -8.056640625000000000e-02 6.152343750000000000e-01
8.874511718750000000e-01 -6.689453125000000000e-02 5.986328125000000000e-01
8.823242187500000000e-01 -8.715820312500000000e-02 6.679687500000000000e-01
8.752441406250000000e-01 -1.538085937500000000e-01 6.315917968750000000e-01
8.513183593750000000e-01 -1.462402343750000000e-01 6.013183593750000000e-01
9.619140625000000000e-01 -1.406250000000000000e-01 5.336914062500000000e-01
9.533691406250000000e-01 -5.004882812500000000e-02 4.941406250000000000e-01
9.455566406250000000e-01 -5.053710937500000000e-02 4.992675781250000000e-01
9.604492187500000000e-01 -4.248046875000000000e-02 4.772949218750000000e-01
8.972167968750000000e-01 -3.540039062500000000e-02 4.890136718750000000e-01
8.564453125000000000e-01 -9.228515625000000000e-02 4.990234375000000000e-01
8.684082031250000000e-01 -9.252929687500000000e-02 5.878906250000000000e-01
9.394531250000000000e-01 -8.081054687500000000e-02 5.908203125000000000e-01
8.779296875000000000e-01 2.441406250000000000e-04 5.983886718750000000e-01
8.808593750000000000e-01 -7.910156250000000000e-02 6.523437500000000000e-01
8.957519531250000000e-01 1.025390625000000000e-02 6.520996093750000000e-01
8.496093750000000000e-01 -4.174804687500000000e-02 7.070312500000000000e-01
7.993164062500000000e-01 -3.540039062500000000e-02 6.196289062500000000e-01
7.426757812500000000e-01 -5.615234375000000000e-02 5.974121093750000000e-01
7.453613281250000000e-01 -1.464843750000000000e-01 6.865234375000000000e-01
7.297363281250000000e-01 -1.005859375000000000e-01 6.794433593750000000e-01
9.020996093750000000e-01 -1.633300781250000000e-01 6.359863281250000000e-01
8.930664062500000000e-01 -3.930664062500000000e-02 6.184082031250000000e-01
7.863769531250000000e-01 -5.249023437500000000e-02 6.823730468750000000e-01
8.515625000000000000e-01 -6.347656250000000000e-02 5.922851562500000000e-01
8.649902343750000000e-01 5.859375000000000000e-03 6.362304687500000000e-01
8.688964843750000000e-01 -3.051757812500000000e-02 6.523437500000000000e-01
8.652343750000000000e-01 -8.496093750000000000e-02 5.419921875000000000e-01
9.423828125000000000e-01 -1.303710937500000000e-01 5.556640625000000000e-01
9.521484375000000000e-01 -9.545898437500000000e-02 5.375976562500000000e-01
9.389648437500000000e-01 -1.389160156250000000e-01 5.375976562500000000e-01
9.235839843750000000e-01 -4.760742187500000000e-02 4.726562500000000000e-01
9.125976562500000000e-01 -1.479492187500000000e-01 5.847167968750000000e-01
7.971191406250000000e-01 -2.109375000000000000e-01 5.000000000000000000e-01
7.863769531250000000e-01 -1.545410156250000000e-01 6.379394531250000000e-01
5.666503906250000000e-01 -3.613281250000000000e-02 5.917968750000000000e-01
9.179687500000000000e-01 3.149414062500000000e-01 3.566894531250000000e-01
1.076904296875000000e+00 4.418945312500000000e-02 2.312011718750000000e-01
1.198242187500000000e+00 1.645507812500000000e-01 3.293457031250000000e-01
1.172119140625000000e+00 1.726074218750000000e-01 1.140136718750000000e-01
8.730468750000000000e-01 7.397460937500000000e-02 1.955566406250000000e-01
1.076660156250000000e+00 1.086425781250000000e-01 9.765625000000000000e-02
1.037109375000000000e+00 1.875000000000000000e-01 1.501464843750000000e-01
1.001464843750000000e+00 -7.714843750000000000e-02 1.145019531250000000e-01
9.819335937500000000e-01 -1.953125000000000000e-02 1.035156250000000000e-01
9.853515625000000000e-01 -1.123046875000000000e-02 1.503906250000000000e-01
9.853515625000000000e-01 7.226562500000000000e-02 1.296386718750000000e-01
1.070800781250000000e+00 7.055664062500000000e-02 9.497070312500000000e-02
1.068603515625000000e+00 -3.002929687500000000e-02 1.533203125000000000e-01
1.028076171875000000e+00 1.708984375000000000e-02 1.210937500000000000e-01
1.077392578125000000e+00 -6.835937500000000000e-02 1.113281250000000000e-01
9.746093750000000000e-01 -3.930664062500000000e-02 2.187500000000000000e-01
1.023437500000000000e+00 1.904296875000000000e-02 1.999511718750000000e-01
9.912109375000000000e-01 -3.100585937500000000e-02 1.867675781250000000e-01
9.924316406250000000e-01 -1.325683593750000000e-01 1.816406250000000000e-01
1.013427734375000000e+00 -1.494140625000000000e-01 2.722167968750000000e-01
9.831542968750000000e-01 -1.105957031250000000e-01 1.784667968750000000e-01
9.738769531250000000e-01 -1.376953125000000000e-01 2.509765625000000000e-01
1.009765625000000000e+00 -4.125976562500000000e-02 3.349609375000000000e-01
9.702148437500000000e-01 -1.362304687500000000e-01 1.813964843750000000e-01
1.000732421875000000e+00 -8.813476562500000000e-02 2.629394531250000000e-01
1.126953125000000000e+00 -7.324218750000000000e-04 1.828613281250000000e-01
9.130859375000000000e-01 -7.568359375000000000e-02 2.326660156250000000e-01
1.047607421875000000e+00 2.441406250000000000e-02 5.957031250000000000e-02
9.255371093750000000e-01 -4.296875000000000000e-02 2.199707031250000000e-01
1.036376953125000000e+00 -5.151367187500000000e-02 1.057128906250000000e-01
9.724121093750000000e-01 -7.348632812500000000e-02 2.536621093750000000e-01
9.714355468750000000e-01 -9.204101562500000000e-02 1.574707031250000000e-01
9.970703125000000000e-01 -7.421875000000000000e-02 2.041015625000000000e-01
9.895019531250000000e-01 -5.249023437500000000e-02 9.448242187500000000e-02
9.924316406250000000e-01 -9.277343750000000000e-02 2.175292968750000000e-01
1.075439453125000000e+00 -7.812500000000000000e-02 2.104492187500000000e-01
9.819335937500000000e-01 -8.081054687500000000e-02 1.210937500000000000e-01
9.753417968750000000e-01 -8.447265625000000000e-02 1.916503906250000000e-01
9.738769531250000000e-01 -8.715820312500000000e-02 1.914062500000000000e-01
9.941406250000000000e-01 -3.295898437500000000e-02 1.054687500000000000e-01
9.829101562500000000e-01 -8.496093750000000000e-02 1.035156250000000000e-01
9.929199218750000000e-01 -7.592773437500000000e-02 1.882324218750000000e-01
1.071777343750000000e+00 -9.033203125000000000e-02 1.054687500000000000e-01
9.812011718750000000e-01 -7.177734375000000000e-02 1.557617187500000000e-01
9.775390625000000000e-01 -6.640625000000000000e-02 1.066894531250000000e-01
1.069091796875000000e+00 -7.812500000000000000e-02 1.958007812500000000e-01
1.066894531250000000e+00 -7.690429687500000000e-02 1.201171875000000000e-01
9.802246093750000000e-01 -6.469726562500000000e-02 2.050781250000000000e-01
9.943847656250000000e-01 -3.100585937500000000e-02 1.997070312500000000e-01
9.895019531250000000e-01 2.441406250000000000e-04 1.975097656250000000e-01
9.770507812500000000e-01 -9.350585937500000000e-02 2.126464843750000000e-01
9.838867187500000000e-01 -3.491210937500000000e-02 2.023925781250000000e-01
9.943847656250000000e-01 -6.738281250000000000e-02 1.960449218750000000e-01
9.826660156250000000e-01 -7.055664062500000000e-02 1.987304687500000000e-01
9.887695312500000000e-01 -5.126953125000000000e-02 2.038574218750000000e-01
9.873046875000000000e-01 -9.301757812500000000e-02 1.628417968750000000e-01
9.880371093750000000e-01 -7.519531250000000000e-02 2.089843750000000000e-01
9.833984375000000000e-01 -8.349609375000000000e-02 2.104492187500000000e-01
1.029052734375000000e+00 -8.813476562500000000e-02 1.606445312500000000e-01
9.814453125000000000e-01 -8.911132812500000000e-02 2.075195312500000000e-01
9.807128906250000000e-01 -8.056640625000000000e-02 1.613769531250000000e-01
9.748535156250000000e-01 -7.666015625000000000e-02 1.611328125000000000e-01
