6.000000000000000000e+00 -2.620000000000000000e+02 -5.400000000000000000e+01
5.000000000000000000e+00 -2.610000000000000000e+02 -4.900000000000000000e+01
7.000000000000000000e+00 -2.590000000000000000e+02 -4.900000000000000000e+01
9.000000000000000000e+00 -2.640000000000000000e+02 -5.400000000000000000e+01
2.000000000000000000e+00 -2.600000000000000000e+02 -4.800000000000000000e+01
7.000000000000000000e+00 -2.620000000000000000e+02 -5.100000000000000000e+01
9.000000000000000000e+00 -2.600000000000000000e+02 -5.100000000000000000e+01
9.000000000000000000e+00 -2.610000000000000000e+02 -4.800000000000000000e+01
4.000000000000000000e+00 -2.600000000000000000e+02 -5.100000000000000000e+01
5.000000000000000000e+00 -2.610000000000000000e+02 -5.000000000000000000e+01
6.000000000000000000e+00 -2.600000000000000000e+02 -5.100000000000000000e+01
4.000000000000000000e+00 -2.660000000000000000e+02 -5.300000000000000000e+01
7.000000000000000000e+00 -2.630000000000000000e+02 -4.700000000000000000e+01
6.000000000000000000e+00 -2.610000000000000000e+02 -4.500000000000000000e+01
1.000000000000000000e+00 -2.610000000000000000e+02 -4.500000000000000000e+01
6.000000000000000000e+00 -2.620000000000000000e+02 -4.900000000000000000e+01
9.000000000000000000e+00 -2.580000000000000000e+02 -4.300000000000000000e+01
3.000000000000000000e+00 -2.620000000000000000e+02 -4.400000000000000000e+01
2.000000000000000000e+00 -2.610000000000000000e+02 -5.000000000000000000e+01
7.000000000000000000e+00 -2.610000000000000000e+02 -4.400000000000000000e+01
5.000000000000000000e+00 -2.630000000000000000e+02 -4.700000000000000000e+01
6.000000000000000000e+00 -2.620000000000000000e+02 -4.500000000000000000e+01
1.000000000000000000e+01 -2.600000000000000000e+02 -4.700000000000000000e+01
7.000000000000000000e+00 -2.620000000000000000e+02 -3.900000000000000000e+01
4.000000000000000000e+00 -2.660000000000000000e+02 -4.000000000000000000e+01
6.000000000000000000e+00 -2.670000000000000000e+02 -4.500000000000000000e+01
1.000000000000000000e+00 -2.590000000000000000e+02 -4.000000000000000000e+01
3.000000000000000000e+00 -2.570000000000000000e+02 -3.600000000000000000e+01
6.000000000000000000e+00 -2.600000000000000000e+02 -4.300000000000000000e+01
7.000000000000000000e+00 -2.580000000000000000e+02 -4.100000000000000000e+01
3.000000000000000000e+00 -2.600000000000000000e+02 -3.900000000000000000e+01
2.000000000000000000e+00 -2.600000000000000000e+02 -3.600000000000000000e+01
3.000000000000000000e+00 -2.600000000000000000e+02 -3.000000000000000000e+01
5.000000000000000000e+00 -2.570000000000000000e+02 -3.600000000000000000e+01
0.000000000000000000e+00 -2.590000000000000000e+02 -4.100000000000000000e+01
9.000000000000000000e+00 -2.550000000000000000e+02 -5.000000000000000000e+01
4.000000000000000000e+00 -2.600000000000000000e+02 -5.800000000000000000e+01
-3.000000000000000000e+00 -2.620000000000000000e+02 -6.900000000000000000e+01
1.200000000000000000e+01 -2.480000000000000000e+02 -7.500000000000000000e+01
3.000000000000000000e+00 -2.530000000000000000e+02 -8.300000000000000000e+01
-4.000000000000000000e+00 -2.460000000000000000e+02 -8.200000000000000000e+01
2.100000000000000000e+01 -2.570000000000000000e+02 -9.500000000000000000e+01
2.800000000000000000e+01 -2.620000000000000000e+02 -1.130000000000000000e+02
2.000000000000000000e+01 -2.630000000000000000e+02 -1.320000000000000000e+02
1.200000000000000000e+01 -2.470000000000000000e+02 -1.530000000000000000e+02
2.400000000000000000e+01 -2.400000000000000000e+02 -2.000000000000000000e+02
4.400000000000000000e+01 -2.330000000000000000e+02 -2.370000000000000000e+02
1.700000000000000000e+01 -2.360000000000000000e+02 -2.280000000000000000e+02
4.600000000000000000e+01 -1.830000000000000000e+02 -2.110000000000000000e+02
1.300000000000000000e+01 -2.140000000000000000e+02 -2.570000000000000000e+02
4.000000000000000000e+01 -2.050000000000000000e+02 -2.650000000000000000e+02
4.100000000000000000e+01 -1.640000000000000000e+02 -2.730000000000000000e+02
4.000000000000000000e+01 -1.330000000000000000e+02 -2.670000000000000000e+02
3.200000000000000000e+01 -1.270000000000000000e+02 -2.610000000000000000e+02
3.900000000000000000e+01 -1.210000000000000000e+02 -2.470000000000000000e+02
3.400000000000000000e+01 -1.020000000000000000e+02 -2.290000000000000000e+02
3.400000000000000000e+01 -8.100000000000000000e+01 -2.250000000000000000e+02
5.000000000000000000e+01 -9.200000000000000000e+01 -2.340000000000000000e+02
4.900000000000000000e+01 -1.050000000000000000e+02 -2.450000000000000000e+02
4.300000000000000000e+01 -9.000000000000000000e+01 -2.450000000000000000e+02
3.900000000000000000e+01 -9.000000000000000000e+01 -2.530000000000000000e+02
3.000000000000000000e+01 -9.200000000000000000e+01 -2.560000000000000000e+02
2.400000000000000000e+01 -8.300000000000000000e+01 -2.390000000000000000e+02
1.500000000000000000e+01 -7.900000000000000000e+01 -2.190000000000000000e+02
5.000000000000000000e+00 -7.400000000000000000e+01 -1.890000000000000000e+02
2.000000000000000000e+00 -7.200000000000000000e+01 -1.680000000000000000e+02
-9.000000000000000000e+00 -8.200000000000000000e+01 -1.260000000000000000e+02
2.700000000000000000e+01 -9.600000000000000000e+01 -2.400000000000000000e+01
-3.800000000000000000e+01 -1.470000000000000000e+02 -7.300000000000000000e+01
-1.370000000000000000e+02 -3.000000000000000000e+00 -2.170000000000000000e+02
-1.170000000000000000e+02 1.000000000000000000e+02 -3.490000000000000000e+02
-5.060000000000000000e+02 -2.000000000000000000e+00 -3.800000000000000000e+02
-1.229000000000000000e+03 6.300000000000000000e+01 -4.820000000000000000e+02
5.100000000000000000e+01 -1.260000000000000000e+02 -1.000000000000000000e+00
-2.680000000000000000e+02 2.410000000000000000e+02 -8.700000000000000000e+01
-1.860000000000000000e+02 1.470000000000000000e+02 -2.600000000000000000e+01
-1.490000000000000000e+02 6.000000000000000000e+01 3.500000000000000000e+01
-2.300000000000000000e+02 7.000000000000000000e+01 -1.200000000000000000e+01
-3.010000000000000000e+02 3.400000000000000000e+01 -8.700000000000000000e+01
-2.250000000000000000e+02 7.600000000000000000e+01 -4.400000000000000000e+01
-2.520000000000000000e+02 8.800000000000000000e+01 -5.700000000000000000e+01
-2.480000000000000000e+02 9.900000000000000000e+01 -8.400000000000000000e+01
-2.430000000000000000e+02 9.600000000000000000e+01 -9.900000000000000000e+01
-2.200000000000000000e+02 9.000000000000000000e+01 -9.800000000000000000e+01
-2.340000000000000000e+02 6.100000000000000000e+01 -1.010000000000000000e+02
-2.330000000000000000e+02 6.800000000000000000e+01 -1.100000000000000000e+02
-2.330000000000000000e+02 5.200000000000000000e+01 -1.050000000000000000e+02
-2.390000000000000000e+02 4.500000000000000000e+01 -1.080000000000000000e+02
-2.320000000000000000e+02 4.500000000000000000e+01 -1.080000000000000000e+02
-2.280000000000000000e+02 4.100000000000000000e+01 -1.110000000000000000e+02
-2.320000000000000000e+02 4.700000000000000000e+01 -1.130000000000000000e+02
-2.320000000000000000e+02 5.100000000000000000e+01 -1.130000000000000000e+02
-2.310000000000000000e+02 5.500000000000000000e+01 -1.200000000000000000e+02
-2.320000000000000000e+02 5.600000000000000000e+01 -1.180000000000000000e+02
-2.300000000000000000e+02 5.800000000000000000e+01 -1.140000000000000000e+02
-2.290000000000000000e+02 5.200000000000000000e+01 -1.090000000000000000e+02
-2.300000000000000000e+02 5.000000000000000000e+01 -1.140000000000000000e+02
-2.330000000000000000e+02 5.400000000000000000e+01 -1.120000000000000000e+02
-2.290000000000000000e+02 5.300000000000000000e+01 -1.110000000000000000e+02
-2.300000000000000000e+02 5.300000000000000000e+01 -1.150000000000000000e+02
-2.340000000000000000e+02 5.900000000000000000e+01 -1.110000000000000000e+02
-2.320000000000000000e+02 5.700000000000000000e+01 -1.100000000000000000e+02
-2.300000000000000000e+02 5.600000000000000000e+01 -1.110000000000000000e+02
-2.310000000000000000e+02 5.600000000000000000e+01 -1.150000000000000000e+02
-2.280000000000000000e+02 5.400000000000000000e+01 -1.130000000000000000e+02
-2.260000000000000000e+02 5.300000000000000000e+01 -1.110000000000000000e+02
-2.280000000000000000e+02 4.600000000000000000e+01 -1.190000000000000000e+02
-2.300000000000000000e+02 5.400000000000000000e+01 -1.180000000000000000e+02
-2.280000000000000000e+02 5.700000000000000000e+01 -1.150000000000000000e+02
-2.290000000000000000e+02 5.600000000000000000e+01 -1.170000000000000000e+02
-2.270000000000000000e+02 5.500000000000000000e+01 -1.190000000000000000e+02
-2.270000000000000000e+02 5.700000000000000000e+01 -1.120000000000000000e+02
-2.260000000000000000e+02 5.500000000000000000e+01 -1.170000000000000000e+02
-2.310000000000000000e+02 5.800000000000000000e+01 -1.180000000000000000e+02
-2.280000000000000000e+02 5.800000000000000000e+01 -1.150000000000000000e+02
-2.310000000000000000e+02 5.900000000000000000e+01 -1.160000000000000000e+02
-2.290000000000000000e+02 6.200000000000000000e+01 -1.180000000000000000e+02
-2.280000000000000000e+02 6.300000000000000000e+01 -1.130000000000000000e+02
-2.310000000000000000e+02 6.400000000000000000e+01 -1.180000000000000000e+02
-2.300000000000000000e+02 4.800000000000000000e+01 -1.180000000000000000e+02
-2.280000000000000000e+02 3.100000000000000000e+01 -1.200000000000000000e+02
-2.300000000000000000e+02 3.400000000000000000e+01 -1.210000000000000000e+02
-2.280000000000000000e+02 5.200000000000000000e+01 -1.250000000000000000e+02
-2.290000000000000000e+02 5.900000000000000000e+01 -1.240000000000000000e+02
-2.300000000000000000e+02 6.400000000000000000e+01 -1.200000000000000000e+02
-2.280000000000000000e+02 6.500000000000000000e+01 -1.160000000000000000e+02
-2.280000000000000000e+02 5.900000000000000000e+01 -1.160000000000000000e+02
-2.280000000000000000e+02 5.300000000000000000e+01 -1.140000000000000000e+02
-2.280000000000000000e+02 4.900000000000000000e+01 -1.170000000000000000e+02
-2.280000000000000000e+02 5.000000000000000000e+01 -1.170000000000000000e+02
-2.210000000000000000e+02 5.400000000000000000e+01 -1.160000000000000000e+02
-2.250000000000000000e+02 5.700000000000000000e+01 -1.190000000000000000e+02
-2.270000000000000000e+02 6.000000000000000000e+01 -1.220000000000000000e+02
-2.270000000000000000e+02 6.000000000000000000e+01 -1.190000000000000000e+02
-2.280000000000000000e+02 5.400000000000000000e+01 -1.180000000000000000e+02
-2.280000000000000000e+02 5.300000000000000000e+01 -1.160000000000000000e+02
-2.250000000000000000e+02 5.800000000000000000e+01 -1.170000000000000000e+02
-2.280000000000000000e+02 5.800000000000000000e+01 -1.170000000000000000e+02
-2.270000000000000000e+02 5.900000000000000000e+01 -1.220000000000000000e+02
-2.250000000000000000e+02 5.600000000000000000e+01 -1.190000000000000000e+02
-2.280000000000000000e+02 5.600000000000000000e+01 -1.170000000000000000e+02
-2.290000000000000000e+02 5.700000000000000000e+01 -1.210000000000000000e+02
-2.240000000000000000e+02 5.700000000000000000e+01 -1.130000000000000000e+02
-2.280000000000000000e+02 5.700000000000000000e+01 -1.080000000000000000e+02
-2.290000000000000000e+02 5.800000000000000000e+01 -1.190000000000000000e+02
-2.260000000000000000e+02 5.500000000000000000e+01 -1.200000000000000000e+02
-2.250000000000000000e+02 5.600000000000000000e+01 -1.180000000000000000e+02
-2.240000000000000000e+02 5.600000000000000000e+01 -1.180000000000000000e+02
-2.250000000000000000e+02 5.800000000000000000e+01 -1.200000000000000000e+02
-2.260000000000000000e+02 5.700000000000000000e+01 -1.200000000000000000e+02
-2.270000000000000000e+02 6.100000000000000000e+01 -1.180000000000000000e+02
-2.280000000000000000e+02 5.900000000000000000e+01 -1.150000000000000000e+02
-2.260000000000000000e+02 6.000000000000000000e+01 -1.160000000000000000e+02
-2.250000000000000000e+02 5.800000000000000000e+01 -1.180000000000000000e+02
-2.280000000000000000e+02 5.000000000000000000e+01 -1.230000000000000000e+02
-2.250000000000000000e+02 5.800000000000000000e+01 -1.210000000000000000e+02
-2.250000000000000000e+02 6.300000000000000000e+01 -1.220000000000000000e+02
-2.260000000000000000e+02 6.300000000000000000e+01 -1.130000000000000000e+02
-2.270000000000000000e+02 6.000000000000000000e+01 -1.150000000000000000e+02
-2.260000000000000000e+02 5.700000000000000000e+01 -1.190000000000000000e+02
-2.270000000000000000e+02 5.600000000000000000e+01 -1.200000000000000000e+02
-2.270000000000000000e+02 5.900000000000000000e+01 -1.210000000000000000e+02
-2.270000000000000000e+02 5.700000000000000000e+01 -1.200000000000000000e+02
-2.250000000000000000e+02 5.700000000000000000e+01 -1.200000000000000000e+02
-2.250000000000000000e+02 5.800000000000000000e+01 -1.190000000000000000e+02
-2.290000000000000000e+02 6.300000000000000000e+01 -1.210000000000000000e+02
-2.270000000000000000e+02 6.100000000000000000e+01 -1.200000000000000000e+02
-2.280000000000000000e+02 6.000000000000000000e+01 -1.230000000000000000e+02
-2.280000000000000000e+02 5.700000000000000000e+01 -1.190000000000000000e+02
-2.260000000000000000e+02 6.000000000000000000e+01 -1.160000000000000000e+02
-2.260000000000000000e+02 6.000000000000000000e+01 -1.160000000000000000e+02
-2.270000000000000000e+02 5.800000000000000000e+01 -1.140000000000000000e+02
-2.280000000000000000e+02 5.800000000000000000e+01 -1.240000000000000000e+02
-2.280000000000000000e+02 6.100000000000000000e+01 -1.210000000000000000e+02
-2.270000000000000000e+02 6.100000000000000000e+01 -1.220000000000000000e+02
-2.260000000000000000e+02 6.300000000000000000e+01 -1.230000000000000000e+02
-2.270000000000000000e+02 6.000000000000000000e+01 -1.180000000000000000e+02
-2.250000000000000000e+02 6.100000000000000000e+01 -1.210000000000000000e+02
-2.260000000000000000e+02 5.800000000000000000e+01 -1.230000000000000000e+02
-2.230000000000000000e+02 5.800000000000000000e+01 -1.260000000000000000e+02
-2.270000000000000000e+02 5.900000000000000000e+01 -1.180000000000000000e+02
-2.230000000000000000e+02 5.900000000000000000e+01 -1.210000000000000000e+02
-2.250000000000000000e+02 5.900000000000000000e+01 -1.190000000000000000e+02
-2.260000000000000000e+02 5.700000000000000000e+01 -1.200000000000000000e+02
-2.280000000000000000e+02 5.800000000000000000e+01 -1.230000000000000000e+02
-2.230000000000000000e+02 6.000000000000000000e+01 -1.210000000000000000e+02
-2.250000000000000000e+02 6.100000000000000000e+01 -1.210000000000000000e+02
-2.270000000000000000e+02 6.300000000000000000e+01 -1.210000000000000000e+02
-2.260000000000000000e+02 5.900000000000000000e+01 -1.210000000000000000e+02
-2.260000000000000000e+02 6.100000000000000000e+01 -1.200000000000000000e+02
-2.260000000000000000e+02 6.200000000000000000e+01 -1.240000000000000000e+02
-2.240000000000000000e+02 6.200000000000000000e+01 -1.200000000000000000e+02
-2.230000000000000000e+02 6.100000000000000000e+01 -1.200000000000000000e+02
-2.260000000000000000e+02 6.200000000000000000e+01 -1.200000000000000000e+02
-2.250000000000000000e+02 5.900000000000000000e+01 -1.220000000000000000e+02
-2.270000000000000000e+02 6.000000000000000000e+01 -1.200000000000000000e+02
-2.270000000000000000e+02 6.400000000000000000e+01 -1.170000000000000000e+02
-2.270000000000000000e+02 6.200000000000000000e+01 -1.220000000000000000e+02
-2.250000000000000000e+02 6.100000000000000000e+01 -1.200000000000000000e+02
-2.260000000000000000e+02 6.300000000000000000e+01 -1.210000000000000000e+02
