4.000000000000000000e+00 -2.540000000000000000e+02 -2.500000000000000000e+01
1.000000000000000000e+00 -2.550000000000000000e+02 -2.500000000000000000e+01
8.000000000000000000e+00 -2.520000000000000000e+02 -2.700000000000000000e+01
5.000000000000000000e+00 -2.570000000000000000e+02 -2.400000000000000000e+01
3.000000000000000000e+00 -2.540000000000000000e+02 -2.400000000000000000e+01
5.000000000000000000e+00 -2.570000000000000000e+02 -2.400000000000000000e+01
5.000000000000000000e+00 -2.560000000000000000e+02 -2.800000000000000000e+01
4.000000000000000000e+00 -2.540000000000000000e+02 -2.400000000000000000e+01
2.000000000000000000e+00 -2.540000000000000000e+02 -2.500000000000000000e+01
5.000000000000000000e+00 -2.550000000000000000e+02 -2.400000000000000000e+01
6.000000000000000000e+00 -2.540000000000000000e+02 -2.900000000000000000e+01
4.000000000000000000e+00 -2.550000000000000000e+02 -2.500000000000000000e+01
5.000000000000000000e+00 -2.550000000000000000e+02 -2.300000000000000000e+01
6.000000000000000000e+00 -2.550000000000000000e+02 -2.400000000000000000e+01
5.000000000000000000e+00 -2.580000000000000000e+02 -3.300000000000000000e+01
3.000000000000000000e+00 -2.540000000000000000e+02 -2.600000000000000000e+01
5.000000000000000000e+00 -2.570000000000000000e+02 -2.800000000000000000e+01
4.000000000000000000e+00 -2.540000000000000000e+02 -2.700000000000000000e+01
4.000000000000000000e+00 -2.560000000000000000e+02 -2.600000000000000000e+01
7.000000000000000000e+00 -2.540000000000000000e+02 -2.400000000000000000e+01
4.000000000000000000e+00 -2.580000000000000000e+02 -2.200000000000000000e+01
7.000000000000000000e+00 -2.520000000000000000e+02 -1.200000000000000000e+01
7.000000000000000000e+00 -2.550000000000000000e+02 -2.600000000000000000e+01
5.000000000000000000e+00 -2.520000000000000000e+02 -2.700000000000000000e+01
4.000000000000000000e+00 -2.540000000000000000e+02 -2.600000000000000000e+01
5.000000000000000000e+00 -2.530000000000000000e+02 -2.500000000000000000e+01
4.000000000000000000e+00 -2.550000000000000000e+02 -2.600000000000000000e+01
4.000000000000000000e+00 -2.540000000000000000e+02 -2.000000000000000000e+01
4.000000000000000000e+00 -2.540000000000000000e+02 -2.400000000000000000e+01
5.000000000000000000e+00 -2.530000000000000000e+02 -2.200000000000000000e+01
2.000000000000000000e+00 -2.520000000000000000e+02 -2.600000000000000000e+01
5.000000000000000000e+00 -2.580000000000000000e+02 -2.400000000000000000e+01
7.000000000000000000e+00 -2.560000000000000000e+02 -2.400000000000000000e+01
4.000000000000000000e+00 -2.520000000000000000e+02 -2.300000000000000000e+01
3.000000000000000000e+00 -2.570000000000000000e+02 -2.500000000000000000e+01
3.000000000000000000e+00 -2.540000000000000000e+02 -2.700000000000000000e+01
5.000000000000000000e+00 -2.570000000000000000e+02 -2.400000000000000000e+01
3.000000000000000000e+00 -2.530000000000000000e+02 -2.500000000000000000e+01
3.000000000000000000e+00 -2.550000000000000000e+02 -2.700000000000000000e+01
5.000000000000000000e+00 -2.540000000000000000e+02 -2.500000000000000000e+01
4.000000000000000000e+00 -2.540000000000000000e+02 -2.400000000000000000e+01
4.000000000000000000e+00 -2.540000000000000000e+02 -2.600000000000000000e+01
4.000000000000000000e+00 -2.570000000000000000e+02 -2.800000000000000000e+01
4.000000000000000000e+00 -2.540000000000000000e+02 -2.700000000000000000e+01
8.000000000000000000e+00 -2.580000000000000000e+02 -2.700000000000000000e+01
6.000000000000000000e+00 -2.570000000000000000e+02 -2.700000000000000000e+01
6.000000000000000000e+00 -2.570000000000000000e+02 -3.200000000000000000e+01
7.000000000000000000e+00 -2.550000000000000000e+02 -3.600000000000000000e+01
9.000000000000000000e+00 -2.530000000000000000e+02 -4.900000000000000000e+01
1.000000000000000000e+01 -2.390000000000000000e+02 -6.300000000000000000e+01
2.200000000000000000e+01 -2.160000000000000000e+02 -9.000000000000000000e+01
3.400000000000000000e+01 -1.550000000000000000e+02 -1.250000000000000000e+02
2.500000000000000000e+01 -1.100000000000000000e+02 -1.070000000000000000e+02
0.000000000000000000e+00 -9.900000000000000000e+01 -3.200000000000000000e+01
1.800000000000000000e+01 -1.230000000000000000e+02 -7.700000000000000000e+01
8.000000000000000000e+00 -2.400000000000000000e+02 -4.700000000000000000e+01
1.900000000000000000e+01 -2.860000000000000000e+02 -4.200000000000000000e+01
1.900000000000000000e+01 -3.600000000000000000e+02 -8.700000000000000000e+01
-3.000000000000000000e+00 -3.340000000000000000e+02 -1.070000000000000000e+02
5.900000000000000000e+01 -3.570000000000000000e+02 -9.600000000000000000e+01
3.500000000000000000e+01 -4.870000000000000000e+02 -4.100000000000000000e+01
3.600000000000000000e+01 -3.960000000000000000e+02 -1.150000000000000000e+02
2.000000000000000000e+01 -1.720000000000000000e+02 6.100000000000000000e+01
-1.000000000000000000e+01 -2.160000000000000000e+02 1.600000000000000000e+01
1.700000000000000000e+01 -2.510000000000000000e+02 1.400000000000000000e+01
4.000000000000000000e+00 -2.620000000000000000e+02 9.000000000000000000e+00
2.000000000000000000e+00 -2.690000000000000000e+02 2.300000000000000000e+01
1.000000000000000000e+01 -2.310000000000000000e+02 1.000000000000000000e+01
0.000000000000000000e+00 -2.370000000000000000e+02 3.300000000000000000e+01
1.000000000000000000e+00 -2.590000000000000000e+02 2.800000000000000000e+01
8.000000000000000000e+00 -2.590000000000000000e+02 3.900000000000000000e+01
1.400000000000000000e+01 -2.380000000000000000e+02 3.500000000000000000e+01
3.000000000000000000e+00 -2.390000000000000000e+02 3.400000000000000000e+01
1.000000000000000000e+00 -2.530000000000000000e+02 3.500000000000000000e+01
7.000000000000000000e+00 -2.480000000000000000e+02 3.300000000000000000e+01
1.200000000000000000e+01 -2.520000000000000000e+02 3.800000000000000000e+01
1.200000000000000000e+01 -2.490000000000000000e+02 3.400000000000000000e+01
9.000000000000000000e+00 -2.520000000000000000e+02 3.600000000000000000e+01
8.000000000000000000e+00 -2.490000000000000000e+02 3.600000000000000000e+01
9.000000000000000000e+00 -2.470000000000000000e+02 3.200000000000000000e+01
8.000000000000000000e+00 -2.490000000000000000e+02 3.300000000000000000e+01
9.000000000000000000e+00 -2.500000000000000000e+02 3.600000000000000000e+01
1.000000000000000000e+01 -2.510000000000000000e+02 3.700000000000000000e+01
1.200000000000000000e+01 -2.490000000000000000e+02 4.000000000000000000e+01
1.000000000000000000e+01 -2.510000000000000000e+02 3.500000000000000000e+01
9.000000000000000000e+00 -2.490000000000000000e+02 3.600000000000000000e+01
1.100000000000000000e+01 -2.500000000000000000e+02 3.300000000000000000e+01
1.000000000000000000e+01 -2.510000000000000000e+02 3.800000000000000000e+01
9.000000000000000000e+00 -2.470000000000000000e+02 3.400000000000000000e+01
8.000000000000000000e+00 -2.510000000000000000e+02 3.700000000000000000e+01
1.100000000000000000e+01 -2.560000000000000000e+02 3.700000000000000000e+01
1.000000000000000000e+01 -2.490000000000000000e+02 3.600000000000000000e+01
1.200000000000000000e+01 -2.510000000000000000e+02 3.400000000000000000e+01
1.000000000000000000e+01 -2.510000000000000000e+02 3.500000000000000000e+01
1.000000000000000000e+01 -2.480000000000000000e+02 3.900000000000000000e+01
1.000000000000000000e+01 -2.500000000000000000e+02 3.400000000000000000e+01
1.200000000000000000e+01 -2.490000000000000000e+02 3.500000000000000000e+01
8.000000000000000000e+00 -2.510000000000000000e+02 3.900000000000000000e+01
9.000000000000000000e+00 -2.490000000000000000e+02 3.300000000000000000e+01
1.100000000000000000e+01 -2.480000000000000000e+02 3.700000000000000000e+01
8.000000000000000000e+00 -2.470000000000000000e+02 3.600000000000000000e+01
1.000000000000000000e+01 -2.490000000000000000e+02 3.400000000000000000e+01
1.300000000000000000e+01 -2.510000000000000000e+02 3.400000000000000000e+01
1.200000000000000000e+01 -2.490000000000000000e+02 4.100000000000000000e+01
8.000000000000000000e+00 -2.480000000000000000e+02 3.400000000000000000e+01
1.100000000000000000e+01 -2.500000000000000000e+02 3.700000000000000000e+01
1.000000000000000000e+01 -2.490000000000000000e+02 3.400000000000000000e+01
1.100000000000000000e+01 -2.500000000000000000e+02 3.300000000000000000e+01
1.100000000000000000e+01 -2.470000000000000000e+02 3.300000000000000000e+01
1.000000000000000000e+01 -2.500000000000000000e+02 3.800000000000000000e+01
1.100000000000000000e+01 -2.510000000000000000e+02 3.400000000000000000e+01
1.200000000000000000e+01 -2.500000000000000000e+02 3.100000000000000000e+01
1.200000000000000000e+01 -2.520000000000000000e+02 3.600000000000000000e+01
1.300000000000000000e+01 -2.450000000000000000e+02 3.900000000000000000e+01
1.200000000000000000e+01 -2.500000000000000000e+02 3.700000000000000000e+01
1.000000000000000000e+01 -2.480000000000000000e+02 3.900000000000000000e+01
1.100000000000000000e+01 -2.490000000000000000e+02 3.700000000000000000e+01
1.000000000000000000e+01 -2.470000000000000000e+02 3.600000000000000000e+01
1.000000000000000000e+01 -2.530000000000000000e+02 3.600000000000000000e+01
1.300000000000000000e+01 -2.500000000000000000e+02 3.500000000000000000e+01
8.000000000000000000e+00 -2.490000000000000000e+02 3.700000000000000000e+01
1.100000000000000000e+01 -2.480000000000000000e+02 4.000000000000000000e+01
1.400000000000000000e+01 -2.440000000000000000e+02 3.600000000000000000e+01
1.300000000000000000e+01 -2.500000000000000000e+02 3.800000000000000000e+01
9.000000000000000000e+00 -2.500000000000000000e+02 3.700000000000000000e+01
1.000000000000000000e+01 -2.520000000000000000e+02 3.600000000000000000e+01
1.100000000000000000e+01 -2.490000000000000000e+02 4.000000000000000000e+01
1.000000000000000000e+01 -2.470000000000000000e+02 3.600000000000000000e+01
7.000000000000000000e+00 -2.500000000000000000e+02 3.400000000000000000e+01
1.100000000000000000e+01 -2.510000000000000000e+02 4.000000000000000000e+01
1.100000000000000000e+01 -2.480000000000000000e+02 3.100000000000000000e+01
1.200000000000000000e+01 -2.520000000000000000e+02 3.600000000000000000e+01
1.100000000000000000e+01 -2.500000000000000000e+02 3.800000000000000000e+01
1.000000000000000000e+01 -2.510000000000000000e+02 3.800000000000000000e+01
8.000000000000000000e+00 -2.470000000000000000e+02 3.500000000000000000e+01
1.100000000000000000e+01 -2.520000000000000000e+02 3.900000000000000000e+01
7.000000000000000000e+00 -2.480000000000000000e+02 3.600000000000000000e+01
1.200000000000000000e+01 -2.500000000000000000e+02 3.700000000000000000e+01
1.100000000000000000e+01 -2.480000000000000000e+02 3.700000000000000000e+01
8.000000000000000000e+00 -2.500000000000000000e+02 4.100000000000000000e+01
1.100000000000000000e+01 -2.490000000000000000e+02 4.000000000000000000e+01
9.000000000000000000e+00 -2.490000000000000000e+02 3.700000000000000000e+01
1.200000000000000000e+01 -2.510000000000000000e+02 3.600000000000000000e+01
8.000000000000000000e+00 -2.520000000000000000e+02 3.800000000000000000e+01
1.100000000000000000e+01 -2.510000000000000000e+02 3.900000000000000000e+01
1.100000000000000000e+01 -2.490000000000000000e+02 3.800000000000000000e+01
1.300000000000000000e+01 -2.480000000000000000e+02 4.000000000000000000e+01
1.000000000000000000e+01 -2.500000000000000000e+02 3.800000000000000000e+01
1.400000000000000000e+01 -2.490000000000000000e+02 4.000000000000000000e+01
1.300000000000000000e+01 -2.450000000000000000e+02 3.900000000000000000e+01
1.000000000000000000e+01 -2.440000000000000000e+02 3.900000000000000000e+01
1.000000000000000000e+01 -2.440000000000000000e+02 4.000000000000000000e+01
9.000000000000000000e+00 -2.440000000000000000e+02 3.800000000000000000e+01
1.300000000000000000e+01 -2.430000000000000000e+02 4.000000000000000000e+01
1.400000000000000000e+01 -2.420000000000000000e+02 2.600000000000000000e+01
1.400000000000000000e+01 -2.480000000000000000e+02 1.600000000000000000e+01
1.300000000000000000e+01 -2.560000000000000000e+02 2.700000000000000000e+01
-8.000000000000000000e+00 -2.500000000000000000e+02 1.400000000000000000e+01
3.400000000000000000e+01 -3.880000000000000000e+02 1.400000000000000000e+01
5.800000000000000000e+01 -4.530000000000000000e+02 -6.100000000000000000e+01
5.000000000000000000e+01 -3.840000000000000000e+02 -1.180000000000000000e+02
2.700000000000000000e+01 -3.790000000000000000e+02 -6.600000000000000000e+01
9.000000000000000000e+00 -3.050000000000000000e+02 -6.800000000000000000e+01
-4.000000000000000000e+00 -1.820000000000000000e+02 -1.200000000000000000e+01
-5.000000000000000000e+00 -1.610000000000000000e+02 -7.400000000000000000e+01
-1.200000000000000000e+01 -7.700000000000000000e+01 -2.700000000000000000e+01
8.000000000000000000e+00 -8.800000000000000000e+01 -1.140000000000000000e+02
-3.000000000000000000e+00 -1.230000000000000000e+02 -6.500000000000000000e+01
6.400000000000000000e+01 -2.100000000000000000e+02 -8.800000000000000000e+01
2.000000000000000000e+00 -3.180000000000000000e+02 -6.400000000000000000e+01
-3.000000000000000000e+00 -2.510000000000000000e+02 -4.100000000000000000e+01
1.200000000000000000e+01 -2.160000000000000000e+02 -3.600000000000000000e+01
4.000000000000000000e+00 -2.390000000000000000e+02 -3.900000000000000000e+01
-1.000000000000000000e+00 -2.700000000000000000e+02 -2.800000000000000000e+01
9.000000000000000000e+00 -2.700000000000000000e+02 -2.600000000000000000e+01
1.300000000000000000e+01 -2.480000000000000000e+02 -2.500000000000000000e+01
1.300000000000000000e+01 -2.500000000000000000e+02 -2.900000000000000000e+01
9.000000000000000000e+00 -2.600000000000000000e+02 -3.000000000000000000e+01
6.000000000000000000e+00 -2.570000000000000000e+02 -3.100000000000000000e+01
6.000000000000000000e+00 -2.510000000000000000e+02 -3.300000000000000000e+01
5.000000000000000000e+00 -2.560000000000000000e+02 -3.000000000000000000e+01
7.000000000000000000e+00 -2.540000000000000000e+02 -2.600000000000000000e+01
3.000000000000000000e+00 -2.510000000000000000e+02 -2.500000000000000000e+01
2.000000000000000000e+00 -2.550000000000000000e+02 -2.600000000000000000e+01
5.000000000000000000e+00 -2.540000000000000000e+02 -2.800000000000000000e+01
4.000000000000000000e+00 -2.550000000000000000e+02 -2.800000000000000000e+01
3.000000000000000000e+00 -2.560000000000000000e+02 -2.400000000000000000e+01
2.000000000000000000e+00 -2.570000000000000000e+02 -2.500000000000000000e+01
7.000000000000000000e+00 -2.550000000000000000e+02 -2.800000000000000000e+01
8.000000000000000000e+00 -2.560000000000000000e+02 -2.300000000000000000e+01
8.000000000000000000e+00 -2.530000000000000000e+02 -2.300000000000000000e+01
7.000000000000000000e+00 -2.590000000000000000e+02 -2.100000000000000000e+01
4.000000000000000000e+00 -2.540000000000000000e+02 -2.300000000000000000e+01
9.000000000000000000e+00 -2.570000000000000000e+02 -2.400000000000000000e+01
6.000000000000000000e+00 -2.520000000000000000e+02 -2.500000000000000000e+01
7.000000000000000000e+00 -2.570000000000000000e+02 -2.700000000000000000e+01
8.000000000000000000e+00 -2.560000000000000000e+02 -2.300000000000000000e+01
1.100000000000000000e+01 -2.550000000000000000e+02 -2.100000000000000000e+01
1.100000000000000000e+01 -2.540000000000000000e+02 -2.100000000000000000e+01
1.000000000000000000e+01 -2.530000000000000000e+02 -2.000000000000000000e+01
