-6.000000000000000000e+00 -2.580000000000000000e+02 -1.600000000000000000e+01
-4.000000000000000000e+00 -2.590000000000000000e+02 -1.800000000000000000e+01
-6.000000000000000000e+00 -2.560000000000000000e+02 -1.700000000000000000e+01
-1.100000000000000000e+01 -2.570000000000000000e+02 -1.400000000000000000e+01
-7.000000000000000000e+00 -2.580000000000000000e+02 -1.600000000000000000e+01
-4.000000000000000000e+00 -2.530000000000000000e+02 -1.700000000000000000e+01
-5.000000000000000000e+00 -2.550000000000000000e+02 -1.500000000000000000e+01
-7.000000000000000000e+00 -2.560000000000000000e+02 -1.800000000000000000e+01
-9.000000000000000000e+00 -2.560000000000000000e+02 -1.600000000000000000e+01
-8.000000000000000000e+00 -2.560000000000000000e+02 -1.600000000000000000e+01
-4.000000000000000000e+00 -2.550000000000000000e+02 -1.700000000000000000e+01
-6.000000000000000000e+00 -2.570000000000000000e+02 -1.700000000000000000e+01
-5.000000000000000000e+00 -2.570000000000000000e+02 -1.700000000000000000e+01
-1.000000000000000000e+01 -2.560000000000000000e+02 -1.400000000000000000e+01
-8.000000000000000000e+00 -2.560000000000000000e+02 -1.900000000000000000e+01
-7.000000000000000000e+00 -2.530000000000000000e+02 -1.500000000000000000e+01
-7.000000000000000000e+00 -2.570000000000000000e+02 -2.000000000000000000e+01
-7.000000000000000000e+00 -2.540000000000000000e+02 -1.300000000000000000e+01
-7.000000000000000000e+00 -2.570000000000000000e+02 -1.500000000000000000e+01
-7.000000000000000000e+00 -2.570000000000000000e+02 -1.500000000000000000e+01
-6.000000000000000000e+00 -2.570000000000000000e+02 -1.600000000000000000e+01
-7.000000000000000000e+00 -2.580000000000000000e+02 -1.600000000000000000e+01
-8.000000000000000000e+00 -2.540000000000000000e+02 -1.600000000000000000e+01
-7.000000000000000000e+00 -2.550000000000000000e+02 -1.800000000000000000e+01
-4.000000000000000000e+00 -2.560000000000000000e+02 -1.700000000000000000e+01
-4.000000000000000000e+00 -2.580000000000000000e+02 -1.800000000000000000e+01
-8.000000000000000000e+00 -2.550000000000000000e+02 -1.800000000000000000e+01
-7.000000000000000000e+00 -2.550000000000000000e+02 -1.300000000000000000e+01
-8.000000000000000000e+00 -2.540000000000000000e+02 -1.500000000000000000e+01
-9.000000000000000000e+00 -2.560000000000000000e+02 -1.900000000000000000e+01
-6.000000000000000000e+00 -2.560000000000000000e+02 -1.800000000000000000e+01
-9.000000000000000000e+00 -2.530000000000000000e+02 -1.800000000000000000e+01
-7.000000000000000000e+00 -2.560000000000000000e+02 -1.900000000000000000e+01
-8.000000000000000000e+00 -2.560000000000000000e+02 -1.900000000000000000e+01
-8.000000000000000000e+00 -2.580000000000000000e+02 -1.700000000000000000e+01
-7.000000000000000000e+00 -2.600000000000000000e+02 -2.500000000000000000e+01
-4.000000000000000000e+00 -2.570000000000000000e+02 -2.300000000000000000e+01
-8.000000000000000000e+00 -2.590000000000000000e+02 -2.300000000000000000e+01
-4.000000000000000000e+00 -2.510000000000000000e+02 -3.100000000000000000e+01
-7.000000000000000000e+00 -2.600000000000000000e+02 -4.400000000000000000e+01
-5.000000000000000000e+00 -2.460000000000000000e+02 -6.400000000000000000e+01
-1.000000000000000000e+00 -2.200000000000000000e+02 -7.800000000000000000e+01
-1.300000000000000000e+01 -1.600000000000000000e+02 -8.200000000000000000e+01
-9.000000000000000000e+00 -1.160000000000000000e+02 -5.700000000000000000e+01
-1.800000000000000000e+01 -1.420000000000000000e+02 -9.000000000000000000e+01
8.000000000000000000e+00 -1.850000000000000000e+02 -6.100000000000000000e+01
-3.500000000000000000e+01 -2.330000000000000000e+02 -9.100000000000000000e+01
-2.700000000000000000e+01 -2.840000000000000000e+02 -1.000000000000000000e+02
-3.700000000000000000e+01 -2.800000000000000000e+02 -1.300000000000000000e+02
-1.800000000000000000e+01 -3.040000000000000000e+02 -1.440000000000000000e+02
1.000000000000000000e+00 -2.660000000000000000e+02 -1.600000000000000000e+02
-1.700000000000000000e+01 -3.030000000000000000e+02 -1.350000000000000000e+02
-3.700000000000000000e+01 -3.350000000000000000e+02 -1.070000000000000000e+02
-1.400000000000000000e+01 -3.090000000000000000e+02 -8.200000000000000000e+01
6.000000000000000000e+00 -2.610000000000000000e+02 -4.100000000000000000e+01
1.100000000000000000e+01 -2.320000000000000000e+02 -2.800000000000000000e+01
-2.200000000000000000e+01 -2.510000000000000000e+02 -1.500000000000000000e+01
2.000000000000000000e+00 -2.530000000000000000e+02 -2.200000000000000000e+01
1.000000000000000000e+00 -2.820000000000000000e+02 -1.900000000000000000e+01
-4.000000000000000000e+00 -2.370000000000000000e+02 -2.000000000000000000e+00
3.000000000000000000e+00 -2.480000000000000000e+02 1.000000000000000000e+01
-7.000000000000000000e+00 -2.530000000000000000e+02 1.400000000000000000e+01
-1.000000000000000000e+01 -2.560000000000000000e+02 1.500000000000000000e+01
-2.000000000000000000e+00 -2.520000000000000000e+02 1.500000000000000000e+01
-6.000000000000000000e+00 -2.530000000000000000e+02 6.000000000000000000e+00
-2.000000000000000000e+00 -2.560000000000000000e+02 1.100000000000000000e+01
-5.000000000000000000e+00 -2.520000000000000000e+02 9.000000000000000000e+00
-1.000000000000000000e+00 -2.530000000000000000e+02 1.300000000000000000e+01
4.000000000000000000e+00 -2.570000000000000000e+02 9.000000000000000000e+00
2.000000000000000000e+00 -2.550000000000000000e+02 4.000000000000000000e+00
0.000000000000000000e+00 -2.590000000000000000e+02 1.000000000000000000e+00
-7.000000000000000000e+00 -2.590000000000000000e+02 1.000000000000000000e+00
-6.000000000000000000e+00 -2.560000000000000000e+02 -1.100000000000000000e+01
-9.000000000000000000e+00 -2.580000000000000000e+02 -9.000000000000000000e+00
-1.300000000000000000e+01 -2.530000000000000000e+02 -7.000000000000000000e+00
-1.500000000000000000e+01 -2.550000000000000000e+02 -6.000000000000000000e+00
-1.400000000000000000e+01 -2.550000000000000000e+02 -4.000000000000000000e+00
-1.000000000000000000e+01 -2.580000000000000000e+02 -6.000000000000000000e+00
-5.000000000000000000e+00 -2.590000000000000000e+02 -5.000000000000000000e+00
-3.000000000000000000e+00 -2.560000000000000000e+02 -6.000000000000000000e+00
-8.000000000000000000e+00 -2.530000000000000000e+02 -9.000000000000000000e+00
0.000000000000000000e+00 -2.580000000000000000e+02 -5.000000000000000000e+00
1.000000000000000000e+00 -2.530000000000000000e+02 -8.000000000000000000e+00
-1.000000000000000000e+00 -2.590000000000000000e+02 -5.000000000000000000e+00
0.000000000000000000e+00 -2.550000000000000000e+02 -6.000000000000000000e+00
-5.000000000000000000e+00 -2.550000000000000000e+02 -4.000000000000000000e+00
-6.000000000000000000e+00 -2.560000000000000000e+02 -2.000000000000000000e+00
-6.000000000000000000e+00 -2.570000000000000000e+02 -4.000000000000000000e+00
-5.000000000000000000e+00 -2.530000000000000000e+02 -7.000000000000000000e+00
-5.000000000000000000e+00 -2.540000000000000000e+02 -8.000000000000000000e+00
-4.000000000000000000e+00 -2.530000000000000000e+02 -8.000000000000000000e+00
-2.000000000000000000e+00 -2.560000000000000000e+02 -1.300000000000000000e+01
-1.000000000000000000e+00 -2.550000000000000000e+02 -1.300000000000000000e+01
-4.000000000000000000e+00 -2.530000000000000000e+02 -1.400000000000000000e+01
-4.000000000000000000e+00 -2.520000000000000000e+02 -7.000000000000000000e+00
-2.000000000000000000e+00 -2.590000000000000000e+02 -9.000000000000000000e+00
-7.000000000000000000e+00 -2.570000000000000000e+02 -9.000000000000000000e+00
-6.000000000000000000e+00 -2.570000000000000000e+02 -1.100000000000000000e+01
-5.000000000000000000e+00 -2.550000000000000000e+02 -1.100000000000000000e+01
-3.000000000000000000e+00 -2.550000000000000000e+02 -1.400000000000000000e+01
-4.000000000000000000e+00 -2.570000000000000000e+02 -1.300000000000000000e+01
-2.000000000000000000e+00 -2.560000000000000000e+02 -1.100000000000000000e+01
-5.000000000000000000e+00 -2.560000000000000000e+02 -1.100000000000000000e+01
-7.000000000000000000e+00 -2.560000000000000000e+02 -1.400000000000000000e+01
-1.000000000000000000e+00 -2.560000000000000000e+02 -1.200000000000000000e+01
-3.000000000000000000e+00 -2.550000000000000000e+02 -1.000000000000000000e+01
-6.000000000000000000e+00 -2.540000000000000000e+02 -1.200000000000000000e+01
-4.000000000000000000e+00 -2.540000000000000000e+02 -1.000000000000000000e+01
-4.000000000000000000e+00 -2.580000000000000000e+02 -1.200000000000000000e+01
-4.000000000000000000e+00 -2.570000000000000000e+02 -1.500000000000000000e+01
-5.000000000000000000e+00 -2.560000000000000000e+02 -1.300000000000000000e+01
-3.000000000000000000e+00 -2.570000000000000000e+02 -9.000000000000000000e+00
-3.000000000000000000e+00 -2.570000000000000000e+02 -8.000000000000000000e+00
-3.000000000000000000e+00 -2.560000000000000000e+02 -1.200000000000000000e+01
-2.000000000000000000e+00 -2.570000000000000000e+02 -8.000000000000000000e+00
-2.000000000000000000e+00 -2.540000000000000000e+02 -1.000000000000000000e+01
-2.000000000000000000e+00 -2.540000000000000000e+02 -8.000000000000000000e+00
-3.000000000000000000e+00 -2.540000000000000000e+02 -9.000000000000000000e+00
-4.000000000000000000e+00 -2.560000000000000000e+02 -4.000000000000000000e+00
-2.000000000000000000e+00 -2.580000000000000000e+02 -9.000000000000000000e+00
0.000000000000000000e+00 -2.570000000000000000e+02 -5.000000000000000000e+00
-2.000000000000000000e+00 -2.560000000000000000e+02 -4.000000000000000000e+00
-4.000000000000000000e+00 -2.540000000000000000e+02 -6.000000000000000000e+00
-5.000000000000000000e+00 -2.540000000000000000e+02 -7.000000000000000000e+00
-3.000000000000000000e+00 -2.580000000000000000e+02 -5.000000000000000000e+00
-5.000000000000000000e+00 -2.550000000000000000e+02 -5.000000000000000000e+00
-2.000000000000000000e+00 -2.560000000000000000e+02 -4.000000000000000000e+00
-4.000000000000000000e+00 -2.540000000000000000e+02 -6.000000000000000000e+00
-6.000000000000000000e+00 -2.580000000000000000e+02 -9.000000000000000000e+00
-6.000000000000000000e+00 -2.500000000000000000e+02 -1.200000000000000000e+01
-9.000000000000000000e+00 -2.550000000000000000e+02 -8.000000000000000000e+00
0.000000000000000000e+00 -2.560000000000000000e+02 -7.000000000000000000e+00
-3.000000000000000000e+00 -2.510000000000000000e+02 -1.700000000000000000e+01
-3.000000000000000000e+00 -2.450000000000000000e+02 -2.000000000000000000e+01
0.000000000000000000e+00 -2.470000000000000000e+02 -2.600000000000000000e+01
-1.200000000000000000e+01 -2.490000000000000000e+02 -3.000000000000000000e+01
-5.000000000000000000e+00 -2.420000000000000000e+02 -3.300000000000000000e+01
-6.000000000000000000e+00 -2.720000000000000000e+02 -4.600000000000000000e+01
-3.600000000000000000e+01 -3.850000000000000000e+02 -1.100000000000000000e+02
6.000000000000000000e+00 -4.020000000000000000e+02 -1.580000000000000000e+02
-3.100000000000000000e+01 -2.860000000000000000e+02 -1.430000000000000000e+02
-3.300000000000000000e+01 -3.310000000000000000e+02 -1.230000000000000000e+02
-1.000000000000000000e+01 -2.590000000000000000e+02 -1.270000000000000000e+02
-1.100000000000000000e+01 -2.320000000000000000e+02 -1.020000000000000000e+02
-1.100000000000000000e+01 -1.840000000000000000e+02 -7.700000000000000000e+01
2.000000000000000000e+00 -1.670000000000000000e+02 -7.200000000000000000e+01
-3.000000000000000000e+00 -1.670000000000000000e+02 -7.000000000000000000e+01
-7.000000000000000000e+00 -1.440000000000000000e+02 -6.500000000000000000e+01
-4.000000000000000000e+00 -1.500000000000000000e+02 -7.400000000000000000e+01
-2.000000000000000000e+00 -2.150000000000000000e+02 -8.800000000000000000e+01
-2.000000000000000000e+00 -2.660000000000000000e+02 -8.600000000000000000e+01
-6.000000000000000000e+00 -2.500000000000000000e+02 -5.500000000000000000e+01
-7.000000000000000000e+00 -2.450000000000000000e+02 -4.200000000000000000e+01
-1.200000000000000000e+01 -2.370000000000000000e+02 -4.200000000000000000e+01
-1.800000000000000000e+01 -2.520000000000000000e+02 -3.800000000000000000e+01
-1.600000000000000000e+01 -2.550000000000000000e+02 -4.900000000000000000e+01
-1.000000000000000000e+00 -2.710000000000000000e+02 -4.300000000000000000e+01
2.000000000000000000e+00 -2.510000000000000000e+02 -3.200000000000000000e+01
-8.000000000000000000e+00 -2.470000000000000000e+02 -3.000000000000000000e+01
-5.000000000000000000e+00 -2.530000000000000000e+02 -3.300000000000000000e+01
-1.000000000000000000e+01 -2.520000000000000000e+02 -2.800000000000000000e+01
-8.000000000000000000e+00 -2.630000000000000000e+02 -3.500000000000000000e+01
-6.000000000000000000e+00 -2.610000000000000000e+02 -3.600000000000000000e+01
-9.000000000000000000e+00 -2.620000000000000000e+02 -3.400000000000000000e+01
-1.100000000000000000e+01 -2.510000000000000000e+02 -3.400000000000000000e+01
-1.000000000000000000e+01 -2.500000000000000000e+02 -3.500000000000000000e+01
-8.000000000000000000e+00 -2.520000000000000000e+02 -3.900000000000000000e+01
-8.000000000000000000e+00 -2.540000000000000000e+02 -3.700000000000000000e+01
-6.000000000000000000e+00 -2.550000000000000000e+02 -3.700000000000000000e+01
-9.000000000000000000e+00 -2.550000000000000000e+02 -3.400000000000000000e+01
-1.100000000000000000e+01 -2.540000000000000000e+02 -3.100000000000000000e+01
-8.000000000000000000e+00 -2.550000000000000000e+02 -3.400000000000000000e+01
-1.000000000000000000e+01 -2.510000000000000000e+02 -2.300000000000000000e+01
-8.000000000000000000e+00 -2.560000000000000000e+02 -2.600000000000000000e+01
-9.000000000000000000e+00 -2.510000000000000000e+02 -3.000000000000000000e+01
-7.000000000000000000e+00 -2.550000000000000000e+02 -2.400000000000000000e+01
-9.000000000000000000e+00 -2.560000000000000000e+02 -2.500000000000000000e+01
-1.100000000000000000e+01 -2.550000000000000000e+02 -2.600000000000000000e+01
-8.000000000000000000e+00 -2.550000000000000000e+02 -2.400000000000000000e+01
-1.000000000000000000e+01 -2.550000000000000000e+02 -2.700000000000000000e+01
-9.000000000000000000e+00 -2.560000000000000000e+02 -2.800000000000000000e+01
-1.000000000000000000e+01 -2.560000000000000000e+02 -2.100000000000000000e+01
-1.100000000000000000e+01 -2.530000000000000000e+02 -2.400000000000000000e+01
-9.000000000000000000e+00 -2.560000000000000000e+02 -2.600000000000000000e+01
-1.300000000000000000e+01 -2.520000000000000000e+02 -2.100000000000000000e+01
-7.000000000000000000e+00 -2.530000000000000000e+02 -2.400000000000000000e+01
-1.100000000000000000e+01 -2.530000000000000000e+02 -3.100000000000000000e+01
-8.000000000000000000e+00 -2.550000000000000000e+02 -2.600000000000000000e+01
-1.100000000000000000e+01 -2.560000000000000000e+02 -2.800000000000000000e+01
-1.200000000000000000e+01 -2.530000000000000000e+02 -2.800000000000000000e+01
-7.000000000000000000e+00 -2.550000000000000000e+02 -2.500000000000000000e+01
-9.000000000000000000e+00 -2.530000000000000000e+02 -2.800000000000000000e+01
-9.000000000000000000e+00 -2.560000000000000000e+02 -2.800000000000000000e+01
-8.000000000000000000e+00 -2.520000000000000000e+02 -2.800000000000000000e+01
-6.000000000000000000e+00 -2.530000000000000000e+02 -2.800000000000000000e+01
-6.000000000000000000e+00 -2.560000000000000000e+02 -2.100000000000000000e+01
-6.000000000000000000e+00 -2.520000000000000000e+02 -2.000000000000000000e+01
-1.100000000000000000e+01 -2.540000000000000000e+02 -2.500000000000000000e+01
-8.000000000000000000e+00 -2.560000000000000000e+02 -2.500000000000000000e+01
-7.000000000000000000e+00 -2.530000000000000000e+02 -2.400000000000000000e+01
