-5.000000000000000000e+00 -2.510000000000000000e+02 5.000000000000000000e+00
-4.000000000000000000e+00 -2.490000000000000000e+02 -3.000000000000000000e+00
-5.000000000000000000e+00 -2.560000000000000000e+02 -2.000000000000000000e+00
-3.000000000000000000e+00 -2.520000000000000000e+02 -2.000000000000000000e+00
-4.000000000000000000e+00 -2.500000000000000000e+02 -5.000000000000000000e+00
0.000000000000000000e+00 -2.560000000000000000e+02 -3.000000000000000000e+00
-4.000000000000000000e+00 -2.520000000000000000e+02 -3.000000000000000000e+00
-3.000000000000000000e+00 -2.510000000000000000e+02 -6.000000000000000000e+00
-5.000000000000000000e+00 -2.480000000000000000e+02 -1.000000000000000000e+00
-6.000000000000000000e+00 -2.540000000000000000e+02 0.000000000000000000e+00
-2.000000000000000000e+00 -2.550000000000000000e+02 -6.000000000000000000e+00
-5.000000000000000000e+00 -2.530000000000000000e+02 -4.000000000000000000e+00
-1.000000000000000000e+00 -2.550000000000000000e+02 -4.000000000000000000e+00
-2.000000000000000000e+00 -2.520000000000000000e+02 -7.000000000000000000e+00
-2.000000000000000000e+00 -2.540000000000000000e+02 -8.000000000000000000e+00
-1.000000000000000000e+00 -2.510000000000000000e+02 -2.000000000000000000e+00
-2.000000000000000000e+00 -2.540000000000000000e+02 -7.000000000000000000e+00
-1.000000000000000000e+00 -2.530000000000000000e+02 -6.000000000000000000e+00
-1.000000000000000000e+00 -2.510000000000000000e+02 -1.000000000000000000e+00
-6.000000000000000000e+00 -2.520000000000000000e+02 -1.100000000000000000e+01
-3.000000000000000000e+00 -2.540000000000000000e+02 -8.000000000000000000e+00
-5.000000000000000000e+00 -2.500000000000000000e+02 -7.000000000000000000e+00
-1.000000000000000000e+00 -2.550000000000000000e+02 -6.000000000000000000e+00
-6.000000000000000000e+00 -2.540000000000000000e+02 -8.000000000000000000e+00
-6.000000000000000000e+00 -2.530000000000000000e+02 -9.000000000000000000e+00
0.000000000000000000e+00 -2.540000000000000000e+02 -8.000000000000000000e+00
-2.000000000000000000e+00 -2.580000000000000000e+02 -1.000000000000000000e+01
-1.000000000000000000e+00 -2.510000000000000000e+02 -1.600000000000000000e+01
-6.000000000000000000e+00 -2.580000000000000000e+02 -2.300000000000000000e+01
0.000000000000000000e+00 -2.610000000000000000e+02 -2.600000000000000000e+01
-1.000000000000000000e+00 -2.520000000000000000e+02 -4.100000000000000000e+01
-3.000000000000000000e+00 -2.350000000000000000e+02 -4.400000000000000000e+01
-4.000000000000000000e+00 -2.320000000000000000e+02 -6.500000000000000000e+01
-3.000000000000000000e+00 -2.110000000000000000e+02 -8.500000000000000000e+01
-6.000000000000000000e+00 -1.320000000000000000e+02 -9.000000000000000000e+01
-5.000000000000000000e+00 -4.200000000000000000e+01 -3.900000000000000000e+01
4.000000000000000000e+00 -4.400000000000000000e+01 3.000000000000000000e+00
1.600000000000000000e+01 -1.430000000000000000e+02 3.100000000000000000e+01
-7.000000000000000000e+01 -3.440000000000000000e+02 7.300000000000000000e+01
1.100000000000000000e+01 -3.370000000000000000e+02 2.600000000000000000e+01
2.000000000000000000e+00 -3.380000000000000000e+02 1.170000000000000000e+02
-2.000000000000000000e+01 -4.290000000000000000e+02 2.250000000000000000e+02
2.000000000000000000e+00 -5.620000000000000000e+02 7.000000000000000000e+01
7.800000000000000000e+01 6.200000000000000000e+01 6.700000000000000000e+01
3.800000000000000000e+01 -1.470000000000000000e+02 2.260000000000000000e+02
3.800000000000000000e+01 -1.770000000000000000e+02 1.640000000000000000e+02
4.600000000000000000e+01 -2.660000000000000000e+02 1.270000000000000000e+02
1.400000000000000000e+01 -2.430000000000000000e+02 1.100000000000000000e+02
2.000000000000000000e+01 -1.950000000000000000e+02 1.280000000000000000e+02
1.400000000000000000e+01 -2.070000000000000000e+02 1.440000000000000000e+02
2.700000000000000000e+01 -1.880000000000000000e+02 1.450000000000000000e+02
2.200000000000000000e+01 -1.990000000000000000e+02 1.490000000000000000e+02
2.800000000000000000e+01 -1.940000000000000000e+02 1.430000000000000000e+02
1.500000000000000000e+01 -2.010000000000000000e+02 1.420000000000000000e+02
2.000000000000000000e+01 -2.060000000000000000e+02 1.440000000000000000e+02
2.500000000000000000e+01 -1.990000000000000000e+02 1.400000000000000000e+02
2.700000000000000000e+01 -2.010000000000000000e+02 1.490000000000000000e+02
1.800000000000000000e+01 -1.920000000000000000e+02 1.510000000000000000e+02
2.600000000000000000e+01 -2.010000000000000000e+02 1.470000000000000000e+02
2.600000000000000000e+01 -2.030000000000000000e+02 1.410000000000000000e+02
2.100000000000000000e+01 -2.030000000000000000e+02 1.420000000000000000e+02
1.700000000000000000e+01 -2.070000000000000000e+02 1.440000000000000000e+02
2.200000000000000000e+01 -1.980000000000000000e+02 1.400000000000000000e+02
2.200000000000000000e+01 -2.080000000000000000e+02 1.420000000000000000e+02
2.200000000000000000e+01 -2.020000000000000000e+02 1.500000000000000000e+02
2.200000000000000000e+01 -2.000000000000000000e+02 1.470000000000000000e+02
1.500000000000000000e+01 -1.960000000000000000e+02 1.450000000000000000e+02
2.300000000000000000e+01 -2.010000000000000000e+02 1.470000000000000000e+02
1.900000000000000000e+01 -2.010000000000000000e+02 1.510000000000000000e+02
1.900000000000000000e+01 -1.970000000000000000e+02 1.440000000000000000e+02
1.600000000000000000e+01 -1.980000000000000000e+02 1.450000000000000000e+02
2.000000000000000000e+01 -1.990000000000000000e+02 1.510000000000000000e+02
2.000000000000000000e+01 -2.000000000000000000e+02 1.470000000000000000e+02
1.700000000000000000e+01 -2.020000000000000000e+02 1.460000000000000000e+02
2.000000000000000000e+01 -1.960000000000000000e+02 1.510000000000000000e+02
2.000000000000000000e+01 -1.970000000000000000e+02 1.460000000000000000e+02
1.900000000000000000e+01 -1.990000000000000000e+02 1.420000000000000000e+02
1.700000000000000000e+01 -2.010000000000000000e+02 1.430000000000000000e+02
2.100000000000000000e+01 -2.000000000000000000e+02 1.500000000000000000e+02
2.000000000000000000e+01 -1.980000000000000000e+02 1.500000000000000000e+02
1.900000000000000000e+01 -1.990000000000000000e+02 1.470000000000000000e+02
2.100000000000000000e+01 -1.960000000000000000e+02 1.470000000000000000e+02
2.000000000000000000e+01 -1.970000000000000000e+02 1.480000000000000000e+02
1.500000000000000000e+01 -2.030000000000000000e+02 1.500000000000000000e+02
2.100000000000000000e+01 -1.980000000000000000e+02 1.510000000000000000e+02
2.200000000000000000e+01 -2.030000000000000000e+02 1.480000000000000000e+02
1.700000000000000000e+01 -2.010000000000000000e+02 1.480000000000000000e+02
2.100000000000000000e+01 -2.010000000000000000e+02 1.400000000000000000e+02
1.900000000000000000e+01 -2.000000000000000000e+02 1.480000000000000000e+02
1.900000000000000000e+01 -1.960000000000000000e+02 1.440000000000000000e+02
2.400000000000000000e+01 -2.000000000000000000e+02 1.470000000000000000e+02
2.100000000000000000e+01 -2.000000000000000000e+02 1.420000000000000000e+02
1.900000000000000000e+01 -1.990000000000000000e+02 1.470000000000000000e+02
2.400000000000000000e+01 -2.010000000000000000e+02 1.520000000000000000e+02
1.900000000000000000e+01 -2.010000000000000000e+02 1.460000000000000000e+02
2.400000000000000000e+01 -2.000000000000000000e+02 1.480000000000000000e+02
1.800000000000000000e+01 -2.010000000000000000e+02 1.450000000000000000e+02
1.600000000000000000e+01 -2.000000000000000000e+02 1.460000000000000000e+02
2.200000000000000000e+01 -1.990000000000000000e+02 1.460000000000000000e+02
2.200000000000000000e+01 -1.800000000000000000e+02 1.530000000000000000e+02
2.100000000000000000e+01 -2.000000000000000000e+02 1.480000000000000000e+02
2.100000000000000000e+01 -1.980000000000000000e+02 1.450000000000000000e+02
2.300000000000000000e+01 -1.990000000000000000e+02 1.530000000000000000e+02
1.700000000000000000e+01 -1.950000000000000000e+02 1.480000000000000000e+02
2.400000000000000000e+01 -1.960000000000000000e+02 1.480000000000000000e+02
1.700000000000000000e+01 -2.000000000000000000e+02 1.380000000000000000e+02
8.000000000000000000e+00 -2.060000000000000000e+02 1.390000000000000000e+02
2.100000000000000000e+01 -2.030000000000000000e+02 1.310000000000000000e+02
3.600000000000000000e+01 -1.880000000000000000e+02 1.390000000000000000e+02
3.100000000000000000e+01 -2.080000000000000000e+02 1.430000000000000000e+02
3.200000000000000000e+01 -2.920000000000000000e+02 2.060000000000000000e+02
3.000000000000000000e+00 -3.290000000000000000e+02 1.150000000000000000e+02
6.100000000000000000e+01 -4.070000000000000000e+02 1.370000000000000000e+02
1.200000000000000000e+01 -3.400000000000000000e+02 1.270000000000000000e+02
2.800000000000000000e+01 -3.020000000000000000e+02 6.900000000000000000e+01
1.200000000000000000e+01 -2.810000000000000000e+02 4.900000000000000000e+01
4.000000000000000000e+00 -2.060000000000000000e+02 2.300000000000000000e+01
5.000000000000000000e+00 -1.440000000000000000e+02 2.600000000000000000e+01
2.000000000000000000e+00 -1.210000000000000000e+02 -6.000000000000000000e+00
1.000000000000000000e+00 -1.470000000000000000e+02 -2.300000000000000000e+01
-2.200000000000000000e+01 -1.700000000000000000e+02 -3.600000000000000000e+01
-1.300000000000000000e+01 -2.060000000000000000e+02 -2.100000000000000000e+01
0.000000000000000000e+00 -2.430000000000000000e+02 -1.600000000000000000e+01
1.200000000000000000e+01 -2.390000000000000000e+02 -1.900000000000000000e+01
9.000000000000000000e+00 -2.410000000000000000e+02 -2.300000000000000000e+01
-1.100000000000000000e+01 -2.580000000000000000e+02 -5.000000000000000000e+00
-4.000000000000000000e+00 -2.550000000000000000e+02 -2.300000000000000000e+01
-2.000000000000000000e+01 -2.590000000000000000e+02 -9.000000000000000000e+00
-1.200000000000000000e+01 -2.510000000000000000e+02 -1.900000000000000000e+01
-1.000000000000000000e+01 -2.460000000000000000e+02 -1.000000000000000000e+00
0.000000000000000000e+00 -2.660000000000000000e+02 -8.000000000000000000e+00
0.000000000000000000e+00 -2.380000000000000000e+02 -1.400000000000000000e+01
-7.000000000000000000e+00 -2.610000000000000000e+02 -1.400000000000000000e+01
-4.000000000000000000e+00 -2.590000000000000000e+02 -1.300000000000000000e+01
-7.000000000000000000e+00 -2.420000000000000000e+02 -1.700000000000000000e+01
0.000000000000000000e+00 -2.610000000000000000e+02 -7.000000000000000000e+00
-1.000000000000000000e+00 -2.460000000000000000e+02 -1.600000000000000000e+01
0.000000000000000000e+00 -2.580000000000000000e+02 -1.400000000000000000e+01
-3.000000000000000000e+00 -2.490000000000000000e+02 -1.500000000000000000e+01
-3.000000000000000000e+00 -2.490000000000000000e+02 -7.000000000000000000e+00
-5.000000000000000000e+00 -2.580000000000000000e+02 -5.000000000000000000e+00
-9.000000000000000000e+00 -2.450000000000000000e+02 -9.000000000000000000e+00
-6.000000000000000000e+00 -2.570000000000000000e+02 -6.000000000000000000e+00
-3.000000000000000000e+00 -2.460000000000000000e+02 -1.000000000000000000e+01
-1.000000000000000000e+00 -2.560000000000000000e+02 -1.000000000000000000e+01
-1.200000000000000000e+01 -2.560000000000000000e+02 -1.100000000000000000e+01
-1.100000000000000000e+01 -2.470000000000000000e+02 -9.000000000000000000e+00
-5.000000000000000000e+00 -2.510000000000000000e+02 -1.000000000000000000e+01
-1.000000000000000000e+00 -2.570000000000000000e+02 -1.300000000000000000e+01
-7.000000000000000000e+00 -2.520000000000000000e+02 -1.000000000000000000e+01
0.000000000000000000e+00 -2.510000000000000000e+02 -1.000000000000000000e+01
-7.000000000000000000e+00 -2.510000000000000000e+02 -1.200000000000000000e+01
-3.000000000000000000e+00 -2.530000000000000000e+02 -1.100000000000000000e+01
-3.000000000000000000e+00 -2.550000000000000000e+02 -1.000000000000000000e+01
-2.000000000000000000e+00 -2.520000000000000000e+02 -7.000000000000000000e+00
-8.000000000000000000e+00 -2.530000000000000000e+02 -7.000000000000000000e+00
-6.000000000000000000e+00 -2.500000000000000000e+02 -4.000000000000000000e+00
-1.000000000000000000e+01 -2.520000000000000000e+02 -7.000000000000000000e+00
-7.000000000000000000e+00 -2.520000000000000000e+02 -4.000000000000000000e+00
-1.200000000000000000e+01 -2.560000000000000000e+02 -5.000000000000000000e+00
-2.000000000000000000e+00 -2.480000000000000000e+02 -6.000000000000000000e+00
-5.000000000000000000e+00 -2.530000000000000000e+02 -3.000000000000000000e+00
-6.000000000000000000e+00 -2.480000000000000000e+02 -1.000000000000000000e+00
-8.000000000000000000e+00 -2.520000000000000000e+02 -4.000000000000000000e+00
-8.000000000000000000e+00 -2.540000000000000000e+02 -8.000000000000000000e+00
-7.000000000000000000e+00 -2.510000000000000000e+02 -8.000000000000000000e+00
-5.000000000000000000e+00 -2.550000000000000000e+02 -4.000000000000000000e+00
-3.000000000000000000e+00 -2.520000000000000000e+02 -9.000000000000000000e+00
-7.000000000000000000e+00 -2.530000000000000000e+02 -7.000000000000000000e+00
-3.000000000000000000e+00 -2.540000000000000000e+02 -1.700000000000000000e+01
-2.000000000000000000e+00 -2.520000000000000000e+02 -1.200000000000000000e+01
-4.000000000000000000e+00 -2.500000000000000000e+02 -8.000000000000000000e+00
-8.000000000000000000e+00 -2.530000000000000000e+02 -1.500000000000000000e+01
-9.000000000000000000e+00 -2.530000000000000000e+02 -9.000000000000000000e+00
-1.000000000000000000e+00 -2.540000000000000000e+02 -1.300000000000000000e+01
-1.000000000000000000e+00 -2.510000000000000000e+02 -1.600000000000000000e+01
-4.000000000000000000e+00 -2.500000000000000000e+02 -1.000000000000000000e+01
-1.000000000000000000e+01 -2.490000000000000000e+02 -1.100000000000000000e+01
-2.000000000000000000e+00 -2.550000000000000000e+02 -1.300000000000000000e+01
-1.100000000000000000e+01 -2.540000000000000000e+02 -1.000000000000000000e+01
-9.000000000000000000e+00 -2.480000000000000000e+02 -1.300000000000000000e+01
-7.000000000000000000e+00 -2.540000000000000000e+02 -1.000000000000000000e+01
-1.000000000000000000e+01 -2.530000000000000000e+02 -1.100000000000000000e+01
-1.000000000000000000e+01 -2.570000000000000000e+02 -1.200000000000000000e+01
-5.000000000000000000e+00 -2.540000000000000000e+02 -1.700000000000000000e+01
0.000000000000000000e+00 -2.510000000000000000e+02 -1.400000000000000000e+01
-5.000000000000000000e+00 -2.510000000000000000e+02 -1.500000000000000000e+01
-7.000000000000000000e+00 -2.530000000000000000e+02 -1.600000000000000000e+01
-9.000000000000000000e+00 -2.520000000000000000e+02 -8.000000000000000000e+00
-1.100000000000000000e+01 -2.530000000000000000e+02 -1.200000000000000000e+01
-8.000000000000000000e+00 -2.480000000000000000e+02 -1.500000000000000000e+01
-9.000000000000000000e+00 -2.520000000000000000e+02 -1.600000000000000000e+01
0.000000000000000000e+00 -2.440000000000000000e+02 -1.400000000000000000e+01
-2.000000000000000000e+00 -2.480000000000000000e+02 -1.000000000000000000e+01
-5.000000000000000000e+00 -2.510000000000000000e+02 -1.300000000000000000e+01
-5.000000000000000000e+00 -2.550000000000000000e+02 -1.100000000000000000e+01
-6.000000000000000000e+00 -2.510000000000000000e+02 -1.000000000000000000e+01
-5.000000000000000000e+00 -2.520000000000000000e+02 -7.000000000000000000e+00
-7.000000000000000000e+00 -2.530000000000000000e+02 -1.100000000000000000e+01
-7.000000000000000000e+00 -2.500000000000000000e+02 -5.000000000000000000e+00
