7.000000000000000000e+00 -2.570000000000000000e+02 -1.500000000000000000e+01
8.000000000000000000e+00 -2.550000000000000000e+02 -1.100000000000000000e+01
7.000000000000000000e+00 -2.510000000000000000e+02 -1.400000000000000000e+01
1.100000000000000000e+01 -2.560000000000000000e+02 -1.400000000000000000e+01
8.000000000000000000e+00 -2.550000000000000000e+02 -1.600000000000000000e+01
6.000000000000000000e+00 -2.550000000000000000e+02 -1.600000000000000000e+01
1.000000000000000000e+01 -2.550000000000000000e+02 -1.600000000000000000e+01
7.000000000000000000e+00 -2.550000000000000000e+02 -2.000000000000000000e+01
9.000000000000000000e+00 -2.560000000000000000e+02 -1.500000000000000000e+01
7.000000000000000000e+00 -2.560000000000000000e+02 -1.300000000000000000e+01
8.000000000000000000e+00 -2.560000000000000000e+02 -1.700000000000000000e+01
8.000000000000000000e+00 -2.560000000000000000e+02 -1.700000000000000000e+01
8.000000000000000000e+00 -2.520000000000000000e+02 -1.500000000000000000e+01
8.000000000000000000e+00 -2.560000000000000000e+02 -1.100000000000000000e+01
1.000000000000000000e+01 -2.580000000000000000e+02 -1.500000000000000000e+01
1.000000000000000000e+01 -2.530000000000000000e+02 -1.600000000000000000e+01
8.000000000000000000e+00 -2.560000000000000000e+02 -1.500000000000000000e+01
1.200000000000000000e+01 -2.550000000000000000e+02 -1.400000000000000000e+01
9.000000000000000000e+00 -2.560000000000000000e+02 -1.600000000000000000e+01
8.000000000000000000e+00 -2.540000000000000000e+02 -1.800000000000000000e+01
8.000000000000000000e+00 -2.560000000000000000e+02 -1.300000000000000000e+01
9.000000000000000000e+00 -2.540000000000000000e+02 -1.500000000000000000e+01
1.100000000000000000e+01 -2.540000000000000000e+02 -1.700000000000000000e+01
1.000000000000000000e+01 -2.560000000000000000e+02 -1.800000000000000000e+01
1.000000000000000000e+01 -2.540000000000000000e+02 -1.700000000000000000e+01
9.000000000000000000e+00 -2.560000000000000000e+02 -1.400000000000000000e+01
1.200000000000000000e+01 -2.570000000000000000e+02 -1.700000000000000000e+01
1.000000000000000000e+01 -2.550000000000000000e+02 -2.100000000000000000e+01
5.000000000000000000e+00 -2.510000000000000000e+02 -1.900000000000000000e+01
8.000000000000000000e+00 -2.550000000000000000e+02 -1.700000000000000000e+01
1.100000000000000000e+01 -2.590000000000000000e+02 -1.700000000000000000e+01
8.000000000000000000e+00 -2.560000000000000000e+02 -1.600000000000000000e+01
1.000000000000000000e+01 -2.530000000000000000e+02 -1.400000000000000000e+01
1.200000000000000000e+01 -2.570000000000000000e+02 -1.700000000000000000e+01
1.200000000000000000e+01 -2.540000000000000000e+02 -1.600000000000000000e+01
9.000000000000000000e+00 -2.550000000000000000e+02 -1.500000000000000000e+01
1.000000000000000000e+01 -2.550000000000000000e+02 -1.500000000000000000e+01
7.000000000000000000e+00 -2.580000000000000000e+02 -1.700000000000000000e+01
9.000000000000000000e+00 -2.550000000000000000e+02 -1.200000000000000000e+01
1.100000000000000000e+01 -2.590000000000000000e+02 -1.400000000000000000e+01
1.000000000000000000e+01 -2.580000000000000000e+02 -1.500000000000000000e+01
1.000000000000000000e+01 -2.560000000000000000e+02 -1.200000000000000000e+01
1.000000000000000000e+01 -2.550000000000000000e+02 -1.100000000000000000e+01
1.100000000000000000e+01 -2.520000000000000000e+02 -2.000000000000000000e+01
9.000000000000000000e+00 -2.530000000000000000e+02 -1.000000000000000000e+01
1.200000000000000000e+01 -2.560000000000000000e+02 -8.000000000000000000e+00
1.000000000000000000e+01 -2.550000000000000000e+02 -1.200000000000000000e+01
1.000000000000000000e+01 -2.590000000000000000e+02 -1.200000000000000000e+01
6.000000000000000000e+00 -2.660000000000000000e+02 -3.400000000000000000e+01
1.000000000000000000e+01 -2.460000000000000000e+02 -5.400000000000000000e+01
1.600000000000000000e+01 -2.350000000000000000e+02 -7.300000000000000000e+01
7.000000000000000000e+00 -2.220000000000000000e+02 -8.400000000000000000e+01
-3.000000000000000000e+00 -1.950000000000000000e+02 -9.400000000000000000e+01
1.700000000000000000e+01 -1.620000000000000000e+02 -1.100000000000000000e+02
3.000000000000000000e+00 -1.210000000000000000e+02 -1.010000000000000000e+02
-1.600000000000000000e+01 -1.980000000000000000e+02 -1.040000000000000000e+02
4.800000000000000000e+01 -1.650000000000000000e+02 -1.120000000000000000e+02
2.700000000000000000e+01 -2.760000000000000000e+02 -1.230000000000000000e+02
-1.200000000000000000e+01 -2.380000000000000000e+02 -1.050000000000000000e+02
-4.000000000000000000e+00 -3.210000000000000000e+02 -9.200000000000000000e+01
5.000000000000000000e+01 -2.570000000000000000e+02 -1.230000000000000000e+02
4.000000000000000000e+01 -3.510000000000000000e+02 -1.780000000000000000e+02
1.700000000000000000e+01 -4.470000000000000000e+02 -1.600000000000000000e+02
3.900000000000000000e+01 -2.900000000000000000e+02 -7.100000000000000000e+01
-3.100000000000000000e+01 -1.300000000000000000e+02 -1.100000000000000000e+01
1.100000000000000000e+01 -3.020000000000000000e+02 1.300000000000000000e+01
7.000000000000000000e+00 -2.290000000000000000e+02 -7.200000000000000000e+01
1.300000000000000000e+01 -3.120000000000000000e+02 -5.600000000000000000e+01
1.100000000000000000e+01 -1.970000000000000000e+02 -1.200000000000000000e+01
1.000000000000000000e+00 -2.690000000000000000e+02 -9.000000000000000000e+00
1.000000000000000000e+01 -2.460000000000000000e+02 -1.200000000000000000e+01
8.000000000000000000e+00 -2.430000000000000000e+02 -4.000000000000000000e+00
1.000000000000000000e+00 -2.550000000000000000e+02 -9.000000000000000000e+00
7.000000000000000000e+00 -2.520000000000000000e+02 -1.800000000000000000e+01
7.000000000000000000e+00 -2.530000000000000000e+02 -1.800000000000000000e+01
7.000000000000000000e+00 -2.530000000000000000e+02 -7.000000000000000000e+00
7.000000000000000000e+00 -2.560000000000000000e+02 -9.000000000000000000e+00
6.000000000000000000e+00 -2.540000000000000000e+02 -1.600000000000000000e+01
7.000000000000000000e+00 -2.580000000000000000e+02 -1.500000000000000000e+01
7.000000000000000000e+00 -2.520000000000000000e+02 -1.000000000000000000e+01
7.000000000000000000e+00 -2.500000000000000000e+02 -1.200000000000000000e+01
8.000000000000000000e+00 -2.600000000000000000e+02 -1.300000000000000000e+01
1.000000000000000000e+00 -2.560000000000000000e+02 -1.200000000000000000e+01
2.000000000000000000e+00 -2.600000000000000000e+02 -1.400000000000000000e+01
5.000000000000000000e+00 -2.570000000000000000e+02 -1.100000000000000000e+01
1.000000000000000000e+00 -2.540000000000000000e+02 -1.400000000000000000e+01
5.000000000000000000e+00 -2.570000000000000000e+02 -1.700000000000000000e+01
6.000000000000000000e+00 -2.550000000000000000e+02 -1.200000000000000000e+01
5.000000000000000000e+00 -2.550000000000000000e+02 -1.300000000000000000e+01
5.000000000000000000e+00 -2.540000000000000000e+02 -7.000000000000000000e+00
5.000000000000000000e+00 -2.550000000000000000e+02 -1.700000000000000000e+01
4.000000000000000000e+00 -2.530000000000000000e+02 -9.000000000000000000e+00
4.000000000000000000e+00 -2.540000000000000000e+02 -1.200000000000000000e+01
1.000000000000000000e+00 -2.590000000000000000e+02 -1.400000000000000000e+01
4.000000000000000000e+00 -2.560000000000000000e+02 -1.100000000000000000e+01
3.000000000000000000e+00 -2.550000000000000000e+02 -1.700000000000000000e+01
4.000000000000000000e+00 -2.550000000000000000e+02 -1.600000000000000000e+01
3.000000000000000000e+00 -2.550000000000000000e+02 -1.500000000000000000e+01
4.000000000000000000e+00 -2.550000000000000000e+02 -1.400000000000000000e+01
5.000000000000000000e+00 -2.560000000000000000e+02 -9.000000000000000000e+00
1.000000000000000000e+00 -2.520000000000000000e+02 -1.300000000000000000e+01
3.000000000000000000e+00 -2.580000000000000000e+02 -1.200000000000000000e+01
3.000000000000000000e+00 -2.550000000000000000e+02 -1.400000000000000000e+01
3.000000000000000000e+00 -2.530000000000000000e+02 -1.100000000000000000e+01
3.000000000000000000e+00 -2.560000000000000000e+02 -1.000000000000000000e+01
5.000000000000000000e+00 -2.560000000000000000e+02 -1.000000000000000000e+01
3.000000000000000000e+00 -2.510000000000000000e+02 -1.100000000000000000e+01
3.000000000000000000e+00 -2.570000000000000000e+02 -1.100000000000000000e+01
5.000000000000000000e+00 -2.560000000000000000e+02 -1.300000000000000000e+01
3.000000000000000000e+00 -2.620000000000000000e+02 -6.000000000000000000e+00
5.000000000000000000e+00 -2.580000000000000000e+02 -1.300000000000000000e+01
7.000000000000000000e+00 -2.550000000000000000e+02 -1.000000000000000000e+01
3.000000000000000000e+00 -2.570000000000000000e+02 -1.200000000000000000e+01
3.000000000000000000e+00 -2.520000000000000000e+02 -1.100000000000000000e+01
6.000000000000000000e+00 -2.560000000000000000e+02 -1.300000000000000000e+01
3.000000000000000000e+00 -2.530000000000000000e+02 -1.200000000000000000e+01
7.000000000000000000e+00 -2.540000000000000000e+02 -1.000000000000000000e+01
3.000000000000000000e+00 -2.550000000000000000e+02 -1.200000000000000000e+01
2.000000000000000000e+00 -2.550000000000000000e+02 -9.000000000000000000e+00
5.000000000000000000e+00 -2.560000000000000000e+02 -6.000000000000000000e+00
4.000000000000000000e+00 -2.560000000000000000e+02 -1.000000000000000000e+01
5.000000000000000000e+00 -2.510000000000000000e+02 -9.000000000000000000e+00
7.000000000000000000e+00 -2.580000000000000000e+02 -8.000000000000000000e+00
5.000000000000000000e+00 -2.530000000000000000e+02 -9.000000000000000000e+00
6.000000000000000000e+00 -2.540000000000000000e+02 -1.000000000000000000e+01
2.000000000000000000e+00 -2.550000000000000000e+02 -8.000000000000000000e+00
4.000000000000000000e+00 -2.560000000000000000e+02 -5.000000000000000000e+00
5.000000000000000000e+00 -2.550000000000000000e+02 -9.000000000000000000e+00
7.000000000000000000e+00 -2.580000000000000000e+02 -7.000000000000000000e+00
6.000000000000000000e+00 -2.550000000000000000e+02 -6.000000000000000000e+00
5.000000000000000000e+00 -2.550000000000000000e+02 -6.000000000000000000e+00
7.000000000000000000e+00 -2.540000000000000000e+02 -3.000000000000000000e+00
6.000000000000000000e+00 -2.560000000000000000e+02 -9.000000000000000000e+00
5.000000000000000000e+00 -2.560000000000000000e+02 -5.000000000000000000e+00
4.000000000000000000e+00 -2.550000000000000000e+02 -5.000000000000000000e+00
6.000000000000000000e+00 -2.540000000000000000e+02 -4.000000000000000000e+00
3.000000000000000000e+00 -2.530000000000000000e+02 -6.000000000000000000e+00
1.000000000000000000e+01 -2.210000000000000000e+02 -1.200000000000000000e+01
1.000000000000000000e+01 -2.710000000000000000e+02 -3.900000000000000000e+01
9.000000000000000000e+00 -2.480000000000000000e+02 -2.400000000000000000e+01
3.000000000000000000e+00 -2.470000000000000000e+02 -3.500000000000000000e+01
3.000000000000000000e+00 -2.340000000000000000e+02 -4.000000000000000000e+01
3.000000000000000000e+00 -2.340000000000000000e+02 -5.100000000000000000e+01
7.000000000000000000e+00 -2.580000000000000000e+02 -8.000000000000000000e+01
1.700000000000000000e+01 -2.620000000000000000e+02 -9.600000000000000000e+01
4.900000000000000000e+01 -3.090000000000000000e+02 -1.750000000000000000e+02
-2.400000000000000000e+01 -3.410000000000000000e+02 -1.800000000000000000e+02
2.800000000000000000e+01 -2.380000000000000000e+02 -2.900000000000000000e+02
2.200000000000000000e+01 -2.380000000000000000e+02 -2.350000000000000000e+02
-1.000000000000000000e+01 -2.300000000000000000e+02 -1.950000000000000000e+02
1.600000000000000000e+01 -1.880000000000000000e+02 -1.690000000000000000e+02
1.400000000000000000e+01 -1.470000000000000000e+02 -1.510000000000000000e+02
1.200000000000000000e+01 -1.440000000000000000e+02 -1.570000000000000000e+02
8.000000000000000000e+00 -1.670000000000000000e+02 -1.550000000000000000e+02
1.300000000000000000e+01 -1.680000000000000000e+02 -1.590000000000000000e+02
8.000000000000000000e+00 -1.570000000000000000e+02 -1.420000000000000000e+02
1.000000000000000000e+01 -1.830000000000000000e+02 -1.380000000000000000e+02
8.000000000000000000e+00 -1.520000000000000000e+02 -1.350000000000000000e+02
9.000000000000000000e+00 -1.950000000000000000e+02 -1.290000000000000000e+02
9.000000000000000000e+00 -2.180000000000000000e+02 -1.420000000000000000e+02
3.500000000000000000e+01 -2.170000000000000000e+02 -1.190000000000000000e+02
3.100000000000000000e+01 -2.220000000000000000e+02 -1.060000000000000000e+02
6.000000000000000000e+00 -2.200000000000000000e+02 -9.800000000000000000e+01
0.000000000000000000e+00 -2.560000000000000000e+02 -9.600000000000000000e+01
3.000000000000000000e+00 -2.470000000000000000e+02 -1.150000000000000000e+02
6.000000000000000000e+00 -2.590000000000000000e+02 -9.300000000000000000e+01
4.000000000000000000e+00 -2.440000000000000000e+02 -8.100000000000000000e+01
2.700000000000000000e+01 -2.420000000000000000e+02 -8.100000000000000000e+01
2.300000000000000000e+01 -2.400000000000000000e+02 -9.000000000000000000e+01
1.200000000000000000e+01 -2.460000000000000000e+02 -8.900000000000000000e+01
1.100000000000000000e+01 -2.410000000000000000e+02 -8.400000000000000000e+01
4.000000000000000000e+00 -2.430000000000000000e+02 -7.900000000000000000e+01
8.000000000000000000e+00 -2.480000000000000000e+02 -7.800000000000000000e+01
1.700000000000000000e+01 -2.460000000000000000e+02 -7.200000000000000000e+01
1.300000000000000000e+01 -2.490000000000000000e+02 -7.400000000000000000e+01
1.200000000000000000e+01 -2.480000000000000000e+02 -7.000000000000000000e+01
1.200000000000000000e+01 -2.450000000000000000e+02 -7.000000000000000000e+01
1.200000000000000000e+01 -2.490000000000000000e+02 -7.200000000000000000e+01
1.400000000000000000e+01 -2.420000000000000000e+02 -8.000000000000000000e+01
1.600000000000000000e+01 -2.460000000000000000e+02 -7.900000000000000000e+01
1.400000000000000000e+01 -2.420000000000000000e+02 -7.500000000000000000e+01
1.600000000000000000e+01 -2.470000000000000000e+02 -7.500000000000000000e+01
1.500000000000000000e+01 -2.450000000000000000e+02 -8.200000000000000000e+01
1.400000000000000000e+01 -2.470000000000000000e+02 -8.100000000000000000e+01
1.000000000000000000e+01 -2.420000000000000000e+02 -7.900000000000000000e+01
1.400000000000000000e+01 -2.480000000000000000e+02 -7.800000000000000000e+01
1.300000000000000000e+01 -2.490000000000000000e+02 -7.800000000000000000e+01
1.200000000000000000e+01 -2.480000000000000000e+02 -7.500000000000000000e+01
1.100000000000000000e+01 -2.490000000000000000e+02 -7.500000000000000000e+01
1.500000000000000000e+01 -2.460000000000000000e+02 -7.100000000000000000e+01
1.200000000000000000e+01 -2.480000000000000000e+02 -7.100000000000000000e+01
9.000000000000000000e+00 -2.470000000000000000e+02 -6.800000000000000000e+01
1.300000000000000000e+01 -2.470000000000000000e+02 -7.200000000000000000e+01
1.100000000000000000e+01 -2.460000000000000000e+02 -6.800000000000000000e+01
1.600000000000000000e+01 -2.450000000000000000e+02 -7.400000000000000000e+01
1.100000000000000000e+01 -2.490000000000000000e+02 -7.500000000000000000e+01
1.400000000000000000e+01 -2.460000000000000000e+02 -7.500000000000000000e+01
1.300000000000000000e+01 -2.470000000000000000e+02 -7.200000000000000000e+01
1.100000000000000000e+01 -2.450000000000000000e+02 -7.800000000000000000e+01
1.100000000000000000e+01 -2.450000000000000000e+02 -7.200000000000000000e+01
