1.100000000000000000e+01 -2.550000000000000000e+02 2.500000000000000000e+01
2.000000000000000000e+00 -2.500000000000000000e+02 1.000000000000000000e+01
6.000000000000000000e+00 -2.580000000000000000e+02 1.000000000000000000e+01
4.000000000000000000e+00 -2.580000000000000000e+02 8.000000000000000000e+00
8.000000000000000000e+00 -2.580000000000000000e+02 1.400000000000000000e+01
5.000000000000000000e+00 -2.490000000000000000e+02 1.800000000000000000e+01
8.000000000000000000e+00 -2.580000000000000000e+02 1.600000000000000000e+01
5.000000000000000000e+00 -2.520000000000000000e+02 1.600000000000000000e+01
5.000000000000000000e+00 -2.520000000000000000e+02 1.800000000000000000e+01
7.000000000000000000e+00 -2.530000000000000000e+02 1.300000000000000000e+01
5.000000000000000000e+00 -2.520000000000000000e+02 1.100000000000000000e+01
5.000000000000000000e+00 -2.540000000000000000e+02 8.000000000000000000e+00
4.000000000000000000e+00 -2.570000000000000000e+02 1.200000000000000000e+01
9.000000000000000000e+00 -2.540000000000000000e+02 9.000000000000000000e+00
1.000000000000000000e+01 -2.580000000000000000e+02 9.000000000000000000e+00
1.000000000000000000e+00 -2.590000000000000000e+02 8.000000000000000000e+00
8.000000000000000000e+00 -2.570000000000000000e+02 6.000000000000000000e+00
5.000000000000000000e+00 -2.520000000000000000e+02 1.000000000000000000e+01
6.000000000000000000e+00 -2.550000000000000000e+02 1.100000000000000000e+01
5.000000000000000000e+00 -2.540000000000000000e+02 6.000000000000000000e+00
4.000000000000000000e+00 -2.530000000000000000e+02 1.000000000000000000e+01
1.000000000000000000e+00 -2.500000000000000000e+02 1.300000000000000000e+01
4.000000000000000000e+00 -2.560000000000000000e+02 8.000000000000000000e+00
8.000000000000000000e+00 -2.560000000000000000e+02 8.000000000000000000e+00
4.000000000000000000e+00 -2.570000000000000000e+02 1.100000000000000000e+01
2.000000000000000000e+00 -2.540000000000000000e+02 1.100000000000000000e+01
7.000000000000000000e+00 -2.560000000000000000e+02 1.000000000000000000e+01
5.000000000000000000e+00 -2.660000000000000000e+02 6.000000000000000000e+00
5.000000000000000000e+00 -2.500000000000000000e+02 1.400000000000000000e+01
3.000000000000000000e+00 -2.510000000000000000e+02 1.800000000000000000e+01
6.000000000000000000e+00 -2.530000000000000000e+02 1.500000000000000000e+01
4.000000000000000000e+00 -2.520000000000000000e+02 1.600000000000000000e+01
3.000000000000000000e+00 -2.560000000000000000e+02 1.400000000000000000e+01
7.000000000000000000e+00 -2.580000000000000000e+02 1.700000000000000000e+01
6.000000000000000000e+00 -2.540000000000000000e+02 1.600000000000000000e+01
6.000000000000000000e+00 -2.560000000000000000e+02 1.500000000000000000e+01
3.000000000000000000e+00 -2.530000000000000000e+02 1.300000000000000000e+01
6.000000000000000000e+00 -2.550000000000000000e+02 1.800000000000000000e+01
6.000000000000000000e+00 -2.560000000000000000e+02 1.500000000000000000e+01
0.000000000000000000e+00 -2.540000000000000000e+02 1.600000000000000000e+01
6.000000000000000000e+00 -2.570000000000000000e+02 1.600000000000000000e+01
3.000000000000000000e+00 -2.520000000000000000e+02 1.600000000000000000e+01
1.000000000000000000e+00 -2.560000000000000000e+02 1.200000000000000000e+01
4.000000000000000000e+00 -2.550000000000000000e+02 1.500000000000000000e+01
6.000000000000000000e+00 -2.580000000000000000e+02 1.300000000000000000e+01
5.000000000000000000e+00 -2.570000000000000000e+02 1.300000000000000000e+01
4.000000000000000000e+00 -2.530000000000000000e+02 1.500000000000000000e+01
5.000000000000000000e+00 -2.550000000000000000e+02 1.100000000000000000e+01
7.000000000000000000e+00 -2.560000000000000000e+02 1.100000000000000000e+01
5.000000000000000000e+00 -2.540000000000000000e+02 1.100000000000000000e+01
7.000000000000000000e+00 -2.530000000000000000e+02 1.400000000000000000e+01
4.000000000000000000e+00 -2.540000000000000000e+02 1.100000000000000000e+01
5.000000000000000000e+00 -2.550000000000000000e+02 1.200000000000000000e+01
9.000000000000000000e+00 -2.570000000000000000e+02 1.400000000000000000e+01
4.000000000000000000e+00 -2.560000000000000000e+02 1.400000000000000000e+01
6.000000000000000000e+00 -2.510000000000000000e+02 9.000000000000000000e+00
4.000000000000000000e+00 -2.590000000000000000e+02 1.000000000000000000e+01
6.000000000000000000e+00 -2.530000000000000000e+02 8.000000000000000000e+00
2.000000000000000000e+00 -2.510000000000000000e+02 5.000000000000000000e+00
4.000000000000000000e+00 -2.560000000000000000e+02 1.000000000000000000e+00
3.000000000000000000e+00 -2.520000000000000000e+02 -8.000000000000000000e+00
1.000000000000000000e+01 -2.610000000000000000e+02 -1.700000000000000000e+01
1.000000000000000000e+01 -2.490000000000000000e+02 -2.400000000000000000e+01
5.000000000000000000e+00 -2.470000000000000000e+02 -3.500000000000000000e+01
1.000000000000000000e+01 -2.250000000000000000e+02 -4.200000000000000000e+01
6.000000000000000000e+00 -1.990000000000000000e+02 -6.100000000000000000e+01
1.000000000000000000e+00 -1.900000000000000000e+02 -6.900000000000000000e+01
-2.100000000000000000e+01 -1.550000000000000000e+02 -7.800000000000000000e+01
7.000000000000000000e+00 -1.440000000000000000e+02 -6.600000000000000000e+01
1.000000000000000000e+00 -1.970000000000000000e+02 -4.600000000000000000e+01
-1.900000000000000000e+01 -2.110000000000000000e+02 -7.600000000000000000e+01
3.000000000000000000e+00 -2.230000000000000000e+02 -9.900000000000000000e+01
1.800000000000000000e+01 -2.130000000000000000e+02 -1.030000000000000000e+02
-4.400000000000000000e+01 -2.870000000000000000e+02 -1.540000000000000000e+02
-5.000000000000000000e+00 -2.750000000000000000e+02 -1.850000000000000000e+02
1.000000000000000000e+00 -2.950000000000000000e+02 -2.070000000000000000e+02
5.000000000000000000e+00 -2.770000000000000000e+02 -2.090000000000000000e+02
-2.000000000000000000e+00 -2.770000000000000000e+02 -1.710000000000000000e+02
-9.000000000000000000e+00 -3.110000000000000000e+02 -1.760000000000000000e+02
-1.400000000000000000e+01 -2.930000000000000000e+02 -1.570000000000000000e+02
2.000000000000000000e+00 -2.320000000000000000e+02 -6.500000000000000000e+01
-1.600000000000000000e+01 -2.310000000000000000e+02 -3.800000000000000000e+01
-1.400000000000000000e+01 -2.480000000000000000e+02 -6.500000000000000000e+01
-9.000000000000000000e+00 -2.520000000000000000e+02 -7.800000000000000000e+01
-1.000000000000000000e+01 -2.580000000000000000e+02 -5.300000000000000000e+01
6.000000000000000000e+00 -2.550000000000000000e+02 -2.100000000000000000e+01
2.000000000000000000e+00 -2.490000000000000000e+02 -1.000000000000000000e+00
-7.000000000000000000e+00 -2.640000000000000000e+02 0.000000000000000000e+00
7.000000000000000000e+00 -2.490000000000000000e+02 3.000000000000000000e+00
-2.000000000000000000e+00 -2.520000000000000000e+02 0.000000000000000000e+00
0.000000000000000000e+00 -2.630000000000000000e+02 2.000000000000000000e+00
1.000000000000000000e+00 -2.550000000000000000e+02 6.000000000000000000e+00
5.000000000000000000e+00 -2.550000000000000000e+02 1.700000000000000000e+01
-1.000000000000000000e+00 -2.560000000000000000e+02 2.000000000000000000e+01
0.000000000000000000e+00 -2.500000000000000000e+02 1.800000000000000000e+01
1.000000000000000000e+00 -2.570000000000000000e+02 1.700000000000000000e+01
-1.000000000000000000e+00 -2.540000000000000000e+02 2.600000000000000000e+01
0.000000000000000000e+00 -2.530000000000000000e+02 2.000000000000000000e+01
0.000000000000000000e+00 -2.560000000000000000e+02 2.200000000000000000e+01
0.000000000000000000e+00 -2.560000000000000000e+02 2.200000000000000000e+01
-3.000000000000000000e+00 -2.560000000000000000e+02 2.400000000000000000e+01
-2.000000000000000000e+00 -2.540000000000000000e+02 2.000000000000000000e+01
0.000000000000000000e+00 -2.550000000000000000e+02 2.500000000000000000e+01
-4.000000000000000000e+00 -2.540000000000000000e+02 2.000000000000000000e+01
0.000000000000000000e+00 -2.530000000000000000e+02 1.800000000000000000e+01
0.000000000000000000e+00 -2.560000000000000000e+02 1.600000000000000000e+01
0.000000000000000000e+00 -2.570000000000000000e+02 1.700000000000000000e+01
-2.000000000000000000e+00 -2.550000000000000000e+02 1.600000000000000000e+01
-2.000000000000000000e+00 -2.580000000000000000e+02 1.300000000000000000e+01
0.000000000000000000e+00 -2.540000000000000000e+02 1.600000000000000000e+01
-1.000000000000000000e+00 -2.530000000000000000e+02 1.800000000000000000e+01
0.000000000000000000e+00 -2.560000000000000000e+02 1.800000000000000000e+01
0.000000000000000000e+00 -2.580000000000000000e+02 1.500000000000000000e+01
0.000000000000000000e+00 -2.560000000000000000e+02 1.800000000000000000e+01
0.000000000000000000e+00 -2.520000000000000000e+02 1.900000000000000000e+01
0.000000000000000000e+00 -2.550000000000000000e+02 2.200000000000000000e+01
-1.000000000000000000e+00 -2.590000000000000000e+02 1.800000000000000000e+01
0.000000000000000000e+00 -2.520000000000000000e+02 2.500000000000000000e+01
-1.000000000000000000e+00 -2.500000000000000000e+02 2.000000000000000000e+01
0.000000000000000000e+00 -2.560000000000000000e+02 2.000000000000000000e+01
-2.000000000000000000e+00 -2.530000000000000000e+02 2.200000000000000000e+01
0.000000000000000000e+00 -2.540000000000000000e+02 2.300000000000000000e+01
0.000000000000000000e+00 -2.580000000000000000e+02 2.000000000000000000e+01
-2.000000000000000000e+00 -2.510000000000000000e+02 1.900000000000000000e+01
1.000000000000000000e+00 -2.550000000000000000e+02 2.000000000000000000e+01
-1.000000000000000000e+00 -2.540000000000000000e+02 1.900000000000000000e+01
-2.000000000000000000e+00 -2.580000000000000000e+02 2.400000000000000000e+01
1.000000000000000000e+00 -2.540000000000000000e+02 1.500000000000000000e+01
-3.000000000000000000e+00 -2.570000000000000000e+02 1.300000000000000000e+01
-1.000000000000000000e+00 -2.540000000000000000e+02 1.000000000000000000e+01
-1.000000000000000000e+00 -2.550000000000000000e+02 1.400000000000000000e+01
-2.000000000000000000e+00 -2.560000000000000000e+02 2.000000000000000000e+01
-1.000000000000000000e+00 -2.510000000000000000e+02 2.200000000000000000e+01
0.000000000000000000e+00 -2.560000000000000000e+02 1.600000000000000000e+01
0.000000000000000000e+00 -2.560000000000000000e+02 1.500000000000000000e+01
0.000000000000000000e+00 -2.560000000000000000e+02 1.900000000000000000e+01
-2.000000000000000000e+00 -2.550000000000000000e+02 2.100000000000000000e+01
-1.000000000000000000e+00 -2.530000000000000000e+02 2.600000000000000000e+01
0.000000000000000000e+00 -2.550000000000000000e+02 2.300000000000000000e+01
-2.000000000000000000e+00 -2.540000000000000000e+02 2.600000000000000000e+01
-1.000000000000000000e+00 -2.530000000000000000e+02 2.300000000000000000e+01
-2.000000000000000000e+00 -2.560000000000000000e+02 2.600000000000000000e+01
0.000000000000000000e+00 -2.550000000000000000e+02 2.600000000000000000e+01
0.000000000000000000e+00 -2.530000000000000000e+02 2.400000000000000000e+01
2.000000000000000000e+01 -2.590000000000000000e+02 7.000000000000000000e+00
0.000000000000000000e+00 -2.500000000000000000e+02 2.500000000000000000e+01
-1.000000000000000000e+00 -2.530000000000000000e+02 2.600000000000000000e+01
5.000000000000000000e+00 -2.290000000000000000e+02 2.100000000000000000e+01
-1.000000000000000000e+00 -2.240000000000000000e+02 -2.400000000000000000e+01
4.000000000000000000e+00 -2.580000000000000000e+02 -4.100000000000000000e+01
9.000000000000000000e+00 -2.720000000000000000e+02 -2.600000000000000000e+01
7.000000000000000000e+00 -2.300000000000000000e+02 -2.600000000000000000e+01
3.400000000000000000e+01 -2.920000000000000000e+02 -3.700000000000000000e+01
-1.600000000000000000e+01 -4.310000000000000000e+02 -1.000000000000000000e+02
-2.500000000000000000e+01 -4.170000000000000000e+02 -6.400000000000000000e+01
-2.300000000000000000e+01 -3.610000000000000000e+02 -1.040000000000000000e+02
-1.400000000000000000e+01 -3.580000000000000000e+02 -1.210000000000000000e+02
-4.000000000000000000e+00 -2.820000000000000000e+02 -7.400000000000000000e+01
-2.100000000000000000e+01 -2.560000000000000000e+02 -5.400000000000000000e+01
3.000000000000000000e+00 -2.380000000000000000e+02 -3.600000000000000000e+01
-6.000000000000000000e+00 -1.380000000000000000e+02 -4.400000000000000000e+01
-1.000000000000000000e+01 -1.520000000000000000e+02 -3.000000000000000000e+01
1.300000000000000000e+01 -7.400000000000000000e+01 -5.200000000000000000e+01
-4.000000000000000000e+00 -3.200000000000000000e+01 -6.900000000000000000e+01
3.600000000000000000e+01 -1.950000000000000000e+02 -5.500000000000000000e+01
-3.200000000000000000e+01 -3.780000000000000000e+02 -7.800000000000000000e+01
2.700000000000000000e+01 -2.250000000000000000e+02 -4.400000000000000000e+01
1.100000000000000000e+01 -2.600000000000000000e+02 -3.400000000000000000e+01
3.300000000000000000e+01 -2.660000000000000000e+02 -7.000000000000000000e+00
4.800000000000000000e+01 -2.290000000000000000e+02 -9.000000000000000000e+00
2.000000000000000000e+00 -2.560000000000000000e+02 -2.000000000000000000e+01
7.000000000000000000e+00 -2.740000000000000000e+02 -1.700000000000000000e+01
-2.000000000000000000e+00 -2.560000000000000000e+02 -7.000000000000000000e+00
1.300000000000000000e+01 -2.570000000000000000e+02 -1.600000000000000000e+01
1.000000000000000000e+01 -2.490000000000000000e+02 -1.200000000000000000e+01
1.000000000000000000e+00 -2.490000000000000000e+02 -6.000000000000000000e+00
1.400000000000000000e+01 -2.580000000000000000e+02 -1.000000000000000000e+01
9.000000000000000000e+00 -2.630000000000000000e+02 -1.100000000000000000e+01
2.000000000000000000e+00 -2.580000000000000000e+02 -1.000000000000000000e+01
0.000000000000000000e+00 -2.550000000000000000e+02 -5.000000000000000000e+00
0.000000000000000000e+00 -2.600000000000000000e+02 -1.100000000000000000e+01
9.000000000000000000e+00 -2.550000000000000000e+02 -1.500000000000000000e+01
1.300000000000000000e+01 -2.590000000000000000e+02 -1.100000000000000000e+01
1.200000000000000000e+01 -2.520000000000000000e+02 -1.600000000000000000e+01
1.600000000000000000e+01 -2.600000000000000000e+02 -8.000000000000000000e+00
8.000000000000000000e+00 -2.510000000000000000e+02 -1.700000000000000000e+01
6.000000000000000000e+00 -2.570000000000000000e+02 -8.000000000000000000e+00
6.000000000000000000e+00 -2.570000000000000000e+02 -5.000000000000000000e+00
5.000000000000000000e+00 -2.560000000000000000e+02 -1.100000000000000000e+01
2.000000000000000000e+00 -2.550000000000000000e+02 -7.000000000000000000e+00
4.000000000000000000e+00 -2.560000000000000000e+02 -1.000000000000000000e+01
7.000000000000000000e+00 -2.540000000000000000e+02 -6.000000000000000000e+00
8.000000000000000000e+00 -2.580000000000000000e+02 -7.000000000000000000e+00
8.000000000000000000e+00 -2.530000000000000000e+02 -9.000000000000000000e+00
1.200000000000000000e+01 -2.560000000000000000e+02 -8.000000000000000000e+00
1.200000000000000000e+01 -2.610000000000000000e+02 -9.000000000000000000e+00
6.000000000000000000e+00 -2.550000000000000000e+02 -1.500000000000000000e+01
6.000000000000000000e+00 -2.550000000000000000e+02 -8.000000000000000000e+00
8.000000000000000000e+00 -2.540000000000000000e+02 -6.000000000000000000e+00
8.000000000000000000e+00 -2.550000000000000000e+02 -1.000000000000000000e+01
