-2.000000000000000000e+00 -2.570000000000000000e+02 4.000000000000000000e+00
-1.000000000000000000e+00 -2.490000000000000000e+02 1.600000000000000000e+01
-2.000000000000000000e+00 -2.520000000000000000e+02 1.400000000000000000e+01
-5.000000000000000000e+00 -2.560000000000000000e+02 1.400000000000000000e+01
-7.000000000000000000e+00 -2.540000000000000000e+02 1.600000000000000000e+01
-7.000000000000000000e+00 -2.550000000000000000e+02 1.600000000000000000e+01
-7.000000000000000000e+00 -2.570000000000000000e+02 1.400000000000000000e+01
-8.000000000000000000e+00 -2.550000000000000000e+02 1.300000000000000000e+01
-8.000000000000000000e+00 -2.500000000000000000e+02 1.400000000000000000e+01
-5.000000000000000000e+00 -2.540000000000000000e+02 1.700000000000000000e+01
0.000000000000000000e+00 -2.560000000000000000e+02 2.000000000000000000e+01
-4.000000000000000000e+00 -2.550000000000000000e+02 1.200000000000000000e+01
-8.000000000000000000e+00 -2.560000000000000000e+02 1.800000000000000000e+01
-6.000000000000000000e+00 -2.570000000000000000e+02 1.800000000000000000e+01
-2.000000000000000000e+00 -2.540000000000000000e+02 1.200000000000000000e+01
-1.000000000000000000e+00 -2.600000000000000000e+02 1.300000000000000000e+01
-6.000000000000000000e+00 -2.570000000000000000e+02 1.000000000000000000e+01
-1.000000000000000000e+01 -2.560000000000000000e+02 1.400000000000000000e+01
-5.000000000000000000e+00 -2.570000000000000000e+02 1.400000000000000000e+01
-8.000000000000000000e+00 -2.570000000000000000e+02 1.100000000000000000e+01
0.000000000000000000e+00 -2.610000000000000000e+02 -4.000000000000000000e+00
-5.000000000000000000e+00 -2.640000000000000000e+02 3.000000000000000000e+00
-9.000000000000000000e+00 -2.490000000000000000e+02 1.000000000000000000e+01
-1.800000000000000000e+01 -2.490000000000000000e+02 1.300000000000000000e+01
-1.500000000000000000e+01 -2.460000000000000000e+02 1.600000000000000000e+01
-1.100000000000000000e+01 -2.580000000000000000e+02 1.300000000000000000e+01
-7.000000000000000000e+00 -2.570000000000000000e+02 -6.000000000000000000e+00
-1.100000000000000000e+01 -2.530000000000000000e+02 -3.100000000000000000e+01
-1.500000000000000000e+01 -2.320000000000000000e+02 -6.500000000000000000e+01
-2.800000000000000000e+01 -1.390000000000000000e+02 -1.330000000000000000e+02
4.000000000000000000e+00 2.000000000000000000e+01 -5.800000000000000000e+01
2.900000000000000000e+01 -9.600000000000000000e+01 8.700000000000000000e+01
-7.000000000000000000e+00 -5.800000000000000000e+01 -1.100000000000000000e+01
-7.600000000000000000e+01 -3.200000000000000000e+02 9.500000000000000000e+01
1.230000000000000000e+02 -1.730000000000000000e+02 -2.200000000000000000e+01
-3.900000000000000000e+01 -3.460000000000000000e+02 -1.800000000000000000e+01
-6.200000000000000000e+01 -3.280000000000000000e+02 -9.100000000000000000e+01
-5.500000000000000000e+01 -3.620000000000000000e+02 -6.000000000000000000e+01
-9.000000000000000000e+00 -3.880000000000000000e+02 -3.400000000000000000e+01
-2.600000000000000000e+01 -3.590000000000000000e+02 4.200000000000000000e+01
-5.600000000000000000e+01 -1.143000000000000000e+03 3.570000000000000000e+02
3.200000000000000000e+01 -1.500000000000000000e+01 7.000000000000000000e+01
-5.000000000000000000e+01 -2.640000000000000000e+02 1.630000000000000000e+02
1.000000000000000000e+01 -1.220000000000000000e+02 -3.000000000000000000e+00
-2.000000000000000000e+01 -3.050000000000000000e+02 -1.500000000000000000e+01
-4.000000000000000000e+00 -3.840000000000000000e+02 -4.300000000000000000e+01
1.000000000000000000e+00 -2.230000000000000000e+02 8.800000000000000000e+01
0.000000000000000000e+00 -2.020000000000000000e+02 1.250000000000000000e+02
1.500000000000000000e+01 -2.080000000000000000e+02 1.170000000000000000e+02
2.000000000000000000e+00 -2.190000000000000000e+02 1.260000000000000000e+02
-1.700000000000000000e+01 -2.300000000000000000e+02 9.600000000000000000e+01
3.000000000000000000e+00 -2.370000000000000000e+02 9.400000000000000000e+01
-5.000000000000000000e+00 -2.270000000000000000e+02 1.080000000000000000e+02
0.000000000000000000e+00 -2.200000000000000000e+02 1.220000000000000000e+02
4.000000000000000000e+00 -2.160000000000000000e+02 1.330000000000000000e+02
0.000000000000000000e+00 -2.190000000000000000e+02 1.180000000000000000e+02
0.000000000000000000e+00 -2.210000000000000000e+02 1.160000000000000000e+02
-4.000000000000000000e+00 -2.220000000000000000e+02 1.210000000000000000e+02
-7.000000000000000000e+00 -2.190000000000000000e+02 1.190000000000000000e+02
-6.000000000000000000e+00 -2.200000000000000000e+02 1.240000000000000000e+02
0.000000000000000000e+00 -2.250000000000000000e+02 1.250000000000000000e+02
4.000000000000000000e+00 -2.220000000000000000e+02 1.160000000000000000e+02
1.000000000000000000e+00 -2.240000000000000000e+02 1.130000000000000000e+02
-2.000000000000000000e+00 -2.220000000000000000e+02 1.180000000000000000e+02
0.000000000000000000e+00 -2.190000000000000000e+02 1.130000000000000000e+02
0.000000000000000000e+00 -2.200000000000000000e+02 1.170000000000000000e+02
-6.000000000000000000e+00 -2.200000000000000000e+02 1.230000000000000000e+02
-3.000000000000000000e+00 -2.240000000000000000e+02 1.200000000000000000e+02
-3.000000000000000000e+00 -2.300000000000000000e+02 1.120000000000000000e+02
0.000000000000000000e+00 -2.270000000000000000e+02 1.110000000000000000e+02
-5.000000000000000000e+00 -2.220000000000000000e+02 1.180000000000000000e+02
0.000000000000000000e+00 -2.240000000000000000e+02 1.160000000000000000e+02
-2.000000000000000000e+00 -2.270000000000000000e+02 1.180000000000000000e+02
0.000000000000000000e+00 -2.270000000000000000e+02 1.130000000000000000e+02
-1.000000000000000000e+00 -2.260000000000000000e+02 1.100000000000000000e+02
-1.000000000000000000e+00 -2.260000000000000000e+02 1.100000000000000000e+02
-2.000000000000000000e+00 -2.290000000000000000e+02 1.100000000000000000e+02
-5.000000000000000000e+00 -2.280000000000000000e+02 1.130000000000000000e+02
-2.000000000000000000e+00 -2.300000000000000000e+02 1.150000000000000000e+02
0.000000000000000000e+00 -2.240000000000000000e+02 1.170000000000000000e+02
-1.000000000000000000e+00 -2.190000000000000000e+02 1.140000000000000000e+02
-3.000000000000000000e+00 -2.230000000000000000e+02 1.110000000000000000e+02
0.000000000000000000e+00 -2.260000000000000000e+02 1.100000000000000000e+02
0.000000000000000000e+00 -2.270000000000000000e+02 1.120000000000000000e+02
0.000000000000000000e+00 -2.250000000000000000e+02 1.130000000000000000e+02
0.000000000000000000e+00 -2.200000000000000000e+02 1.200000000000000000e+02
0.000000000000000000e+00 -2.170000000000000000e+02 1.230000000000000000e+02
-1.000000000000000000e+00 -2.220000000000000000e+02 1.220000000000000000e+02
-7.000000000000000000e+00 -2.150000000000000000e+02 1.230000000000000000e+02
-1.000000000000000000e+00 -2.190000000000000000e+02 1.210000000000000000e+02
1.000000000000000000e+00 -2.240000000000000000e+02 1.160000000000000000e+02
-3.000000000000000000e+00 -2.220000000000000000e+02 1.230000000000000000e+02
-3.000000000000000000e+00 -2.220000000000000000e+02 1.130000000000000000e+02
-4.000000000000000000e+00 -2.230000000000000000e+02 1.180000000000000000e+02
0.000000000000000000e+00 -2.230000000000000000e+02 1.160000000000000000e+02
0.000000000000000000e+00 -2.140000000000000000e+02 1.210000000000000000e+02
-2.000000000000000000e+00 -1.950000000000000000e+02 1.020000000000000000e+02
-2.000000000000000000e+01 -2.960000000000000000e+02 1.030000000000000000e+02
1.000000000000000000e+00 -2.230000000000000000e+02 2.600000000000000000e+01
-2.000000000000000000e+00 -2.170000000000000000e+02 7.400000000000000000e+01
0.000000000000000000e+00 -2.260000000000000000e+02 8.000000000000000000e+01
7.000000000000000000e+00 -2.530000000000000000e+02 2.500000000000000000e+01
-1.100000000000000000e+01 -3.230000000000000000e+02 -7.900000000000000000e+01
-2.800000000000000000e+01 -3.450000000000000000e+02 -7.900000000000000000e+01
-4.000000000000000000e+00 -4.690000000000000000e+02 -2.500000000000000000e+01
-1.900000000000000000e+01 -4.430000000000000000e+02 -8.700000000000000000e+01
-1.700000000000000000e+01 -3.960000000000000000e+02 -1.240000000000000000e+02
-2.400000000000000000e+01 -3.640000000000000000e+02 -1.080000000000000000e+02
-4.600000000000000000e+01 -4.080000000000000000e+02 -4.800000000000000000e+01
-1.100000000000000000e+01 -2.710000000000000000e+02 -5.500000000000000000e+01
-2.800000000000000000e+01 -1.530000000000000000e+02 -5.000000000000000000e+01
0.000000000000000000e+00 3.200000000000000000e+01 -5.800000000000000000e+01
1.000000000000000000e+01 -1.910000000000000000e+02 5.800000000000000000e+01
-6.000000000000000000e+00 -1.110000000000000000e+02 -5.000000000000000000e+01
-2.500000000000000000e+01 -6.100000000000000000e+01 -6.600000000000000000e+01
2.300000000000000000e+01 -1.190000000000000000e+02 -6.200000000000000000e+01
-3.300000000000000000e+01 -2.560000000000000000e+02 -6.700000000000000000e+01
-2.600000000000000000e+01 -2.960000000000000000e+02 -4.700000000000000000e+01
6.000000000000000000e+00 -2.530000000000000000e+02 -6.000000000000000000e+00
-2.100000000000000000e+01 -2.500000000000000000e+02 -9.000000000000000000e+00
-9.000000000000000000e+00 -2.290000000000000000e+02 -9.000000000000000000e+00
0.000000000000000000e+00 -2.620000000000000000e+02 9.000000000000000000e+00
-3.000000000000000000e+00 -2.550000000000000000e+02 1.000000000000000000e+01
0.000000000000000000e+00 -2.320000000000000000e+02 -9.000000000000000000e+00
5.000000000000000000e+00 -2.460000000000000000e+02 1.800000000000000000e+01
-2.900000000000000000e+01 -2.480000000000000000e+02 1.600000000000000000e+01
-2.500000000000000000e+01 -2.870000000000000000e+02 1.300000000000000000e+01
-1.900000000000000000e+01 -2.820000000000000000e+02 -5.000000000000000000e+00
-2.700000000000000000e+01 -2.860000000000000000e+02 -1.200000000000000000e+01
-1.500000000000000000e+01 -2.410000000000000000e+02 -2.200000000000000000e+01
-1.800000000000000000e+01 -2.530000000000000000e+02 -7.000000000000000000e+00
-1.500000000000000000e+01 -2.440000000000000000e+02 -4.000000000000000000e+00
8.000000000000000000e+00 -2.540000000000000000e+02 0.000000000000000000e+00
8.000000000000000000e+00 -2.560000000000000000e+02 1.000000000000000000e+00
1.000000000000000000e+00 -2.570000000000000000e+02 8.000000000000000000e+00
0.000000000000000000e+00 -2.630000000000000000e+02 9.000000000000000000e+00
-1.200000000000000000e+01 -2.560000000000000000e+02 1.400000000000000000e+01
-6.000000000000000000e+00 -2.550000000000000000e+02 1.100000000000000000e+01
-1.300000000000000000e+01 -2.540000000000000000e+02 6.000000000000000000e+00
-1.500000000000000000e+01 -2.510000000000000000e+02 4.000000000000000000e+00
-1.000000000000000000e+00 -2.590000000000000000e+02 1.000000000000000000e+00
-1.000000000000000000e+01 -2.600000000000000000e+02 -2.000000000000000000e+00
-1.500000000000000000e+01 -2.560000000000000000e+02 3.000000000000000000e+00
-1.500000000000000000e+01 -2.550000000000000000e+02 4.000000000000000000e+00
-2.300000000000000000e+01 -2.540000000000000000e+02 -3.000000000000000000e+00
-1.600000000000000000e+01 -2.550000000000000000e+02 4.000000000000000000e+00
-8.000000000000000000e+00 -2.490000000000000000e+02 4.000000000000000000e+00
1.000000000000000000e+00 -2.540000000000000000e+02 1.100000000000000000e+01
-6.000000000000000000e+00 -2.560000000000000000e+02 2.000000000000000000e+00
-9.000000000000000000e+00 -2.600000000000000000e+02 4.000000000000000000e+00
-1.700000000000000000e+01 -2.620000000000000000e+02 8.000000000000000000e+00
-1.800000000000000000e+01 -2.540000000000000000e+02 7.000000000000000000e+00
-1.300000000000000000e+01 -2.540000000000000000e+02 1.000000000000000000e+01
-7.000000000000000000e+00 -2.550000000000000000e+02 4.000000000000000000e+00
-5.000000000000000000e+00 -2.540000000000000000e+02 1.100000000000000000e+01
-4.000000000000000000e+00 -2.560000000000000000e+02 1.300000000000000000e+01
-7.000000000000000000e+00 -2.510000000000000000e+02 1.800000000000000000e+01
-6.000000000000000000e+00 -2.580000000000000000e+02 2.000000000000000000e+01
-8.000000000000000000e+00 -2.540000000000000000e+02 1.200000000000000000e+01
-8.000000000000000000e+00 -2.600000000000000000e+02 1.600000000000000000e+01
-1.100000000000000000e+01 -2.560000000000000000e+02 1.700000000000000000e+01
-1.400000000000000000e+01 -2.520000000000000000e+02 1.200000000000000000e+01
-1.500000000000000000e+01 -2.520000000000000000e+02 8.000000000000000000e+00
-1.100000000000000000e+01 -2.520000000000000000e+02 1.100000000000000000e+01
-1.400000000000000000e+01 -2.560000000000000000e+02 1.000000000000000000e+01
0.000000000000000000e+00 -2.740000000000000000e+02 1.400000000000000000e+01
-9.000000000000000000e+00 -2.610000000000000000e+02 1.300000000000000000e+01
-1.000000000000000000e+01 -2.570000000000000000e+02 3.000000000000000000e+00
-1.200000000000000000e+01 -2.600000000000000000e+02 9.000000000000000000e+00
-5.000000000000000000e+00 -2.560000000000000000e+02 4.000000000000000000e+00
-7.000000000000000000e+00 -2.530000000000000000e+02 1.000000000000000000e+01
-3.000000000000000000e+00 -2.560000000000000000e+02 9.000000000000000000e+00
-6.000000000000000000e+00 -2.580000000000000000e+02 6.000000000000000000e+00
-8.000000000000000000e+00 -2.560000000000000000e+02 1.400000000000000000e+01
-1.400000000000000000e+01 -2.520000000000000000e+02 1.300000000000000000e+01
-9.000000000000000000e+00 -2.560000000000000000e+02 1.200000000000000000e+01
-1.100000000000000000e+01 -2.550000000000000000e+02 1.000000000000000000e+01
-1.100000000000000000e+01 -2.500000000000000000e+02 1.000000000000000000e+01
-4.000000000000000000e+00 -2.520000000000000000e+02 1.500000000000000000e+01
-1.200000000000000000e+01 -2.550000000000000000e+02 9.000000000000000000e+00
-9.000000000000000000e+00 -2.620000000000000000e+02 1.000000000000000000e+01
-1.000000000000000000e+01 -2.580000000000000000e+02 1.400000000000000000e+01
-1.100000000000000000e+01 -2.540000000000000000e+02 1.600000000000000000e+01
-1.500000000000000000e+01 -2.550000000000000000e+02 1.700000000000000000e+01
-8.000000000000000000e+00 -2.630000000000000000e+02 9.000000000000000000e+00
-8.000000000000000000e+00 -2.580000000000000000e+02 1.600000000000000000e+01
-1.000000000000000000e+01 -2.560000000000000000e+02 1.000000000000000000e+01
-1.000000000000000000e+01 -2.550000000000000000e+02 1.300000000000000000e+01
-1.200000000000000000e+01 -2.540000000000000000e+02 1.200000000000000000e+01
-5.000000000000000000e+00 -2.570000000000000000e+02 8.000000000000000000e+00
-1.100000000000000000e+01 -2.570000000000000000e+02 1.300000000000000000e+01
-1.200000000000000000e+01 -2.570000000000000000e+02 1.600000000000000000e+01
-1.000000000000000000e+01 -2.520000000000000000e+02 1.400000000000000000e+01
-1.100000000000000000e+01 -2.570000000000000000e+02 1.400000000000000000e+01
-8.000000000000000000e+00 -2.550000000000000000e+02 1.200000000000000000e+01
-9.000000000000000000e+00 -2.570000000000000000e+02 1.200000000000000000e+01
-1.000000000000000000e+01 -2.520000000000000000e+02 1.300000000000000000e+01
-1.000000000000000000e+01 -2.540000000000000000e+02 1.100000000000000000e+01
-1.200000000000000000e+01 -2.540000000000000000e+02 1.100000000000000000e+01
-9.000000000000000000e+00 -2.570000000000000000e+02 1.500000000000000000e+01
