-6.000000000000000000e+00 -2.570000000000000000e+02 1.600000000000000000e+01
-4.000000000000000000e+00 -2.570000000000000000e+02 1.100000000000000000e+01
-4.000000000000000000e+00 -2.590000000000000000e+02 1.500000000000000000e+01
-4.000000000000000000e+00 -2.590000000000000000e+02 1.200000000000000000e+01
-4.000000000000000000e+00 -2.560000000000000000e+02 1.600000000000000000e+01
-3.000000000000000000e+00 -2.530000000000000000e+02 1.200000000000000000e+01
-6.000000000000000000e+00 -2.580000000000000000e+02 1.400000000000000000e+01
-6.000000000000000000e+00 -2.570000000000000000e+02 9.000000000000000000e+00
-5.000000000000000000e+00 -2.580000000000000000e+02 1.200000000000000000e+01
-5.000000000000000000e+00 -2.580000000000000000e+02 1.000000000000000000e+01
-6.000000000000000000e+00 -2.590000000000000000e+02 8.000000000000000000e+00
-6.000000000000000000e+00 -2.620000000000000000e+02 1.000000000000000000e+01
-3.000000000000000000e+00 -2.600000000000000000e+02 1.400000000000000000e+01
-2.000000000000000000e+00 -2.620000000000000000e+02 1.500000000000000000e+01
-4.000000000000000000e+00 -2.600000000000000000e+02 1.400000000000000000e+01
-5.000000000000000000e+00 -2.580000000000000000e+02 1.200000000000000000e+01
-5.000000000000000000e+00 -2.560000000000000000e+02 1.100000000000000000e+01
-7.000000000000000000e+00 -2.550000000000000000e+02 1.000000000000000000e+01
-4.000000000000000000e+00 -2.560000000000000000e+02 7.000000000000000000e+00
-3.000000000000000000e+00 -2.620000000000000000e+02 1.000000000000000000e+01
-4.000000000000000000e+00 -2.560000000000000000e+02 4.000000000000000000e+00
-2.000000000000000000e+00 -2.590000000000000000e+02 8.000000000000000000e+00
-7.000000000000000000e+00 -2.570000000000000000e+02 3.000000000000000000e+00
-5.000000000000000000e+00 -2.610000000000000000e+02 -7.000000000000000000e+00
-8.000000000000000000e+00 -2.570000000000000000e+02 -1.000000000000000000e+01
-1.000000000000000000e+01 -2.560000000000000000e+02 -2.100000000000000000e+01
-1.000000000000000000e+01 -2.540000000000000000e+02 -3.600000000000000000e+01
-9.000000000000000000e+00 -2.480000000000000000e+02 -6.400000000000000000e+01
-3.000000000000000000e+00 -2.080000000000000000e+02 -1.070000000000000000e+02
5.000000000000000000e+00 -1.280000000000000000e+02 -1.110000000000000000e+02
-1.600000000000000000e+01 -1.110000000000000000e+02 -1.600000000000000000e+01
-1.600000000000000000e+01 -1.600000000000000000e+02 -1.400000000000000000e+01
4.900000000000000000e+01 -1.470000000000000000e+02 -2.900000000000000000e+01
-3.000000000000000000e+00 -1.920000000000000000e+02 -4.300000000000000000e+01
-5.100000000000000000e+01 -2.770000000000000000e+02 -1.100000000000000000e+02
1.000000000000000000e+01 -2.890000000000000000e+02 -9.900000000000000000e+01
3.100000000000000000e+01 -3.210000000000000000e+02 -9.300000000000000000e+01
-1.300000000000000000e+01 -3.680000000000000000e+02 -7.100000000000000000e+01
1.800000000000000000e+01 -3.600000000000000000e+02 -7.700000000000000000e+01
2.500000000000000000e+01 -3.490000000000000000e+02 -6.200000000000000000e+01
1.800000000000000000e+01 -2.650000000000000000e+02 -3.600000000000000000e+01
9.100000000000000000e+01 -9.670000000000000000e+02 2.300000000000000000e+01
-7.000000000000000000e+00 -2.400000000000000000e+01 -7.800000000000000000e+01
4.000000000000000000e+00 -1.760000000000000000e+02 4.600000000000000000e+01
-2.000000000000000000e+00 -3.040000000000000000e+02 1.390000000000000000e+02
3.100000000000000000e+01 -2.110000000000000000e+02 6.000000000000000000e+01
2.100000000000000000e+01 -2.340000000000000000e+02 3.200000000000000000e+01
1.600000000000000000e+01 -2.680000000000000000e+02 5.200000000000000000e+01
4.000000000000000000e+00 -2.380000000000000000e+02 5.700000000000000000e+01
7.000000000000000000e+00 -2.440000000000000000e+02 6.400000000000000000e+01
1.200000000000000000e+01 -2.490000000000000000e+02 6.200000000000000000e+01
1.400000000000000000e+01 -2.500000000000000000e+02 5.500000000000000000e+01
4.000000000000000000e+00 -2.410000000000000000e+02 6.000000000000000000e+01
4.000000000000000000e+00 -2.470000000000000000e+02 6.500000000000000000e+01
6.000000000000000000e+00 -2.480000000000000000e+02 5.600000000000000000e+01
1.000000000000000000e+01 -2.490000000000000000e+02 5.900000000000000000e+01
3.000000000000000000e+00 -2.470000000000000000e+02 6.000000000000000000e+01
7.000000000000000000e+00 -2.460000000000000000e+02 6.000000000000000000e+01
9.000000000000000000e+00 -2.480000000000000000e+02 5.800000000000000000e+01
6.000000000000000000e+00 -2.450000000000000000e+02 5.700000000000000000e+01
8.000000000000000000e+00 -2.470000000000000000e+02 5.800000000000000000e+01
5.000000000000000000e+00 -2.480000000000000000e+02 5.900000000000000000e+01
1.000000000000000000e+01 -2.490000000000000000e+02 5.200000000000000000e+01
6.000000000000000000e+00 -2.430000000000000000e+02 5.900000000000000000e+01
7.000000000000000000e+00 -2.470000000000000000e+02 6.500000000000000000e+01
7.000000000000000000e+00 -2.470000000000000000e+02 5.600000000000000000e+01
6.000000000000000000e+00 -2.490000000000000000e+02 6.300000000000000000e+01
8.000000000000000000e+00 -2.440000000000000000e+02 6.100000000000000000e+01
8.000000000000000000e+00 -2.480000000000000000e+02 6.000000000000000000e+01
7.000000000000000000e+00 -2.500000000000000000e+02 5.800000000000000000e+01
0.000000000000000000e+00 -2.440000000000000000e+02 6.200000000000000000e+01
6.000000000000000000e+00 -2.460000000000000000e+02 5.800000000000000000e+01
5.000000000000000000e+00 -2.480000000000000000e+02 5.600000000000000000e+01
7.000000000000000000e+00 -2.460000000000000000e+02 6.000000000000000000e+01
7.000000000000000000e+00 -2.480000000000000000e+02 5.500000000000000000e+01
8.000000000000000000e+00 -2.520000000000000000e+02 6.100000000000000000e+01
9.000000000000000000e+00 -2.480000000000000000e+02 5.400000000000000000e+01
5.000000000000000000e+00 -2.500000000000000000e+02 5.900000000000000000e+01
3.000000000000000000e+00 -2.500000000000000000e+02 6.000000000000000000e+01
4.000000000000000000e+00 -2.490000000000000000e+02 5.500000000000000000e+01
6.000000000000000000e+00 -2.500000000000000000e+02 5.100000000000000000e+01
5.000000000000000000e+00 -2.480000000000000000e+02 5.800000000000000000e+01
5.000000000000000000e+00 -2.460000000000000000e+02 5.700000000000000000e+01
3.000000000000000000e+00 -2.460000000000000000e+02 5.700000000000000000e+01
6.000000000000000000e+00 -2.530000000000000000e+02 5.400000000000000000e+01
5.000000000000000000e+00 -2.440000000000000000e+02 5.700000000000000000e+01
2.000000000000000000e+00 -2.470000000000000000e+02 6.000000000000000000e+01
2.000000000000000000e+00 -2.450000000000000000e+02 6.100000000000000000e+01
7.000000000000000000e+00 -2.490000000000000000e+02 5.700000000000000000e+01
6.000000000000000000e+00 -2.480000000000000000e+02 5.900000000000000000e+01
9.000000000000000000e+00 -2.480000000000000000e+02 5.500000000000000000e+01
7.000000000000000000e+00 -2.460000000000000000e+02 5.700000000000000000e+01
6.000000000000000000e+00 -2.470000000000000000e+02 5.900000000000000000e+01
4.000000000000000000e+00 -2.470000000000000000e+02 6.000000000000000000e+01
3.000000000000000000e+00 -2.450000000000000000e+02 5.900000000000000000e+01
1.000000000000000000e+00 -2.480000000000000000e+02 5.700000000000000000e+01
2.000000000000000000e+00 -2.450000000000000000e+02 5.900000000000000000e+01
5.000000000000000000e+00 -2.480000000000000000e+02 5.700000000000000000e+01
7.000000000000000000e+00 -2.470000000000000000e+02 6.800000000000000000e+01
5.000000000000000000e+00 -2.480000000000000000e+02 6.100000000000000000e+01
5.000000000000000000e+00 -2.480000000000000000e+02 5.800000000000000000e+01
5.000000000000000000e+00 -2.460000000000000000e+02 5.700000000000000000e+01
0.000000000000000000e+00 -2.500000000000000000e+02 5.900000000000000000e+01
1.100000000000000000e+01 -2.490000000000000000e+02 5.900000000000000000e+01
8.000000000000000000e+00 -2.460000000000000000e+02 6.000000000000000000e+01
4.000000000000000000e+00 -2.470000000000000000e+02 5.500000000000000000e+01
5.000000000000000000e+00 -2.490000000000000000e+02 5.600000000000000000e+01
6.000000000000000000e+00 -2.470000000000000000e+02 6.000000000000000000e+01
5.000000000000000000e+00 -2.460000000000000000e+02 5.600000000000000000e+01
3.000000000000000000e+00 -2.460000000000000000e+02 6.200000000000000000e+01
7.000000000000000000e+00 -2.470000000000000000e+02 5.400000000000000000e+01
4.000000000000000000e+00 -2.500000000000000000e+02 6.000000000000000000e+01
1.300000000000000000e+01 -2.490000000000000000e+02 4.900000000000000000e+01
1.000000000000000000e+01 -2.500000000000000000e+02 4.900000000000000000e+01
-9.000000000000000000e+00 -2.410000000000000000e+02 6.100000000000000000e+01
0.000000000000000000e+00 -2.330000000000000000e+02 7.200000000000000000e+01
3.000000000000000000e+00 -2.220000000000000000e+02 7.800000000000000000e+01
0.000000000000000000e+00 -2.280000000000000000e+02 7.900000000000000000e+01
7.000000000000000000e+00 -2.590000000000000000e+02 8.200000000000000000e+01
4.200000000000000000e+01 -2.660000000000000000e+02 -5.300000000000000000e+01
1.000000000000000000e+00 -3.480000000000000000e+02 2.200000000000000000e+01
3.700000000000000000e+01 -3.580000000000000000e+02 -5.000000000000000000e+00
2.400000000000000000e+01 -3.450000000000000000e+02 -7.200000000000000000e+01
1.500000000000000000e+01 -3.330000000000000000e+02 -1.160000000000000000e+02
9.000000000000000000e+00 -3.340000000000000000e+02 -1.210000000000000000e+02
8.000000000000000000e+00 -3.530000000000000000e+02 -1.210000000000000000e+02
3.000000000000000000e+00 -3.260000000000000000e+02 -1.330000000000000000e+02
1.900000000000000000e+01 -3.270000000000000000e+02 -1.180000000000000000e+02
-1.400000000000000000e+01 -2.550000000000000000e+02 -1.170000000000000000e+02
2.000000000000000000e+00 -1.680000000000000000e+02 -8.300000000000000000e+01
6.000000000000000000e+00 -1.050000000000000000e+02 -7.000000000000000000e+01
4.000000000000000000e+00 -8.000000000000000000e+01 -5.300000000000000000e+01
4.000000000000000000e+00 -1.270000000000000000e+02 -5.500000000000000000e+01
9.000000000000000000e+00 -1.680000000000000000e+02 -7.600000000000000000e+01
1.500000000000000000e+01 -2.110000000000000000e+02 -8.500000000000000000e+01
1.100000000000000000e+01 -2.520000000000000000e+02 -7.000000000000000000e+01
8.000000000000000000e+00 -2.560000000000000000e+02 -4.500000000000000000e+01
1.600000000000000000e+01 -2.540000000000000000e+02 -3.400000000000000000e+01
4.000000000000000000e+00 -2.510000000000000000e+02 -2.900000000000000000e+01
2.000000000000000000e+00 -2.780000000000000000e+02 -3.100000000000000000e+01
1.200000000000000000e+01 -2.670000000000000000e+02 -2.400000000000000000e+01
-5.000000000000000000e+00 -2.520000000000000000e+02 -1.800000000000000000e+01
-6.000000000000000000e+00 -2.570000000000000000e+02 -1.900000000000000000e+01
-5.000000000000000000e+00 -2.630000000000000000e+02 -2.900000000000000000e+01
4.000000000000000000e+00 -2.640000000000000000e+02 -2.200000000000000000e+01
4.000000000000000000e+00 -2.560000000000000000e+02 -1.500000000000000000e+01
0.000000000000000000e+00 -2.600000000000000000e+02 -1.400000000000000000e+01
8.000000000000000000e+00 -2.630000000000000000e+02 -1.400000000000000000e+01
1.300000000000000000e+01 -2.610000000000000000e+02 -1.400000000000000000e+01
6.000000000000000000e+00 -2.620000000000000000e+02 -1.500000000000000000e+01
1.000000000000000000e+01 -2.630000000000000000e+02 -1.300000000000000000e+01
5.000000000000000000e+00 -2.630000000000000000e+02 -1.800000000000000000e+01
6.000000000000000000e+00 -2.620000000000000000e+02 -1.300000000000000000e+01
1.000000000000000000e+01 -2.610000000000000000e+02 -1.700000000000000000e+01
7.000000000000000000e+00 -2.580000000000000000e+02 -1.700000000000000000e+01
3.000000000000000000e+00 -2.630000000000000000e+02 -1.200000000000000000e+01
7.000000000000000000e+00 -2.620000000000000000e+02 -1.500000000000000000e+01
9.000000000000000000e+00 -2.600000000000000000e+02 -1.500000000000000000e+01
8.000000000000000000e+00 -2.620000000000000000e+02 -1.700000000000000000e+01
1.000000000000000000e+01 -2.620000000000000000e+02 -1.500000000000000000e+01
1.200000000000000000e+01 -2.620000000000000000e+02 -2.000000000000000000e+01
1.000000000000000000e+01 -2.600000000000000000e+02 -1.700000000000000000e+01
1.000000000000000000e+01 -2.630000000000000000e+02 -1.700000000000000000e+01
9.000000000000000000e+00 -2.620000000000000000e+02 -1.700000000000000000e+01
7.000000000000000000e+00 -2.610000000000000000e+02 -1.700000000000000000e+01
8.000000000000000000e+00 -2.630000000000000000e+02 -2.000000000000000000e+01
7.000000000000000000e+00 -2.640000000000000000e+02 -2.100000000000000000e+01
4.000000000000000000e+00 -2.600000000000000000e+02 -2.000000000000000000e+01
6.000000000000000000e+00 -2.630000000000000000e+02 -1.900000000000000000e+01
7.000000000000000000e+00 -2.630000000000000000e+02 -1.900000000000000000e+01
2.000000000000000000e+00 -2.650000000000000000e+02 -2.000000000000000000e+01
8.000000000000000000e+00 -2.610000000000000000e+02 -1.900000000000000000e+01
7.000000000000000000e+00 -2.610000000000000000e+02 -1.400000000000000000e+01
6.000000000000000000e+00 -2.630000000000000000e+02 -1.800000000000000000e+01
8.000000000000000000e+00 -2.630000000000000000e+02 -1.800000000000000000e+01
5.000000000000000000e+00 -2.580000000000000000e+02 -1.000000000000000000e+01
3.000000000000000000e+00 -2.600000000000000000e+02 -1.800000000000000000e+01
5.000000000000000000e+00 -2.600000000000000000e+02 -1.600000000000000000e+01
7.000000000000000000e+00 -2.610000000000000000e+02 -1.600000000000000000e+01
5.000000000000000000e+00 -2.620000000000000000e+02 -1.600000000000000000e+01
5.000000000000000000e+00 -2.580000000000000000e+02 -1.800000000000000000e+01
6.000000000000000000e+00 -2.610000000000000000e+02 -1.800000000000000000e+01
5.000000000000000000e+00 -2.630000000000000000e+02 -1.600000000000000000e+01
7.000000000000000000e+00 -2.610000000000000000e+02 -1.700000000000000000e+01
4.000000000000000000e+00 -2.610000000000000000e+02 -1.900000000000000000e+01
4.000000000000000000e+00 -2.590000000000000000e+02 -2.000000000000000000e+01
3.000000000000000000e+00 -2.610000000000000000e+02 -1.900000000000000000e+01
3.000000000000000000e+00 -2.620000000000000000e+02 -1.500000000000000000e+01
7.000000000000000000e+00 -2.610000000000000000e+02 -1.700000000000000000e+01
4.000000000000000000e+00 -2.620000000000000000e+02 -1.700000000000000000e+01
3.000000000000000000e+00 -2.580000000000000000e+02 -1.700000000000000000e+01
3.000000000000000000e+00 -2.630000000000000000e+02 -1.900000000000000000e+01
4.000000000000000000e+00 -2.600000000000000000e+02 -1.700000000000000000e+01
4.000000000000000000e+00 -2.630000000000000000e+02 -1.800000000000000000e+01
4.000000000000000000e+00 -2.610000000000000000e+02 -1.300000000000000000e+01
6.000000000000000000e+00 -2.600000000000000000e+02 -1.600000000000000000e+01
5.000000000000000000e+00 -2.590000000000000000e+02 -1.500000000000000000e+01
3.000000000000000000e+00 -2.610000000000000000e+02 -1.400000000000000000e+01
4.000000000000000000e+00 -2.610000000000000000e+02 -1.600000000000000000e+01
2.000000000000000000e+00 -2.620000000000000000e+02 -1.800000000000000000e+01
