-2.000000000000000000e+00 -2.460000000000000000e+02 -8.000000000000000000e+00
-3.000000000000000000e+00 -2.490000000000000000e+02 -7.000000000000000000e+00
1.000000000000000000e+00 -2.500000000000000000e+02 -1.000000000000000000e+01
1.000000000000000000e+00 -2.480000000000000000e+02 -6.000000000000000000e+00
2.000000000000000000e+00 -2.520000000000000000e+02 -7.000000000000000000e+00
0.000000000000000000e+00 -2.490000000000000000e+02 -9.000000000000000000e+00
-1.000000000000000000e+00 -2.490000000000000000e+02 -1.000000000000000000e+01
1.000000000000000000e+00 -2.470000000000000000e+02 -9.000000000000000000e+00
2.000000000000000000e+00 -2.490000000000000000e+02 -7.000000000000000000e+00
-1.000000000000000000e+00 -2.470000000000000000e+02 -9.000000000000000000e+00
0.000000000000000000e+00 -2.470000000000000000e+02 -8.000000000000000000e+00
-3.000000000000000000e+00 -2.450000000000000000e+02 -1.000000000000000000e+01
-1.000000000000000000e+00 -2.470000000000000000e+02 -7.000000000000000000e+00
-3.000000000000000000e+00 -2.470000000000000000e+02 -7.000000000000000000e+00
-5.000000000000000000e+00 -2.450000000000000000e+02 -6.000000000000000000e+00
-2.000000000000000000e+00 -2.470000000000000000e+02 -9.000000000000000000e+00
1.000000000000000000e+00 -2.470000000000000000e+02 -1.000000000000000000e+01
-3.000000000000000000e+00 -2.460000000000000000e+02 -6.000000000000000000e+00
2.000000000000000000e+00 -2.490000000000000000e+02 -8.000000000000000000e+00
-1.000000000000000000e+00 -2.480000000000000000e+02 -6.000000000000000000e+00
-1.000000000000000000e+00 -2.510000000000000000e+02 -1.100000000000000000e+01
3.000000000000000000e+00 -2.500000000000000000e+02 -4.000000000000000000e+00
2.000000000000000000e+00 -2.470000000000000000e+02 -9.000000000000000000e+00
1.000000000000000000e+00 -2.500000000000000000e+02 -6.000000000000000000e+00
1.100000000000000000e+01 -2.380000000000000000e+02 -2.500000000000000000e+01
-2.000000000000000000e+00 -2.640000000000000000e+02 -4.700000000000000000e+01
-1.200000000000000000e+01 -2.290000000000000000e+02 -1.000000000000000000e+02
5.000000000000000000e+00 -1.510000000000000000e+02 -1.370000000000000000e+02
-2.100000000000000000e+01 8.000000000000000000e+01 -8.000000000000000000e+01
4.700000000000000000e+01 -4.900000000000000000e+01 -6.000000000000000000e+00
-9.000000000000000000e+00 -6.500000000000000000e+01 -1.390000000000000000e+02
-5.800000000000000000e+01 -1.600000000000000000e+01 -1.120000000000000000e+02
5.100000000000000000e+01 -4.080000000000000000e+02 -1.010000000000000000e+02
1.000000000000000000e+01 -4.260000000000000000e+02 -1.240000000000000000e+02
-7.600000000000000000e+01 -4.290000000000000000e+02 -1.460000000000000000e+02
8.000000000000000000e+00 -3.900000000000000000e+02 -1.850000000000000000e+02
-2.100000000000000000e+01 -5.080000000000000000e+02 -6.700000000000000000e+01
-6.200000000000000000e+01 -1.780000000000000000e+02 -9.500000000000000000e+01
6.000000000000000000e+00 -2.250000000000000000e+02 -2.600000000000000000e+01
-9.000000000000000000e+00 -2.070000000000000000e+02 6.000000000000000000e+00
-1.300000000000000000e+01 -3.910000000000000000e+02 -1.470000000000000000e+02
-6.000000000000000000e+00 -1.760000000000000000e+02 -5.100000000000000000e+01
-4.000000000000000000e+00 -2.540000000000000000e+02 -5.500000000000000000e+01
-1.200000000000000000e+01 -2.510000000000000000e+02 -2.600000000000000000e+01
8.000000000000000000e+00 -2.420000000000000000e+02 -3.300000000000000000e+01
-6.000000000000000000e+00 -2.490000000000000000e+02 -3.900000000000000000e+01
-1.700000000000000000e+01 -2.430000000000000000e+02 -3.100000000000000000e+01
-7.000000000000000000e+00 -2.470000000000000000e+02 -2.800000000000000000e+01
-2.000000000000000000e+00 -2.460000000000000000e+02 -2.700000000000000000e+01
-2.000000000000000000e+00 -2.480000000000000000e+02 -2.600000000000000000e+01
-2.000000000000000000e+00 -2.500000000000000000e+02 -2.500000000000000000e+01
-5.000000000000000000e+00 -2.430000000000000000e+02 -2.800000000000000000e+01
0.000000000000000000e+00 -2.520000000000000000e+02 -3.300000000000000000e+01
-3.000000000000000000e+00 -2.490000000000000000e+02 -3.800000000000000000e+01
-6.000000000000000000e+00 -2.490000000000000000e+02 -3.600000000000000000e+01
-1.000000000000000000e+00 -2.560000000000000000e+02 -3.200000000000000000e+01
0.000000000000000000e+00 -2.520000000000000000e+02 -3.300000000000000000e+01
-5.000000000000000000e+00 -2.510000000000000000e+02 -3.200000000000000000e+01
-4.000000000000000000e+00 -2.440000000000000000e+02 -2.300000000000000000e+01
-7.000000000000000000e+00 -2.470000000000000000e+02 -2.100000000000000000e+01
-7.000000000000000000e+00 -2.440000000000000000e+02 -2.100000000000000000e+01
-3.000000000000000000e+00 -2.490000000000000000e+02 -1.900000000000000000e+01
0.000000000000000000e+00 -2.520000000000000000e+02 -2.300000000000000000e+01
-3.000000000000000000e+00 -2.480000000000000000e+02 -2.200000000000000000e+01
1.000000000000000000e+00 -2.490000000000000000e+02 -2.400000000000000000e+01
-3.000000000000000000e+00 -2.510000000000000000e+02 -2.400000000000000000e+01
-7.000000000000000000e+00 -2.460000000000000000e+02 -1.900000000000000000e+01
-5.000000000000000000e+00 -2.500000000000000000e+02 -2.500000000000000000e+01
-7.000000000000000000e+00 -2.470000000000000000e+02 -1.900000000000000000e+01
-7.000000000000000000e+00 -2.460000000000000000e+02 -1.900000000000000000e+01
-5.000000000000000000e+00 -2.480000000000000000e+02 -2.200000000000000000e+01
-4.000000000000000000e+00 -2.520000000000000000e+02 -2.500000000000000000e+01
-1.000000000000000000e+00 -2.510000000000000000e+02 -2.000000000000000000e+01
-4.000000000000000000e+00 -2.470000000000000000e+02 -1.900000000000000000e+01
-4.000000000000000000e+00 -2.480000000000000000e+02 -2.100000000000000000e+01
-5.000000000000000000e+00 -2.490000000000000000e+02 -2.200000000000000000e+01
1.000000000000000000e+00 -2.510000000000000000e+02 -2.600000000000000000e+01
-6.000000000000000000e+00 -2.490000000000000000e+02 -2.400000000000000000e+01
-1.000000000000000000e+00 -2.530000000000000000e+02 -2.500000000000000000e+01
-7.000000000000000000e+00 -2.460000000000000000e+02 -2.500000000000000000e+01
-5.000000000000000000e+00 -2.490000000000000000e+02 -2.700000000000000000e+01
-5.000000000000000000e+00 -2.500000000000000000e+02 -2.300000000000000000e+01
-5.000000000000000000e+00 -2.510000000000000000e+02 -2.400000000000000000e+01
-5.000000000000000000e+00 -2.470000000000000000e+02 -2.400000000000000000e+01
-4.000000000000000000e+00 -2.500000000000000000e+02 -2.600000000000000000e+01
-5.000000000000000000e+00 -2.470000000000000000e+02 -2.500000000000000000e+01
-5.000000000000000000e+00 -2.480000000000000000e+02 -2.400000000000000000e+01
-3.000000000000000000e+00 -2.490000000000000000e+02 -2.900000000000000000e+01
-6.000000000000000000e+00 -2.380000000000000000e+02 -2.200000000000000000e+01
-2.000000000000000000e+00 -2.500000000000000000e+02 -2.800000000000000000e+01
-6.000000000000000000e+00 -2.480000000000000000e+02 -1.700000000000000000e+01
-2.000000000000000000e+00 -2.500000000000000000e+02 -2.100000000000000000e+01
-5.000000000000000000e+00 -2.480000000000000000e+02 -2.600000000000000000e+01
-5.000000000000000000e+00 -2.500000000000000000e+02 -2.000000000000000000e+01
-2.000000000000000000e+00 -2.470000000000000000e+02 -2.100000000000000000e+01
-5.000000000000000000e+00 -2.480000000000000000e+02 -1.800000000000000000e+01
-6.000000000000000000e+00 -2.480000000000000000e+02 -2.000000000000000000e+01
-4.000000000000000000e+00 -2.480000000000000000e+02 -1.700000000000000000e+01
-3.000000000000000000e+00 -2.500000000000000000e+02 -2.000000000000000000e+01
-6.000000000000000000e+00 -2.460000000000000000e+02 -1.700000000000000000e+01
-8.000000000000000000e+00 -2.510000000000000000e+02 -1.300000000000000000e+01
-4.000000000000000000e+00 -2.480000000000000000e+02 -1.400000000000000000e+01
-1.000000000000000000e+00 -2.490000000000000000e+02 -1.800000000000000000e+01
-3.000000000000000000e+00 -2.480000000000000000e+02 -1.700000000000000000e+01
-6.000000000000000000e+00 -2.480000000000000000e+02 -1.900000000000000000e+01
-2.000000000000000000e+00 -2.480000000000000000e+02 -1.800000000000000000e+01
9.000000000000000000e+00 -2.430000000000000000e+02 3.000000000000000000e+00
-2.200000000000000000e+01 -1.710000000000000000e+02 -1.000000000000000000e+02
-2.000000000000000000e+00 -3.060000000000000000e+02 -7.700000000000000000e+01
9.000000000000000000e+00 -2.120000000000000000e+02 -6.300000000000000000e+01
3.000000000000000000e+00 -1.860000000000000000e+02 -2.300000000000000000e+01
-6.100000000000000000e+01 -2.720000000000000000e+02 -2.020000000000000000e+02
2.900000000000000000e+01 -4.110000000000000000e+02 -1.600000000000000000e+02
-2.800000000000000000e+01 -4.010000000000000000e+02 -1.820000000000000000e+02
-4.900000000000000000e+01 -4.280000000000000000e+02 -1.950000000000000000e+02
-4.900000000000000000e+01 -4.020000000000000000e+02 -1.580000000000000000e+02
-5.300000000000000000e+01 -4.090000000000000000e+02 -1.350000000000000000e+02
-2.000000000000000000e+01 -2.420000000000000000e+02 -1.290000000000000000e+02
1.000000000000000000e+01 -6.700000000000000000e+01 -1.100000000000000000e+02
-1.700000000000000000e+01 -1.370000000000000000e+02 -4.000000000000000000e+01
-1.500000000000000000e+01 -7.800000000000000000e+01 -8.700000000000000000e+01
1.200000000000000000e+01 -3.900000000000000000e+01 -1.410000000000000000e+02
-1.200000000000000000e+01 6.000000000000000000e+00 -9.100000000000000000e+01
-3.300000000000000000e+01 -1.180000000000000000e+02 -7.800000000000000000e+01
2.300000000000000000e+01 -4.130000000000000000e+02 -9.500000000000000000e+01
1.400000000000000000e+01 -2.510000000000000000e+02 -6.900000000000000000e+01
-2.200000000000000000e+01 -2.340000000000000000e+02 -3.500000000000000000e+01
-1.000000000000000000e+01 -2.400000000000000000e+02 -2.400000000000000000e+01
1.100000000000000000e+01 -2.480000000000000000e+02 -2.700000000000000000e+01
1.500000000000000000e+01 -2.560000000000000000e+02 -4.900000000000000000e+01
-1.300000000000000000e+01 -2.600000000000000000e+02 -3.100000000000000000e+01
-2.000000000000000000e+01 -2.430000000000000000e+02 -3.300000000000000000e+01
1.000000000000000000e+00 -2.510000000000000000e+02 -3.600000000000000000e+01
1.300000000000000000e+01 -2.420000000000000000e+02 -2.300000000000000000e+01
0.000000000000000000e+00 -2.610000000000000000e+02 -2.200000000000000000e+01
-2.000000000000000000e+00 -2.450000000000000000e+02 -3.400000000000000000e+01
-2.000000000000000000e+00 -2.480000000000000000e+02 -2.200000000000000000e+01
-1.400000000000000000e+01 -2.470000000000000000e+02 -2.800000000000000000e+01
-1.500000000000000000e+01 -2.510000000000000000e+02 -2.500000000000000000e+01
-5.000000000000000000e+00 -2.500000000000000000e+02 -2.800000000000000000e+01
-9.000000000000000000e+00 -2.490000000000000000e+02 -2.000000000000000000e+01
8.000000000000000000e+00 -2.470000000000000000e+02 -2.500000000000000000e+01
6.000000000000000000e+00 -2.530000000000000000e+02 -2.900000000000000000e+01
7.000000000000000000e+00 -2.530000000000000000e+02 -3.200000000000000000e+01
2.000000000000000000e+00 -2.470000000000000000e+02 -2.600000000000000000e+01
1.000000000000000000e+00 -2.510000000000000000e+02 -2.700000000000000000e+01
-4.000000000000000000e+00 -2.480000000000000000e+02 -2.500000000000000000e+01
-5.000000000000000000e+00 -2.520000000000000000e+02 -2.700000000000000000e+01
-6.000000000000000000e+00 -2.490000000000000000e+02 -2.500000000000000000e+01
0.000000000000000000e+00 -2.520000000000000000e+02 -2.300000000000000000e+01
1.000000000000000000e+00 -2.470000000000000000e+02 -2.400000000000000000e+01
1.000000000000000000e+00 -2.510000000000000000e+02 -2.400000000000000000e+01
3.000000000000000000e+00 -2.520000000000000000e+02 -1.700000000000000000e+01
1.000000000000000000e+00 -2.520000000000000000e+02 -2.100000000000000000e+01
-1.000000000000000000e+00 -2.460000000000000000e+02 -1.700000000000000000e+01
1.000000000000000000e+00 -2.560000000000000000e+02 -2.200000000000000000e+01
-2.000000000000000000e+00 -2.530000000000000000e+02 -2.000000000000000000e+01
0.000000000000000000e+00 -2.470000000000000000e+02 -1.500000000000000000e+01
0.000000000000000000e+00 -2.470000000000000000e+02 -1.200000000000000000e+01
0.000000000000000000e+00 -2.450000000000000000e+02 -1.300000000000000000e+01
2.000000000000000000e+00 -2.470000000000000000e+02 -1.500000000000000000e+01
1.000000000000000000e+00 -2.510000000000000000e+02 -1.600000000000000000e+01
-1.000000000000000000e+00 -2.460000000000000000e+02 -1.300000000000000000e+01
1.000000000000000000e+00 -2.490000000000000000e+02 -1.400000000000000000e+01
-2.000000000000000000e+00 -2.480000000000000000e+02 -1.400000000000000000e+01
0.000000000000000000e+00 -2.560000000000000000e+02 -4.000000000000000000e+00
-4.000000000000000000e+00 -2.480000000000000000e+02 -7.000000000000000000e+00
-4.000000000000000000e+00 -2.520000000000000000e+02 -1.200000000000000000e+01
-2.000000000000000000e+00 -2.550000000000000000e+02 -1.600000000000000000e+01
0.000000000000000000e+00 -2.480000000000000000e+02 -6.000000000000000000e+00
-7.000000000000000000e+00 -2.480000000000000000e+02 -1.500000000000000000e+01
-3.000000000000000000e+00 -2.470000000000000000e+02 -1.100000000000000000e+01
-4.000000000000000000e+00 -2.460000000000000000e+02 -1.300000000000000000e+01
-3.000000000000000000e+00 -2.500000000000000000e+02 -1.300000000000000000e+01
-6.000000000000000000e+00 -2.510000000000000000e+02 -1.400000000000000000e+01
-2.000000000000000000e+00 -2.470000000000000000e+02 -1.000000000000000000e+01
1.000000000000000000e+00 -2.490000000000000000e+02 -1.400000000000000000e+01
-6.000000000000000000e+00 -2.460000000000000000e+02 -1.100000000000000000e+01
0.000000000000000000e+00 -2.500000000000000000e+02 -9.000000000000000000e+00
-3.000000000000000000e+00 -2.490000000000000000e+02 -1.000000000000000000e+01
1.000000000000000000e+00 -2.450000000000000000e+02 -1.100000000000000000e+01
2.000000000000000000e+00 -2.510000000000000000e+02 -9.000000000000000000e+00
-1.000000000000000000e+00 -2.470000000000000000e+02 -1.000000000000000000e+01
0.000000000000000000e+00 -2.470000000000000000e+02 -7.000000000000000000e+00
-4.000000000000000000e+00 -2.460000000000000000e+02 -6.000000000000000000e+00
-2.000000000000000000e+00 -2.480000000000000000e+02 -5.000000000000000000e+00
-3.000000000000000000e+00 -2.510000000000000000e+02 -4.000000000000000000e+00
-1.000000000000000000e+00 -2.480000000000000000e+02 -6.000000000000000000e+00
-2.000000000000000000e+00 -2.480000000000000000e+02 -1.000000000000000000e+00
-2.000000000000000000e+00 -2.470000000000000000e+02 -5.000000000000000000e+00
-3.000000000000000000e+00 -2.470000000000000000e+02 0.000000000000000000e+00
-5.000000000000000000e+00 -2.470000000000000000e+02 -2.000000000000000000e+00
-3.000000000000000000e+00 -2.480000000000000000e+02 -6.000000000000000000e+00
-2.000000000000000000e+00 -2.460000000000000000e+02 -2.000000000000000000e+00
-5.000000000000000000e+00 -2.450000000000000000e+02 -3.000000000000000000e+00
1.000000000000000000e+00 -2.470000000000000000e+02 0.000000000000000000e+00
-1.000000000000000000e+00 -2.460000000000000000e+02 -2.000000000000000000e+00
-1.000000000000000000e+00 -2.510000000000000000e+02 -1.000000000000000000e+01
-2.000000000000000000e+00 -2.460000000000000000e+02 -9.000000000000000000e+00
0.000000000000000000e+00 -2.510000000000000000e+02 -6.000000000000000000e+00
