1.100000000000000000e+01 -2.400000000000000000e+02 -9.000000000000000000e+01
1.300000000000000000e+01 -2.450000000000000000e+02 -8.800000000000000000e+01
8.000000000000000000e+00 -2.420000000000000000e+02 -8.500000000000000000e+01
9.000000000000000000e+00 -2.430000000000000000e+02 -8.400000000000000000e+01
1.400000000000000000e+01 -2.440000000000000000e+02 -8.600000000000000000e+01
1.200000000000000000e+01 -2.430000000000000000e+02 -7.900000000000000000e+01
1.600000000000000000e+01 -2.480000000000000000e+02 -8.300000000000000000e+01
1.400000000000000000e+01 -2.470000000000000000e+02 -7.800000000000000000e+01
1.500000000000000000e+01 -2.460000000000000000e+02 -7.800000000000000000e+01
1.100000000000000000e+01 -2.470000000000000000e+02 -7.500000000000000000e+01
1.100000000000000000e+01 -2.480000000000000000e+02 -7.600000000000000000e+01
1.400000000000000000e+01 -2.450000000000000000e+02 -8.100000000000000000e+01
9.000000000000000000e+00 -2.480000000000000000e+02 -8.100000000000000000e+01
1.200000000000000000e+01 -2.490000000000000000e+02 -7.700000000000000000e+01
1.200000000000000000e+01 -2.470000000000000000e+02 -7.600000000000000000e+01
9.000000000000000000e+00 -2.530000000000000000e+02 -8.000000000000000000e+01
1.100000000000000000e+01 -2.480000000000000000e+02 -7.900000000000000000e+01
1.200000000000000000e+01 -2.450000000000000000e+02 -7.500000000000000000e+01
1.000000000000000000e+01 -2.490000000000000000e+02 -7.600000000000000000e+01
1.200000000000000000e+01 -2.450000000000000000e+02 -7.800000000000000000e+01
1.200000000000000000e+01 -2.500000000000000000e+02 -7.400000000000000000e+01
1.300000000000000000e+01 -2.460000000000000000e+02 -8.100000000000000000e+01
1.200000000000000000e+01 -2.490000000000000000e+02 -8.000000000000000000e+01
7.000000000000000000e+00 -2.470000000000000000e+02 -7.600000000000000000e+01
1.300000000000000000e+01 -2.460000000000000000e+02 -7.500000000000000000e+01
1.100000000000000000e+01 -2.480000000000000000e+02 -7.800000000000000000e+01
1.100000000000000000e+01 -2.480000000000000000e+02 -8.100000000000000000e+01
1.800000000000000000e+01 -2.460000000000000000e+02 -8.600000000000000000e+01
1.400000000000000000e+01 -2.410000000000000000e+02 -9.600000000000000000e+01
1.700000000000000000e+01 -2.260000000000000000e+02 -2.050000000000000000e+02
2.300000000000000000e+01 -1.140000000000000000e+02 -2.680000000000000000e+02
-5.000000000000000000e+00 -7.000000000000000000e+01 -2.140000000000000000e+02
-2.600000000000000000e+01 1.360000000000000000e+02 -4.800000000000000000e+01
-4.300000000000000000e+01 -9.200000000000000000e+01 6.000000000000000000e+01
-1.500000000000000000e+01 -1.220000000000000000e+02 4.800000000000000000e+01
6.100000000000000000e+01 -1.750000000000000000e+02 -3.300000000000000000e+01
-7.900000000000000000e+01 -1.880000000000000000e+02 -2.300000000000000000e+02
3.700000000000000000e+01 -1.790000000000000000e+02 -1.410000000000000000e+02
4.000000000000000000e+01 -4.230000000000000000e+02 -2.360000000000000000e+02
1.200000000000000000e+01 -4.380000000000000000e+02 -2.770000000000000000e+02
4.800000000000000000e+01 -3.550000000000000000e+02 -2.370000000000000000e+02
0.000000000000000000e+00 -3.060000000000000000e+02 -1.720000000000000000e+02
1.700000000000000000e+01 -2.830000000000000000e+02 -1.100000000000000000e+02
9.000000000000000000e+00 -2.470000000000000000e+02 -7.700000000000000000e+01
1.900000000000000000e+01 -2.550000000000000000e+02 -5.400000000000000000e+01
4.500000000000000000e+01 -4.330000000000000000e+02 -6.200000000000000000e+01
5.600000000000000000e+01 -1.860000000000000000e+02 -2.000000000000000000e+01
1.500000000000000000e+01 -2.480000000000000000e+02 2.100000000000000000e+01
-6.000000000000000000e+00 -2.470000000000000000e+02 3.600000000000000000e+01
1.700000000000000000e+01 -2.310000000000000000e+02 -3.900000000000000000e+01
-1.000000000000000000e+01 -3.130000000000000000e+02 -4.900000000000000000e+01
-2.000000000000000000e+01 -2.540000000000000000e+02 -1.400000000000000000e+01
1.400000000000000000e+01 -2.580000000000000000e+02 -2.000000000000000000e+00
8.000000000000000000e+00 -2.530000000000000000e+02 -1.900000000000000000e+01
0.000000000000000000e+00 -2.540000000000000000e+02 -1.900000000000000000e+01
1.000000000000000000e+00 -2.600000000000000000e+02 -2.000000000000000000e+01
2.000000000000000000e+00 -2.500000000000000000e+02 -1.600000000000000000e+01
4.000000000000000000e+00 -2.580000000000000000e+02 -1.200000000000000000e+01
6.000000000000000000e+00 -2.570000000000000000e+02 -1.400000000000000000e+01
1.000000000000000000e+01 -2.530000000000000000e+02 -1.100000000000000000e+01
5.000000000000000000e+00 -2.580000000000000000e+02 -4.000000000000000000e+00
3.000000000000000000e+00 -2.490000000000000000e+02 -2.000000000000000000e+00
3.000000000000000000e+00 -2.600000000000000000e+02 -7.000000000000000000e+00
1.200000000000000000e+01 -2.540000000000000000e+02 -6.000000000000000000e+00
8.000000000000000000e+00 -2.560000000000000000e+02 -4.000000000000000000e+00
2.000000000000000000e+00 -2.530000000000000000e+02 4.000000000000000000e+00
2.000000000000000000e+00 -2.580000000000000000e+02 3.000000000000000000e+00
4.000000000000000000e+00 -2.510000000000000000e+02 1.000000000000000000e+00
5.000000000000000000e+00 -2.550000000000000000e+02 0.000000000000000000e+00
5.000000000000000000e+00 -2.550000000000000000e+02 2.000000000000000000e+00
4.000000000000000000e+00 -2.560000000000000000e+02 4.000000000000000000e+00
4.000000000000000000e+00 -2.570000000000000000e+02 4.000000000000000000e+00
3.000000000000000000e+00 -2.580000000000000000e+02 4.000000000000000000e+00
5.000000000000000000e+00 -2.550000000000000000e+02 -1.000000000000000000e+00
3.000000000000000000e+00 -2.540000000000000000e+02 4.000000000000000000e+00
4.000000000000000000e+00 -2.540000000000000000e+02 8.000000000000000000e+00
4.000000000000000000e+00 -2.570000000000000000e+02 7.000000000000000000e+00
7.000000000000000000e+00 -2.560000000000000000e+02 7.000000000000000000e+00
3.000000000000000000e+00 -2.520000000000000000e+02 6.000000000000000000e+00
5.000000000000000000e+00 -2.550000000000000000e+02 4.000000000000000000e+00
6.000000000000000000e+00 -2.550000000000000000e+02 7.000000000000000000e+00
5.000000000000000000e+00 -2.560000000000000000e+02 8.000000000000000000e+00
9.000000000000000000e+00 -2.570000000000000000e+02 7.000000000000000000e+00
7.000000000000000000e+00 -2.570000000000000000e+02 7.000000000000000000e+00
6.000000000000000000e+00 -2.560000000000000000e+02 1.100000000000000000e+01
2.000000000000000000e+00 -2.510000000000000000e+02 1.100000000000000000e+01
6.000000000000000000e+00 -2.560000000000000000e+02 7.000000000000000000e+00
5.000000000000000000e+00 -2.550000000000000000e+02 9.000000000000000000e+00
5.000000000000000000e+00 -2.530000000000000000e+02 9.000000000000000000e+00
4.000000000000000000e+00 -2.550000000000000000e+02 1.000000000000000000e+01
5.000000000000000000e+00 -2.600000000000000000e+02 8.000000000000000000e+00
3.000000000000000000e+00 -2.530000000000000000e+02 1.200000000000000000e+01
1.000000000000000000e+00 -2.520000000000000000e+02 1.100000000000000000e+01
5.000000000000000000e+00 -2.580000000000000000e+02 1.500000000000000000e+01
6.000000000000000000e+00 -2.550000000000000000e+02 1.200000000000000000e+01
6.000000000000000000e+00 -2.560000000000000000e+02 1.000000000000000000e+01
4.000000000000000000e+00 -2.560000000000000000e+02 1.300000000000000000e+01
2.000000000000000000e+00 -2.540000000000000000e+02 1.100000000000000000e+01
3.000000000000000000e+00 -2.570000000000000000e+02 1.200000000000000000e+01
5.000000000000000000e+00 -2.560000000000000000e+02 1.400000000000000000e+01
4.000000000000000000e+00 -2.580000000000000000e+02 1.000000000000000000e+01
6.000000000000000000e+00 -2.510000000000000000e+02 8.000000000000000000e+00
6.000000000000000000e+00 -2.550000000000000000e+02 7.000000000000000000e+00
5.000000000000000000e+00 -2.550000000000000000e+02 7.000000000000000000e+00
8.000000000000000000e+00 -2.570000000000000000e+02 9.000000000000000000e+00
3.000000000000000000e+00 -2.580000000000000000e+02 8.000000000000000000e+00
6.000000000000000000e+00 -2.550000000000000000e+02 3.000000000000000000e+00
6.000000000000000000e+00 -2.560000000000000000e+02 5.000000000000000000e+00
4.000000000000000000e+00 -2.540000000000000000e+02 -1.000000000000000000e+00
6.000000000000000000e+00 -2.580000000000000000e+02 3.000000000000000000e+00
6.000000000000000000e+00 -2.580000000000000000e+02 4.000000000000000000e+00
3.000000000000000000e+00 -2.580000000000000000e+02 3.000000000000000000e+00
4.000000000000000000e+00 -2.560000000000000000e+02 7.000000000000000000e+00
6.000000000000000000e+00 -2.590000000000000000e+02 0.000000000000000000e+00
4.000000000000000000e+00 -2.560000000000000000e+02 2.000000000000000000e+00
7.000000000000000000e+00 -2.560000000000000000e+02 7.000000000000000000e+00
5.000000000000000000e+00 -2.530000000000000000e+02 1.000000000000000000e+00
4.000000000000000000e+00 -2.540000000000000000e+02 3.000000000000000000e+00
5.000000000000000000e+00 -2.560000000000000000e+02 6.000000000000000000e+00
7.000000000000000000e+00 -2.550000000000000000e+02 0.000000000000000000e+00
6.000000000000000000e+00 -2.570000000000000000e+02 8.000000000000000000e+00
8.000000000000000000e+00 -2.540000000000000000e+02 3.000000000000000000e+00
1.400000000000000000e+01 -2.460000000000000000e+02 -1.300000000000000000e+01
2.300000000000000000e+01 -2.490000000000000000e+02 -8.300000000000000000e+01
-6.000000000000000000e+00 -2.620000000000000000e+02 -2.900000000000000000e+01
1.100000000000000000e+01 -1.940000000000000000e+02 1.090000000000000000e+02
-2.500000000000000000e+01 -2.380000000000000000e+02 1.000000000000000000e+01
-3.500000000000000000e+01 -2.150000000000000000e+02 1.000000000000000000e+00
2.300000000000000000e+01 -2.800000000000000000e+02 9.900000000000000000e+01
9.900000000000000000e+01 -3.800000000000000000e+02 -1.970000000000000000e+02
1.700000000000000000e+01 -3.980000000000000000e+02 -1.420000000000000000e+02
7.000000000000000000e+00 -3.530000000000000000e+02 -2.090000000000000000e+02
1.500000000000000000e+01 -3.780000000000000000e+02 -2.090000000000000000e+02
1.000000000000000000e+00 -3.650000000000000000e+02 -1.900000000000000000e+02
5.000000000000000000e+00 -3.570000000000000000e+02 -1.510000000000000000e+02
6.000000000000000000e+00 -3.380000000000000000e+02 -9.900000000000000000e+01
1.000000000000000000e+00 -2.740000000000000000e+02 -9.900000000000000000e+01
-1.000000000000000000e+00 -1.260000000000000000e+02 -1.010000000000000000e+02
-2.000000000000000000e+00 -8.600000000000000000e+01 -6.300000000000000000e+01
9.000000000000000000e+00 -3.000000000000000000e+01 -2.000000000000000000e+01
1.000000000000000000e+00 -1.300000000000000000e+01 -3.000000000000000000e+01
1.400000000000000000e+01 -5.900000000000000000e+01 -7.300000000000000000e+01
1.500000000000000000e+01 -1.340000000000000000e+02 -1.390000000000000000e+02
-7.000000000000000000e+00 -2.990000000000000000e+02 -1.580000000000000000e+02
7.000000000000000000e+00 -2.480000000000000000e+02 -1.160000000000000000e+02
5.000000000000000000e+00 -2.190000000000000000e+02 -8.500000000000000000e+01
6.000000000000000000e+00 -2.460000000000000000e+02 -6.500000000000000000e+01
1.000000000000000000e+00 -2.600000000000000000e+02 -8.400000000000000000e+01
1.700000000000000000e+01 -2.390000000000000000e+02 -8.100000000000000000e+01
1.300000000000000000e+01 -2.520000000000000000e+02 -7.200000000000000000e+01
1.100000000000000000e+01 -2.430000000000000000e+02 -7.200000000000000000e+01
1.800000000000000000e+01 -2.470000000000000000e+02 -7.600000000000000000e+01
-1.800000000000000000e+01 -2.500000000000000000e+02 -7.700000000000000000e+01
1.600000000000000000e+01 -2.490000000000000000e+02 -7.500000000000000000e+01
8.000000000000000000e+00 -2.460000000000000000e+02 -6.500000000000000000e+01
1.600000000000000000e+01 -2.480000000000000000e+02 -6.900000000000000000e+01
1.400000000000000000e+01 -2.480000000000000000e+02 -7.000000000000000000e+01
1.500000000000000000e+01 -2.580000000000000000e+02 -6.900000000000000000e+01
1.800000000000000000e+01 -2.320000000000000000e+02 -6.000000000000000000e+01
5.000000000000000000e+00 -2.610000000000000000e+02 -6.400000000000000000e+01
3.000000000000000000e+00 -2.500000000000000000e+02 -6.800000000000000000e+01
8.000000000000000000e+00 -2.490000000000000000e+02 -6.700000000000000000e+01
7.000000000000000000e+00 -2.480000000000000000e+02 -6.400000000000000000e+01
5.000000000000000000e+00 -2.480000000000000000e+02 -6.700000000000000000e+01
1.600000000000000000e+01 -2.490000000000000000e+02 -6.200000000000000000e+01
1.100000000000000000e+01 -2.510000000000000000e+02 -6.300000000000000000e+01
1.100000000000000000e+01 -2.500000000000000000e+02 -6.100000000000000000e+01
7.000000000000000000e+00 -2.480000000000000000e+02 -6.300000000000000000e+01
8.000000000000000000e+00 -2.480000000000000000e+02 -6.300000000000000000e+01
1.000000000000000000e+01 -2.520000000000000000e+02 -6.800000000000000000e+01
1.300000000000000000e+01 -2.490000000000000000e+02 -6.900000000000000000e+01
1.100000000000000000e+01 -2.490000000000000000e+02 -7.100000000000000000e+01
9.000000000000000000e+00 -2.480000000000000000e+02 -7.200000000000000000e+01
1.000000000000000000e+01 -2.490000000000000000e+02 -7.000000000000000000e+01
8.000000000000000000e+00 -2.480000000000000000e+02 -6.900000000000000000e+01
1.100000000000000000e+01 -2.510000000000000000e+02 -7.400000000000000000e+01
6.000000000000000000e+00 -2.470000000000000000e+02 -7.100000000000000000e+01
8.000000000000000000e+00 -2.490000000000000000e+02 -6.900000000000000000e+01
1.000000000000000000e+01 -2.490000000000000000e+02 -7.500000000000000000e+01
1.200000000000000000e+01 -2.490000000000000000e+02 -7.400000000000000000e+01
1.400000000000000000e+01 -2.480000000000000000e+02 -6.900000000000000000e+01
1.000000000000000000e+01 -2.490000000000000000e+02 -6.900000000000000000e+01
9.000000000000000000e+00 -2.470000000000000000e+02 -7.100000000000000000e+01
8.000000000000000000e+00 -2.480000000000000000e+02 -6.700000000000000000e+01
-1.400000000000000000e+01 -2.320000000000000000e+02 -8.400000000000000000e+01
1.700000000000000000e+01 -2.590000000000000000e+02 -8.800000000000000000e+01
8.000000000000000000e+00 -2.240000000000000000e+02 -8.100000000000000000e+01
1.400000000000000000e+01 -2.500000000000000000e+02 -7.300000000000000000e+01
8.000000000000000000e+00 -2.680000000000000000e+02 -7.000000000000000000e+01
4.000000000000000000e+00 -2.400000000000000000e+02 -7.700000000000000000e+01
1.100000000000000000e+01 -2.500000000000000000e+02 -6.800000000000000000e+01
7.000000000000000000e+00 -2.500000000000000000e+02 -6.900000000000000000e+01
5.000000000000000000e+00 -2.470000000000000000e+02 -8.000000000000000000e+01
1.400000000000000000e+01 -2.480000000000000000e+02 -7.100000000000000000e+01
5.000000000000000000e+00 -2.470000000000000000e+02 -7.500000000000000000e+01
9.000000000000000000e+00 -2.490000000000000000e+02 -7.300000000000000000e+01
1.300000000000000000e+01 -2.460000000000000000e+02 -6.900000000000000000e+01
2.500000000000000000e+01 -2.470000000000000000e+02 -7.100000000000000000e+01
2.000000000000000000e+01 -2.390000000000000000e+02 -7.400000000000000000e+01
1.300000000000000000e+01 -2.520000000000000000e+02 -6.700000000000000000e+01
