1.800000000000000000e+01 -2.730000000000000000e+02 -7.000000000000000000e+00
1.600000000000000000e+01 -2.700000000000000000e+02 -1.000000000000000000e+01
1.600000000000000000e+01 -2.660000000000000000e+02 -1.000000000000000000e+01
1.700000000000000000e+01 -2.730000000000000000e+02 -1.100000000000000000e+01
1.400000000000000000e+01 -2.710000000000000000e+02 -1.200000000000000000e+01
1.600000000000000000e+01 -2.720000000000000000e+02 -1.700000000000000000e+01
1.600000000000000000e+01 -2.670000000000000000e+02 -1.300000000000000000e+01
1.300000000000000000e+01 -2.700000000000000000e+02 -1.500000000000000000e+01
1.100000000000000000e+01 -2.730000000000000000e+02 -1.500000000000000000e+01
1.200000000000000000e+01 -2.690000000000000000e+02 -1.300000000000000000e+01
1.300000000000000000e+01 -2.720000000000000000e+02 -9.000000000000000000e+00
1.000000000000000000e+01 -2.700000000000000000e+02 -9.000000000000000000e+00
1.400000000000000000e+01 -2.710000000000000000e+02 -9.000000000000000000e+00
1.200000000000000000e+01 -2.700000000000000000e+02 -1.600000000000000000e+01
1.500000000000000000e+01 -2.740000000000000000e+02 -1.200000000000000000e+01
1.100000000000000000e+01 -2.700000000000000000e+02 -1.100000000000000000e+01
1.800000000000000000e+01 -2.700000000000000000e+02 -1.200000000000000000e+01
8.000000000000000000e+00 -2.690000000000000000e+02 -9.000000000000000000e+00
5.000000000000000000e+00 -2.700000000000000000e+02 -4.000000000000000000e+00
7.000000000000000000e+00 -2.720000000000000000e+02 -1.300000000000000000e+01
9.000000000000000000e+00 -2.700000000000000000e+02 -1.000000000000000000e+01
9.000000000000000000e+00 -2.700000000000000000e+02 -1.000000000000000000e+01
1.300000000000000000e+01 -2.720000000000000000e+02 -6.000000000000000000e+00
1.400000000000000000e+01 -2.700000000000000000e+02 -8.000000000000000000e+00
1.400000000000000000e+01 -2.640000000000000000e+02 -8.000000000000000000e+00
2.800000000000000000e+01 -2.760000000000000000e+02 -9.000000000000000000e+00
-2.000000000000000000e+00 -2.680000000000000000e+02 -1.100000000000000000e+01
8.000000000000000000e+00 -2.670000000000000000e+02 -4.000000000000000000e+00
1.000000000000000000e+01 -2.720000000000000000e+02 -7.000000000000000000e+00
1.300000000000000000e+01 -2.740000000000000000e+02 -9.000000000000000000e+00
7.000000000000000000e+00 -2.700000000000000000e+02 -6.000000000000000000e+00
7.000000000000000000e+00 -2.710000000000000000e+02 -1.300000000000000000e+01
1.000000000000000000e+01 -2.680000000000000000e+02 -1.300000000000000000e+01
9.000000000000000000e+00 -2.690000000000000000e+02 -1.800000000000000000e+01
1.600000000000000000e+01 -2.670000000000000000e+02 -1.900000000000000000e+01
2.200000000000000000e+01 -2.930000000000000000e+02 -6.700000000000000000e+01
2.400000000000000000e+01 -2.470000000000000000e+02 -8.900000000000000000e+01
1.900000000000000000e+01 -1.210000000000000000e+02 -1.050000000000000000e+02
-3.500000000000000000e+01 -6.000000000000000000e+01 2.600000000000000000e+01
3.200000000000000000e+01 -1.050000000000000000e+02 -8.500000000000000000e+01
1.000000000000000000e+00 -1.800000000000000000e+02 -6.100000000000000000e+01
-2.000000000000000000e+00 -1.690000000000000000e+02 -5.300000000000000000e+01
-1.000000000000000000e+01 -2.410000000000000000e+02 -5.100000000000000000e+01
4.500000000000000000e+01 -3.390000000000000000e+02 -7.900000000000000000e+01
3.700000000000000000e+01 -3.590000000000000000e+02 -1.260000000000000000e+02
1.000000000000000000e+01 -3.160000000000000000e+02 -6.200000000000000000e+01
1.900000000000000000e+01 -4.030000000000000000e+02 -1.000000000000000000e+02
1.000000000000000000e+01 -3.410000000000000000e+02 -5.400000000000000000e+01
2.900000000000000000e+01 -4.120000000000000000e+02 -6.800000000000000000e+01
2.900000000000000000e+01 -5.920000000000000000e+02 -8.500000000000000000e+01
2.100000000000000000e+01 -2.250000000000000000e+02 2.000000000000000000e+00
3.000000000000000000e+00 -2.060000000000000000e+02 2.100000000000000000e+01
-1.100000000000000000e+01 -2.590000000000000000e+02 1.900000000000000000e+01
-2.500000000000000000e+01 -2.520000000000000000e+02 8.000000000000000000e+00
1.900000000000000000e+01 -2.660000000000000000e+02 2.300000000000000000e+01
1.900000000000000000e+01 -2.420000000000000000e+02 9.000000000000000000e+01
2.600000000000000000e+01 -2.490000000000000000e+02 7.300000000000000000e+01
9.000000000000000000e+00 -2.560000000000000000e+02 5.200000000000000000e+01
1.200000000000000000e+01 -2.620000000000000000e+02 5.100000000000000000e+01
7.000000000000000000e+00 -2.540000000000000000e+02 5.100000000000000000e+01
1.500000000000000000e+01 -2.670000000000000000e+02 5.100000000000000000e+01
1.400000000000000000e+01 -2.590000000000000000e+02 5.100000000000000000e+01
9.000000000000000000e+00 -2.570000000000000000e+02 5.000000000000000000e+01
1.000000000000000000e+01 -2.560000000000000000e+02 5.900000000000000000e+01
8.000000000000000000e+00 -2.560000000000000000e+02 6.300000000000000000e+01
8.000000000000000000e+00 -2.500000000000000000e+02 6.600000000000000000e+01
1.400000000000000000e+01 -2.540000000000000000e+02 6.300000000000000000e+01
9.000000000000000000e+00 -2.560000000000000000e+02 5.900000000000000000e+01
1.400000000000000000e+01 -2.620000000000000000e+02 5.900000000000000000e+01
1.200000000000000000e+01 -2.630000000000000000e+02 5.700000000000000000e+01
1.100000000000000000e+01 -2.610000000000000000e+02 5.500000000000000000e+01
1.000000000000000000e+01 -2.550000000000000000e+02 5.500000000000000000e+01
1.400000000000000000e+01 -2.600000000000000000e+02 5.700000000000000000e+01
1.000000000000000000e+01 -2.560000000000000000e+02 5.600000000000000000e+01
1.500000000000000000e+01 -2.580000000000000000e+02 5.900000000000000000e+01
1.000000000000000000e+01 -2.580000000000000000e+02 5.500000000000000000e+01
1.600000000000000000e+01 -2.600000000000000000e+02 5.600000000000000000e+01
1.300000000000000000e+01 -2.600000000000000000e+02 5.700000000000000000e+01
1.000000000000000000e+01 -2.590000000000000000e+02 5.800000000000000000e+01
1.100000000000000000e+01 -2.550000000000000000e+02 5.400000000000000000e+01
1.200000000000000000e+01 -2.580000000000000000e+02 5.700000000000000000e+01
1.400000000000000000e+01 -2.590000000000000000e+02 5.700000000000000000e+01
1.200000000000000000e+01 -2.560000000000000000e+02 6.000000000000000000e+01
1.500000000000000000e+01 -2.620000000000000000e+02 5.500000000000000000e+01
1.500000000000000000e+01 -2.580000000000000000e+02 5.500000000000000000e+01
1.300000000000000000e+01 -2.590000000000000000e+02 5.200000000000000000e+01
1.200000000000000000e+01 -2.600000000000000000e+02 5.000000000000000000e+01
1.400000000000000000e+01 -2.570000000000000000e+02 5.900000000000000000e+01
1.200000000000000000e+01 -2.610000000000000000e+02 5.600000000000000000e+01
1.400000000000000000e+01 -2.580000000000000000e+02 5.900000000000000000e+01
1.200000000000000000e+01 -2.580000000000000000e+02 5.900000000000000000e+01
1.300000000000000000e+01 -2.570000000000000000e+02 5.900000000000000000e+01
1.000000000000000000e+01 -2.520000000000000000e+02 5.900000000000000000e+01
1.200000000000000000e+01 -2.590000000000000000e+02 5.600000000000000000e+01
1.500000000000000000e+01 -2.590000000000000000e+02 5.900000000000000000e+01
1.100000000000000000e+01 -2.560000000000000000e+02 5.900000000000000000e+01
1.300000000000000000e+01 -2.580000000000000000e+02 5.800000000000000000e+01
1.200000000000000000e+01 -2.580000000000000000e+02 5.500000000000000000e+01
1.100000000000000000e+01 -2.560000000000000000e+02 5.400000000000000000e+01
1.000000000000000000e+01 -2.560000000000000000e+02 5.800000000000000000e+01
1.500000000000000000e+01 -2.560000000000000000e+02 5.800000000000000000e+01
1.000000000000000000e+01 -2.600000000000000000e+02 5.500000000000000000e+01
1.200000000000000000e+01 -2.550000000000000000e+02 5.700000000000000000e+01
1.300000000000000000e+01 -2.570000000000000000e+02 5.800000000000000000e+01
1.200000000000000000e+01 -2.550000000000000000e+02 5.900000000000000000e+01
1.100000000000000000e+01 -2.560000000000000000e+02 5.600000000000000000e+01
1.300000000000000000e+01 -2.590000000000000000e+02 5.800000000000000000e+01
1.400000000000000000e+01 -2.580000000000000000e+02 6.000000000000000000e+01
1.400000000000000000e+01 -2.650000000000000000e+02 6.100000000000000000e+01
1.200000000000000000e+01 -2.470000000000000000e+02 6.600000000000000000e+01
1.400000000000000000e+01 -2.670000000000000000e+02 5.600000000000000000e+01
9.000000000000000000e+00 -2.490000000000000000e+02 6.200000000000000000e+01
1.400000000000000000e+01 -2.320000000000000000e+02 4.900000000000000000e+01
1.000000000000000000e+01 -2.420000000000000000e+02 4.300000000000000000e+01
4.600000000000000000e+01 -2.930000000000000000e+02 -2.600000000000000000e+01
-3.600000000000000000e+01 -3.930000000000000000e+02 -2.100000000000000000e+01
1.400000000000000000e+01 -3.230000000000000000e+02 -6.400000000000000000e+01
3.100000000000000000e+01 -3.540000000000000000e+02 -9.200000000000000000e+01
1.900000000000000000e+01 -2.990000000000000000e+02 -9.900000000000000000e+01
1.300000000000000000e+01 -3.280000000000000000e+02 -1.080000000000000000e+02
2.000000000000000000e+01 -2.800000000000000000e+02 -1.150000000000000000e+02
9.000000000000000000e+00 -2.990000000000000000e+02 -1.140000000000000000e+02
1.500000000000000000e+01 -2.770000000000000000e+02 -1.070000000000000000e+02
1.600000000000000000e+01 -3.010000000000000000e+02 -1.040000000000000000e+02
1.500000000000000000e+01 -2.810000000000000000e+02 -1.010000000000000000e+02
2.200000000000000000e+01 -2.470000000000000000e+02 -8.200000000000000000e+01
1.100000000000000000e+01 -1.440000000000000000e+02 -7.300000000000000000e+01
3.000000000000000000e+00 -1.440000000000000000e+02 -3.400000000000000000e+01
2.000000000000000000e+00 -1.140000000000000000e+02 -5.400000000000000000e+01
1.500000000000000000e+01 -1.550000000000000000e+02 -7.700000000000000000e+01
-3.000000000000000000e+00 -2.120000000000000000e+02 -8.200000000000000000e+01
-1.000000000000000000e+01 -2.750000000000000000e+02 -6.600000000000000000e+01
8.000000000000000000e+00 -2.760000000000000000e+02 -1.170000000000000000e+02
4.900000000000000000e+01 -2.900000000000000000e+02 -6.800000000000000000e+01
-2.600000000000000000e+01 -2.400000000000000000e+02 -2.500000000000000000e+01
9.000000000000000000e+00 -2.500000000000000000e+02 -3.300000000000000000e+01
1.400000000000000000e+01 -2.690000000000000000e+02 -4.500000000000000000e+01
-5.000000000000000000e+00 -2.750000000000000000e+02 -5.800000000000000000e+01
1.700000000000000000e+01 -2.700000000000000000e+02 -4.600000000000000000e+01
-2.000000000000000000e+00 -2.650000000000000000e+02 -3.800000000000000000e+01
6.000000000000000000e+00 -2.710000000000000000e+02 -3.800000000000000000e+01
2.000000000000000000e+00 -2.750000000000000000e+02 -4.000000000000000000e+01
1.000000000000000000e+00 -2.710000000000000000e+02 -4.300000000000000000e+01
1.000000000000000000e+00 -2.690000000000000000e+02 -3.400000000000000000e+01
6.000000000000000000e+00 -2.720000000000000000e+02 -3.400000000000000000e+01
2.000000000000000000e+00 -2.710000000000000000e+02 -4.100000000000000000e+01
2.000000000000000000e+00 -2.720000000000000000e+02 -3.600000000000000000e+01
3.000000000000000000e+00 -2.690000000000000000e+02 -3.700000000000000000e+01
7.000000000000000000e+00 -2.710000000000000000e+02 -3.200000000000000000e+01
3.000000000000000000e+00 -2.740000000000000000e+02 -3.800000000000000000e+01
4.000000000000000000e+00 -2.730000000000000000e+02 -3.800000000000000000e+01
9.000000000000000000e+00 -2.720000000000000000e+02 -4.100000000000000000e+01
8.000000000000000000e+00 -2.740000000000000000e+02 -3.700000000000000000e+01
3.000000000000000000e+00 -2.730000000000000000e+02 -3.600000000000000000e+01
6.000000000000000000e+00 -2.720000000000000000e+02 -3.700000000000000000e+01
7.000000000000000000e+00 -2.680000000000000000e+02 -3.200000000000000000e+01
1.100000000000000000e+01 -2.710000000000000000e+02 -3.200000000000000000e+01
7.000000000000000000e+00 -2.690000000000000000e+02 -3.600000000000000000e+01
9.000000000000000000e+00 -2.720000000000000000e+02 -3.600000000000000000e+01
6.000000000000000000e+00 -2.720000000000000000e+02 -3.500000000000000000e+01
8.000000000000000000e+00 -2.720000000000000000e+02 -3.200000000000000000e+01
7.000000000000000000e+00 -2.730000000000000000e+02 -3.800000000000000000e+01
1.000000000000000000e+01 -2.700000000000000000e+02 -3.700000000000000000e+01
1.000000000000000000e+01 -2.720000000000000000e+02 -3.900000000000000000e+01
1.200000000000000000e+01 -2.730000000000000000e+02 -3.600000000000000000e+01
1.200000000000000000e+01 -2.680000000000000000e+02 -3.700000000000000000e+01
1.100000000000000000e+01 -2.700000000000000000e+02 -3.300000000000000000e+01
1.300000000000000000e+01 -2.730000000000000000e+02 -3.500000000000000000e+01
1.600000000000000000e+01 -2.720000000000000000e+02 -3.300000000000000000e+01
1.700000000000000000e+01 -2.690000000000000000e+02 -3.400000000000000000e+01
1.600000000000000000e+01 -2.700000000000000000e+02 -3.700000000000000000e+01
1.600000000000000000e+01 -2.720000000000000000e+02 -3.200000000000000000e+01
1.700000000000000000e+01 -2.710000000000000000e+02 -3.200000000000000000e+01
1.700000000000000000e+01 -2.720000000000000000e+02 -3.600000000000000000e+01
1.700000000000000000e+01 -2.720000000000000000e+02 -3.500000000000000000e+01
1.700000000000000000e+01 -2.710000000000000000e+02 -3.000000000000000000e+01
1.500000000000000000e+01 -2.710000000000000000e+02 -3.200000000000000000e+01
1.700000000000000000e+01 -2.680000000000000000e+02 -3.500000000000000000e+01
1.500000000000000000e+01 -2.710000000000000000e+02 -3.000000000000000000e+01
1.800000000000000000e+01 -2.720000000000000000e+02 -2.900000000000000000e+01
1.700000000000000000e+01 -2.690000000000000000e+02 -2.800000000000000000e+01
1.600000000000000000e+01 -2.690000000000000000e+02 -3.200000000000000000e+01
1.800000000000000000e+01 -2.680000000000000000e+02 -2.800000000000000000e+01
1.600000000000000000e+01 -2.710000000000000000e+02 -2.700000000000000000e+01
1.600000000000000000e+01 -2.720000000000000000e+02 -2.800000000000000000e+01
1.500000000000000000e+01 -2.720000000000000000e+02 -2.700000000000000000e+01
1.500000000000000000e+01 -2.710000000000000000e+02 -2.600000000000000000e+01
1.400000000000000000e+01 -2.710000000000000000e+02 -2.600000000000000000e+01
1.500000000000000000e+01 -2.710000000000000000e+02 -2.600000000000000000e+01
1.500000000000000000e+01 -2.720000000000000000e+02 -2.700000000000000000e+01
1.300000000000000000e+01 -2.700000000000000000e+02 -2.400000000000000000e+01
1.100000000000000000e+01 -2.720000000000000000e+02 -2.200000000000000000e+01
1.000000000000000000e+01 -2.710000000000000000e+02 -2.500000000000000000e+01
1.300000000000000000e+01 -2.700000000000000000e+02 -2.700000000000000000e+01
1.000000000000000000e+01 -2.710000000000000000e+02 -2.600000000000000000e+01
1.100000000000000000e+01 -2.730000000000000000e+02 -2.200000000000000000e+01
9.000000000000000000e+00 -2.680000000000000000e+02 -2.300000000000000000e+01
1.100000000000000000e+01 -2.670000000000000000e+02 -2.200000000000000000e+01
1.100000000000000000e+01 -2.670000000000000000e+02 -1.700000000000000000e+01
1.200000000000000000e+01 -2.710000000000000000e+02 -2.000000000000000000e+01
