-2.000000000000000000e+01 -2.280000000000000000e+02 1.380000000000000000e+02
-1.900000000000000000e+01 -2.300000000000000000e+02 1.400000000000000000e+02
-2.000000000000000000e+01 -2.280000000000000000e+02 1.390000000000000000e+02
-1.900000000000000000e+01 -2.300000000000000000e+02 1.370000000000000000e+02
-2.000000000000000000e+01 -2.290000000000000000e+02 1.390000000000000000e+02
-2.100000000000000000e+01 -2.290000000000000000e+02 1.390000000000000000e+02
-2.100000000000000000e+01 -2.280000000000000000e+02 1.430000000000000000e+02
-2.400000000000000000e+01 -2.310000000000000000e+02 1.400000000000000000e+02
-2.000000000000000000e+01 -2.290000000000000000e+02 1.380000000000000000e+02
-2.200000000000000000e+01 -2.290000000000000000e+02 1.420000000000000000e+02
-2.200000000000000000e+01 -2.280000000000000000e+02 1.390000000000000000e+02
-2.400000000000000000e+01 -2.250000000000000000e+02 1.380000000000000000e+02
-1.800000000000000000e+01 -2.290000000000000000e+02 1.390000000000000000e+02
-1.700000000000000000e+01 -2.300000000000000000e+02 1.420000000000000000e+02
-1.800000000000000000e+01 -2.300000000000000000e+02 1.390000000000000000e+02
-1.900000000000000000e+01 -2.290000000000000000e+02 1.370000000000000000e+02
-1.700000000000000000e+01 -2.290000000000000000e+02 1.410000000000000000e+02
-2.200000000000000000e+01 -2.290000000000000000e+02 1.400000000000000000e+02
-2.100000000000000000e+01 -2.290000000000000000e+02 1.400000000000000000e+02
-2.300000000000000000e+01 -2.310000000000000000e+02 1.370000000000000000e+02
-2.100000000000000000e+01 -2.270000000000000000e+02 1.370000000000000000e+02
-2.200000000000000000e+01 -2.270000000000000000e+02 1.420000000000000000e+02
-2.100000000000000000e+01 -2.280000000000000000e+02 1.440000000000000000e+02
-2.000000000000000000e+01 -2.280000000000000000e+02 1.350000000000000000e+02
-1.800000000000000000e+01 -2.290000000000000000e+02 1.400000000000000000e+02
-2.100000000000000000e+01 -2.320000000000000000e+02 1.400000000000000000e+02
-2.000000000000000000e+01 -2.290000000000000000e+02 1.410000000000000000e+02
-2.000000000000000000e+01 -2.290000000000000000e+02 1.360000000000000000e+02
-1.800000000000000000e+01 -2.300000000000000000e+02 1.400000000000000000e+02
-2.300000000000000000e+01 -2.270000000000000000e+02 1.410000000000000000e+02
-2.000000000000000000e+01 -2.300000000000000000e+02 1.410000000000000000e+02
-1.900000000000000000e+01 -2.280000000000000000e+02 1.400000000000000000e+02
-2.000000000000000000e+01 -2.290000000000000000e+02 1.390000000000000000e+02
-2.300000000000000000e+01 -2.280000000000000000e+02 1.410000000000000000e+02
-2.000000000000000000e+01 -2.280000000000000000e+02 1.390000000000000000e+02
-1.700000000000000000e+01 -2.270000000000000000e+02 1.380000000000000000e+02
-2.000000000000000000e+01 -2.300000000000000000e+02 1.400000000000000000e+02
-1.900000000000000000e+01 -2.280000000000000000e+02 1.410000000000000000e+02
-1.700000000000000000e+01 -2.290000000000000000e+02 1.360000000000000000e+02
-1.900000000000000000e+01 -2.290000000000000000e+02 1.430000000000000000e+02
-2.100000000000000000e+01 -2.300000000000000000e+02 1.430000000000000000e+02
-1.800000000000000000e+01 -2.290000000000000000e+02 1.360000000000000000e+02
-2.100000000000000000e+01 -2.280000000000000000e+02 1.420000000000000000e+02
-2.200000000000000000e+01 -2.280000000000000000e+02 1.380000000000000000e+02
-2.000000000000000000e+01 -2.270000000000000000e+02 1.460000000000000000e+02
-1.800000000000000000e+01 -2.290000000000000000e+02 1.450000000000000000e+02
-1.800000000000000000e+01 -2.300000000000000000e+02 1.380000000000000000e+02
-1.900000000000000000e+01 -2.280000000000000000e+02 1.440000000000000000e+02
-1.900000000000000000e+01 -2.250000000000000000e+02 1.430000000000000000e+02
-2.000000000000000000e+01 -2.280000000000000000e+02 1.380000000000000000e+02
-2.100000000000000000e+01 -2.260000000000000000e+02 1.410000000000000000e+02
-1.800000000000000000e+01 -2.310000000000000000e+02 1.390000000000000000e+02
-1.900000000000000000e+01 -2.290000000000000000e+02 1.380000000000000000e+02
-2.000000000000000000e+01 -2.250000000000000000e+02 1.400000000000000000e+02
-2.100000000000000000e+01 -2.280000000000000000e+02 1.430000000000000000e+02
-2.000000000000000000e+01 -2.270000000000000000e+02 1.380000000000000000e+02
-2.000000000000000000e+01 -2.340000000000000000e+02 1.390000000000000000e+02
-1.900000000000000000e+01 -2.310000000000000000e+02 1.360000000000000000e+02
-2.000000000000000000e+01 -2.260000000000000000e+02 1.410000000000000000e+02
-1.800000000000000000e+01 -2.290000000000000000e+02 1.380000000000000000e+02
-2.000000000000000000e+01 -2.290000000000000000e+02 1.410000000000000000e+02
-1.800000000000000000e+01 -2.240000000000000000e+02 1.420000000000000000e+02
-2.000000000000000000e+01 -2.310000000000000000e+02 1.400000000000000000e+02
-1.900000000000000000e+01 -2.300000000000000000e+02 1.440000000000000000e+02
-1.800000000000000000e+01 -2.250000000000000000e+02 1.380000000000000000e+02
-1.800000000000000000e+01 -2.280000000000000000e+02 1.380000000000000000e+02
-1.800000000000000000e+01 -2.260000000000000000e+02 1.410000000000000000e+02
-2.300000000000000000e+01 -2.270000000000000000e+02 1.410000000000000000e+02
-2.000000000000000000e+01 -2.310000000000000000e+02 1.380000000000000000e+02
-2.100000000000000000e+01 -2.270000000000000000e+02 1.360000000000000000e+02
-1.900000000000000000e+01 -2.210000000000000000e+02 1.400000000000000000e+02
-2.000000000000000000e+01 -2.340000000000000000e+02 1.340000000000000000e+02
-2.300000000000000000e+01 -2.250000000000000000e+02 1.410000000000000000e+02
-1.600000000000000000e+01 -2.270000000000000000e+02 1.360000000000000000e+02
-1.800000000000000000e+01 -2.330000000000000000e+02 1.290000000000000000e+02
-2.000000000000000000e+01 -2.350000000000000000e+02 1.270000000000000000e+02
-2.100000000000000000e+01 -2.370000000000000000e+02 1.250000000000000000e+02
-1.900000000000000000e+01 -2.340000000000000000e+02 1.280000000000000000e+02
-1.900000000000000000e+01 -2.450000000000000000e+02 1.290000000000000000e+02
-2.000000000000000000e+01 -2.340000000000000000e+02 1.190000000000000000e+02
-1.700000000000000000e+01 -2.450000000000000000e+02 1.130000000000000000e+02
-1.600000000000000000e+01 -2.480000000000000000e+02 1.070000000000000000e+02
-9.000000000000000000e+00 -2.600000000000000000e+02 1.070000000000000000e+02
-1.700000000000000000e+01 -2.580000000000000000e+02 1.020000000000000000e+02
-1.200000000000000000e+01 -2.780000000000000000e+02 7.700000000000000000e+01
-2.400000000000000000e+01 -2.950000000000000000e+02 5.200000000000000000e+01
-2.000000000000000000e+00 -2.830000000000000000e+02 3.000000000000000000e+01
-1.800000000000000000e+01 -2.770000000000000000e+02 1.500000000000000000e+01
-1.400000000000000000e+01 -2.810000000000000000e+02 1.000000000000000000e+00
-1.600000000000000000e+01 -2.710000000000000000e+02 2.000000000000000000e+00
-1.400000000000000000e+01 -2.710000000000000000e+02 -3.000000000000000000e+00
-1.300000000000000000e+01 -2.740000000000000000e+02 -1.700000000000000000e+01
-9.000000000000000000e+00 -2.630000000000000000e+02 -4.000000000000000000e+00
-1.000000000000000000e+00 -2.730000000000000000e+02 -3.500000000000000000e+01
-4.000000000000000000e+00 -2.490000000000000000e+02 -3.000000000000000000e+00
1.000000000000000000e+00 -2.670000000000000000e+02 -7.400000000000000000e+01
2.000000000000000000e+00 -2.220000000000000000e+02 -3.900000000000000000e+01
2.000000000000000000e+00 -1.810000000000000000e+02 -1.090000000000000000e+02
1.300000000000000000e+01 -1.200000000000000000e+02 -6.400000000000000000e+01
-1.500000000000000000e+01 -9.100000000000000000e+01 -3.300000000000000000e+01
-3.100000000000000000e+01 -9.700000000000000000e+01 -1.700000000000000000e+01
1.100000000000000000e+01 -3.240000000000000000e+02 1.800000000000000000e+01
-4.000000000000000000e+00 -4.840000000000000000e+02 1.340000000000000000e+02
0.000000000000000000e+00 -2.790000000000000000e+02 -6.500000000000000000e+01
-4.200000000000000000e+01 -2.690000000000000000e+02 1.310000000000000000e+02
-2.200000000000000000e+01 -1.620000000000000000e+02 2.030000000000000000e+02
3.000000000000000000e+00 -1.960000000000000000e+02 1.200000000000000000e+02
-2.000000000000000000e+01 -3.240000000000000000e+02 1.560000000000000000e+02
-9.000000000000000000e+00 -1.910000000000000000e+02 8.400000000000000000e+01
-1.800000000000000000e+01 -2.230000000000000000e+02 1.230000000000000000e+02
-3.200000000000000000e+01 -2.390000000000000000e+02 1.330000000000000000e+02
-1.800000000000000000e+01 -2.320000000000000000e+02 1.340000000000000000e+02
-1.900000000000000000e+01 -2.330000000000000000e+02 1.320000000000000000e+02
-1.900000000000000000e+01 -2.250000000000000000e+02 1.390000000000000000e+02
-1.400000000000000000e+01 -2.340000000000000000e+02 1.330000000000000000e+02
-2.400000000000000000e+01 -2.300000000000000000e+02 1.340000000000000000e+02
-1.700000000000000000e+01 -2.320000000000000000e+02 1.390000000000000000e+02
-1.900000000000000000e+01 -2.330000000000000000e+02 1.360000000000000000e+02
-2.200000000000000000e+01 -2.300000000000000000e+02 1.360000000000000000e+02
-2.300000000000000000e+01 -2.320000000000000000e+02 1.330000000000000000e+02
-1.200000000000000000e+01 -2.320000000000000000e+02 1.320000000000000000e+02
-2.000000000000000000e+01 -2.270000000000000000e+02 1.280000000000000000e+02
-2.500000000000000000e+01 -2.330000000000000000e+02 1.360000000000000000e+02
-2.900000000000000000e+01 -2.240000000000000000e+02 1.390000000000000000e+02
-2.100000000000000000e+01 -2.320000000000000000e+02 1.340000000000000000e+02
-1.700000000000000000e+01 -2.330000000000000000e+02 1.340000000000000000e+02
-1.000000000000000000e+01 -2.170000000000000000e+02 1.230000000000000000e+02
-2.100000000000000000e+01 -2.330000000000000000e+02 1.390000000000000000e+02
-1.900000000000000000e+01 -2.290000000000000000e+02 1.280000000000000000e+02
-1.300000000000000000e+01 -2.290000000000000000e+02 1.300000000000000000e+02
-1.700000000000000000e+01 -2.320000000000000000e+02 1.380000000000000000e+02
-2.100000000000000000e+01 -2.310000000000000000e+02 1.390000000000000000e+02
-1.900000000000000000e+01 -2.290000000000000000e+02 1.360000000000000000e+02
-1.600000000000000000e+01 -2.330000000000000000e+02 1.360000000000000000e+02
-2.000000000000000000e+01 -2.330000000000000000e+02 1.360000000000000000e+02
-1.900000000000000000e+01 -2.300000000000000000e+02 1.350000000000000000e+02
-1.900000000000000000e+01 -2.290000000000000000e+02 1.340000000000000000e+02
-2.100000000000000000e+01 -2.290000000000000000e+02 1.370000000000000000e+02
-2.100000000000000000e+01 -2.330000000000000000e+02 1.360000000000000000e+02
-1.700000000000000000e+01 -2.320000000000000000e+02 1.350000000000000000e+02
-2.100000000000000000e+01 -2.290000000000000000e+02 1.350000000000000000e+02
-2.100000000000000000e+01 -2.320000000000000000e+02 1.310000000000000000e+02
-2.200000000000000000e+01 -2.300000000000000000e+02 1.370000000000000000e+02
-2.000000000000000000e+01 -2.300000000000000000e+02 1.360000000000000000e+02
-2.200000000000000000e+01 -2.310000000000000000e+02 1.370000000000000000e+02
-2.100000000000000000e+01 -2.320000000000000000e+02 1.360000000000000000e+02
-2.100000000000000000e+01 -2.310000000000000000e+02 1.320000000000000000e+02
-2.200000000000000000e+01 -2.310000000000000000e+02 1.340000000000000000e+02
-2.100000000000000000e+01 -2.270000000000000000e+02 1.350000000000000000e+02
-2.000000000000000000e+01 -2.330000000000000000e+02 1.330000000000000000e+02
-1.900000000000000000e+01 -2.260000000000000000e+02 1.350000000000000000e+02
-1.900000000000000000e+01 -2.250000000000000000e+02 1.350000000000000000e+02
-2.200000000000000000e+01 -2.320000000000000000e+02 1.310000000000000000e+02
-2.200000000000000000e+01 -2.310000000000000000e+02 1.370000000000000000e+02
-2.100000000000000000e+01 -2.320000000000000000e+02 1.340000000000000000e+02
-2.300000000000000000e+01 -2.310000000000000000e+02 1.330000000000000000e+02
-2.100000000000000000e+01 -2.270000000000000000e+02 1.370000000000000000e+02
-1.500000000000000000e+01 -2.310000000000000000e+02 1.360000000000000000e+02
-1.700000000000000000e+01 -2.330000000000000000e+02 1.360000000000000000e+02
-2.300000000000000000e+01 -2.300000000000000000e+02 1.320000000000000000e+02
-2.400000000000000000e+01 -2.330000000000000000e+02 1.310000000000000000e+02
-1.900000000000000000e+01 -2.300000000000000000e+02 1.350000000000000000e+02
-1.900000000000000000e+01 -2.340000000000000000e+02 1.340000000000000000e+02
-2.400000000000000000e+01 -2.310000000000000000e+02 1.390000000000000000e+02
-2.300000000000000000e+01 -2.290000000000000000e+02 1.360000000000000000e+02
-2.000000000000000000e+01 -2.310000000000000000e+02 1.360000000000000000e+02
-2.100000000000000000e+01 -2.310000000000000000e+02 1.370000000000000000e+02
-2.000000000000000000e+01 -2.310000000000000000e+02 1.340000000000000000e+02
-1.900000000000000000e+01 -2.330000000000000000e+02 1.340000000000000000e+02
-2.100000000000000000e+01 -2.330000000000000000e+02 1.330000000000000000e+02
-2.100000000000000000e+01 -2.280000000000000000e+02 1.350000000000000000e+02
-2.400000000000000000e+01 -2.320000000000000000e+02 1.330000000000000000e+02
-2.400000000000000000e+01 -2.330000000000000000e+02 1.360000000000000000e+02
-2.000000000000000000e+01 -2.320000000000000000e+02 1.350000000000000000e+02
-1.900000000000000000e+01 -2.320000000000000000e+02 1.360000000000000000e+02
-1.900000000000000000e+01 -2.330000000000000000e+02 1.310000000000000000e+02
-2.400000000000000000e+01 -2.280000000000000000e+02 1.350000000000000000e+02
-2.100000000000000000e+01 -2.300000000000000000e+02 1.360000000000000000e+02
-2.100000000000000000e+01 -2.300000000000000000e+02 1.340000000000000000e+02
-2.300000000000000000e+01 -2.290000000000000000e+02 1.350000000000000000e+02
-1.900000000000000000e+01 -2.290000000000000000e+02 1.400000000000000000e+02
-2.100000000000000000e+01 -2.310000000000000000e+02 1.350000000000000000e+02
-2.300000000000000000e+01 -2.260000000000000000e+02 1.370000000000000000e+02
-2.200000000000000000e+01 -2.310000000000000000e+02 1.410000000000000000e+02
-2.400000000000000000e+01 -2.280000000000000000e+02 1.380000000000000000e+02
-2.200000000000000000e+01 -2.300000000000000000e+02 1.360000000000000000e+02
-2.100000000000000000e+01 -2.300000000000000000e+02 1.380000000000000000e+02
-2.200000000000000000e+01 -2.310000000000000000e+02 1.370000000000000000e+02
-1.900000000000000000e+01 -2.320000000000000000e+02 1.350000000000000000e+02
-2.400000000000000000e+01 -2.300000000000000000e+02 1.410000000000000000e+02
-2.100000000000000000e+01 -2.300000000000000000e+02 1.380000000000000000e+02
-1.900000000000000000e+01 -2.300000000000000000e+02 1.410000000000000000e+02
-1.800000000000000000e+01 -2.320000000000000000e+02 1.380000000000000000e+02
-1.900000000000000000e+01 -2.340000000000000000e+02 1.370000000000000000e+02
-1.900000000000000000e+01 -2.310000000000000000e+02 1.340000000000000000e+02
-2.100000000000000000e+01 -2.300000000000000000e+02 1.390000000000000000e+02
-2.100000000000000000e+01 -2.310000000000000000e+02 1.380000000000000000e+02
-1.800000000000000000e+01 -2.290000000000000000e+02 1.370000000000000000e+02
-2.000000000000000000e+01 -2.300000000000000000e+02 1.380000000000000000e+02
-2.100000000000000000e+01 -2.300000000000000000e+02 1.370000000000000000e+02
