1.000000000000000000e+00 -2.430000000000000000e+02 2.300000000000000000e+01
0.000000000000000000e+00 -2.470000000000000000e+02 2.600000000000000000e+01
1.000000000000000000e+00 -2.430000000000000000e+02 2.200000000000000000e+01
0.000000000000000000e+00 -2.490000000000000000e+02 2.500000000000000000e+01
0.000000000000000000e+00 -2.480000000000000000e+02 3.100000000000000000e+01
0.000000000000000000e+00 -2.440000000000000000e+02 2.100000000000000000e+01
-1.000000000000000000e+00 -2.460000000000000000e+02 2.400000000000000000e+01
0.000000000000000000e+00 -2.470000000000000000e+02 2.400000000000000000e+01
-2.000000000000000000e+00 -2.450000000000000000e+02 2.300000000000000000e+01
0.000000000000000000e+00 -2.470000000000000000e+02 1.800000000000000000e+01
0.000000000000000000e+00 -2.430000000000000000e+02 2.400000000000000000e+01
3.000000000000000000e+00 -2.470000000000000000e+02 2.600000000000000000e+01
1.000000000000000000e+00 -2.430000000000000000e+02 2.200000000000000000e+01
3.000000000000000000e+00 -2.480000000000000000e+02 2.300000000000000000e+01
0.000000000000000000e+00 -2.420000000000000000e+02 3.000000000000000000e+01
-1.000000000000000000e+00 -2.450000000000000000e+02 2.700000000000000000e+01
3.000000000000000000e+00 -2.460000000000000000e+02 2.700000000000000000e+01
-1.000000000000000000e+00 -2.460000000000000000e+02 3.000000000000000000e+01
0.000000000000000000e+00 -2.450000000000000000e+02 2.800000000000000000e+01
2.000000000000000000e+00 -2.420000000000000000e+02 2.600000000000000000e+01
-3.000000000000000000e+00 -2.440000000000000000e+02 2.700000000000000000e+01
-1.000000000000000000e+00 -2.450000000000000000e+02 2.500000000000000000e+01
0.000000000000000000e+00 -2.410000000000000000e+02 2.500000000000000000e+01
1.000000000000000000e+00 -2.460000000000000000e+02 2.500000000000000000e+01
-1.000000000000000000e+00 -2.420000000000000000e+02 2.600000000000000000e+01
1.000000000000000000e+00 -2.460000000000000000e+02 3.200000000000000000e+01
3.000000000000000000e+00 -2.430000000000000000e+02 2.600000000000000000e+01
-1.000000000000000000e+00 -2.460000000000000000e+02 2.700000000000000000e+01
3.000000000000000000e+00 -2.490000000000000000e+02 3.100000000000000000e+01
-1.000000000000000000e+00 -2.480000000000000000e+02 2.700000000000000000e+01
0.000000000000000000e+00 -2.450000000000000000e+02 2.800000000000000000e+01
3.000000000000000000e+00 -2.490000000000000000e+02 2.900000000000000000e+01
1.000000000000000000e+00 -2.380000000000000000e+02 2.300000000000000000e+01
0.000000000000000000e+00 -2.460000000000000000e+02 3.100000000000000000e+01
1.000000000000000000e+00 -2.460000000000000000e+02 2.400000000000000000e+01
3.000000000000000000e+00 -2.460000000000000000e+02 2.500000000000000000e+01
0.000000000000000000e+00 -2.480000000000000000e+02 3.000000000000000000e+01
5.000000000000000000e+00 -2.490000000000000000e+02 2.500000000000000000e+01
1.000000000000000000e+00 -2.430000000000000000e+02 2.500000000000000000e+01
3.000000000000000000e+00 -2.440000000000000000e+02 2.600000000000000000e+01
0.000000000000000000e+00 -2.440000000000000000e+02 2.500000000000000000e+01
3.000000000000000000e+00 -2.440000000000000000e+02 2.100000000000000000e+01
1.000000000000000000e+00 -2.440000000000000000e+02 2.700000000000000000e+01
6.000000000000000000e+00 -2.470000000000000000e+02 2.200000000000000000e+01
2.000000000000000000e+00 -2.450000000000000000e+02 2.100000000000000000e+01
2.000000000000000000e+00 -2.460000000000000000e+02 2.300000000000000000e+01
0.000000000000000000e+00 -2.500000000000000000e+02 2.400000000000000000e+01
6.000000000000000000e+00 -2.510000000000000000e+02 2.700000000000000000e+01
2.000000000000000000e+00 -2.440000000000000000e+02 2.200000000000000000e+01
0.000000000000000000e+00 -2.440000000000000000e+02 2.700000000000000000e+01
-2.000000000000000000e+00 -2.430000000000000000e+02 2.600000000000000000e+01
3.000000000000000000e+00 -2.470000000000000000e+02 2.200000000000000000e+01
1.000000000000000000e+00 -2.450000000000000000e+02 1.900000000000000000e+01
0.000000000000000000e+00 -2.470000000000000000e+02 2.000000000000000000e+01
-1.000000000000000000e+00 -2.430000000000000000e+02 1.800000000000000000e+01
0.000000000000000000e+00 -2.470000000000000000e+02 2.200000000000000000e+01
3.000000000000000000e+00 -2.470000000000000000e+02 2.100000000000000000e+01
1.000000000000000000e+00 -2.460000000000000000e+02 1.800000000000000000e+01
4.000000000000000000e+00 -2.460000000000000000e+02 1.600000000000000000e+01
3.000000000000000000e+00 -2.440000000000000000e+02 1.200000000000000000e+01
-1.000000000000000000e+00 -2.420000000000000000e+02 1.500000000000000000e+01
-8.000000000000000000e+00 -2.460000000000000000e+02 8.000000000000000000e+00
1.000000000000000000e+00 -2.430000000000000000e+02 1.000000000000000000e+01
0.000000000000000000e+00 -2.500000000000000000e+02 7.000000000000000000e+00
-1.000000000000000000e+00 -2.440000000000000000e+02 7.000000000000000000e+00
3.000000000000000000e+00 -2.510000000000000000e+02 3.000000000000000000e+00
0.000000000000000000e+00 -2.450000000000000000e+02 7.000000000000000000e+00
-7.000000000000000000e+00 -2.510000000000000000e+02 -1.000000000000000000e+00
2.000000000000000000e+00 -2.840000000000000000e+02 9.000000000000000000e+00
2.000000000000000000e+00 -3.030000000000000000e+02 -2.300000000000000000e+01
-1.100000000000000000e+01 -2.890000000000000000e+02 -8.100000000000000000e+01
-2.300000000000000000e+01 -2.450000000000000000e+02 -1.190000000000000000e+02
-5.000000000000000000e+00 -2.440000000000000000e+02 -1.300000000000000000e+02
-4.000000000000000000e+00 -2.130000000000000000e+02 -1.210000000000000000e+02
-1.100000000000000000e+01 -1.550000000000000000e+02 -8.900000000000000000e+01
-7.000000000000000000e+00 -1.220000000000000000e+02 -7.200000000000000000e+01
2.000000000000000000e+00 -4.000000000000000000e+01 -7.000000000000000000e+01
-2.000000000000000000e+00 -1.020000000000000000e+02 -3.200000000000000000e+01
1.890000000000000000e+02 -1.239000000000000000e+03 5.080000000000000000e+02
1.900000000000000000e+01 -1.310000000000000000e+02 1.430000000000000000e+02
-2.500000000000000000e+01 -1.440000000000000000e+02 7.200000000000000000e+01
-7.000000000000000000e+00 -3.450000000000000000e+02 -6.400000000000000000e+01
-3.000000000000000000e+00 -1.280000000000000000e+02 5.000000000000000000e+01
1.200000000000000000e+01 -2.810000000000000000e+02 4.500000000000000000e+01
5.000000000000000000e+00 -2.430000000000000000e+02 4.600000000000000000e+01
3.000000000000000000e+00 -2.090000000000000000e+02 2.800000000000000000e+01
-6.000000000000000000e+00 -2.600000000000000000e+02 4.000000000000000000e+01
1.000000000000000000e+01 -2.180000000000000000e+02 4.000000000000000000e+01
5.000000000000000000e+00 -2.550000000000000000e+02 3.100000000000000000e+01
0.000000000000000000e+00 -2.310000000000000000e+02 3.300000000000000000e+01
8.000000000000000000e+00 -2.480000000000000000e+02 2.800000000000000000e+01
4.000000000000000000e+00 -2.440000000000000000e+02 4.100000000000000000e+01
9.000000000000000000e+00 -2.530000000000000000e+02 3.300000000000000000e+01
7.000000000000000000e+00 -2.470000000000000000e+02 2.400000000000000000e+01
6.000000000000000000e+00 -2.390000000000000000e+02 3.000000000000000000e+01
1.000000000000000000e+01 -2.500000000000000000e+02 3.200000000000000000e+01
6.000000000000000000e+00 -2.410000000000000000e+02 3.300000000000000000e+01
5.000000000000000000e+00 -2.450000000000000000e+02 3.000000000000000000e+01
8.000000000000000000e+00 -2.490000000000000000e+02 3.200000000000000000e+01
3.000000000000000000e+00 -2.450000000000000000e+02 2.800000000000000000e+01
3.000000000000000000e+00 -2.440000000000000000e+02 3.000000000000000000e+01
6.000000000000000000e+00 -2.490000000000000000e+02 3.300000000000000000e+01
-1.000000000000000000e+00 -2.430000000000000000e+02 2.800000000000000000e+01
7.000000000000000000e+00 -2.470000000000000000e+02 1.900000000000000000e+01
5.000000000000000000e+00 -2.460000000000000000e+02 2.700000000000000000e+01
2.000000000000000000e+00 -2.450000000000000000e+02 2.200000000000000000e+01
-1.000000000000000000e+00 -2.470000000000000000e+02 2.600000000000000000e+01
3.000000000000000000e+00 -2.470000000000000000e+02 2.800000000000000000e+01
2.000000000000000000e+00 -2.450000000000000000e+02 2.500000000000000000e+01
4.000000000000000000e+00 -2.470000000000000000e+02 2.500000000000000000e+01
4.000000000000000000e+00 -2.430000000000000000e+02 3.100000000000000000e+01
-1.000000000000000000e+00 -2.500000000000000000e+02 2.900000000000000000e+01
4.000000000000000000e+00 -2.420000000000000000e+02 2.600000000000000000e+01
4.000000000000000000e+00 -2.450000000000000000e+02 2.700000000000000000e+01
3.000000000000000000e+00 -2.410000000000000000e+02 3.400000000000000000e+01
0.000000000000000000e+00 -2.430000000000000000e+02 3.400000000000000000e+01
1.000000000000000000e+00 -2.440000000000000000e+02 3.100000000000000000e+01
3.000000000000000000e+00 -2.440000000000000000e+02 2.800000000000000000e+01
1.000000000000000000e+00 -2.490000000000000000e+02 3.200000000000000000e+01
0.000000000000000000e+00 -2.470000000000000000e+02 2.900000000000000000e+01
-2.000000000000000000e+00 -2.440000000000000000e+02 3.100000000000000000e+01
2.000000000000000000e+00 -2.440000000000000000e+02 3.000000000000000000e+01
3.000000000000000000e+00 -2.440000000000000000e+02 3.100000000000000000e+01
1.000000000000000000e+00 -2.430000000000000000e+02 3.000000000000000000e+01
1.000000000000000000e+00 -2.450000000000000000e+02 3.600000000000000000e+01
4.000000000000000000e+00 -2.430000000000000000e+02 3.300000000000000000e+01
2.000000000000000000e+00 -2.470000000000000000e+02 3.300000000000000000e+01
-1.000000000000000000e+00 -2.410000000000000000e+02 3.200000000000000000e+01
3.000000000000000000e+00 -2.480000000000000000e+02 3.000000000000000000e+01
3.000000000000000000e+00 -2.430000000000000000e+02 3.100000000000000000e+01
2.000000000000000000e+00 -2.540000000000000000e+02 3.900000000000000000e+01
2.000000000000000000e+00 -2.440000000000000000e+02 2.700000000000000000e+01
1.000000000000000000e+00 -2.390000000000000000e+02 3.500000000000000000e+01
1.000000000000000000e+00 -2.400000000000000000e+02 3.000000000000000000e+01
4.000000000000000000e+00 -2.480000000000000000e+02 3.800000000000000000e+01
3.000000000000000000e+00 -2.440000000000000000e+02 3.400000000000000000e+01
0.000000000000000000e+00 -2.410000000000000000e+02 3.100000000000000000e+01
-2.000000000000000000e+00 -2.450000000000000000e+02 3.300000000000000000e+01
0.000000000000000000e+00 -2.460000000000000000e+02 3.700000000000000000e+01
2.000000000000000000e+00 -2.470000000000000000e+02 2.900000000000000000e+01
0.000000000000000000e+00 -2.450000000000000000e+02 3.000000000000000000e+01
1.000000000000000000e+00 -2.430000000000000000e+02 3.100000000000000000e+01
3.000000000000000000e+00 -2.490000000000000000e+02 4.300000000000000000e+01
5.000000000000000000e+00 -2.440000000000000000e+02 3.300000000000000000e+01
2.000000000000000000e+00 -2.440000000000000000e+02 3.600000000000000000e+01
2.000000000000000000e+00 -2.440000000000000000e+02 3.200000000000000000e+01
3.000000000000000000e+00 -2.480000000000000000e+02 3.200000000000000000e+01
-3.000000000000000000e+00 -2.380000000000000000e+02 2.800000000000000000e+01
4.000000000000000000e+00 -2.450000000000000000e+02 3.300000000000000000e+01
-1.000000000000000000e+00 -2.490000000000000000e+02 3.500000000000000000e+01
2.000000000000000000e+00 -2.420000000000000000e+02 3.100000000000000000e+01
-1.000000000000000000e+00 -2.430000000000000000e+02 3.400000000000000000e+01
1.000000000000000000e+00 -2.450000000000000000e+02 3.300000000000000000e+01
0.000000000000000000e+00 -2.460000000000000000e+02 3.000000000000000000e+01
3.000000000000000000e+00 -2.450000000000000000e+02 3.500000000000000000e+01
5.000000000000000000e+00 -2.460000000000000000e+02 4.000000000000000000e+01
5.000000000000000000e+00 -2.440000000000000000e+02 3.500000000000000000e+01
4.000000000000000000e+00 -2.470000000000000000e+02 3.800000000000000000e+01
-1.000000000000000000e+00 -2.470000000000000000e+02 3.700000000000000000e+01
2.000000000000000000e+00 -2.450000000000000000e+02 3.300000000000000000e+01
7.000000000000000000e+00 -2.440000000000000000e+02 3.500000000000000000e+01
0.000000000000000000e+00 -2.470000000000000000e+02 3.100000000000000000e+01
2.000000000000000000e+00 -2.430000000000000000e+02 3.400000000000000000e+01
2.000000000000000000e+00 -2.450000000000000000e+02 3.600000000000000000e+01
1.000000000000000000e+00 -2.460000000000000000e+02 3.100000000000000000e+01
5.000000000000000000e+00 -2.430000000000000000e+02 3.100000000000000000e+01
2.000000000000000000e+00 -2.470000000000000000e+02 3.400000000000000000e+01
4.000000000000000000e+00 -2.440000000000000000e+02 3.500000000000000000e+01
1.000000000000000000e+00 -2.410000000000000000e+02 2.900000000000000000e+01
-1.000000000000000000e+00 -2.420000000000000000e+02 3.600000000000000000e+01
1.000000000000000000e+00 -2.440000000000000000e+02 3.200000000000000000e+01
-2.000000000000000000e+00 -2.440000000000000000e+02 3.400000000000000000e+01
1.000000000000000000e+00 -2.410000000000000000e+02 3.300000000000000000e+01
0.000000000000000000e+00 -2.450000000000000000e+02 3.200000000000000000e+01
2.000000000000000000e+00 -2.430000000000000000e+02 3.900000000000000000e+01
3.000000000000000000e+00 -2.440000000000000000e+02 3.500000000000000000e+01
2.000000000000000000e+00 -2.440000000000000000e+02 3.500000000000000000e+01
2.000000000000000000e+00 -2.430000000000000000e+02 3.400000000000000000e+01
5.000000000000000000e+00 -2.420000000000000000e+02 3.700000000000000000e+01
3.000000000000000000e+00 -2.430000000000000000e+02 3.800000000000000000e+01
-1.000000000000000000e+00 -2.440000000000000000e+02 3.600000000000000000e+01
1.000000000000000000e+00 -2.390000000000000000e+02 3.700000000000000000e+01
-1.000000000000000000e+00 -2.390000000000000000e+02 3.200000000000000000e+01
2.000000000000000000e+00 -2.450000000000000000e+02 3.600000000000000000e+01
3.000000000000000000e+00 -2.450000000000000000e+02 3.500000000000000000e+01
-1.000000000000000000e+00 -2.420000000000000000e+02 4.000000000000000000e+01
2.000000000000000000e+00 -2.430000000000000000e+02 3.800000000000000000e+01
1.000000000000000000e+00 -2.440000000000000000e+02 3.300000000000000000e+01
3.000000000000000000e+00 -2.440000000000000000e+02 3.600000000000000000e+01
5.000000000000000000e+00 -2.430000000000000000e+02 4.000000000000000000e+01
-2.000000000000000000e+00 -2.450000000000000000e+02 4.400000000000000000e+01
4.000000000000000000e+00 -2.430000000000000000e+02 3.800000000000000000e+01
3.000000000000000000e+00 -2.470000000000000000e+02 3.700000000000000000e+01
3.000000000000000000e+00 -2.450000000000000000e+02 3.800000000000000000e+01
2.000000000000000000e+00 -2.390000000000000000e+02 3.700000000000000000e+01
2.000000000000000000e+00 -2.450000000000000000e+02 4.200000000000000000e+01
3.000000000000000000e+00 -2.420000000000000000e+02 4.000000000000000000e+01
4.000000000000000000e+00 -2.420000000000000000e+02 3.700000000000000000e+01
2.000000000000000000e+00 -2.410000000000000000e+02 4.100000000000000000e+01
2.000000000000000000e+00 -2.420000000000000000e+02 3.800000000000000000e+01
