1.100000000000000000e+01 -2.230000000000000000e+02 1.050000000000000000e+02
1.300000000000000000e+01 -2.240000000000000000e+02 1.090000000000000000e+02
1.200000000000000000e+01 -2.190000000000000000e+02 1.110000000000000000e+02
1.400000000000000000e+01 -2.190000000000000000e+02 1.050000000000000000e+02
1.500000000000000000e+01 -2.220000000000000000e+02 1.070000000000000000e+02
1.200000000000000000e+01 -2.200000000000000000e+02 1.070000000000000000e+02
1.200000000000000000e+01 -2.200000000000000000e+02 1.110000000000000000e+02
1.300000000000000000e+01 -2.230000000000000000e+02 1.100000000000000000e+02
1.400000000000000000e+01 -2.220000000000000000e+02 1.060000000000000000e+02
1.200000000000000000e+01 -2.200000000000000000e+02 1.060000000000000000e+02
1.300000000000000000e+01 -2.210000000000000000e+02 1.060000000000000000e+02
1.500000000000000000e+01 -2.210000000000000000e+02 1.080000000000000000e+02
1.200000000000000000e+01 -2.220000000000000000e+02 1.100000000000000000e+02
1.500000000000000000e+01 -2.220000000000000000e+02 1.130000000000000000e+02
1.200000000000000000e+01 -2.210000000000000000e+02 1.080000000000000000e+02
1.500000000000000000e+01 -2.200000000000000000e+02 1.120000000000000000e+02
1.200000000000000000e+01 -2.230000000000000000e+02 1.080000000000000000e+02
1.300000000000000000e+01 -2.200000000000000000e+02 1.050000000000000000e+02
1.400000000000000000e+01 -2.220000000000000000e+02 1.090000000000000000e+02
1.300000000000000000e+01 -2.220000000000000000e+02 1.080000000000000000e+02
1.400000000000000000e+01 -2.220000000000000000e+02 1.110000000000000000e+02
1.200000000000000000e+01 -2.210000000000000000e+02 1.090000000000000000e+02
1.300000000000000000e+01 -2.200000000000000000e+02 1.070000000000000000e+02
1.400000000000000000e+01 -2.210000000000000000e+02 1.110000000000000000e+02
1.400000000000000000e+01 -2.220000000000000000e+02 1.070000000000000000e+02
1.300000000000000000e+01 -2.230000000000000000e+02 1.100000000000000000e+02
1.400000000000000000e+01 -2.210000000000000000e+02 1.060000000000000000e+02
1.100000000000000000e+01 -2.210000000000000000e+02 1.080000000000000000e+02
1.100000000000000000e+01 -2.190000000000000000e+02 1.040000000000000000e+02
1.200000000000000000e+01 -2.220000000000000000e+02 1.070000000000000000e+02
1.500000000000000000e+01 -2.200000000000000000e+02 1.090000000000000000e+02
1.300000000000000000e+01 -2.200000000000000000e+02 1.060000000000000000e+02
1.300000000000000000e+01 -2.210000000000000000e+02 1.080000000000000000e+02
1.500000000000000000e+01 -2.220000000000000000e+02 1.080000000000000000e+02
1.400000000000000000e+01 -2.200000000000000000e+02 1.110000000000000000e+02
1.400000000000000000e+01 -2.200000000000000000e+02 1.110000000000000000e+02
9.000000000000000000e+00 -2.190000000000000000e+02 1.110000000000000000e+02
1.200000000000000000e+01 -2.200000000000000000e+02 1.080000000000000000e+02
1.300000000000000000e+01 -2.230000000000000000e+02 1.090000000000000000e+02
1.500000000000000000e+01 -2.200000000000000000e+02 1.130000000000000000e+02
1.200000000000000000e+01 -2.220000000000000000e+02 1.060000000000000000e+02
1.300000000000000000e+01 -2.230000000000000000e+02 1.080000000000000000e+02
1.300000000000000000e+01 -2.230000000000000000e+02 1.140000000000000000e+02
1.100000000000000000e+01 -2.170000000000000000e+02 1.120000000000000000e+02
1.300000000000000000e+01 -2.190000000000000000e+02 1.080000000000000000e+02
1.400000000000000000e+01 -2.190000000000000000e+02 1.070000000000000000e+02
1.400000000000000000e+01 -2.200000000000000000e+02 1.140000000000000000e+02
1.300000000000000000e+01 -2.210000000000000000e+02 1.120000000000000000e+02
1.200000000000000000e+01 -2.150000000000000000e+02 1.080000000000000000e+02
1.400000000000000000e+01 -2.120000000000000000e+02 1.170000000000000000e+02
1.400000000000000000e+01 -2.100000000000000000e+02 1.160000000000000000e+02
1.900000000000000000e+01 -2.120000000000000000e+02 1.090000000000000000e+02
2.900000000000000000e+01 -2.190000000000000000e+02 1.050000000000000000e+02
1.500000000000000000e+01 -2.110000000000000000e+02 1.170000000000000000e+02
1.600000000000000000e+01 -2.170000000000000000e+02 1.260000000000000000e+02
2.800000000000000000e+01 -2.600000000000000000e+02 1.270000000000000000e+02
-1.000000000000000000e+00 -3.190000000000000000e+02 1.100000000000000000e+02
1.100000000000000000e+01 -3.320000000000000000e+02 5.400000000000000000e+01
0.000000000000000000e+00 -2.830000000000000000e+02 3.500000000000000000e+01
7.000000000000000000e+00 -2.570000000000000000e+02 1.600000000000000000e+01
3.000000000000000000e+00 -2.510000000000000000e+02 -5.000000000000000000e+00
2.000000000000000000e+00 -2.350000000000000000e+02 -7.000000000000000000e+00
6.000000000000000000e+00 -2.200000000000000000e+02 -2.400000000000000000e+01
1.000000000000000000e+00 -2.190000000000000000e+02 -3.100000000000000000e+01
4.000000000000000000e+00 -2.170000000000000000e+02 -4.400000000000000000e+01
4.000000000000000000e+00 -1.950000000000000000e+02 -4.600000000000000000e+01
1.000000000000000000e+00 -1.950000000000000000e+02 -5.300000000000000000e+01
3.000000000000000000e+00 -1.680000000000000000e+02 -5.900000000000000000e+01
-1.000000000000000000e+00 -1.100000000000000000e+02 -6.600000000000000000e+01
2.100000000000000000e+01 -7.700000000000000000e+01 -4.500000000000000000e+01
-2.900000000000000000e+01 -1.290000000000000000e+02 1.000000000000000000e+00
2.600000000000000000e+01 -3.130000000000000000e+02 7.600000000000000000e+01
-3.100000000000000000e+01 -2.880000000000000000e+02 6.400000000000000000e+01
-2.850000000000000000e+02 -7.140000000000000000e+02 6.300000000000000000e+01
1.200000000000000000e+01 2.020000000000000000e+02 -1.200000000000000000e+01
1.020000000000000000e+02 -3.000000000000000000e+02 1.910000000000000000e+02
5.700000000000000000e+01 -1.990000000000000000e+02 1.530000000000000000e+02
3.500000000000000000e+01 -1.880000000000000000e+02 1.290000000000000000e+02
3.700000000000000000e+01 -2.280000000000000000e+02 1.460000000000000000e+02
-1.600000000000000000e+01 -1.790000000000000000e+02 1.270000000000000000e+02
1.000000000000000000e+00 -2.000000000000000000e+02 1.350000000000000000e+02
1.300000000000000000e+01 -2.090000000000000000e+02 1.400000000000000000e+02
1.100000000000000000e+01 -1.930000000000000000e+02 1.350000000000000000e+02
1.600000000000000000e+01 -2.000000000000000000e+02 1.420000000000000000e+02
1.100000000000000000e+01 -1.940000000000000000e+02 1.440000000000000000e+02
7.000000000000000000e+00 -1.990000000000000000e+02 1.440000000000000000e+02
1.500000000000000000e+01 -1.980000000000000000e+02 1.370000000000000000e+02
1.400000000000000000e+01 -2.050000000000000000e+02 1.360000000000000000e+02
8.000000000000000000e+00 -2.060000000000000000e+02 1.340000000000000000e+02
7.000000000000000000e+00 -2.020000000000000000e+02 1.370000000000000000e+02
1.500000000000000000e+01 -2.040000000000000000e+02 1.290000000000000000e+02
7.000000000000000000e+00 -2.150000000000000000e+02 1.270000000000000000e+02
1.000000000000000000e+01 -2.120000000000000000e+02 1.210000000000000000e+02
1.400000000000000000e+01 -2.140000000000000000e+02 1.220000000000000000e+02
8.000000000000000000e+00 -2.120000000000000000e+02 1.180000000000000000e+02
1.500000000000000000e+01 -2.190000000000000000e+02 1.210000000000000000e+02
1.500000000000000000e+01 -2.180000000000000000e+02 1.250000000000000000e+02
9.000000000000000000e+00 -2.160000000000000000e+02 1.230000000000000000e+02
1.600000000000000000e+01 -2.200000000000000000e+02 1.250000000000000000e+02
1.500000000000000000e+01 -2.170000000000000000e+02 1.200000000000000000e+02
1.500000000000000000e+01 -2.120000000000000000e+02 1.200000000000000000e+02
1.200000000000000000e+01 -2.150000000000000000e+02 1.210000000000000000e+02
9.000000000000000000e+00 -2.150000000000000000e+02 1.190000000000000000e+02
1.300000000000000000e+01 -2.200000000000000000e+02 1.150000000000000000e+02
9.000000000000000000e+00 -2.180000000000000000e+02 1.160000000000000000e+02
1.000000000000000000e+01 -2.120000000000000000e+02 1.180000000000000000e+02
1.300000000000000000e+01 -2.220000000000000000e+02 1.190000000000000000e+02
9.000000000000000000e+00 -2.140000000000000000e+02 1.110000000000000000e+02
1.500000000000000000e+01 -2.220000000000000000e+02 1.170000000000000000e+02
1.400000000000000000e+01 -2.230000000000000000e+02 1.110000000000000000e+02
1.600000000000000000e+01 -2.170000000000000000e+02 1.130000000000000000e+02
1.500000000000000000e+01 -2.190000000000000000e+02 1.140000000000000000e+02
1.900000000000000000e+01 -2.240000000000000000e+02 1.110000000000000000e+02
1.100000000000000000e+01 -2.220000000000000000e+02 1.140000000000000000e+02
9.000000000000000000e+00 -2.240000000000000000e+02 1.110000000000000000e+02
1.000000000000000000e+01 -2.200000000000000000e+02 1.150000000000000000e+02
1.600000000000000000e+01 -2.160000000000000000e+02 1.170000000000000000e+02
1.400000000000000000e+01 -2.170000000000000000e+02 1.160000000000000000e+02
1.200000000000000000e+01 -2.180000000000000000e+02 1.150000000000000000e+02
1.100000000000000000e+01 -2.180000000000000000e+02 1.100000000000000000e+02
1.000000000000000000e+01 -2.180000000000000000e+02 1.110000000000000000e+02
1.600000000000000000e+01 -2.150000000000000000e+02 1.180000000000000000e+02
1.900000000000000000e+01 -2.210000000000000000e+02 1.120000000000000000e+02
2.000000000000000000e+01 -2.190000000000000000e+02 1.120000000000000000e+02
1.000000000000000000e+01 -2.180000000000000000e+02 1.170000000000000000e+02
3.000000000000000000e+00 -2.110000000000000000e+02 1.220000000000000000e+02
7.000000000000000000e+00 -2.140000000000000000e+02 1.210000000000000000e+02
1.600000000000000000e+01 -2.180000000000000000e+02 1.160000000000000000e+02
1.600000000000000000e+01 -2.170000000000000000e+02 1.150000000000000000e+02
1.300000000000000000e+01 -2.210000000000000000e+02 1.140000000000000000e+02
9.000000000000000000e+00 -2.230000000000000000e+02 1.160000000000000000e+02
1.300000000000000000e+01 -2.170000000000000000e+02 1.160000000000000000e+02
1.700000000000000000e+01 -2.160000000000000000e+02 1.150000000000000000e+02
1.600000000000000000e+01 -2.190000000000000000e+02 1.170000000000000000e+02
1.300000000000000000e+01 -2.190000000000000000e+02 1.120000000000000000e+02
1.300000000000000000e+01 -2.180000000000000000e+02 1.140000000000000000e+02
1.200000000000000000e+01 -2.160000000000000000e+02 1.150000000000000000e+02
1.100000000000000000e+01 -2.200000000000000000e+02 1.130000000000000000e+02
1.300000000000000000e+01 -2.200000000000000000e+02 1.080000000000000000e+02
1.300000000000000000e+01 -2.170000000000000000e+02 1.130000000000000000e+02
1.500000000000000000e+01 -2.190000000000000000e+02 1.200000000000000000e+02
1.300000000000000000e+01 -2.160000000000000000e+02 1.140000000000000000e+02
1.300000000000000000e+01 -2.170000000000000000e+02 1.150000000000000000e+02
1.300000000000000000e+01 -2.170000000000000000e+02 1.160000000000000000e+02
1.000000000000000000e+01 -2.170000000000000000e+02 1.160000000000000000e+02
1.300000000000000000e+01 -2.190000000000000000e+02 1.170000000000000000e+02
1.200000000000000000e+01 -2.170000000000000000e+02 1.180000000000000000e+02
1.400000000000000000e+01 -2.170000000000000000e+02 1.180000000000000000e+02
1.400000000000000000e+01 -2.200000000000000000e+02 1.170000000000000000e+02
1.300000000000000000e+01 -2.180000000000000000e+02 1.160000000000000000e+02
1.300000000000000000e+01 -2.170000000000000000e+02 1.190000000000000000e+02
1.300000000000000000e+01 -2.170000000000000000e+02 1.200000000000000000e+02
1.100000000000000000e+01 -2.180000000000000000e+02 1.180000000000000000e+02
1.700000000000000000e+01 -2.210000000000000000e+02 1.110000000000000000e+02
1.400000000000000000e+01 -2.180000000000000000e+02 1.110000000000000000e+02
1.400000000000000000e+01 -2.200000000000000000e+02 1.110000000000000000e+02
1.300000000000000000e+01 -2.180000000000000000e+02 1.140000000000000000e+02
1.400000000000000000e+01 -2.210000000000000000e+02 1.210000000000000000e+02
1.300000000000000000e+01 -2.170000000000000000e+02 1.170000000000000000e+02
1.100000000000000000e+01 -2.160000000000000000e+02 1.220000000000000000e+02
1.200000000000000000e+01 -2.160000000000000000e+02 1.180000000000000000e+02
1.300000000000000000e+01 -2.150000000000000000e+02 1.170000000000000000e+02
1.200000000000000000e+01 -2.170000000000000000e+02 1.180000000000000000e+02
1.400000000000000000e+01 -2.180000000000000000e+02 1.130000000000000000e+02
1.100000000000000000e+01 -2.160000000000000000e+02 1.190000000000000000e+02
1.500000000000000000e+01 -2.170000000000000000e+02 1.170000000000000000e+02
1.400000000000000000e+01 -2.220000000000000000e+02 1.190000000000000000e+02
1.700000000000000000e+01 -2.170000000000000000e+02 1.160000000000000000e+02
1.500000000000000000e+01 -2.150000000000000000e+02 1.130000000000000000e+02
1.400000000000000000e+01 -2.160000000000000000e+02 1.200000000000000000e+02
1.400000000000000000e+01 -2.170000000000000000e+02 1.170000000000000000e+02
1.600000000000000000e+01 -2.200000000000000000e+02 1.180000000000000000e+02
1.400000000000000000e+01 -2.200000000000000000e+02 1.170000000000000000e+02
1.300000000000000000e+01 -2.190000000000000000e+02 1.160000000000000000e+02
1.200000000000000000e+01 -2.120000000000000000e+02 1.170000000000000000e+02
1.100000000000000000e+01 -2.170000000000000000e+02 1.190000000000000000e+02
1.400000000000000000e+01 -2.190000000000000000e+02 1.180000000000000000e+02
1.400000000000000000e+01 -2.180000000000000000e+02 1.160000000000000000e+02
1.300000000000000000e+01 -2.200000000000000000e+02 1.150000000000000000e+02
1.200000000000000000e+01 -2.160000000000000000e+02 1.170000000000000000e+02
1.800000000000000000e+01 -2.150000000000000000e+02 1.140000000000000000e+02
1.300000000000000000e+01 -2.160000000000000000e+02 1.180000000000000000e+02
1.300000000000000000e+01 -2.160000000000000000e+02 1.190000000000000000e+02
1.400000000000000000e+01 -2.140000000000000000e+02 1.150000000000000000e+02
1.500000000000000000e+01 -2.190000000000000000e+02 1.210000000000000000e+02
1.400000000000000000e+01 -2.150000000000000000e+02 1.160000000000000000e+02
1.200000000000000000e+01 -2.170000000000000000e+02 1.180000000000000000e+02
1.500000000000000000e+01 -2.140000000000000000e+02 1.150000000000000000e+02
1.400000000000000000e+01 -2.170000000000000000e+02 1.170000000000000000e+02
1.100000000000000000e+01 -2.180000000000000000e+02 1.190000000000000000e+02
1.500000000000000000e+01 -2.150000000000000000e+02 1.140000000000000000e+02
1.400000000000000000e+01 -2.160000000000000000e+02 1.160000000000000000e+02
1.400000000000000000e+01 -2.140000000000000000e+02 1.180000000000000000e+02
1.600000000000000000e+01 -2.180000000000000000e+02 1.200000000000000000e+02
1.200000000000000000e+01 -2.140000000000000000e+02 1.200000000000000000e+02
1.100000000000000000e+01 -2.200000000000000000e+02 1.180000000000000000e+02
1.300000000000000000e+01 -2.190000000000000000e+02 1.090000000000000000e+02
1.600000000000000000e+01 -2.180000000000000000e+02 1.160000000000000000e+02
1.500000000000000000e+01 -2.160000000000000000e+02 1.200000000000000000e+02
1.200000000000000000e+01 -2.170000000000000000e+02 1.230000000000000000e+02
