-2.200000000000000000e+01 -2.310000000000000000e+02 1.320000000000000000e+02
-2.200000000000000000e+01 -2.290000000000000000e+02 1.330000000000000000e+02
-2.400000000000000000e+01 -2.270000000000000000e+02 1.310000000000000000e+02
-1.800000000000000000e+01 -2.320000000000000000e+02 1.350000000000000000e+02
-1.900000000000000000e+01 -2.310000000000000000e+02 1.310000000000000000e+02
-2.000000000000000000e+01 -2.310000000000000000e+02 1.350000000000000000e+02
-2.200000000000000000e+01 -2.320000000000000000e+02 1.320000000000000000e+02
-1.900000000000000000e+01 -2.330000000000000000e+02 1.300000000000000000e+02
-2.000000000000000000e+01 -2.330000000000000000e+02 1.320000000000000000e+02
-2.300000000000000000e+01 -2.330000000000000000e+02 1.340000000000000000e+02
-1.900000000000000000e+01 -2.350000000000000000e+02 1.340000000000000000e+02
-2.100000000000000000e+01 -2.300000000000000000e+02 1.340000000000000000e+02
-1.400000000000000000e+01 -2.300000000000000000e+02 1.380000000000000000e+02
-2.500000000000000000e+01 -2.340000000000000000e+02 1.370000000000000000e+02
-2.100000000000000000e+01 -2.310000000000000000e+02 1.330000000000000000e+02
-2.000000000000000000e+01 -2.340000000000000000e+02 1.370000000000000000e+02
-2.100000000000000000e+01 -2.310000000000000000e+02 1.320000000000000000e+02
-2.000000000000000000e+01 -2.310000000000000000e+02 1.320000000000000000e+02
-2.100000000000000000e+01 -2.320000000000000000e+02 1.320000000000000000e+02
-2.300000000000000000e+01 -2.290000000000000000e+02 1.360000000000000000e+02
-2.000000000000000000e+01 -2.330000000000000000e+02 1.320000000000000000e+02
-2.100000000000000000e+01 -2.310000000000000000e+02 1.370000000000000000e+02
-2.000000000000000000e+01 -2.310000000000000000e+02 1.330000000000000000e+02
-2.200000000000000000e+01 -2.330000000000000000e+02 1.380000000000000000e+02
-2.300000000000000000e+01 -2.330000000000000000e+02 1.350000000000000000e+02
-1.900000000000000000e+01 -2.330000000000000000e+02 1.400000000000000000e+02
-1.900000000000000000e+01 -2.310000000000000000e+02 1.330000000000000000e+02
-2.100000000000000000e+01 -2.300000000000000000e+02 1.310000000000000000e+02
-1.700000000000000000e+01 -2.300000000000000000e+02 1.290000000000000000e+02
-2.000000000000000000e+01 -2.330000000000000000e+02 1.360000000000000000e+02
-2.200000000000000000e+01 -2.310000000000000000e+02 1.350000000000000000e+02
-2.100000000000000000e+01 -2.340000000000000000e+02 1.350000000000000000e+02
-1.900000000000000000e+01 -2.310000000000000000e+02 1.330000000000000000e+02
-2.200000000000000000e+01 -2.300000000000000000e+02 1.360000000000000000e+02
-1.900000000000000000e+01 -2.310000000000000000e+02 1.330000000000000000e+02
-1.800000000000000000e+01 -2.330000000000000000e+02 1.350000000000000000e+02
-2.800000000000000000e+01 -2.340000000000000000e+02 1.330000000000000000e+02
-1.800000000000000000e+01 -2.330000000000000000e+02 1.360000000000000000e+02
-1.900000000000000000e+01 -2.340000000000000000e+02 1.380000000000000000e+02
-2.300000000000000000e+01 -2.270000000000000000e+02 1.350000000000000000e+02
-2.100000000000000000e+01 -2.320000000000000000e+02 1.330000000000000000e+02
-1.900000000000000000e+01 -2.330000000000000000e+02 1.370000000000000000e+02
-1.900000000000000000e+01 -2.280000000000000000e+02 1.370000000000000000e+02
-2.000000000000000000e+01 -2.310000000000000000e+02 1.380000000000000000e+02
-1.900000000000000000e+01 -2.330000000000000000e+02 1.320000000000000000e+02
-1.900000000000000000e+01 -2.320000000000000000e+02 1.320000000000000000e+02
-1.800000000000000000e+01 -2.330000000000000000e+02 1.370000000000000000e+02
-1.900000000000000000e+01 -2.330000000000000000e+02 1.360000000000000000e+02
-1.800000000000000000e+01 -2.300000000000000000e+02 1.360000000000000000e+02
-1.900000000000000000e+01 -2.310000000000000000e+02 1.380000000000000000e+02
-1.800000000000000000e+01 -2.330000000000000000e+02 1.340000000000000000e+02
-2.000000000000000000e+01 -2.310000000000000000e+02 1.320000000000000000e+02
-2.100000000000000000e+01 -2.320000000000000000e+02 1.330000000000000000e+02
-2.000000000000000000e+01 -2.320000000000000000e+02 1.320000000000000000e+02
-2.000000000000000000e+01 -2.310000000000000000e+02 1.340000000000000000e+02
-1.900000000000000000e+01 -2.300000000000000000e+02 1.320000000000000000e+02
-2.300000000000000000e+01 -2.310000000000000000e+02 1.340000000000000000e+02
-1.900000000000000000e+01 -2.340000000000000000e+02 1.310000000000000000e+02
-1.900000000000000000e+01 -2.310000000000000000e+02 1.340000000000000000e+02
-2.000000000000000000e+01 -2.320000000000000000e+02 1.370000000000000000e+02
-2.100000000000000000e+01 -2.300000000000000000e+02 1.330000000000000000e+02
-2.200000000000000000e+01 -2.300000000000000000e+02 1.310000000000000000e+02
-2.000000000000000000e+01 -2.320000000000000000e+02 1.350000000000000000e+02
-2.200000000000000000e+01 -2.300000000000000000e+02 1.310000000000000000e+02
-2.100000000000000000e+01 -2.320000000000000000e+02 1.340000000000000000e+02
-2.000000000000000000e+01 -2.310000000000000000e+02 1.360000000000000000e+02
-1.800000000000000000e+01 -2.320000000000000000e+02 1.340000000000000000e+02
-2.000000000000000000e+01 -2.320000000000000000e+02 1.330000000000000000e+02
-2.100000000000000000e+01 -2.290000000000000000e+02 1.360000000000000000e+02
-2.000000000000000000e+01 -2.330000000000000000e+02 1.360000000000000000e+02
-2.000000000000000000e+01 -2.330000000000000000e+02 1.350000000000000000e+02
-1.900000000000000000e+01 -2.320000000000000000e+02 1.330000000000000000e+02
-2.300000000000000000e+01 -2.330000000000000000e+02 1.380000000000000000e+02
-2.000000000000000000e+01 -2.370000000000000000e+02 1.410000000000000000e+02
-1.900000000000000000e+01 -2.310000000000000000e+02 1.310000000000000000e+02
-2.200000000000000000e+01 -2.330000000000000000e+02 1.350000000000000000e+02
-2.300000000000000000e+01 -2.290000000000000000e+02 1.330000000000000000e+02
-2.200000000000000000e+01 -2.320000000000000000e+02 1.320000000000000000e+02
-2.200000000000000000e+01 -2.310000000000000000e+02 1.370000000000000000e+02
-2.000000000000000000e+01 -2.300000000000000000e+02 1.310000000000000000e+02
-1.900000000000000000e+01 -2.280000000000000000e+02 1.380000000000000000e+02
-2.200000000000000000e+01 -2.320000000000000000e+02 1.360000000000000000e+02
-2.100000000000000000e+01 -2.330000000000000000e+02 1.330000000000000000e+02
-1.700000000000000000e+01 -2.290000000000000000e+02 1.360000000000000000e+02
-2.400000000000000000e+01 -2.310000000000000000e+02 1.360000000000000000e+02
-1.900000000000000000e+01 -2.310000000000000000e+02 1.350000000000000000e+02
-2.000000000000000000e+01 -2.300000000000000000e+02 1.320000000000000000e+02
-2.200000000000000000e+01 -2.310000000000000000e+02 1.400000000000000000e+02
-2.100000000000000000e+01 -2.310000000000000000e+02 1.330000000000000000e+02
-2.100000000000000000e+01 -2.280000000000000000e+02 1.370000000000000000e+02
-2.100000000000000000e+01 -2.290000000000000000e+02 1.350000000000000000e+02
-2.100000000000000000e+01 -2.340000000000000000e+02 1.370000000000000000e+02
-1.800000000000000000e+01 -2.330000000000000000e+02 1.360000000000000000e+02
-2.400000000000000000e+01 -2.300000000000000000e+02 1.350000000000000000e+02
-1.800000000000000000e+01 -2.310000000000000000e+02 1.370000000000000000e+02
-2.000000000000000000e+01 -2.300000000000000000e+02 1.330000000000000000e+02
-2.300000000000000000e+01 -2.270000000000000000e+02 1.350000000000000000e+02
-2.200000000000000000e+01 -2.320000000000000000e+02 1.320000000000000000e+02
-2.000000000000000000e+01 -2.300000000000000000e+02 1.340000000000000000e+02
-2.200000000000000000e+01 -2.320000000000000000e+02 1.330000000000000000e+02
-2.100000000000000000e+01 -2.280000000000000000e+02 1.290000000000000000e+02
-2.100000000000000000e+01 -2.290000000000000000e+02 1.310000000000000000e+02
-1.800000000000000000e+01 -2.400000000000000000e+02 1.280000000000000000e+02
-1.800000000000000000e+01 -2.320000000000000000e+02 1.250000000000000000e+02
-2.000000000000000000e+01 -2.370000000000000000e+02 1.230000000000000000e+02
-1.700000000000000000e+01 -2.400000000000000000e+02 1.200000000000000000e+02
-2.200000000000000000e+01 -2.470000000000000000e+02 1.130000000000000000e+02
-2.000000000000000000e+01 -2.420000000000000000e+02 1.100000000000000000e+02
-1.800000000000000000e+01 -2.520000000000000000e+02 9.600000000000000000e+01
-1.500000000000000000e+01 -2.540000000000000000e+02 8.800000000000000000e+01
-1.600000000000000000e+01 -2.600000000000000000e+02 6.800000000000000000e+01
-8.000000000000000000e+00 -2.630000000000000000e+02 6.700000000000000000e+01
-4.000000000000000000e+00 -2.660000000000000000e+02 4.600000000000000000e+01
-3.000000000000000000e+00 -3.200000000000000000e+02 3.900000000000000000e+01
-2.000000000000000000e+01 -3.140000000000000000e+02 4.000000000000000000e+00
0.000000000000000000e+00 -3.010000000000000000e+02 -1.700000000000000000e+01
-2.000000000000000000e+00 -2.720000000000000000e+02 -3.100000000000000000e+01
7.000000000000000000e+00 -2.790000000000000000e+02 -3.100000000000000000e+01
0.000000000000000000e+00 -2.490000000000000000e+02 -2.600000000000000000e+01
7.000000000000000000e+00 -2.720000000000000000e+02 -3.200000000000000000e+01
1.000000000000000000e+00 -2.420000000000000000e+02 -3.600000000000000000e+01
1.300000000000000000e+01 -2.650000000000000000e+02 -4.800000000000000000e+01
2.000000000000000000e+00 -2.360000000000000000e+02 -1.400000000000000000e+01
4.000000000000000000e+00 -2.680000000000000000e+02 -2.900000000000000000e+01
0.000000000000000000e+00 -2.330000000000000000e+02 -5.200000000000000000e+01
0.000000000000000000e+00 -2.340000000000000000e+02 -6.700000000000000000e+01
1.200000000000000000e+01 -1.760000000000000000e+02 -5.300000000000000000e+01
1.100000000000000000e+01 -1.720000000000000000e+02 -3.700000000000000000e+01
4.000000000000000000e+00 -1.030000000000000000e+02 -1.100000000000000000e+01
-1.400000000000000000e+01 -1.250000000000000000e+02 1.600000000000000000e+01
8.000000000000000000e+00 -3.110000000000000000e+02 5.000000000000000000e+01
-2.700000000000000000e+01 -4.090000000000000000e+02 1.810000000000000000e+02
6.400000000000000000e+01 -1.210000000000000000e+02 1.200000000000000000e+01
-7.400000000000000000e+01 -2.200000000000000000e+02 1.530000000000000000e+02
-1.000000000000000000e+01 -1.690000000000000000e+02 1.500000000000000000e+02
-2.900000000000000000e+01 -2.450000000000000000e+02 2.330000000000000000e+02
-1.700000000000000000e+01 -2.370000000000000000e+02 1.590000000000000000e+02
2.000000000000000000e+00 -1.800000000000000000e+02 1.330000000000000000e+02
-6.000000000000000000e+00 -2.310000000000000000e+02 1.320000000000000000e+02
-2.000000000000000000e+01 -2.420000000000000000e+02 1.400000000000000000e+02
-2.600000000000000000e+01 -2.190000000000000000e+02 1.250000000000000000e+02
-1.900000000000000000e+01 -2.430000000000000000e+02 1.060000000000000000e+02
-2.000000000000000000e+01 -2.440000000000000000e+02 1.220000000000000000e+02
-2.400000000000000000e+01 -2.290000000000000000e+02 1.280000000000000000e+02
-1.300000000000000000e+01 -2.380000000000000000e+02 1.260000000000000000e+02
-9.000000000000000000e+00 -2.490000000000000000e+02 1.280000000000000000e+02
-2.100000000000000000e+01 -2.350000000000000000e+02 1.300000000000000000e+02
-2.200000000000000000e+01 -2.400000000000000000e+02 1.280000000000000000e+02
-2.000000000000000000e+01 -2.380000000000000000e+02 1.290000000000000000e+02
-2.300000000000000000e+01 -2.400000000000000000e+02 1.270000000000000000e+02
-2.100000000000000000e+01 -2.400000000000000000e+02 1.230000000000000000e+02
-1.900000000000000000e+01 -2.390000000000000000e+02 1.230000000000000000e+02
-1.900000000000000000e+01 -2.420000000000000000e+02 1.240000000000000000e+02
-1.700000000000000000e+01 -2.390000000000000000e+02 1.250000000000000000e+02
-1.600000000000000000e+01 -2.350000000000000000e+02 1.230000000000000000e+02
-1.800000000000000000e+01 -2.410000000000000000e+02 1.260000000000000000e+02
-2.000000000000000000e+01 -2.360000000000000000e+02 1.270000000000000000e+02
-1.300000000000000000e+01 -2.400000000000000000e+02 1.230000000000000000e+02
-1.700000000000000000e+01 -2.350000000000000000e+02 1.300000000000000000e+02
-2.000000000000000000e+01 -2.380000000000000000e+02 1.240000000000000000e+02
-2.800000000000000000e+01 -2.350000000000000000e+02 1.250000000000000000e+02
-1.400000000000000000e+01 -2.380000000000000000e+02 1.290000000000000000e+02
-2.100000000000000000e+01 -2.380000000000000000e+02 1.190000000000000000e+02
-1.800000000000000000e+01 -2.370000000000000000e+02 1.270000000000000000e+02
-1.700000000000000000e+01 -2.380000000000000000e+02 1.240000000000000000e+02
-1.700000000000000000e+01 -2.370000000000000000e+02 1.220000000000000000e+02
-1.900000000000000000e+01 -2.380000000000000000e+02 1.260000000000000000e+02
-1.900000000000000000e+01 -2.390000000000000000e+02 1.260000000000000000e+02
-1.500000000000000000e+01 -2.360000000000000000e+02 1.210000000000000000e+02
-2.200000000000000000e+01 -2.360000000000000000e+02 1.260000000000000000e+02
-2.000000000000000000e+01 -2.380000000000000000e+02 1.260000000000000000e+02
-2.200000000000000000e+01 -2.360000000000000000e+02 1.270000000000000000e+02
-2.000000000000000000e+01 -2.380000000000000000e+02 1.240000000000000000e+02
-2.000000000000000000e+01 -2.390000000000000000e+02 1.240000000000000000e+02
-1.700000000000000000e+01 -2.400000000000000000e+02 1.290000000000000000e+02
-1.800000000000000000e+01 -2.360000000000000000e+02 1.360000000000000000e+02
-1.700000000000000000e+01 -2.380000000000000000e+02 1.250000000000000000e+02
-1.900000000000000000e+01 -2.370000000000000000e+02 1.280000000000000000e+02
-2.100000000000000000e+01 -2.350000000000000000e+02 1.240000000000000000e+02
-2.000000000000000000e+01 -2.360000000000000000e+02 1.250000000000000000e+02
-1.900000000000000000e+01 -2.360000000000000000e+02 1.260000000000000000e+02
-2.100000000000000000e+01 -2.380000000000000000e+02 1.280000000000000000e+02
-2.100000000000000000e+01 -2.370000000000000000e+02 1.270000000000000000e+02
-1.700000000000000000e+01 -2.360000000000000000e+02 1.250000000000000000e+02
-2.100000000000000000e+01 -2.350000000000000000e+02 1.290000000000000000e+02
-2.100000000000000000e+01 -2.370000000000000000e+02 1.290000000000000000e+02
-2.000000000000000000e+01 -2.380000000000000000e+02 1.250000000000000000e+02
-2.000000000000000000e+01 -2.330000000000000000e+02 1.250000000000000000e+02
-2.300000000000000000e+01 -2.370000000000000000e+02 1.260000000000000000e+02
-1.900000000000000000e+01 -2.360000000000000000e+02 1.260000000000000000e+02
-2.000000000000000000e+01 -2.410000000000000000e+02 1.250000000000000000e+02
-2.100000000000000000e+01 -2.370000000000000000e+02 1.250000000000000000e+02
-2.000000000000000000e+01 -2.340000000000000000e+02 1.290000000000000000e+02
-2.200000000000000000e+01 -2.370000000000000000e+02 1.280000000000000000e+02
-2.000000000000000000e+01 -2.360000000000000000e+02 1.270000000000000000e+02
-2.000000000000000000e+01 -2.360000000000000000e+02 1.260000000000000000e+02
-1.800000000000000000e+01 -2.360000000000000000e+02 1.270000000000000000e+02
-2.000000000000000000e+01 -2.360000000000000000e+02 1.260000000000000000e+02
-1.900000000000000000e+01 -2.360000000000000000e+02 1.280000000000000000e+02
-1.600000000000000000e+01 -2.380000000000000000e+02 1.260000000000000000e+02
