1.100000000000000000e+01 -2.210000000000000000e+02 1.060000000000000000e+02
1.600000000000000000e+01 -2.250000000000000000e+02 1.090000000000000000e+02
1.100000000000000000e+01 -2.250000000000000000e+02 1.080000000000000000e+02
1.200000000000000000e+01 -2.200000000000000000e+02 1.130000000000000000e+02
1.300000000000000000e+01 -2.180000000000000000e+02 1.160000000000000000e+02
1.200000000000000000e+01 -2.160000000000000000e+02 1.120000000000000000e+02
1.100000000000000000e+01 -2.220000000000000000e+02 1.070000000000000000e+02
1.200000000000000000e+01 -2.170000000000000000e+02 1.100000000000000000e+02
1.100000000000000000e+01 -2.220000000000000000e+02 1.100000000000000000e+02
1.500000000000000000e+01 -2.170000000000000000e+02 1.110000000000000000e+02
1.300000000000000000e+01 -2.240000000000000000e+02 1.110000000000000000e+02
1.700000000000000000e+01 -2.210000000000000000e+02 1.140000000000000000e+02
1.600000000000000000e+01 -2.190000000000000000e+02 1.110000000000000000e+02
1.600000000000000000e+01 -2.130000000000000000e+02 1.180000000000000000e+02
1.100000000000000000e+01 -2.110000000000000000e+02 1.200000000000000000e+02
9.000000000000000000e+00 -2.020000000000000000e+02 1.260000000000000000e+02
1.100000000000000000e+01 -2.070000000000000000e+02 1.280000000000000000e+02
7.000000000000000000e+00 -2.130000000000000000e+02 1.120000000000000000e+02
3.000000000000000000e+01 -2.380000000000000000e+02 9.400000000000000000e+01
2.200000000000000000e+01 -2.570000000000000000e+02 7.700000000000000000e+01
4.000000000000000000e+00 -2.840000000000000000e+02 9.500000000000000000e+01
3.300000000000000000e+01 -3.200000000000000000e+02 1.000000000000000000e+02
1.700000000000000000e+01 -2.780000000000000000e+02 6.100000000000000000e+01
2.000000000000000000e+00 -2.650000000000000000e+02 2.600000000000000000e+01
7.000000000000000000e+00 -2.740000000000000000e+02 1.300000000000000000e+01
-5.000000000000000000e+00 -2.650000000000000000e+02 2.000000000000000000e+00
0.000000000000000000e+00 -2.600000000000000000e+02 0.000000000000000000e+00
8.000000000000000000e+00 -2.460000000000000000e+02 -1.300000000000000000e+01
-1.000000000000000000e+00 -2.210000000000000000e+02 -1.000000000000000000e+01
1.000000000000000000e+00 -2.000000000000000000e+02 -3.000000000000000000e+01
0.000000000000000000e+00 -1.940000000000000000e+02 -3.900000000000000000e+01
1.000000000000000000e+00 -2.030000000000000000e+02 -4.000000000000000000e+01
0.000000000000000000e+00 -1.970000000000000000e+02 -4.000000000000000000e+01
0.000000000000000000e+00 -1.790000000000000000e+02 -5.000000000000000000e+01
-7.000000000000000000e+00 -1.760000000000000000e+02 -5.400000000000000000e+01
-1.000000000000000000e+00 -1.480000000000000000e+02 -7.900000000000000000e+01
0.000000000000000000e+00 -8.900000000000000000e+01 -8.400000000000000000e+01
1.000000000000000000e+00 -1.090000000000000000e+02 -3.100000000000000000e+01
-3.100000000000000000e+01 -3.320000000000000000e+02 7.400000000000000000e+01
-1.600000000000000000e+01 -2.830000000000000000e+02 3.400000000000000000e+01
-6.600000000000000000e+01 -8.430000000000000000e+02 2.280000000000000000e+02
2.000000000000000000e+00 2.560000000000000000e+02 5.200000000000000000e+01
6.600000000000000000e+01 -2.250000000000000000e+02 1.900000000000000000e+02
9.800000000000000000e+01 -2.230000000000000000e+02 1.690000000000000000e+02
6.000000000000000000e+00 -1.860000000000000000e+02 8.800000000000000000e+01
1.600000000000000000e+01 -2.450000000000000000e+02 1.280000000000000000e+02
2.000000000000000000e+00 -2.060000000000000000e+02 9.500000000000000000e+01
6.000000000000000000e+00 -2.310000000000000000e+02 1.080000000000000000e+02
1.000000000000000000e+01 -2.180000000000000000e+02 9.600000000000000000e+01
1.200000000000000000e+01 -2.260000000000000000e+02 1.030000000000000000e+02
1.500000000000000000e+01 -2.180000000000000000e+02 1.040000000000000000e+02
1.800000000000000000e+01 -2.250000000000000000e+02 1.030000000000000000e+02
1.700000000000000000e+01 -2.240000000000000000e+02 1.020000000000000000e+02
8.000000000000000000e+00 -2.180000000000000000e+02 1.060000000000000000e+02
1.300000000000000000e+01 -2.210000000000000000e+02 1.120000000000000000e+02
1.000000000000000000e+01 -2.230000000000000000e+02 1.080000000000000000e+02
1.800000000000000000e+01 -2.260000000000000000e+02 1.080000000000000000e+02
1.600000000000000000e+01 -2.240000000000000000e+02 1.090000000000000000e+02
1.200000000000000000e+01 -2.230000000000000000e+02 1.100000000000000000e+02
1.100000000000000000e+01 -2.240000000000000000e+02 1.080000000000000000e+02
1.100000000000000000e+01 -2.200000000000000000e+02 1.070000000000000000e+02
1.500000000000000000e+01 -2.230000000000000000e+02 1.110000000000000000e+02
1.200000000000000000e+01 -2.240000000000000000e+02 1.050000000000000000e+02
1.300000000000000000e+01 -2.210000000000000000e+02 1.060000000000000000e+02
1.200000000000000000e+01 -2.240000000000000000e+02 1.100000000000000000e+02
1.300000000000000000e+01 -2.200000000000000000e+02 1.030000000000000000e+02
1.400000000000000000e+01 -2.200000000000000000e+02 1.060000000000000000e+02
1.200000000000000000e+01 -2.200000000000000000e+02 1.080000000000000000e+02
1.700000000000000000e+01 -2.240000000000000000e+02 1.010000000000000000e+02
1.600000000000000000e+01 -2.220000000000000000e+02 1.060000000000000000e+02
1.300000000000000000e+01 -2.240000000000000000e+02 1.050000000000000000e+02
1.500000000000000000e+01 -2.270000000000000000e+02 1.050000000000000000e+02
1.300000000000000000e+01 -2.220000000000000000e+02 1.100000000000000000e+02
1.400000000000000000e+01 -2.250000000000000000e+02 1.120000000000000000e+02
1.500000000000000000e+01 -2.210000000000000000e+02 1.040000000000000000e+02
1.400000000000000000e+01 -2.240000000000000000e+02 1.060000000000000000e+02
1.500000000000000000e+01 -2.210000000000000000e+02 1.040000000000000000e+02
1.500000000000000000e+01 -2.240000000000000000e+02 1.030000000000000000e+02
1.400000000000000000e+01 -2.230000000000000000e+02 1.040000000000000000e+02
1.300000000000000000e+01 -2.240000000000000000e+02 1.040000000000000000e+02
1.300000000000000000e+01 -2.220000000000000000e+02 1.040000000000000000e+02
1.700000000000000000e+01 -2.280000000000000000e+02 1.010000000000000000e+02
1.500000000000000000e+01 -2.230000000000000000e+02 1.090000000000000000e+02
1.400000000000000000e+01 -2.220000000000000000e+02 1.100000000000000000e+02
1.100000000000000000e+01 -2.230000000000000000e+02 1.030000000000000000e+02
1.200000000000000000e+01 -2.210000000000000000e+02 1.090000000000000000e+02
1.300000000000000000e+01 -2.220000000000000000e+02 1.060000000000000000e+02
1.000000000000000000e+01 -2.220000000000000000e+02 1.050000000000000000e+02
1.700000000000000000e+01 -2.230000000000000000e+02 1.030000000000000000e+02
1.300000000000000000e+01 -2.210000000000000000e+02 1.060000000000000000e+02
1.400000000000000000e+01 -2.240000000000000000e+02 1.060000000000000000e+02
1.100000000000000000e+01 -2.250000000000000000e+02 1.030000000000000000e+02
1.400000000000000000e+01 -2.250000000000000000e+02 1.100000000000000000e+02
1.400000000000000000e+01 -2.220000000000000000e+02 1.040000000000000000e+02
1.200000000000000000e+01 -2.230000000000000000e+02 1.040000000000000000e+02
1.400000000000000000e+01 -2.220000000000000000e+02 1.060000000000000000e+02
1.400000000000000000e+01 -2.250000000000000000e+02 1.030000000000000000e+02
1.300000000000000000e+01 -2.220000000000000000e+02 1.070000000000000000e+02
1.300000000000000000e+01 -2.220000000000000000e+02 1.050000000000000000e+02
1.400000000000000000e+01 -2.220000000000000000e+02 1.050000000000000000e+02
1.300000000000000000e+01 -2.260000000000000000e+02 1.070000000000000000e+02
1.500000000000000000e+01 -2.240000000000000000e+02 1.080000000000000000e+02
1.200000000000000000e+01 -2.270000000000000000e+02 1.070000000000000000e+02
1.100000000000000000e+01 -2.210000000000000000e+02 1.030000000000000000e+02
1.500000000000000000e+01 -2.270000000000000000e+02 1.070000000000000000e+02
1.200000000000000000e+01 -2.210000000000000000e+02 1.080000000000000000e+02
1.100000000000000000e+01 -2.230000000000000000e+02 1.070000000000000000e+02
1.300000000000000000e+01 -2.250000000000000000e+02 1.010000000000000000e+02
1.300000000000000000e+01 -2.220000000000000000e+02 1.060000000000000000e+02
1.300000000000000000e+01 -2.240000000000000000e+02 1.050000000000000000e+02
1.100000000000000000e+01 -2.240000000000000000e+02 1.060000000000000000e+02
1.500000000000000000e+01 -2.280000000000000000e+02 1.040000000000000000e+02
1.300000000000000000e+01 -2.220000000000000000e+02 1.050000000000000000e+02
1.400000000000000000e+01 -2.230000000000000000e+02 1.050000000000000000e+02
1.300000000000000000e+01 -2.210000000000000000e+02 1.060000000000000000e+02
1.400000000000000000e+01 -2.200000000000000000e+02 1.060000000000000000e+02
1.500000000000000000e+01 -2.210000000000000000e+02 1.060000000000000000e+02
1.500000000000000000e+01 -2.220000000000000000e+02 1.050000000000000000e+02
1.200000000000000000e+01 -2.240000000000000000e+02 1.090000000000000000e+02
1.100000000000000000e+01 -2.210000000000000000e+02 1.070000000000000000e+02
1.300000000000000000e+01 -2.220000000000000000e+02 1.100000000000000000e+02
1.200000000000000000e+01 -2.210000000000000000e+02 1.080000000000000000e+02
9.000000000000000000e+00 -2.230000000000000000e+02 1.050000000000000000e+02
1.400000000000000000e+01 -2.230000000000000000e+02 1.050000000000000000e+02
1.700000000000000000e+01 -2.240000000000000000e+02 1.060000000000000000e+02
1.500000000000000000e+01 -2.210000000000000000e+02 1.090000000000000000e+02
1.000000000000000000e+01 -2.250000000000000000e+02 1.120000000000000000e+02
9.000000000000000000e+00 -2.200000000000000000e+02 1.070000000000000000e+02
1.200000000000000000e+01 -2.220000000000000000e+02 1.040000000000000000e+02
1.300000000000000000e+01 -2.240000000000000000e+02 1.080000000000000000e+02
9.000000000000000000e+00 -2.240000000000000000e+02 1.090000000000000000e+02
1.200000000000000000e+01 -2.170000000000000000e+02 1.050000000000000000e+02
1.700000000000000000e+01 -2.220000000000000000e+02 1.040000000000000000e+02
1.900000000000000000e+01 -2.260000000000000000e+02 1.060000000000000000e+02
1.200000000000000000e+01 -2.280000000000000000e+02 1.050000000000000000e+02
1.300000000000000000e+01 -2.240000000000000000e+02 1.060000000000000000e+02
1.200000000000000000e+01 -2.240000000000000000e+02 1.080000000000000000e+02
1.500000000000000000e+01 -2.300000000000000000e+02 1.000000000000000000e+02
1.600000000000000000e+01 -2.240000000000000000e+02 1.030000000000000000e+02
1.400000000000000000e+01 -2.270000000000000000e+02 1.030000000000000000e+02
1.700000000000000000e+01 -2.280000000000000000e+02 1.040000000000000000e+02
1.200000000000000000e+01 -2.250000000000000000e+02 1.040000000000000000e+02
1.300000000000000000e+01 -2.220000000000000000e+02 1.070000000000000000e+02
1.300000000000000000e+01 -2.270000000000000000e+02 1.060000000000000000e+02
1.600000000000000000e+01 -2.230000000000000000e+02 1.120000000000000000e+02
1.500000000000000000e+01 -2.220000000000000000e+02 1.040000000000000000e+02
1.000000000000000000e+01 -2.250000000000000000e+02 1.080000000000000000e+02
1.400000000000000000e+01 -2.260000000000000000e+02 1.040000000000000000e+02
1.000000000000000000e+01 -2.210000000000000000e+02 1.040000000000000000e+02
1.400000000000000000e+01 -2.220000000000000000e+02 1.090000000000000000e+02
1.400000000000000000e+01 -2.220000000000000000e+02 1.040000000000000000e+02
1.500000000000000000e+01 -2.220000000000000000e+02 1.050000000000000000e+02
1.500000000000000000e+01 -2.210000000000000000e+02 1.050000000000000000e+02
1.300000000000000000e+01 -2.190000000000000000e+02 1.070000000000000000e+02
1.100000000000000000e+01 -2.230000000000000000e+02 1.060000000000000000e+02
1.300000000000000000e+01 -2.230000000000000000e+02 1.050000000000000000e+02
1.200000000000000000e+01 -2.190000000000000000e+02 1.010000000000000000e+02
9.000000000000000000e+00 -2.250000000000000000e+02 1.030000000000000000e+02
1.500000000000000000e+01 -2.220000000000000000e+02 1.070000000000000000e+02
1.300000000000000000e+01 -2.210000000000000000e+02 1.030000000000000000e+02
1.400000000000000000e+01 -2.240000000000000000e+02 1.060000000000000000e+02
1.600000000000000000e+01 -2.210000000000000000e+02 1.050000000000000000e+02
1.300000000000000000e+01 -2.180000000000000000e+02 1.100000000000000000e+02
1.100000000000000000e+01 -2.260000000000000000e+02 1.070000000000000000e+02
1.000000000000000000e+01 -2.230000000000000000e+02 1.100000000000000000e+02
1.100000000000000000e+01 -2.230000000000000000e+02 1.080000000000000000e+02
1.700000000000000000e+01 -2.220000000000000000e+02 1.090000000000000000e+02
1.200000000000000000e+01 -2.220000000000000000e+02 1.060000000000000000e+02
1.400000000000000000e+01 -2.220000000000000000e+02 1.060000000000000000e+02
1.200000000000000000e+01 -2.240000000000000000e+02 1.080000000000000000e+02
1.700000000000000000e+01 -2.220000000000000000e+02 1.080000000000000000e+02
1.300000000000000000e+01 -2.220000000000000000e+02 1.070000000000000000e+02
1.500000000000000000e+01 -2.250000000000000000e+02 1.030000000000000000e+02
9.000000000000000000e+00 -2.150000000000000000e+02 1.110000000000000000e+02
1.300000000000000000e+01 -2.160000000000000000e+02 1.060000000000000000e+02
1.500000000000000000e+01 -2.240000000000000000e+02 1.060000000000000000e+02
1.500000000000000000e+01 -2.180000000000000000e+02 1.020000000000000000e+02
1.200000000000000000e+01 -2.230000000000000000e+02 1.110000000000000000e+02
1.500000000000000000e+01 -2.190000000000000000e+02 1.100000000000000000e+02
1.400000000000000000e+01 -2.260000000000000000e+02 1.060000000000000000e+02
1.000000000000000000e+01 -2.220000000000000000e+02 1.040000000000000000e+02
1.100000000000000000e+01 -2.240000000000000000e+02 1.060000000000000000e+02
1.600000000000000000e+01 -2.220000000000000000e+02 1.060000000000000000e+02
1.800000000000000000e+01 -2.220000000000000000e+02 1.050000000000000000e+02
1.300000000000000000e+01 -2.220000000000000000e+02 1.080000000000000000e+02
1.400000000000000000e+01 -2.230000000000000000e+02 1.020000000000000000e+02
1.000000000000000000e+01 -2.220000000000000000e+02 1.070000000000000000e+02
1.000000000000000000e+01 -2.230000000000000000e+02 1.060000000000000000e+02
1.100000000000000000e+01 -2.240000000000000000e+02 1.030000000000000000e+02
1.100000000000000000e+01 -2.200000000000000000e+02 1.080000000000000000e+02
1.400000000000000000e+01 -2.210000000000000000e+02 1.020000000000000000e+02
1.600000000000000000e+01 -2.220000000000000000e+02 1.060000000000000000e+02
1.100000000000000000e+01 -2.250000000000000000e+02 1.070000000000000000e+02
1.100000000000000000e+01 -2.230000000000000000e+02 1.080000000000000000e+02
1.300000000000000000e+01 -2.240000000000000000e+02 1.070000000000000000e+02
1.100000000000000000e+01 -2.220000000000000000e+02 1.020000000000000000e+02
1.400000000000000000e+01 -2.230000000000000000e+02 1.060000000000000000e+02
1.400000000000000000e+01 -2.230000000000000000e+02 1.080000000000000000e+02
1.200000000000000000e+01 -2.210000000000000000e+02 1.030000000000000000e+02
1.400000000000000000e+01 -2.240000000000000000e+02 1.110000000000000000e+02
