1.600000000000000000e+01 -2.140000000000000000e+02 1.170000000000000000e+02
1.100000000000000000e+01 -2.160000000000000000e+02 1.180000000000000000e+02
1.100000000000000000e+01 -2.160000000000000000e+02 1.170000000000000000e+02
1.000000000000000000e+01 -2.140000000000000000e+02 1.210000000000000000e+02
7.000000000000000000e+00 -2.190000000000000000e+02 1.190000000000000000e+02
1.000000000000000000e+01 -2.140000000000000000e+02 1.160000000000000000e+02
1.000000000000000000e+01 -2.150000000000000000e+02 1.190000000000000000e+02
1.200000000000000000e+01 -2.190000000000000000e+02 1.190000000000000000e+02
1.000000000000000000e+01 -2.170000000000000000e+02 1.220000000000000000e+02
1.300000000000000000e+01 -2.170000000000000000e+02 1.180000000000000000e+02
1.400000000000000000e+01 -2.170000000000000000e+02 1.240000000000000000e+02
1.300000000000000000e+01 -2.180000000000000000e+02 1.190000000000000000e+02
1.300000000000000000e+01 -2.190000000000000000e+02 1.170000000000000000e+02
1.300000000000000000e+01 -2.200000000000000000e+02 1.210000000000000000e+02
1.200000000000000000e+01 -2.160000000000000000e+02 1.220000000000000000e+02
1.300000000000000000e+01 -2.190000000000000000e+02 1.240000000000000000e+02
1.000000000000000000e+01 -2.170000000000000000e+02 1.220000000000000000e+02
1.000000000000000000e+01 -2.150000000000000000e+02 1.150000000000000000e+02
1.000000000000000000e+01 -2.170000000000000000e+02 1.180000000000000000e+02
9.000000000000000000e+00 -2.150000000000000000e+02 1.160000000000000000e+02
1.200000000000000000e+01 -2.130000000000000000e+02 1.170000000000000000e+02
1.100000000000000000e+01 -2.150000000000000000e+02 1.180000000000000000e+02
1.000000000000000000e+01 -2.160000000000000000e+02 1.190000000000000000e+02
1.000000000000000000e+01 -2.180000000000000000e+02 1.200000000000000000e+02
1.300000000000000000e+01 -2.140000000000000000e+02 1.190000000000000000e+02
8.000000000000000000e+00 -2.270000000000000000e+02 1.100000000000000000e+02
9.000000000000000000e+00 -2.150000000000000000e+02 1.190000000000000000e+02
1.200000000000000000e+01 -2.160000000000000000e+02 1.180000000000000000e+02
9.000000000000000000e+00 -2.160000000000000000e+02 1.200000000000000000e+02
1.300000000000000000e+01 -2.180000000000000000e+02 1.170000000000000000e+02
1.200000000000000000e+01 -2.120000000000000000e+02 1.170000000000000000e+02
1.200000000000000000e+01 -2.150000000000000000e+02 1.210000000000000000e+02
8.000000000000000000e+00 -2.170000000000000000e+02 1.180000000000000000e+02
1.200000000000000000e+01 -2.170000000000000000e+02 1.160000000000000000e+02
1.200000000000000000e+01 -2.140000000000000000e+02 1.180000000000000000e+02
1.000000000000000000e+01 -2.160000000000000000e+02 1.210000000000000000e+02
1.100000000000000000e+01 -2.190000000000000000e+02 1.150000000000000000e+02
1.200000000000000000e+01 -2.170000000000000000e+02 1.190000000000000000e+02
9.000000000000000000e+00 -2.170000000000000000e+02 1.180000000000000000e+02
1.200000000000000000e+01 -2.170000000000000000e+02 1.210000000000000000e+02
1.300000000000000000e+01 -2.200000000000000000e+02 1.150000000000000000e+02
1.300000000000000000e+01 -2.160000000000000000e+02 1.190000000000000000e+02
1.400000000000000000e+01 -2.180000000000000000e+02 1.130000000000000000e+02
1.200000000000000000e+01 -2.180000000000000000e+02 1.180000000000000000e+02
1.300000000000000000e+01 -2.200000000000000000e+02 1.180000000000000000e+02
8.000000000000000000e+00 -2.130000000000000000e+02 1.190000000000000000e+02
1.000000000000000000e+01 -2.150000000000000000e+02 1.190000000000000000e+02
1.100000000000000000e+01 -2.170000000000000000e+02 1.180000000000000000e+02
1.100000000000000000e+01 -2.180000000000000000e+02 1.200000000000000000e+02
1.100000000000000000e+01 -2.180000000000000000e+02 1.350000000000000000e+02
1.200000000000000000e+01 -2.170000000000000000e+02 1.240000000000000000e+02
1.200000000000000000e+01 -2.130000000000000000e+02 1.170000000000000000e+02
1.200000000000000000e+01 -2.130000000000000000e+02 1.210000000000000000e+02
1.300000000000000000e+01 -2.140000000000000000e+02 1.270000000000000000e+02
1.300000000000000000e+01 -2.130000000000000000e+02 1.230000000000000000e+02
1.500000000000000000e+01 -2.140000000000000000e+02 1.210000000000000000e+02
1.200000000000000000e+01 -2.150000000000000000e+02 1.230000000000000000e+02
1.000000000000000000e+01 -2.040000000000000000e+02 1.250000000000000000e+02
7.000000000000000000e+00 -2.030000000000000000e+02 1.260000000000000000e+02
1.400000000000000000e+01 -2.110000000000000000e+02 1.160000000000000000e+02
4.000000000000000000e+00 -2.060000000000000000e+02 1.160000000000000000e+02
2.700000000000000000e+01 -2.270000000000000000e+02 1.160000000000000000e+02
2.000000000000000000e+00 -2.090000000000000000e+02 1.480000000000000000e+02
1.900000000000000000e+01 -2.530000000000000000e+02 1.340000000000000000e+02
2.000000000000000000e+00 -2.770000000000000000e+02 9.000000000000000000e+01
4.400000000000000000e+01 -3.190000000000000000e+02 5.600000000000000000e+01
5.000000000000000000e+00 -2.870000000000000000e+02 5.300000000000000000e+01
6.000000000000000000e+00 -2.940000000000000000e+02 4.100000000000000000e+01
1.900000000000000000e+01 -3.040000000000000000e+02 1.400000000000000000e+01
1.300000000000000000e+01 -2.640000000000000000e+02 0.000000000000000000e+00
1.300000000000000000e+01 -2.560000000000000000e+02 0.000000000000000000e+00
7.000000000000000000e+00 -2.230000000000000000e+02 -5.000000000000000000e+00
1.300000000000000000e+01 -1.890000000000000000e+02 -3.500000000000000000e+01
1.100000000000000000e+01 -1.730000000000000000e+02 -5.100000000000000000e+01
7.000000000000000000e+00 -1.740000000000000000e+02 -4.600000000000000000e+01
1.000000000000000000e+00 -1.530000000000000000e+02 -6.300000000000000000e+01
-1.500000000000000000e+01 -9.700000000000000000e+01 -6.700000000000000000e+01
3.800000000000000000e+01 -8.000000000000000000e+01 -7.400000000000000000e+01
2.100000000000000000e+01 -6.700000000000000000e+01 -4.400000000000000000e+01
-2.700000000000000000e+01 -2.440000000000000000e+02 -6.200000000000000000e+01
1.000000000000000000e+01 -4.040000000000000000e+02 5.500000000000000000e+01
-7.800000000000000000e+01 -3.350000000000000000e+02 2.800000000000000000e+02
-1.000000000000000000e+02 -5.300000000000000000e+02 3.400000000000000000e+01
3.100000000000000000e+01 -1.300000000000000000e+01 1.070000000000000000e+02
1.260000000000000000e+02 -2.850000000000000000e+02 1.620000000000000000e+02
7.100000000000000000e+01 -2.260000000000000000e+02 1.230000000000000000e+02
1.000000000000000000e+01 -1.860000000000000000e+02 1.240000000000000000e+02
1.000000000000000000e+00 -2.170000000000000000e+02 1.250000000000000000e+02
2.200000000000000000e+01 -2.010000000000000000e+02 1.530000000000000000e+02
1.600000000000000000e+01 -1.960000000000000000e+02 1.710000000000000000e+02
-1.300000000000000000e+01 -1.890000000000000000e+02 1.390000000000000000e+02
9.000000000000000000e+00 -1.950000000000000000e+02 1.410000000000000000e+02
5.000000000000000000e+00 -2.040000000000000000e+02 1.410000000000000000e+02
1.200000000000000000e+01 -1.960000000000000000e+02 1.300000000000000000e+02
1.500000000000000000e+01 -2.080000000000000000e+02 1.370000000000000000e+02
5.000000000000000000e+00 -2.020000000000000000e+02 1.380000000000000000e+02
9.000000000000000000e+00 -1.990000000000000000e+02 1.410000000000000000e+02
6.000000000000000000e+00 -2.000000000000000000e+02 1.460000000000000000e+02
1.100000000000000000e+01 -1.960000000000000000e+02 1.440000000000000000e+02
7.000000000000000000e+00 -2.020000000000000000e+02 1.390000000000000000e+02
8.000000000000000000e+00 -2.090000000000000000e+02 1.320000000000000000e+02
9.000000000000000000e+00 -2.030000000000000000e+02 1.360000000000000000e+02
7.000000000000000000e+00 -2.050000000000000000e+02 1.380000000000000000e+02
5.000000000000000000e+00 -2.070000000000000000e+02 1.320000000000000000e+02
1.500000000000000000e+01 -2.070000000000000000e+02 1.390000000000000000e+02
1.000000000000000000e+01 -2.040000000000000000e+02 1.330000000000000000e+02
8.000000000000000000e+00 -2.010000000000000000e+02 1.330000000000000000e+02
1.300000000000000000e+01 -2.090000000000000000e+02 1.350000000000000000e+02
1.000000000000000000e+01 -2.090000000000000000e+02 1.350000000000000000e+02
1.000000000000000000e+00 -2.120000000000000000e+02 1.260000000000000000e+02
5.000000000000000000e+00 -2.060000000000000000e+02 1.270000000000000000e+02
7.000000000000000000e+00 -2.110000000000000000e+02 1.280000000000000000e+02
1.200000000000000000e+01 -2.100000000000000000e+02 1.270000000000000000e+02
1.100000000000000000e+01 -2.050000000000000000e+02 1.300000000000000000e+02
1.100000000000000000e+01 -2.140000000000000000e+02 1.240000000000000000e+02
9.000000000000000000e+00 -2.100000000000000000e+02 1.280000000000000000e+02
6.000000000000000000e+00 -2.140000000000000000e+02 1.330000000000000000e+02
6.000000000000000000e+00 -2.100000000000000000e+02 1.290000000000000000e+02
8.000000000000000000e+00 -2.080000000000000000e+02 1.360000000000000000e+02
1.800000000000000000e+01 -2.010000000000000000e+02 1.380000000000000000e+02
1.100000000000000000e+01 -2.120000000000000000e+02 1.240000000000000000e+02
4.000000000000000000e+00 -2.170000000000000000e+02 1.230000000000000000e+02
1.000000000000000000e+01 -2.180000000000000000e+02 1.240000000000000000e+02
1.100000000000000000e+01 -2.140000000000000000e+02 1.220000000000000000e+02
1.200000000000000000e+01 -2.130000000000000000e+02 1.280000000000000000e+02
1.100000000000000000e+01 -2.120000000000000000e+02 1.230000000000000000e+02
1.100000000000000000e+01 -2.110000000000000000e+02 1.270000000000000000e+02
1.000000000000000000e+01 -2.120000000000000000e+02 1.270000000000000000e+02
1.100000000000000000e+01 -2.130000000000000000e+02 1.270000000000000000e+02
7.000000000000000000e+00 -2.120000000000000000e+02 1.210000000000000000e+02
1.100000000000000000e+01 -2.090000000000000000e+02 1.250000000000000000e+02
1.100000000000000000e+01 -2.120000000000000000e+02 1.290000000000000000e+02
9.000000000000000000e+00 -2.100000000000000000e+02 1.260000000000000000e+02
1.000000000000000000e+01 -2.110000000000000000e+02 1.250000000000000000e+02
9.000000000000000000e+00 -2.120000000000000000e+02 1.240000000000000000e+02
1.000000000000000000e+01 -2.170000000000000000e+02 1.260000000000000000e+02
1.000000000000000000e+01 -2.130000000000000000e+02 1.270000000000000000e+02
1.000000000000000000e+01 -2.120000000000000000e+02 1.250000000000000000e+02
9.000000000000000000e+00 -2.140000000000000000e+02 1.250000000000000000e+02
9.000000000000000000e+00 -2.130000000000000000e+02 1.270000000000000000e+02
1.000000000000000000e+01 -2.150000000000000000e+02 1.280000000000000000e+02
1.000000000000000000e+01 -2.090000000000000000e+02 1.280000000000000000e+02
1.000000000000000000e+01 -2.100000000000000000e+02 1.260000000000000000e+02
1.200000000000000000e+01 -2.110000000000000000e+02 1.230000000000000000e+02
1.200000000000000000e+01 -2.130000000000000000e+02 1.250000000000000000e+02
9.000000000000000000e+00 -2.090000000000000000e+02 1.260000000000000000e+02
1.300000000000000000e+01 -2.110000000000000000e+02 1.240000000000000000e+02
1.100000000000000000e+01 -2.130000000000000000e+02 1.240000000000000000e+02
1.100000000000000000e+01 -2.110000000000000000e+02 1.230000000000000000e+02
1.100000000000000000e+01 -2.130000000000000000e+02 1.230000000000000000e+02
8.000000000000000000e+00 -2.090000000000000000e+02 1.250000000000000000e+02
9.000000000000000000e+00 -2.090000000000000000e+02 1.280000000000000000e+02
1.200000000000000000e+01 -2.120000000000000000e+02 1.290000000000000000e+02
1.400000000000000000e+01 -2.110000000000000000e+02 1.230000000000000000e+02
1.000000000000000000e+01 -2.090000000000000000e+02 1.280000000000000000e+02
9.000000000000000000e+00 -2.100000000000000000e+02 1.230000000000000000e+02
1.200000000000000000e+01 -2.120000000000000000e+02 1.280000000000000000e+02
1.300000000000000000e+01 -2.120000000000000000e+02 1.260000000000000000e+02
1.000000000000000000e+01 -2.110000000000000000e+02 1.290000000000000000e+02
1.100000000000000000e+01 -2.120000000000000000e+02 1.250000000000000000e+02
1.100000000000000000e+01 -2.110000000000000000e+02 1.290000000000000000e+02
9.000000000000000000e+00 -2.100000000000000000e+02 1.300000000000000000e+02
1.700000000000000000e+01 -2.050000000000000000e+02 1.270000000000000000e+02
1.200000000000000000e+01 -2.110000000000000000e+02 1.240000000000000000e+02
1.300000000000000000e+01 -2.130000000000000000e+02 1.260000000000000000e+02
1.300000000000000000e+01 -2.100000000000000000e+02 1.290000000000000000e+02
1.300000000000000000e+01 -2.110000000000000000e+02 1.260000000000000000e+02
1.000000000000000000e+01 -2.110000000000000000e+02 1.280000000000000000e+02
1.100000000000000000e+01 -2.140000000000000000e+02 1.270000000000000000e+02
9.000000000000000000e+00 -2.090000000000000000e+02 1.230000000000000000e+02
1.000000000000000000e+01 -2.110000000000000000e+02 1.230000000000000000e+02
1.000000000000000000e+01 -2.120000000000000000e+02 1.230000000000000000e+02
1.000000000000000000e+01 -2.080000000000000000e+02 1.260000000000000000e+02
1.300000000000000000e+01 -2.120000000000000000e+02 1.270000000000000000e+02
9.000000000000000000e+00 -2.110000000000000000e+02 1.260000000000000000e+02
7.000000000000000000e+00 -2.120000000000000000e+02 1.240000000000000000e+02
9.000000000000000000e+00 -2.130000000000000000e+02 1.240000000000000000e+02
8.000000000000000000e+00 -2.090000000000000000e+02 1.280000000000000000e+02
9.000000000000000000e+00 -2.150000000000000000e+02 1.260000000000000000e+02
1.100000000000000000e+01 -2.100000000000000000e+02 1.260000000000000000e+02
1.100000000000000000e+01 -2.120000000000000000e+02 1.260000000000000000e+02
1.000000000000000000e+01 -2.120000000000000000e+02 1.280000000000000000e+02
1.000000000000000000e+01 -2.120000000000000000e+02 1.280000000000000000e+02
1.300000000000000000e+01 -2.100000000000000000e+02 1.290000000000000000e+02
1.100000000000000000e+01 -2.100000000000000000e+02 1.270000000000000000e+02
1.500000000000000000e+01 -2.140000000000000000e+02 1.270000000000000000e+02
1.200000000000000000e+01 -2.170000000000000000e+02 1.330000000000000000e+02
1.100000000000000000e+01 -2.110000000000000000e+02 1.300000000000000000e+02
9.000000000000000000e+00 -2.080000000000000000e+02 1.280000000000000000e+02
1.100000000000000000e+01 -2.140000000000000000e+02 1.240000000000000000e+02
1.000000000000000000e+01 -2.140000000000000000e+02 1.280000000000000000e+02
1.000000000000000000e+01 -2.110000000000000000e+02 1.270000000000000000e+02
1.100000000000000000e+01 -2.130000000000000000e+02 1.280000000000000000e+02
1.000000000000000000e+01 -2.070000000000000000e+02 1.250000000000000000e+02
1.200000000000000000e+01 -2.130000000000000000e+02 1.280000000000000000e+02
8.000000000000000000e+00 -2.100000000000000000e+02 1.310000000000000000e+02
9.000000000000000000e+00 -2.110000000000000000e+02 1.270000000000000000e+02
9.000000000000000000e+00 -2.110000000000000000e+02 1.260000000000000000e+02
9.000000000000000000e+00 -2.080000000000000000e+02 1.290000000000000000e+02
1.000000000000000000e+01 -2.160000000000000000e+02 1.290000000000000000e+02
