5.000000000000000000e+00 -2.260000000000000000e+02 1.110000000000000000e+02
5.000000000000000000e+00 -2.270000000000000000e+02 1.110000000000000000e+02
8.000000000000000000e+00 -2.280000000000000000e+02 1.160000000000000000e+02
8.000000000000000000e+00 -2.260000000000000000e+02 1.150000000000000000e+02
7.000000000000000000e+00 -2.280000000000000000e+02 1.120000000000000000e+02
7.000000000000000000e+00 -2.260000000000000000e+02 1.170000000000000000e+02
4.000000000000000000e+00 -2.260000000000000000e+02 1.130000000000000000e+02
9.000000000000000000e+00 -2.240000000000000000e+02 1.110000000000000000e+02
8.000000000000000000e+00 -2.280000000000000000e+02 1.110000000000000000e+02
1.000000000000000000e+01 -2.310000000000000000e+02 1.100000000000000000e+02
8.000000000000000000e+00 -2.280000000000000000e+02 1.080000000000000000e+02
9.000000000000000000e+00 -2.290000000000000000e+02 1.080000000000000000e+02
7.000000000000000000e+00 -2.210000000000000000e+02 1.100000000000000000e+02
6.000000000000000000e+00 -2.280000000000000000e+02 1.110000000000000000e+02
8.000000000000000000e+00 -2.280000000000000000e+02 1.100000000000000000e+02
6.000000000000000000e+00 -2.320000000000000000e+02 1.100000000000000000e+02
7.000000000000000000e+00 -2.300000000000000000e+02 1.110000000000000000e+02
8.000000000000000000e+00 -2.250000000000000000e+02 1.070000000000000000e+02
6.000000000000000000e+00 -2.040000000000000000e+02 1.090000000000000000e+02
7.000000000000000000e+00 -2.230000000000000000e+02 1.080000000000000000e+02
9.000000000000000000e+00 -2.400000000000000000e+02 1.220000000000000000e+02
8.000000000000000000e+00 -2.330000000000000000e+02 1.100000000000000000e+02
6.000000000000000000e+00 -2.310000000000000000e+02 1.080000000000000000e+02
8.000000000000000000e+00 -2.300000000000000000e+02 1.040000000000000000e+02
6.000000000000000000e+00 -2.320000000000000000e+02 1.070000000000000000e+02
9.000000000000000000e+00 -2.290000000000000000e+02 1.050000000000000000e+02
3.000000000000000000e+00 -2.310000000000000000e+02 1.050000000000000000e+02
1.000000000000000000e+01 -2.340000000000000000e+02 1.050000000000000000e+02
1.000000000000000000e+01 -2.290000000000000000e+02 1.090000000000000000e+02
5.000000000000000000e+00 -2.290000000000000000e+02 1.080000000000000000e+02
6.000000000000000000e+00 -2.290000000000000000e+02 1.100000000000000000e+02
8.000000000000000000e+00 -2.310000000000000000e+02 1.070000000000000000e+02
1.400000000000000000e+01 -2.320000000000000000e+02 1.110000000000000000e+02
8.000000000000000000e+00 -2.260000000000000000e+02 1.130000000000000000e+02
7.000000000000000000e+00 -2.260000000000000000e+02 1.090000000000000000e+02
5.000000000000000000e+00 -2.270000000000000000e+02 1.120000000000000000e+02
6.000000000000000000e+00 -2.270000000000000000e+02 1.180000000000000000e+02
8.000000000000000000e+00 -2.270000000000000000e+02 1.150000000000000000e+02
6.000000000000000000e+00 -2.270000000000000000e+02 1.130000000000000000e+02
7.000000000000000000e+00 -2.270000000000000000e+02 1.100000000000000000e+02
6.000000000000000000e+00 -2.290000000000000000e+02 1.110000000000000000e+02
8.000000000000000000e+00 -2.310000000000000000e+02 1.080000000000000000e+02
8.000000000000000000e+00 -2.270000000000000000e+02 1.080000000000000000e+02
8.000000000000000000e+00 -2.310000000000000000e+02 1.090000000000000000e+02
8.000000000000000000e+00 -2.300000000000000000e+02 1.050000000000000000e+02
1.100000000000000000e+01 -2.320000000000000000e+02 1.080000000000000000e+02
6.000000000000000000e+00 -2.270000000000000000e+02 1.020000000000000000e+02
6.000000000000000000e+00 -2.330000000000000000e+02 1.040000000000000000e+02
9.000000000000000000e+00 -2.330000000000000000e+02 1.020000000000000000e+02
9.000000000000000000e+00 -2.330000000000000000e+02 1.040000000000000000e+02
9.000000000000000000e+00 -2.320000000000000000e+02 1.040000000000000000e+02
9.000000000000000000e+00 -2.320000000000000000e+02 1.000000000000000000e+02
1.000000000000000000e+01 -2.360000000000000000e+02 9.600000000000000000e+01
8.000000000000000000e+00 -2.360000000000000000e+02 9.000000000000000000e+01
9.000000000000000000e+00 -2.330000000000000000e+02 8.400000000000000000e+01
6.000000000000000000e+00 -2.400000000000000000e+02 8.200000000000000000e+01
7.000000000000000000e+00 -2.380000000000000000e+02 7.800000000000000000e+01
3.000000000000000000e+00 -2.380000000000000000e+02 6.900000000000000000e+01
1.000000000000000000e+00 -2.400000000000000000e+02 7.000000000000000000e+01
-5.000000000000000000e+00 -2.450000000000000000e+02 5.500000000000000000e+01
1.000000000000000000e+00 -2.440000000000000000e+02 5.000000000000000000e+01
8.000000000000000000e+00 -2.490000000000000000e+02 4.200000000000000000e+01
1.000000000000000000e+01 -2.430000000000000000e+02 3.000000000000000000e+01
9.000000000000000000e+00 -2.520000000000000000e+02 1.800000000000000000e+01
2.000000000000000000e+00 -2.490000000000000000e+02 8.000000000000000000e+00
-3.000000000000000000e+00 -2.470000000000000000e+02 -7.000000000000000000e+00
-4.000000000000000000e+00 -2.880000000000000000e+02 -1.800000000000000000e+01
-6.000000000000000000e+00 -2.900000000000000000e+02 -6.400000000000000000e+01
-1.500000000000000000e+01 -2.960000000000000000e+02 -1.100000000000000000e+02
-2.500000000000000000e+01 -2.700000000000000000e+02 -1.100000000000000000e+02
-1.400000000000000000e+01 -2.250000000000000000e+02 -9.400000000000000000e+01
-1.200000000000000000e+01 -2.150000000000000000e+02 -1.020000000000000000e+02
-9.000000000000000000e+00 -2.160000000000000000e+02 -1.150000000000000000e+02
-1.100000000000000000e+01 -2.090000000000000000e+02 -1.170000000000000000e+02
-2.000000000000000000e+01 -2.140000000000000000e+02 -1.170000000000000000e+02
-1.700000000000000000e+01 -2.210000000000000000e+02 -1.080000000000000000e+02
-1.300000000000000000e+01 -2.240000000000000000e+02 -9.600000000000000000e+01
-1.500000000000000000e+01 -2.260000000000000000e+02 -8.400000000000000000e+01
-1.200000000000000000e+01 -2.000000000000000000e+02 -8.700000000000000000e+01
-2.600000000000000000e+01 -2.030000000000000000e+02 -9.800000000000000000e+01
-3.100000000000000000e+01 -1.940000000000000000e+02 -8.600000000000000000e+01
-2.400000000000000000e+01 -1.500000000000000000e+02 -9.500000000000000000e+01
-2.000000000000000000e+01 -1.470000000000000000e+02 -9.600000000000000000e+01
-1.800000000000000000e+01 -1.860000000000000000e+02 -6.500000000000000000e+01
-2.000000000000000000e+00 -1.740000000000000000e+02 -1.000000000000000000e+01
-6.000000000000000000e+00 -2.040000000000000000e+02 7.900000000000000000e+01
4.300000000000000000e+01 -2.620000000000000000e+02 1.050000000000000000e+02
5.600000000000000000e+01 -7.510000000000000000e+02 -4.250000000000000000e+02
-3.000000000000000000e+00 -1.160000000000000000e+02 -1.570000000000000000e+02
3.400000000000000000e+01 -2.390000000000000000e+02 7.300000000000000000e+01
-3.000000000000000000e+00 -2.820000000000000000e+02 1.500000000000000000e+02
7.000000000000000000e+00 -2.110000000000000000e+02 1.620000000000000000e+02
2.900000000000000000e+01 -1.850000000000000000e+02 1.360000000000000000e+02
1.600000000000000000e+01 -2.190000000000000000e+02 1.150000000000000000e+02
1.500000000000000000e+01 -2.230000000000000000e+02 9.800000000000000000e+01
-6.000000000000000000e+00 -2.390000000000000000e+02 8.100000000000000000e+01
-2.400000000000000000e+01 -2.430000000000000000e+02 8.000000000000000000e+01
1.500000000000000000e+01 -2.560000000000000000e+02 1.140000000000000000e+02
-1.200000000000000000e+01 -2.040000000000000000e+02 1.040000000000000000e+02
1.000000000000000000e+01 -2.590000000000000000e+02 1.010000000000000000e+02
1.600000000000000000e+01 -2.210000000000000000e+02 8.600000000000000000e+01
2.600000000000000000e+01 -2.340000000000000000e+02 8.000000000000000000e+01
1.600000000000000000e+01 -2.470000000000000000e+02 9.600000000000000000e+01
-8.000000000000000000e+00 -2.390000000000000000e+02 1.140000000000000000e+02
5.000000000000000000e+00 -2.230000000000000000e+02 1.060000000000000000e+02
1.400000000000000000e+01 -2.250000000000000000e+02 1.160000000000000000e+02
1.800000000000000000e+01 -2.280000000000000000e+02 1.090000000000000000e+02
6.000000000000000000e+00 -2.280000000000000000e+02 1.090000000000000000e+02
5.000000000000000000e+00 -2.290000000000000000e+02 1.140000000000000000e+02
7.000000000000000000e+00 -2.310000000000000000e+02 1.120000000000000000e+02
0.000000000000000000e+00 -2.240000000000000000e+02 1.200000000000000000e+02
-4.000000000000000000e+00 -2.240000000000000000e+02 1.190000000000000000e+02
3.000000000000000000e+00 -2.250000000000000000e+02 1.210000000000000000e+02
1.000000000000000000e+00 -2.250000000000000000e+02 1.240000000000000000e+02
5.000000000000000000e+00 -2.250000000000000000e+02 1.220000000000000000e+02
4.000000000000000000e+00 -2.230000000000000000e+02 1.250000000000000000e+02
2.000000000000000000e+00 -2.250000000000000000e+02 1.190000000000000000e+02
3.000000000000000000e+00 -2.230000000000000000e+02 1.190000000000000000e+02
1.000000000000000000e+00 -2.240000000000000000e+02 1.220000000000000000e+02
-1.000000000000000000e+00 -2.250000000000000000e+02 1.230000000000000000e+02
3.000000000000000000e+00 -2.250000000000000000e+02 1.180000000000000000e+02
2.000000000000000000e+00 -2.260000000000000000e+02 1.210000000000000000e+02
2.000000000000000000e+00 -2.230000000000000000e+02 1.230000000000000000e+02
4.000000000000000000e+00 -2.240000000000000000e+02 1.210000000000000000e+02
3.000000000000000000e+00 -2.220000000000000000e+02 1.200000000000000000e+02
2.000000000000000000e+00 -2.240000000000000000e+02 1.240000000000000000e+02
1.000000000000000000e+00 -2.220000000000000000e+02 1.220000000000000000e+02
6.000000000000000000e+00 -2.230000000000000000e+02 1.230000000000000000e+02
5.000000000000000000e+00 -2.250000000000000000e+02 1.190000000000000000e+02
1.000000000000000000e+00 -2.220000000000000000e+02 1.220000000000000000e+02
2.000000000000000000e+00 -2.210000000000000000e+02 1.230000000000000000e+02
1.000000000000000000e+00 -2.200000000000000000e+02 1.230000000000000000e+02
-1.000000000000000000e+00 -2.260000000000000000e+02 1.210000000000000000e+02
5.000000000000000000e+00 -2.250000000000000000e+02 1.230000000000000000e+02
6.000000000000000000e+00 -2.270000000000000000e+02 1.170000000000000000e+02
5.000000000000000000e+00 -2.230000000000000000e+02 1.180000000000000000e+02
5.000000000000000000e+00 -2.210000000000000000e+02 1.210000000000000000e+02
5.000000000000000000e+00 -2.260000000000000000e+02 1.190000000000000000e+02
5.000000000000000000e+00 -2.240000000000000000e+02 1.210000000000000000e+02
7.000000000000000000e+00 -2.240000000000000000e+02 1.200000000000000000e+02
6.000000000000000000e+00 -2.270000000000000000e+02 1.170000000000000000e+02
4.000000000000000000e+00 -2.260000000000000000e+02 1.210000000000000000e+02
5.000000000000000000e+00 -2.220000000000000000e+02 1.170000000000000000e+02
6.000000000000000000e+00 -2.240000000000000000e+02 1.180000000000000000e+02
3.000000000000000000e+00 -2.260000000000000000e+02 1.180000000000000000e+02
3.000000000000000000e+00 -2.260000000000000000e+02 1.160000000000000000e+02
7.000000000000000000e+00 -2.250000000000000000e+02 1.170000000000000000e+02
4.000000000000000000e+00 -2.240000000000000000e+02 1.170000000000000000e+02
4.000000000000000000e+00 -2.260000000000000000e+02 1.160000000000000000e+02
4.000000000000000000e+00 -2.240000000000000000e+02 1.160000000000000000e+02
6.000000000000000000e+00 -2.270000000000000000e+02 1.160000000000000000e+02
6.000000000000000000e+00 -2.310000000000000000e+02 1.160000000000000000e+02
1.000000000000000000e+00 -2.290000000000000000e+02 1.100000000000000000e+02
5.000000000000000000e+00 -2.270000000000000000e+02 1.140000000000000000e+02
6.000000000000000000e+00 -2.340000000000000000e+02 1.080000000000000000e+02
5.000000000000000000e+00 -2.290000000000000000e+02 1.120000000000000000e+02
1.000000000000000000e+00 -2.280000000000000000e+02 1.120000000000000000e+02
6.000000000000000000e+00 -2.290000000000000000e+02 1.110000000000000000e+02
8.000000000000000000e+00 -2.280000000000000000e+02 1.130000000000000000e+02
6.000000000000000000e+00 -2.270000000000000000e+02 1.080000000000000000e+02
6.000000000000000000e+00 -2.280000000000000000e+02 1.110000000000000000e+02
4.000000000000000000e+00 -2.270000000000000000e+02 1.010000000000000000e+02
2.000000000000000000e+00 -2.260000000000000000e+02 1.130000000000000000e+02
8.000000000000000000e+00 -2.290000000000000000e+02 1.090000000000000000e+02
6.000000000000000000e+00 -2.330000000000000000e+02 1.060000000000000000e+02
7.000000000000000000e+00 -2.360000000000000000e+02 1.010000000000000000e+02
5.000000000000000000e+00 -2.350000000000000000e+02 9.500000000000000000e+01
6.000000000000000000e+00 -2.350000000000000000e+02 9.500000000000000000e+01
5.000000000000000000e+00 -2.340000000000000000e+02 9.700000000000000000e+01
3.000000000000000000e+00 -2.310000000000000000e+02 9.500000000000000000e+01
3.000000000000000000e+00 -2.320000000000000000e+02 9.600000000000000000e+01
7.000000000000000000e+00 -2.340000000000000000e+02 9.100000000000000000e+01
8.000000000000000000e+00 -2.330000000000000000e+02 9.400000000000000000e+01
5.000000000000000000e+00 -2.360000000000000000e+02 8.800000000000000000e+01
5.000000000000000000e+00 -2.360000000000000000e+02 8.800000000000000000e+01
1.500000000000000000e+01 -2.460000000000000000e+02 8.700000000000000000e+01
7.000000000000000000e+00 -2.370000000000000000e+02 7.800000000000000000e+01
7.000000000000000000e+00 -2.420000000000000000e+02 8.300000000000000000e+01
9.000000000000000000e+00 -2.400000000000000000e+02 7.700000000000000000e+01
1.000000000000000000e+01 -2.400000000000000000e+02 7.900000000000000000e+01
6.000000000000000000e+00 -2.390000000000000000e+02 7.900000000000000000e+01
7.000000000000000000e+00 -2.390000000000000000e+02 7.800000000000000000e+01
7.000000000000000000e+00 -2.440000000000000000e+02 7.700000000000000000e+01
6.000000000000000000e+00 -2.420000000000000000e+02 7.800000000000000000e+01
9.000000000000000000e+00 -2.390000000000000000e+02 7.300000000000000000e+01
1.000000000000000000e+01 -2.410000000000000000e+02 7.600000000000000000e+01
1.100000000000000000e+01 -2.400000000000000000e+02 7.900000000000000000e+01
1.000000000000000000e+01 -2.430000000000000000e+02 7.700000000000000000e+01
4.000000000000000000e+00 -2.400000000000000000e+02 7.500000000000000000e+01
7.000000000000000000e+00 -2.420000000000000000e+02 8.100000000000000000e+01
7.000000000000000000e+00 -2.410000000000000000e+02 7.700000000000000000e+01
8.000000000000000000e+00 -2.430000000000000000e+02 8.000000000000000000e+01
6.000000000000000000e+00 -2.390000000000000000e+02 7.500000000000000000e+01
9.000000000000000000e+00 -2.400000000000000000e+02 7.500000000000000000e+01
7.000000000000000000e+00 -2.440000000000000000e+02 7.500000000000000000e+01
1.300000000000000000e+01 -2.420000000000000000e+02 7.300000000000000000e+01
1.100000000000000000e+01 -2.420000000000000000e+02 7.900000000000000000e+01
1.100000000000000000e+01 -2.390000000000000000e+02 7.500000000000000000e+01
1.000000000000000000e+01 -2.390000000000000000e+02 8.100000000000000000e+01
7.000000000000000000e+00 -2.390000000000000000e+02 8.000000000000000000e+01
