3.000000000000000000e+00 -2.410000000000000000e+02 9.000000000000000000e+01
4.000000000000000000e+00 -2.380000000000000000e+02 8.600000000000000000e+01
3.000000000000000000e+00 -2.370000000000000000e+02 8.400000000000000000e+01
4.000000000000000000e+00 -2.380000000000000000e+02 8.600000000000000000e+01
0.000000000000000000e+00 -2.360000000000000000e+02 8.400000000000000000e+01
5.000000000000000000e+00 -2.390000000000000000e+02 8.600000000000000000e+01
1.000000000000000000e+01 -2.390000000000000000e+02 8.200000000000000000e+01
1.000000000000000000e+00 -2.370000000000000000e+02 8.200000000000000000e+01
0.000000000000000000e+00 -2.380000000000000000e+02 9.100000000000000000e+01
0.000000000000000000e+00 -2.350000000000000000e+02 8.400000000000000000e+01
4.000000000000000000e+00 -2.420000000000000000e+02 7.600000000000000000e+01
1.000000000000000000e+00 -2.470000000000000000e+02 7.800000000000000000e+01
2.000000000000000000e+00 -2.460000000000000000e+02 7.300000000000000000e+01
0.000000000000000000e+00 -2.440000000000000000e+02 7.100000000000000000e+01
0.000000000000000000e+00 -2.450000000000000000e+02 7.500000000000000000e+01
1.000000000000000000e+00 -2.460000000000000000e+02 7.500000000000000000e+01
1.000000000000000000e+00 -2.460000000000000000e+02 7.400000000000000000e+01
0.000000000000000000e+00 -2.420000000000000000e+02 7.200000000000000000e+01
-2.000000000000000000e+00 -2.410000000000000000e+02 6.800000000000000000e+01
3.000000000000000000e+00 -2.460000000000000000e+02 7.400000000000000000e+01
2.000000000000000000e+00 -2.440000000000000000e+02 7.500000000000000000e+01
0.000000000000000000e+00 -2.440000000000000000e+02 6.900000000000000000e+01
0.000000000000000000e+00 -2.450000000000000000e+02 7.400000000000000000e+01
0.000000000000000000e+00 -2.430000000000000000e+02 7.300000000000000000e+01
4.000000000000000000e+00 -2.410000000000000000e+02 7.200000000000000000e+01
1.000000000000000000e+00 -2.440000000000000000e+02 7.200000000000000000e+01
2.000000000000000000e+00 -2.420000000000000000e+02 7.900000000000000000e+01
2.000000000000000000e+00 -2.450000000000000000e+02 8.000000000000000000e+01
0.000000000000000000e+00 -2.380000000000000000e+02 7.700000000000000000e+01
1.000000000000000000e+00 -2.430000000000000000e+02 7.900000000000000000e+01
0.000000000000000000e+00 -2.390000000000000000e+02 7.900000000000000000e+01
0.000000000000000000e+00 -2.410000000000000000e+02 8.400000000000000000e+01
0.000000000000000000e+00 -2.410000000000000000e+02 8.400000000000000000e+01
0.000000000000000000e+00 -2.400000000000000000e+02 7.700000000000000000e+01
2.000000000000000000e+00 -2.410000000000000000e+02 8.200000000000000000e+01
5.000000000000000000e+00 -2.440000000000000000e+02 8.000000000000000000e+01
1.000000000000000000e+00 -2.430000000000000000e+02 7.900000000000000000e+01
2.000000000000000000e+00 -2.350000000000000000e+02 8.200000000000000000e+01
1.000000000000000000e+00 -2.440000000000000000e+02 8.000000000000000000e+01
0.000000000000000000e+00 -2.420000000000000000e+02 8.100000000000000000e+01
3.000000000000000000e+00 -2.430000000000000000e+02 7.900000000000000000e+01
0.000000000000000000e+00 -2.420000000000000000e+02 8.000000000000000000e+01
0.000000000000000000e+00 -2.460000000000000000e+02 7.700000000000000000e+01
0.000000000000000000e+00 -2.420000000000000000e+02 7.100000000000000000e+01
0.000000000000000000e+00 -2.420000000000000000e+02 7.500000000000000000e+01
1.000000000000000000e+00 -2.460000000000000000e+02 7.400000000000000000e+01
0.000000000000000000e+00 -2.420000000000000000e+02 7.100000000000000000e+01
2.000000000000000000e+00 -2.440000000000000000e+02 7.600000000000000000e+01
-1.000000000000000000e+00 -2.430000000000000000e+02 7.300000000000000000e+01
2.000000000000000000e+00 -2.430000000000000000e+02 7.800000000000000000e+01
1.000000000000000000e+00 -2.420000000000000000e+02 7.600000000000000000e+01
1.000000000000000000e+00 -2.410000000000000000e+02 7.600000000000000000e+01
2.000000000000000000e+00 -2.420000000000000000e+02 7.600000000000000000e+01
2.000000000000000000e+00 -2.410000000000000000e+02 7.800000000000000000e+01
0.000000000000000000e+00 -2.430000000000000000e+02 7.700000000000000000e+01
0.000000000000000000e+00 -2.420000000000000000e+02 7.600000000000000000e+01
-2.000000000000000000e+00 -2.440000000000000000e+02 7.400000000000000000e+01
5.000000000000000000e+00 -2.430000000000000000e+02 7.500000000000000000e+01
6.000000000000000000e+00 -2.430000000000000000e+02 7.700000000000000000e+01
6.000000000000000000e+00 -2.400000000000000000e+02 8.300000000000000000e+01
0.000000000000000000e+00 -2.390000000000000000e+02 8.200000000000000000e+01
0.000000000000000000e+00 -2.410000000000000000e+02 8.200000000000000000e+01
1.000000000000000000e+00 -2.380000000000000000e+02 8.000000000000000000e+01
3.000000000000000000e+00 -2.390000000000000000e+02 8.700000000000000000e+01
3.000000000000000000e+00 -2.350000000000000000e+02 8.600000000000000000e+01
1.000000000000000000e+00 -2.430000000000000000e+02 8.400000000000000000e+01
2.000000000000000000e+00 -2.430000000000000000e+02 8.500000000000000000e+01
1.000000000000000000e+00 -2.420000000000000000e+02 8.000000000000000000e+01
2.000000000000000000e+00 -2.370000000000000000e+02 8.000000000000000000e+01
6.000000000000000000e+00 -2.420000000000000000e+02 8.100000000000000000e+01
2.000000000000000000e+00 -2.380000000000000000e+02 8.000000000000000000e+01
0.000000000000000000e+00 -2.420000000000000000e+02 7.800000000000000000e+01
0.000000000000000000e+00 -2.380000000000000000e+02 8.300000000000000000e+01
1.000000000000000000e+00 -2.400000000000000000e+02 8.400000000000000000e+01
6.000000000000000000e+00 -2.350000000000000000e+02 8.400000000000000000e+01
4.000000000000000000e+00 -2.450000000000000000e+02 8.300000000000000000e+01
1.000000000000000000e+00 -2.400000000000000000e+02 7.700000000000000000e+01
1.000000000000000000e+00 -2.370000000000000000e+02 8.400000000000000000e+01
2.000000000000000000e+00 -2.470000000000000000e+02 8.000000000000000000e+01
1.000000000000000000e+00 -2.430000000000000000e+02 7.400000000000000000e+01
1.000000000000000000e+00 -2.390000000000000000e+02 8.500000000000000000e+01
2.000000000000000000e+00 -2.410000000000000000e+02 8.100000000000000000e+01
0.000000000000000000e+00 -2.410000000000000000e+02 7.900000000000000000e+01
1.000000000000000000e+00 -2.460000000000000000e+02 7.500000000000000000e+01
1.000000000000000000e+00 -2.420000000000000000e+02 7.900000000000000000e+01
-2.000000000000000000e+00 -2.360000000000000000e+02 7.900000000000000000e+01
3.000000000000000000e+00 -2.410000000000000000e+02 7.500000000000000000e+01
0.000000000000000000e+00 -2.460000000000000000e+02 7.600000000000000000e+01
3.000000000000000000e+00 -2.460000000000000000e+02 7.500000000000000000e+01
1.000000000000000000e+00 -2.400000000000000000e+02 7.900000000000000000e+01
0.000000000000000000e+00 -2.430000000000000000e+02 7.900000000000000000e+01
1.000000000000000000e+00 -2.460000000000000000e+02 7.700000000000000000e+01
1.000000000000000000e+00 -2.390000000000000000e+02 7.800000000000000000e+01
5.000000000000000000e+00 -2.430000000000000000e+02 7.800000000000000000e+01
4.000000000000000000e+00 -2.400000000000000000e+02 8.000000000000000000e+01
0.000000000000000000e+00 -2.380000000000000000e+02 8.000000000000000000e+01
0.000000000000000000e+00 -2.410000000000000000e+02 7.900000000000000000e+01
1.000000000000000000e+00 -2.420000000000000000e+02 8.600000000000000000e+01
3.000000000000000000e+00 -2.390000000000000000e+02 8.500000000000000000e+01
1.000000000000000000e+00 -2.400000000000000000e+02 8.400000000000000000e+01
0.000000000000000000e+00 -2.380000000000000000e+02 8.600000000000000000e+01
3.000000000000000000e+00 -2.380000000000000000e+02 8.000000000000000000e+01
3.000000000000000000e+00 -2.400000000000000000e+02 8.400000000000000000e+01
0.000000000000000000e+00 -2.390000000000000000e+02 8.100000000000000000e+01
1.000000000000000000e+00 -2.370000000000000000e+02 8.300000000000000000e+01
1.000000000000000000e+00 -2.400000000000000000e+02 8.200000000000000000e+01
1.000000000000000000e+00 -2.400000000000000000e+02 8.100000000000000000e+01
0.000000000000000000e+00 -2.400000000000000000e+02 8.600000000000000000e+01
1.000000000000000000e+00 -2.410000000000000000e+02 8.100000000000000000e+01
0.000000000000000000e+00 -2.340000000000000000e+02 8.100000000000000000e+01
1.000000000000000000e+00 -2.430000000000000000e+02 7.800000000000000000e+01
1.000000000000000000e+00 -2.390000000000000000e+02 8.200000000000000000e+01
0.000000000000000000e+00 -2.410000000000000000e+02 7.600000000000000000e+01
1.000000000000000000e+00 -2.440000000000000000e+02 7.800000000000000000e+01
2.000000000000000000e+00 -2.430000000000000000e+02 7.400000000000000000e+01
1.000000000000000000e+00 -2.420000000000000000e+02 7.800000000000000000e+01
0.000000000000000000e+00 -2.370000000000000000e+02 7.800000000000000000e+01
1.000000000000000000e+00 -2.420000000000000000e+02 7.800000000000000000e+01
3.000000000000000000e+00 -2.440000000000000000e+02 7.800000000000000000e+01
1.000000000000000000e+00 -2.400000000000000000e+02 7.900000000000000000e+01
1.000000000000000000e+00 -2.410000000000000000e+02 7.800000000000000000e+01
4.000000000000000000e+00 -2.370000000000000000e+02 7.100000000000000000e+01
3.000000000000000000e+00 -2.200000000000000000e+02 5.500000000000000000e+01
1.000000000000000000e+00 -2.360000000000000000e+02 5.500000000000000000e+01
0.000000000000000000e+00 -2.390000000000000000e+02 4.700000000000000000e+01
6.000000000000000000e+00 -2.400000000000000000e+02 2.900000000000000000e+01
3.000000000000000000e+00 -2.570000000000000000e+02 2.500000000000000000e+01
-3.000000000000000000e+00 -3.690000000000000000e+02 -1.100000000000000000e+01
-1.300000000000000000e+01 -3.610000000000000000e+02 -2.500000000000000000e+01
3.000000000000000000e+00 -3.140000000000000000e+02 -7.600000000000000000e+01
-9.000000000000000000e+00 -2.860000000000000000e+02 -7.900000000000000000e+01
-1.100000000000000000e+01 -2.710000000000000000e+02 -1.030000000000000000e+02
-7.000000000000000000e+00 -2.570000000000000000e+02 -8.900000000000000000e+01
-1.200000000000000000e+01 -2.250000000000000000e+02 -8.200000000000000000e+01
4.000000000000000000e+00 -2.110000000000000000e+02 -5.900000000000000000e+01
-1.500000000000000000e+01 -1.860000000000000000e+02 -5.700000000000000000e+01
-1.200000000000000000e+01 -1.690000000000000000e+02 -9.000000000000000000e+01
-2.000000000000000000e+00 -1.400000000000000000e+02 -8.500000000000000000e+01
-1.000000000000000000e+00 -1.910000000000000000e+02 -8.100000000000000000e+01
-1.700000000000000000e+01 -1.020000000000000000e+02 -9.200000000000000000e+01
3.500000000000000000e+01 -1.400000000000000000e+02 -7.300000000000000000e+01
1.900000000000000000e+01 -1.800000000000000000e+02 -6.800000000000000000e+01
-2.700000000000000000e+01 -2.760000000000000000e+02 -3.400000000000000000e+01
-1.200000000000000000e+01 -2.700000000000000000e+02 -3.900000000000000000e+01
1.000000000000000000e+00 -6.430000000000000000e+02 3.210000000000000000e+02
2.300000000000000000e+01 -6.190000000000000000e+02 -5.800000000000000000e+01
1.000000000000000000e+01 3.340000000000000000e+02 1.270000000000000000e+02
-3.500000000000000000e+01 -4.510000000000000000e+02 1.750000000000000000e+02
5.000000000000000000e+00 -2.030000000000000000e+02 1.030000000000000000e+02
1.500000000000000000e+01 -1.570000000000000000e+02 1.060000000000000000e+02
4.700000000000000000e+01 -2.870000000000000000e+02 2.670000000000000000e+02
1.000000000000000000e+01 -2.240000000000000000e+02 4.500000000000000000e+01
-8.000000000000000000e+00 -2.360000000000000000e+02 8.400000000000000000e+01
-1.500000000000000000e+01 -2.560000000000000000e+02 7.000000000000000000e+01
-6.000000000000000000e+00 -2.310000000000000000e+02 8.900000000000000000e+01
3.000000000000000000e+00 -2.230000000000000000e+02 8.900000000000000000e+01
0.000000000000000000e+00 -2.450000000000000000e+02 7.900000000000000000e+01
0.000000000000000000e+00 -2.430000000000000000e+02 7.400000000000000000e+01
-1.000000000000000000e+00 -2.390000000000000000e+02 9.500000000000000000e+01
7.000000000000000000e+00 -2.480000000000000000e+02 7.700000000000000000e+01
-1.300000000000000000e+01 -2.470000000000000000e+02 6.500000000000000000e+01
1.000000000000000000e+00 -2.400000000000000000e+02 7.000000000000000000e+01
0.000000000000000000e+00 -2.450000000000000000e+02 6.600000000000000000e+01
1.000000000000000000e+00 -2.420000000000000000e+02 6.600000000000000000e+01
2.000000000000000000e+00 -2.450000000000000000e+02 7.300000000000000000e+01
2.000000000000000000e+00 -2.490000000000000000e+02 7.800000000000000000e+01
3.000000000000000000e+00 -2.410000000000000000e+02 7.300000000000000000e+01
0.000000000000000000e+00 -2.430000000000000000e+02 6.900000000000000000e+01
-2.000000000000000000e+00 -2.410000000000000000e+02 7.500000000000000000e+01
3.000000000000000000e+00 -2.450000000000000000e+02 7.500000000000000000e+01
2.000000000000000000e+00 -2.450000000000000000e+02 7.400000000000000000e+01
1.000000000000000000e+00 -2.400000000000000000e+02 7.600000000000000000e+01
1.000000000000000000e+00 -2.470000000000000000e+02 7.800000000000000000e+01
2.000000000000000000e+00 -2.400000000000000000e+02 8.600000000000000000e+01
2.000000000000000000e+00 -2.340000000000000000e+02 8.600000000000000000e+01
1.000000000000000000e+00 -2.430000000000000000e+02 8.400000000000000000e+01
3.000000000000000000e+00 -2.390000000000000000e+02 7.600000000000000000e+01
-1.000000000000000000e+00 -2.430000000000000000e+02 8.200000000000000000e+01
0.000000000000000000e+00 -2.390000000000000000e+02 8.500000000000000000e+01
2.000000000000000000e+00 -2.420000000000000000e+02 8.500000000000000000e+01
0.000000000000000000e+00 -2.380000000000000000e+02 8.500000000000000000e+01
0.000000000000000000e+00 -2.450000000000000000e+02 8.700000000000000000e+01
0.000000000000000000e+00 -2.380000000000000000e+02 8.000000000000000000e+01
1.000000000000000000e+00 -2.390000000000000000e+02 8.800000000000000000e+01
0.000000000000000000e+00 -2.350000000000000000e+02 9.300000000000000000e+01
2.000000000000000000e+00 -2.340000000000000000e+02 9.000000000000000000e+01
-1.000000000000000000e+00 -2.380000000000000000e+02 8.900000000000000000e+01
0.000000000000000000e+00 -2.370000000000000000e+02 8.600000000000000000e+01
0.000000000000000000e+00 -2.330000000000000000e+02 8.400000000000000000e+01
1.000000000000000000e+00 -2.410000000000000000e+02 8.800000000000000000e+01
2.000000000000000000e+00 -2.340000000000000000e+02 9.000000000000000000e+01
0.000000000000000000e+00 -2.440000000000000000e+02 8.900000000000000000e+01
2.000000000000000000e+00 -2.250000000000000000e+02 8.900000000000000000e+01
0.000000000000000000e+00 -2.460000000000000000e+02 9.300000000000000000e+01
-1.000000000000000000e+00 -2.270000000000000000e+02 8.800000000000000000e+01
-1.000000000000000000e+00 -2.380000000000000000e+02 9.100000000000000000e+01
7.000000000000000000e+00 -2.370000000000000000e+02 8.700000000000000000e+01
-1.000000000000000000e+01 -2.170000000000000000e+02 8.000000000000000000e+01
4.000000000000000000e+00 -2.410000000000000000e+02 9.600000000000000000e+01
3.000000000000000000e+00 -2.430000000000000000e+02 7.500000000000000000e+01
