1.800000000000000000e+01 -2.440000000000000000e+02 1.200000000000000000e+01
1.800000000000000000e+01 -2.440000000000000000e+02 1.300000000000000000e+01
1.900000000000000000e+01 -2.440000000000000000e+02 1.600000000000000000e+01
1.800000000000000000e+01 -2.420000000000000000e+02 1.700000000000000000e+01
1.200000000000000000e+01 -2.430000000000000000e+02 1.900000000000000000e+01
1.000000000000000000e+01 -2.460000000000000000e+02 1.200000000000000000e+01
1.900000000000000000e+01 -2.430000000000000000e+02 1.100000000000000000e+01
2.100000000000000000e+01 -2.450000000000000000e+02 1.300000000000000000e+01
2.100000000000000000e+01 -2.450000000000000000e+02 1.100000000000000000e+01
1.600000000000000000e+01 -2.450000000000000000e+02 1.200000000000000000e+01
1.600000000000000000e+01 -2.490000000000000000e+02 1.200000000000000000e+01
1.700000000000000000e+01 -2.500000000000000000e+02 1.200000000000000000e+01
2.100000000000000000e+01 -2.500000000000000000e+02 5.000000000000000000e+00
1.700000000000000000e+01 -2.450000000000000000e+02 1.200000000000000000e+01
1.700000000000000000e+01 -2.450000000000000000e+02 1.400000000000000000e+01
2.100000000000000000e+01 -2.460000000000000000e+02 1.500000000000000000e+01
1.800000000000000000e+01 -2.470000000000000000e+02 1.200000000000000000e+01
1.900000000000000000e+01 -2.460000000000000000e+02 1.200000000000000000e+01
2.200000000000000000e+01 -2.450000000000000000e+02 1.300000000000000000e+01
1.800000000000000000e+01 -2.470000000000000000e+02 1.200000000000000000e+01
1.600000000000000000e+01 -2.430000000000000000e+02 1.200000000000000000e+01
1.800000000000000000e+01 -2.490000000000000000e+02 1.200000000000000000e+01
1.500000000000000000e+01 -2.440000000000000000e+02 1.200000000000000000e+01
1.600000000000000000e+01 -2.440000000000000000e+02 1.300000000000000000e+01
1.800000000000000000e+01 -2.470000000000000000e+02 1.400000000000000000e+01
2.000000000000000000e+01 -2.490000000000000000e+02 1.400000000000000000e+01
2.000000000000000000e+01 -2.450000000000000000e+02 1.600000000000000000e+01
2.000000000000000000e+01 -2.430000000000000000e+02 1.600000000000000000e+01
2.100000000000000000e+01 -2.470000000000000000e+02 1.300000000000000000e+01
1.800000000000000000e+01 -2.470000000000000000e+02 1.300000000000000000e+01
1.400000000000000000e+01 -2.460000000000000000e+02 1.400000000000000000e+01
1.900000000000000000e+01 -2.450000000000000000e+02 1.700000000000000000e+01
1.500000000000000000e+01 -2.450000000000000000e+02 1.200000000000000000e+01
1.700000000000000000e+01 -2.440000000000000000e+02 1.300000000000000000e+01
1.700000000000000000e+01 -2.430000000000000000e+02 1.700000000000000000e+01
1.800000000000000000e+01 -2.470000000000000000e+02 1.600000000000000000e+01
1.700000000000000000e+01 -2.440000000000000000e+02 1.800000000000000000e+01
1.700000000000000000e+01 -2.440000000000000000e+02 1.700000000000000000e+01
2.000000000000000000e+01 -2.450000000000000000e+02 1.400000000000000000e+01
1.800000000000000000e+01 -2.450000000000000000e+02 1.300000000000000000e+01
1.600000000000000000e+01 -2.460000000000000000e+02 1.400000000000000000e+01
1.700000000000000000e+01 -2.440000000000000000e+02 1.500000000000000000e+01
1.700000000000000000e+01 -2.450000000000000000e+02 1.400000000000000000e+01
1.600000000000000000e+01 -2.460000000000000000e+02 1.300000000000000000e+01
1.700000000000000000e+01 -2.450000000000000000e+02 1.300000000000000000e+01
1.700000000000000000e+01 -2.460000000000000000e+02 1.400000000000000000e+01
1.900000000000000000e+01 -2.460000000000000000e+02 1.000000000000000000e+01
1.800000000000000000e+01 -2.450000000000000000e+02 1.200000000000000000e+01
2.000000000000000000e+01 -2.500000000000000000e+02 1.800000000000000000e+01
1.800000000000000000e+01 -2.450000000000000000e+02 1.100000000000000000e+01
2.100000000000000000e+01 -2.480000000000000000e+02 1.000000000000000000e+01
2.100000000000000000e+01 -2.450000000000000000e+02 1.300000000000000000e+01
1.600000000000000000e+01 -2.460000000000000000e+02 7.000000000000000000e+00
1.900000000000000000e+01 -2.450000000000000000e+02 1.300000000000000000e+01
1.600000000000000000e+01 -2.460000000000000000e+02 1.300000000000000000e+01
1.600000000000000000e+01 -2.440000000000000000e+02 1.300000000000000000e+01
1.600000000000000000e+01 -2.450000000000000000e+02 1.200000000000000000e+01
1.500000000000000000e+01 -2.440000000000000000e+02 1.300000000000000000e+01
1.800000000000000000e+01 -2.460000000000000000e+02 1.700000000000000000e+01
1.600000000000000000e+01 -2.440000000000000000e+02 1.200000000000000000e+01
1.200000000000000000e+01 -2.450000000000000000e+02 1.400000000000000000e+01
1.900000000000000000e+01 -2.440000000000000000e+02 1.400000000000000000e+01
1.800000000000000000e+01 -2.440000000000000000e+02 1.700000000000000000e+01
1.900000000000000000e+01 -2.490000000000000000e+02 1.200000000000000000e+01
1.600000000000000000e+01 -2.440000000000000000e+02 1.700000000000000000e+01
1.600000000000000000e+01 -2.420000000000000000e+02 2.000000000000000000e+01
1.800000000000000000e+01 -2.460000000000000000e+02 1.800000000000000000e+01
1.700000000000000000e+01 -2.430000000000000000e+02 1.500000000000000000e+01
1.500000000000000000e+01 -2.450000000000000000e+02 1.800000000000000000e+01
1.700000000000000000e+01 -2.420000000000000000e+02 1.400000000000000000e+01
1.700000000000000000e+01 -2.460000000000000000e+02 1.300000000000000000e+01
1.600000000000000000e+01 -2.440000000000000000e+02 1.800000000000000000e+01
1.400000000000000000e+01 -2.400000000000000000e+02 1.500000000000000000e+01
2.600000000000000000e+01 -2.450000000000000000e+02 1.700000000000000000e+01
1.500000000000000000e+01 -2.450000000000000000e+02 1.300000000000000000e+01
1.900000000000000000e+01 -2.430000000000000000e+02 1.700000000000000000e+01
2.200000000000000000e+01 -2.470000000000000000e+02 1.700000000000000000e+01
1.600000000000000000e+01 -2.450000000000000000e+02 1.400000000000000000e+01
1.600000000000000000e+01 -2.440000000000000000e+02 1.400000000000000000e+01
1.700000000000000000e+01 -2.430000000000000000e+02 1.600000000000000000e+01
1.700000000000000000e+01 -2.440000000000000000e+02 1.400000000000000000e+01
1.700000000000000000e+01 -2.460000000000000000e+02 1.700000000000000000e+01
1.700000000000000000e+01 -2.440000000000000000e+02 1.700000000000000000e+01
1.500000000000000000e+01 -2.430000000000000000e+02 1.600000000000000000e+01
1.800000000000000000e+01 -2.420000000000000000e+02 1.700000000000000000e+01
1.900000000000000000e+01 -2.450000000000000000e+02 1.600000000000000000e+01
1.600000000000000000e+01 -2.430000000000000000e+02 2.100000000000000000e+01
1.600000000000000000e+01 -2.430000000000000000e+02 1.400000000000000000e+01
1.400000000000000000e+01 -2.440000000000000000e+02 1.200000000000000000e+01
2.000000000000000000e+01 -2.430000000000000000e+02 1.600000000000000000e+01
1.700000000000000000e+01 -2.440000000000000000e+02 1.500000000000000000e+01
1.200000000000000000e+01 -2.400000000000000000e+02 1.200000000000000000e+01
1.300000000000000000e+01 -2.440000000000000000e+02 9.000000000000000000e+00
1.400000000000000000e+01 -2.420000000000000000e+02 -1.000000000000000000e+00
1.100000000000000000e+01 -2.450000000000000000e+02 -7.000000000000000000e+00
1.300000000000000000e+01 -2.440000000000000000e+02 -1.500000000000000000e+01
1.400000000000000000e+01 -2.490000000000000000e+02 -2.100000000000000000e+01
8.000000000000000000e+00 -2.450000000000000000e+02 -4.000000000000000000e+01
6.000000000000000000e+00 -2.540000000000000000e+02 -5.200000000000000000e+01
-4.000000000000000000e+00 -2.650000000000000000e+02 -6.800000000000000000e+01
3.000000000000000000e+01 -2.730000000000000000e+02 -7.800000000000000000e+01
1.100000000000000000e+01 -2.610000000000000000e+02 -1.110000000000000000e+02
1.000000000000000000e+01 -2.630000000000000000e+02 -1.510000000000000000e+02
1.000000000000000000e+00 -2.580000000000000000e+02 -1.740000000000000000e+02
6.000000000000000000e+00 -2.380000000000000000e+02 -1.800000000000000000e+02
4.000000000000000000e+00 -2.240000000000000000e+02 -1.690000000000000000e+02
1.000000000000000000e+00 -2.030000000000000000e+02 -1.740000000000000000e+02
7.000000000000000000e+00 -1.990000000000000000e+02 -1.460000000000000000e+02
9.000000000000000000e+00 -1.930000000000000000e+02 -1.490000000000000000e+02
5.000000000000000000e+00 -2.100000000000000000e+02 -1.650000000000000000e+02
5.000000000000000000e+00 -2.090000000000000000e+02 -1.590000000000000000e+02
8.000000000000000000e+00 -2.160000000000000000e+02 -1.560000000000000000e+02
2.000000000000000000e+01 -2.210000000000000000e+02 -1.560000000000000000e+02
1.800000000000000000e+01 -2.230000000000000000e+02 -1.390000000000000000e+02
2.000000000000000000e+01 -2.310000000000000000e+02 -1.290000000000000000e+02
2.000000000000000000e+01 -2.310000000000000000e+02 -1.300000000000000000e+02
1.800000000000000000e+01 -2.190000000000000000e+02 -1.250000000000000000e+02
2.100000000000000000e+01 -2.060000000000000000e+02 -1.230000000000000000e+02
2.200000000000000000e+01 -1.930000000000000000e+02 -1.370000000000000000e+02
2.000000000000000000e+01 -1.950000000000000000e+02 -1.420000000000000000e+02
1.600000000000000000e+01 -1.450000000000000000e+02 -1.490000000000000000e+02
1.100000000000000000e+01 -1.790000000000000000e+02 -1.340000000000000000e+02
9.000000000000000000e+00 -9.700000000000000000e+01 -1.280000000000000000e+02
5.000000000000000000e+00 -1.480000000000000000e+02 -9.700000000000000000e+01
-1.400000000000000000e+01 -1.470000000000000000e+02 -8.800000000000000000e+01
3.200000000000000000e+01 -2.400000000000000000e+02 -6.500000000000000000e+01
2.600000000000000000e+01 -4.030000000000000000e+02 7.000000000000000000e+01
-1.110000000000000000e+02 -1.100000000000000000e+03 -2.870000000000000000e+02
5.100000000000000000e+01 3.210000000000000000e+02 6.900000000000000000e+01
2.900000000000000000e+01 -3.530000000000000000e+02 5.400000000000000000e+01
-2.800000000000000000e+01 -2.630000000000000000e+02 6.500000000000000000e+01
2.300000000000000000e+01 -2.170000000000000000e+02 5.100000000000000000e+01
-6.000000000000000000e+00 -2.430000000000000000e+02 3.800000000000000000e+01
1.500000000000000000e+01 -2.390000000000000000e+02 3.200000000000000000e+01
-1.000000000000000000e+00 -2.350000000000000000e+02 2.500000000000000000e+01
1.900000000000000000e+01 -2.470000000000000000e+02 1.600000000000000000e+01
1.700000000000000000e+01 -2.430000000000000000e+02 2.500000000000000000e+01
1.000000000000000000e+01 -2.360000000000000000e+02 3.000000000000000000e+01
3.000000000000000000e+00 -2.380000000000000000e+02 2.600000000000000000e+01
8.000000000000000000e+00 -2.450000000000000000e+02 3.600000000000000000e+01
7.000000000000000000e+00 -2.410000000000000000e+02 3.800000000000000000e+01
1.600000000000000000e+01 -2.370000000000000000e+02 4.400000000000000000e+01
6.000000000000000000e+00 -2.350000000000000000e+02 4.100000000000000000e+01
1.200000000000000000e+01 -2.400000000000000000e+02 3.900000000000000000e+01
1.100000000000000000e+01 -2.380000000000000000e+02 2.900000000000000000e+01
1.500000000000000000e+01 -2.470000000000000000e+02 3.000000000000000000e+01
1.300000000000000000e+01 -2.430000000000000000e+02 3.000000000000000000e+01
1.400000000000000000e+01 -2.440000000000000000e+02 2.600000000000000000e+01
1.400000000000000000e+01 -2.440000000000000000e+02 2.100000000000000000e+01
1.400000000000000000e+01 -2.450000000000000000e+02 2.100000000000000000e+01
1.300000000000000000e+01 -2.460000000000000000e+02 1.900000000000000000e+01
1.400000000000000000e+01 -2.460000000000000000e+02 1.200000000000000000e+01
1.200000000000000000e+01 -2.450000000000000000e+02 1.700000000000000000e+01
1.300000000000000000e+01 -2.440000000000000000e+02 1.300000000000000000e+01
1.500000000000000000e+01 -2.470000000000000000e+02 1.200000000000000000e+01
1.400000000000000000e+01 -2.440000000000000000e+02 1.500000000000000000e+01
1.200000000000000000e+01 -2.420000000000000000e+02 1.300000000000000000e+01
1.900000000000000000e+01 -2.490000000000000000e+02 1.300000000000000000e+01
1.200000000000000000e+01 -2.460000000000000000e+02 1.400000000000000000e+01
1.300000000000000000e+01 -2.470000000000000000e+02 1.300000000000000000e+01
1.100000000000000000e+01 -2.430000000000000000e+02 1.600000000000000000e+01
1.200000000000000000e+01 -2.410000000000000000e+02 1.700000000000000000e+01
1.500000000000000000e+01 -2.480000000000000000e+02 2.000000000000000000e+01
1.700000000000000000e+01 -2.440000000000000000e+02 1.900000000000000000e+01
1.500000000000000000e+01 -2.450000000000000000e+02 1.900000000000000000e+01
9.000000000000000000e+00 -2.420000000000000000e+02 1.800000000000000000e+01
1.300000000000000000e+01 -2.440000000000000000e+02 1.900000000000000000e+01
1.500000000000000000e+01 -2.450000000000000000e+02 1.700000000000000000e+01
1.500000000000000000e+01 -2.440000000000000000e+02 1.900000000000000000e+01
1.500000000000000000e+01 -2.450000000000000000e+02 1.600000000000000000e+01
1.500000000000000000e+01 -2.440000000000000000e+02 2.300000000000000000e+01
1.500000000000000000e+01 -2.450000000000000000e+02 2.100000000000000000e+01
1.900000000000000000e+01 -2.430000000000000000e+02 2.400000000000000000e+01
1.300000000000000000e+01 -2.440000000000000000e+02 2.100000000000000000e+01
1.200000000000000000e+01 -2.410000000000000000e+02 2.600000000000000000e+01
1.400000000000000000e+01 -2.450000000000000000e+02 1.900000000000000000e+01
1.100000000000000000e+01 -2.440000000000000000e+02 2.100000000000000000e+01
1.000000000000000000e+01 -2.420000000000000000e+02 2.100000000000000000e+01
9.000000000000000000e+00 -2.400000000000000000e+02 2.300000000000000000e+01
9.000000000000000000e+00 -2.440000000000000000e+02 1.700000000000000000e+01
1.300000000000000000e+01 -2.440000000000000000e+02 2.400000000000000000e+01
1.200000000000000000e+01 -2.440000000000000000e+02 1.700000000000000000e+01
1.000000000000000000e+01 -2.440000000000000000e+02 1.900000000000000000e+01
1.100000000000000000e+01 -2.450000000000000000e+02 2.400000000000000000e+01
1.200000000000000000e+01 -2.450000000000000000e+02 1.700000000000000000e+01
1.400000000000000000e+01 -2.460000000000000000e+02 1.600000000000000000e+01
1.000000000000000000e+01 -2.430000000000000000e+02 1.600000000000000000e+01
1.400000000000000000e+01 -2.430000000000000000e+02 1.700000000000000000e+01
1.200000000000000000e+01 -2.450000000000000000e+02 1.400000000000000000e+01
1.200000000000000000e+01 -2.440000000000000000e+02 1.800000000000000000e+01
1.000000000000000000e+01 -2.420000000000000000e+02 1.900000000000000000e+01
1.000000000000000000e+01 -2.470000000000000000e+02 1.900000000000000000e+01
1.000000000000000000e+01 -2.440000000000000000e+02 1.700000000000000000e+01
1.400000000000000000e+01 -2.440000000000000000e+02 1.700000000000000000e+01
1.200000000000000000e+01 -2.450000000000000000e+02 2.100000000000000000e+01
1.400000000000000000e+01 -2.470000000000000000e+02 1.500000000000000000e+01
1.600000000000000000e+01 -2.420000000000000000e+02 1.500000000000000000e+01
1.600000000000000000e+01 -2.470000000000000000e+02 1.900000000000000000e+01
9.000000000000000000e+00 -2.450000000000000000e+02 1.300000000000000000e+01
1.200000000000000000e+01 -2.450000000000000000e+02 2.000000000000000000e+01
