-3.000000000000000000e+00 -2.640000000000000000e+02 4.000000000000000000e+00
-1.000000000000000000e+00 -2.630000000000000000e+02 4.000000000000000000e+00
-6.000000000000000000e+00 -2.610000000000000000e+02 2.000000000000000000e+00
-6.000000000000000000e+00 -2.640000000000000000e+02 0.000000000000000000e+00
-2.000000000000000000e+00 -2.610000000000000000e+02 2.000000000000000000e+00
-1.000000000000000000e+00 -2.610000000000000000e+02 3.000000000000000000e+00
-5.000000000000000000e+00 -2.630000000000000000e+02 0.000000000000000000e+00
-5.000000000000000000e+00 -2.620000000000000000e+02 4.000000000000000000e+00
-2.000000000000000000e+00 -2.650000000000000000e+02 3.000000000000000000e+00
-5.000000000000000000e+00 -2.630000000000000000e+02 4.000000000000000000e+00
-4.000000000000000000e+00 -2.630000000000000000e+02 2.000000000000000000e+00
-2.000000000000000000e+00 -2.650000000000000000e+02 -1.000000000000000000e+00
-4.000000000000000000e+00 -2.640000000000000000e+02 3.000000000000000000e+00
-5.000000000000000000e+00 -2.640000000000000000e+02 4.000000000000000000e+00
-4.000000000000000000e+00 -2.610000000000000000e+02 0.000000000000000000e+00
-4.000000000000000000e+00 -2.630000000000000000e+02 0.000000000000000000e+00
-2.000000000000000000e+00 -2.640000000000000000e+02 1.000000000000000000e+00
-4.000000000000000000e+00 -2.620000000000000000e+02 1.000000000000000000e+00
-2.000000000000000000e+00 -2.640000000000000000e+02 1.000000000000000000e+00
-3.000000000000000000e+00 -2.610000000000000000e+02 4.000000000000000000e+00
-3.000000000000000000e+00 -2.630000000000000000e+02 2.000000000000000000e+00
-3.000000000000000000e+00 -2.610000000000000000e+02 1.000000000000000000e+00
-4.000000000000000000e+00 -2.610000000000000000e+02 -1.000000000000000000e+00
-3.000000000000000000e+00 -2.650000000000000000e+02 3.000000000000000000e+00
-6.000000000000000000e+00 -2.660000000000000000e+02 0.000000000000000000e+00
-2.000000000000000000e+00 -2.600000000000000000e+02 0.000000000000000000e+00
-3.000000000000000000e+00 -2.630000000000000000e+02 3.000000000000000000e+00
-5.000000000000000000e+00 -2.660000000000000000e+02 -1.000000000000000000e+00
-5.000000000000000000e+00 -2.640000000000000000e+02 0.000000000000000000e+00
-3.000000000000000000e+00 -2.670000000000000000e+02 3.000000000000000000e+00
-1.000000000000000000e+00 -2.650000000000000000e+02 7.000000000000000000e+00
-3.000000000000000000e+00 -2.640000000000000000e+02 1.000000000000000000e+00
-3.000000000000000000e+00 -2.610000000000000000e+02 3.000000000000000000e+00
-2.000000000000000000e+00 -2.620000000000000000e+02 0.000000000000000000e+00
-4.000000000000000000e+00 -2.650000000000000000e+02 3.000000000000000000e+00
-3.000000000000000000e+00 -2.680000000000000000e+02 3.000000000000000000e+00
-4.000000000000000000e+00 -2.640000000000000000e+02 2.000000000000000000e+00
-6.000000000000000000e+00 -2.660000000000000000e+02 1.000000000000000000e+00
1.000000000000000000e+00 -2.690000000000000000e+02 3.000000000000000000e+00
-3.000000000000000000e+00 -2.660000000000000000e+02 1.000000000000000000e+00
0.000000000000000000e+00 -2.650000000000000000e+02 4.000000000000000000e+00
-2.000000000000000000e+00 -2.660000000000000000e+02 -2.000000000000000000e+00
-2.000000000000000000e+00 -2.630000000000000000e+02 0.000000000000000000e+00
2.000000000000000000e+00 -2.620000000000000000e+02 -2.000000000000000000e+00
1.000000000000000000e+00 -2.560000000000000000e+02 -8.000000000000000000e+00
2.000000000000000000e+00 -2.390000000000000000e+02 -1.300000000000000000e+01
2.000000000000000000e+00 -2.190000000000000000e+02 -1.100000000000000000e+01
-7.000000000000000000e+00 -2.170000000000000000e+02 -2.000000000000000000e+00
-6.000000000000000000e+00 -2.180000000000000000e+02 -3.000000000000000000e+00
2.000000000000000000e+01 -2.450000000000000000e+02 4.000000000000000000e+00
-1.400000000000000000e+01 -2.490000000000000000e+02 1.400000000000000000e+01
-7.000000000000000000e+00 -2.240000000000000000e+02 2.200000000000000000e+01
1.000000000000000000e+00 -2.210000000000000000e+02 1.200000000000000000e+01
-2.500000000000000000e+01 -2.620000000000000000e+02 1.200000000000000000e+01
2.200000000000000000e+01 -2.410000000000000000e+02 2.300000000000000000e+01
-3.000000000000000000e+01 -2.570000000000000000e+02 9.000000000000000000e+00
1.000000000000000000e+00 -2.620000000000000000e+02 2.300000000000000000e+01
-2.500000000000000000e+01 -2.530000000000000000e+02 1.800000000000000000e+01
-3.000000000000000000e+00 -2.500000000000000000e+02 2.800000000000000000e+01
-2.500000000000000000e+01 -2.330000000000000000e+02 2.900000000000000000e+01
0.000000000000000000e+00 -2.440000000000000000e+02 4.200000000000000000e+01
-3.400000000000000000e+01 -2.660000000000000000e+02 5.100000000000000000e+01
-1.100000000000000000e+01 -2.860000000000000000e+02 7.200000000000000000e+01
-2.700000000000000000e+01 -2.870000000000000000e+02 9.000000000000000000e+01
-3.100000000000000000e+01 -2.770000000000000000e+02 1.180000000000000000e+02
-1.800000000000000000e+01 -2.690000000000000000e+02 1.030000000000000000e+02
-1.400000000000000000e+01 -2.690000000000000000e+02 1.060000000000000000e+02
-1.900000000000000000e+01 -2.650000000000000000e+02 1.130000000000000000e+02
-1.800000000000000000e+01 -2.570000000000000000e+02 1.150000000000000000e+02
-2.100000000000000000e+01 -2.520000000000000000e+02 1.200000000000000000e+02
-1.700000000000000000e+01 -2.520000000000000000e+02 1.220000000000000000e+02
-1.100000000000000000e+01 -2.510000000000000000e+02 1.320000000000000000e+02
-1.800000000000000000e+01 -2.450000000000000000e+02 1.190000000000000000e+02
-1.600000000000000000e+01 -2.410000000000000000e+02 1.170000000000000000e+02
-8.000000000000000000e+00 -2.290000000000000000e+02 1.160000000000000000e+02
-8.000000000000000000e+00 -2.210000000000000000e+02 1.150000000000000000e+02
-8.000000000000000000e+00 -2.220000000000000000e+02 1.170000000000000000e+02
-1.300000000000000000e+01 -2.220000000000000000e+02 1.180000000000000000e+02
-1.300000000000000000e+01 -2.220000000000000000e+02 1.170000000000000000e+02
-8.000000000000000000e+00 -2.250000000000000000e+02 1.200000000000000000e+02
-8.000000000000000000e+00 -2.290000000000000000e+02 1.140000000000000000e+02
-4.000000000000000000e+00 -2.270000000000000000e+02 1.200000000000000000e+02
-4.000000000000000000e+00 -2.220000000000000000e+02 1.190000000000000000e+02
-6.000000000000000000e+00 -2.230000000000000000e+02 1.140000000000000000e+02
-7.000000000000000000e+00 -2.250000000000000000e+02 1.200000000000000000e+02
-7.000000000000000000e+00 -2.210000000000000000e+02 1.180000000000000000e+02
-6.000000000000000000e+00 -2.250000000000000000e+02 1.130000000000000000e+02
-7.000000000000000000e+00 -2.290000000000000000e+02 1.220000000000000000e+02
-1.000000000000000000e+00 -2.240000000000000000e+02 1.190000000000000000e+02
-4.000000000000000000e+00 -2.200000000000000000e+02 1.190000000000000000e+02
-7.000000000000000000e+00 -2.170000000000000000e+02 1.150000000000000000e+02
-6.000000000000000000e+00 -2.220000000000000000e+02 1.180000000000000000e+02
4.000000000000000000e+00 -2.210000000000000000e+02 1.170000000000000000e+02
2.000000000000000000e+00 -2.270000000000000000e+02 1.110000000000000000e+02
-2.000000000000000000e+00 -2.310000000000000000e+02 1.120000000000000000e+02
-5.000000000000000000e+00 -2.270000000000000000e+02 1.100000000000000000e+02
-3.000000000000000000e+00 -2.290000000000000000e+02 1.110000000000000000e+02
-2.000000000000000000e+00 -2.320000000000000000e+02 1.120000000000000000e+02
-4.000000000000000000e+00 -2.280000000000000000e+02 1.100000000000000000e+02
-8.000000000000000000e+00 -2.280000000000000000e+02 1.150000000000000000e+02
-8.000000000000000000e+00 -2.300000000000000000e+02 1.110000000000000000e+02
-3.000000000000000000e+00 -2.270000000000000000e+02 1.100000000000000000e+02
-5.000000000000000000e+00 -2.310000000000000000e+02 1.150000000000000000e+02
-1.000000000000000000e+01 -2.260000000000000000e+02 1.230000000000000000e+02
-4.000000000000000000e+00 -2.260000000000000000e+02 1.160000000000000000e+02
-5.000000000000000000e+00 -2.260000000000000000e+02 1.190000000000000000e+02
-7.000000000000000000e+00 -2.240000000000000000e+02 1.220000000000000000e+02
-8.000000000000000000e+00 -2.280000000000000000e+02 1.180000000000000000e+02
-3.000000000000000000e+00 -2.240000000000000000e+02 1.170000000000000000e+02
-1.000000000000000000e+00 -2.240000000000000000e+02 1.200000000000000000e+02
-3.000000000000000000e+00 -2.260000000000000000e+02 1.230000000000000000e+02
-4.000000000000000000e+00 -2.260000000000000000e+02 1.190000000000000000e+02
-2.000000000000000000e+00 -2.290000000000000000e+02 1.220000000000000000e+02
-4.000000000000000000e+00 -2.230000000000000000e+02 1.220000000000000000e+02
-1.000000000000000000e+00 -2.280000000000000000e+02 1.230000000000000000e+02
-4.000000000000000000e+00 -2.270000000000000000e+02 1.250000000000000000e+02
-3.000000000000000000e+00 -2.230000000000000000e+02 1.310000000000000000e+02
-6.000000000000000000e+00 -2.190000000000000000e+02 1.250000000000000000e+02
-4.000000000000000000e+00 -2.170000000000000000e+02 1.310000000000000000e+02
-3.000000000000000000e+00 -2.130000000000000000e+02 1.250000000000000000e+02
-5.000000000000000000e+00 -2.140000000000000000e+02 1.320000000000000000e+02
-6.000000000000000000e+00 -2.170000000000000000e+02 1.290000000000000000e+02
-5.000000000000000000e+00 -2.220000000000000000e+02 1.310000000000000000e+02
-6.000000000000000000e+00 -2.330000000000000000e+02 1.340000000000000000e+02
-5.000000000000000000e+00 -2.370000000000000000e+02 1.340000000000000000e+02
-1.000000000000000000e+00 -2.540000000000000000e+02 1.440000000000000000e+02
-7.000000000000000000e+00 -2.670000000000000000e+02 1.410000000000000000e+02
-9.000000000000000000e+00 -2.710000000000000000e+02 1.410000000000000000e+02
-1.100000000000000000e+01 -2.650000000000000000e+02 1.360000000000000000e+02
-1.800000000000000000e+01 -2.620000000000000000e+02 1.220000000000000000e+02
-2.000000000000000000e+01 -2.480000000000000000e+02 1.140000000000000000e+02
-1.900000000000000000e+01 -2.470000000000000000e+02 9.800000000000000000e+01
-1.600000000000000000e+01 -2.510000000000000000e+02 8.500000000000000000e+01
-8.000000000000000000e+00 -2.540000000000000000e+02 8.400000000000000000e+01
-2.100000000000000000e+01 -2.740000000000000000e+02 8.300000000000000000e+01
-1.600000000000000000e+01 -2.830000000000000000e+02 6.800000000000000000e+01
-2.400000000000000000e+01 -2.660000000000000000e+02 7.300000000000000000e+01
-1.800000000000000000e+01 -2.640000000000000000e+02 6.300000000000000000e+01
-7.000000000000000000e+00 -2.400000000000000000e+02 4.300000000000000000e+01
-5.000000000000000000e+00 -2.440000000000000000e+02 4.800000000000000000e+01
-8.000000000000000000e+00 -2.240000000000000000e+02 3.700000000000000000e+01
-4.000000000000000000e+00 -2.030000000000000000e+02 4.000000000000000000e+01
7.000000000000000000e+00 -2.070000000000000000e+02 2.800000000000000000e+01
8.000000000000000000e+00 -2.140000000000000000e+02 2.500000000000000000e+01
-7.000000000000000000e+00 -2.140000000000000000e+02 2.700000000000000000e+01
-1.000000000000000000e+00 -2.260000000000000000e+02 1.800000000000000000e+01
-5.000000000000000000e+00 -2.270000000000000000e+02 1.000000000000000000e+01
-6.000000000000000000e+00 -2.140000000000000000e+02 1.200000000000000000e+01
7.000000000000000000e+00 -2.510000000000000000e+02 1.500000000000000000e+01
-5.000000000000000000e+00 -2.380000000000000000e+02 1.800000000000000000e+01
1.100000000000000000e+01 -2.480000000000000000e+02 6.000000000000000000e+00
-3.000000000000000000e+00 -2.440000000000000000e+02 1.300000000000000000e+01
2.000000000000000000e+00 -2.540000000000000000e+02 1.400000000000000000e+01
-3.000000000000000000e+00 -2.600000000000000000e+02 1.400000000000000000e+01
1.000000000000000000e+00 -2.820000000000000000e+02 4.000000000000000000e+00
7.000000000000000000e+00 -2.830000000000000000e+02 6.000000000000000000e+00
0.000000000000000000e+00 -2.710000000000000000e+02 8.000000000000000000e+00
2.000000000000000000e+00 -2.510000000000000000e+02 4.000000000000000000e+00
-6.000000000000000000e+00 -2.630000000000000000e+02 7.000000000000000000e+00
-6.000000000000000000e+00 -2.680000000000000000e+02 1.200000000000000000e+01
-7.000000000000000000e+00 -2.700000000000000000e+02 1.200000000000000000e+01
-7.000000000000000000e+00 -2.630000000000000000e+02 1.700000000000000000e+01
-7.000000000000000000e+00 -2.560000000000000000e+02 1.300000000000000000e+01
-6.000000000000000000e+00 -2.570000000000000000e+02 2.000000000000000000e+01
-4.000000000000000000e+00 -2.650000000000000000e+02 1.900000000000000000e+01
-4.000000000000000000e+00 -2.590000000000000000e+02 1.900000000000000000e+01
0.000000000000000000e+00 -2.640000000000000000e+02 1.800000000000000000e+01
0.000000000000000000e+00 -2.590000000000000000e+02 2.700000000000000000e+01
-5.000000000000000000e+00 -2.600000000000000000e+02 2.100000000000000000e+01
-1.000000000000000000e+00 -2.620000000000000000e+02 2.300000000000000000e+01
-4.000000000000000000e+00 -2.580000000000000000e+02 2.000000000000000000e+01
-1.000000000000000000e+00 -2.630000000000000000e+02 2.400000000000000000e+01
-5.000000000000000000e+00 -2.590000000000000000e+02 2.300000000000000000e+01
-6.000000000000000000e+00 -2.570000000000000000e+02 2.100000000000000000e+01
-3.000000000000000000e+00 -2.620000000000000000e+02 2.000000000000000000e+01
-4.000000000000000000e+00 -2.620000000000000000e+02 2.100000000000000000e+01
-6.000000000000000000e+00 -2.630000000000000000e+02 1.500000000000000000e+01
-3.000000000000000000e+00 -2.660000000000000000e+02 1.700000000000000000e+01
-6.000000000000000000e+00 -2.680000000000000000e+02 1.200000000000000000e+01
-5.000000000000000000e+00 -2.590000000000000000e+02 1.200000000000000000e+01
-6.000000000000000000e+00 -2.590000000000000000e+02 1.300000000000000000e+01
-7.000000000000000000e+00 -2.600000000000000000e+02 1.300000000000000000e+01
-4.000000000000000000e+00 -2.650000000000000000e+02 1.200000000000000000e+01
-5.000000000000000000e+00 -2.640000000000000000e+02 1.000000000000000000e+01
-5.000000000000000000e+00 -2.620000000000000000e+02 1.200000000000000000e+01
-4.000000000000000000e+00 -2.590000000000000000e+02 1.200000000000000000e+01
-5.000000000000000000e+00 -2.600000000000000000e+02 1.200000000000000000e+01
-2.000000000000000000e+00 -2.620000000000000000e+02 1.300000000000000000e+01
-3.000000000000000000e+00 -2.660000000000000000e+02 1.100000000000000000e+01
-3.000000000000000000e+00 -2.640000000000000000e+02 1.400000000000000000e+01
-4.000000000000000000e+00 -2.630000000000000000e+02 1.200000000000000000e+01
-3.000000000000000000e+00 -2.650000000000000000e+02 1.300000000000000000e+01
-6.000000000000000000e+00 -2.560000000000000000e+02 1.400000000000000000e+01
-5.000000000000000000e+00 -2.630000000000000000e+02 1.500000000000000000e+01
-3.000000000000000000e+00 -2.600000000000000000e+02 1.300000000000000000e+01
-3.000000000000000000e+00 -2.630000000000000000e+02 1.200000000000000000e+01
-3.000000000000000000e+00 -2.630000000000000000e+02 1.300000000000000000e+01
-3.000000000000000000e+00 -2.630000000000000000e+02 1.300000000000000000e+01
-3.000000000000000000e+00 -2.610000000000000000e+02 1.400000000000000000e+01
-4.000000000000000000e+00 -2.610000000000000000e+02 1.700000000000000000e+01
