0.000000000000000000e+00 -2.650000000000000000e+02 5.400000000000000000e+01
0.000000000000000000e+00 -2.610000000000000000e+02 5.000000000000000000e+01
0.000000000000000000e+00 -2.630000000000000000e+02 5.400000000000000000e+01
-2.000000000000000000e+00 -2.630000000000000000e+02 5.400000000000000000e+01
-4.000000000000000000e+00 -2.590000000000000000e+02 4.800000000000000000e+01
0.000000000000000000e+00 -2.600000000000000000e+02 5.500000000000000000e+01
0.000000000000000000e+00 -2.630000000000000000e+02 5.300000000000000000e+01
0.000000000000000000e+00 -2.640000000000000000e+02 4.600000000000000000e+01
-2.000000000000000000e+00 -2.600000000000000000e+02 4.900000000000000000e+01
-1.000000000000000000e+00 -2.620000000000000000e+02 4.800000000000000000e+01
1.000000000000000000e+00 -2.630000000000000000e+02 4.900000000000000000e+01
-1.000000000000000000e+00 -2.570000000000000000e+02 5.100000000000000000e+01
0.000000000000000000e+00 -2.620000000000000000e+02 4.700000000000000000e+01
-2.000000000000000000e+00 -2.610000000000000000e+02 5.100000000000000000e+01
0.000000000000000000e+00 -2.600000000000000000e+02 4.500000000000000000e+01
-2.000000000000000000e+00 -2.650000000000000000e+02 4.800000000000000000e+01
-2.000000000000000000e+00 -2.610000000000000000e+02 4.700000000000000000e+01
-3.000000000000000000e+00 -2.600000000000000000e+02 4.700000000000000000e+01
-2.000000000000000000e+00 -2.610000000000000000e+02 4.800000000000000000e+01
-1.000000000000000000e+00 -2.610000000000000000e+02 5.000000000000000000e+01
0.000000000000000000e+00 -2.640000000000000000e+02 4.900000000000000000e+01
0.000000000000000000e+00 -2.620000000000000000e+02 4.600000000000000000e+01
0.000000000000000000e+00 -2.630000000000000000e+02 4.600000000000000000e+01
-1.000000000000000000e+00 -2.600000000000000000e+02 4.800000000000000000e+01
0.000000000000000000e+00 -2.580000000000000000e+02 4.800000000000000000e+01
0.000000000000000000e+00 -2.600000000000000000e+02 4.900000000000000000e+01
-3.000000000000000000e+00 -2.590000000000000000e+02 4.700000000000000000e+01
0.000000000000000000e+00 -2.610000000000000000e+02 4.500000000000000000e+01
1.000000000000000000e+00 -2.650000000000000000e+02 4.400000000000000000e+01
0.000000000000000000e+00 -2.610000000000000000e+02 4.400000000000000000e+01
-2.000000000000000000e+00 -2.590000000000000000e+02 4.100000000000000000e+01
-3.000000000000000000e+00 -2.640000000000000000e+02 4.000000000000000000e+01
-5.000000000000000000e+00 -2.660000000000000000e+02 3.700000000000000000e+01
1.000000000000000000e+00 -2.630000000000000000e+02 3.200000000000000000e+01
2.000000000000000000e+00 -2.650000000000000000e+02 3.000000000000000000e+01
4.000000000000000000e+00 -2.610000000000000000e+02 2.300000000000000000e+01
1.000000000000000000e+00 -2.700000000000000000e+02 3.100000000000000000e+01
1.000000000000000000e+00 -2.540000000000000000e+02 1.800000000000000000e+01
3.000000000000000000e+00 -2.890000000000000000e+02 2.600000000000000000e+01
4.000000000000000000e+00 -2.390000000000000000e+02 1.600000000000000000e+01
9.000000000000000000e+00 -2.830000000000000000e+02 1.000000000000000000e+01
5.000000000000000000e+00 -2.290000000000000000e+02 2.600000000000000000e+01
1.400000000000000000e+01 -2.960000000000000000e+02 -2.000000000000000000e+00
1.000000000000000000e+01 -2.400000000000000000e+02 3.800000000000000000e+01
-2.000000000000000000e+00 -2.680000000000000000e+02 -5.000000000000000000e+00
-1.300000000000000000e+01 -2.490000000000000000e+02 2.600000000000000000e+01
-1.600000000000000000e+01 -2.620000000000000000e+02 -1.700000000000000000e+01
1.600000000000000000e+01 -2.690000000000000000e+02 7.000000000000000000e+00
1.600000000000000000e+01 -2.570000000000000000e+02 -6.000000000000000000e+00
-2.000000000000000000e+00 -2.610000000000000000e+02 -1.300000000000000000e+01
0.000000000000000000e+00 -2.750000000000000000e+02 -1.200000000000000000e+01
-6.000000000000000000e+00 -2.640000000000000000e+02 -1.900000000000000000e+01
1.300000000000000000e+01 -2.630000000000000000e+02 -2.800000000000000000e+01
4.000000000000000000e+00 -2.590000000000000000e+02 -1.800000000000000000e+01
1.000000000000000000e+01 -2.750000000000000000e+02 -3.200000000000000000e+01
1.000000000000000000e+00 -2.540000000000000000e+02 -2.600000000000000000e+01
9.000000000000000000e+00 -2.670000000000000000e+02 -3.500000000000000000e+01
1.000000000000000000e+01 -2.680000000000000000e+02 -3.200000000000000000e+01
1.500000000000000000e+01 -2.590000000000000000e+02 -4.100000000000000000e+01
4.000000000000000000e+00 -2.660000000000000000e+02 -3.600000000000000000e+01
6.000000000000000000e+00 -2.590000000000000000e+02 -3.900000000000000000e+01
8.000000000000000000e+00 -2.600000000000000000e+02 -4.300000000000000000e+01
1.000000000000000000e+01 -2.570000000000000000e+02 -4.700000000000000000e+01
3.000000000000000000e+00 -2.550000000000000000e+02 -5.000000000000000000e+01
1.100000000000000000e+01 -2.570000000000000000e+02 -5.000000000000000000e+01
6.000000000000000000e+00 -2.570000000000000000e+02 -4.900000000000000000e+01
1.000000000000000000e+01 -2.560000000000000000e+02 -4.800000000000000000e+01
1.200000000000000000e+01 -2.570000000000000000e+02 -4.600000000000000000e+01
5.000000000000000000e+00 -2.520000000000000000e+02 -4.800000000000000000e+01
1.000000000000000000e+01 -2.610000000000000000e+02 -4.000000000000000000e+01
1.200000000000000000e+01 -2.630000000000000000e+02 -3.200000000000000000e+01
9.000000000000000000e+00 -2.620000000000000000e+02 -4.500000000000000000e+01
4.000000000000000000e+00 -2.610000000000000000e+02 -4.500000000000000000e+01
-6.000000000000000000e+00 -2.500000000000000000e+02 -3.900000000000000000e+01
2.000000000000000000e+00 -2.570000000000000000e+02 -3.700000000000000000e+01
7.000000000000000000e+00 -2.590000000000000000e+02 -3.200000000000000000e+01
6.000000000000000000e+00 -2.630000000000000000e+02 -2.900000000000000000e+01
7.000000000000000000e+00 -2.570000000000000000e+02 -3.400000000000000000e+01
5.000000000000000000e+00 -2.620000000000000000e+02 -3.000000000000000000e+01
5.000000000000000000e+00 -2.590000000000000000e+02 -3.300000000000000000e+01
9.000000000000000000e+00 -2.720000000000000000e+02 -4.900000000000000000e+01
8.000000000000000000e+00 -2.610000000000000000e+02 -3.300000000000000000e+01
8.000000000000000000e+00 -2.630000000000000000e+02 -3.200000000000000000e+01
9.000000000000000000e+00 -2.590000000000000000e+02 -3.100000000000000000e+01
4.000000000000000000e+00 -2.600000000000000000e+02 -3.700000000000000000e+01
1.200000000000000000e+01 -2.560000000000000000e+02 -2.800000000000000000e+01
7.000000000000000000e+00 -2.620000000000000000e+02 -3.700000000000000000e+01
1.000000000000000000e+01 -2.580000000000000000e+02 -3.300000000000000000e+01
4.000000000000000000e+00 -2.560000000000000000e+02 -4.100000000000000000e+01
6.000000000000000000e+00 -2.580000000000000000e+02 -3.300000000000000000e+01
7.000000000000000000e+00 -2.590000000000000000e+02 -3.700000000000000000e+01
4.000000000000000000e+00 -2.580000000000000000e+02 -3.400000000000000000e+01
1.000000000000000000e+01 -2.600000000000000000e+02 -3.900000000000000000e+01
4.000000000000000000e+00 -2.610000000000000000e+02 -3.300000000000000000e+01
2.000000000000000000e+00 -2.560000000000000000e+02 -3.200000000000000000e+01
9.000000000000000000e+00 -2.600000000000000000e+02 -3.800000000000000000e+01
5.000000000000000000e+00 -2.570000000000000000e+02 -3.100000000000000000e+01
4.000000000000000000e+00 -2.570000000000000000e+02 -4.000000000000000000e+01
5.000000000000000000e+00 -2.570000000000000000e+02 -3.400000000000000000e+01
7.000000000000000000e+00 -2.600000000000000000e+02 -3.600000000000000000e+01
1.000000000000000000e+01 -2.590000000000000000e+02 -3.200000000000000000e+01
3.000000000000000000e+00 -2.620000000000000000e+02 -3.400000000000000000e+01
2.000000000000000000e+00 -2.600000000000000000e+02 -3.900000000000000000e+01
7.000000000000000000e+00 -2.580000000000000000e+02 -3.900000000000000000e+01
5.000000000000000000e+00 -2.570000000000000000e+02 -4.000000000000000000e+01
7.000000000000000000e+00 -2.600000000000000000e+02 -3.600000000000000000e+01
5.000000000000000000e+00 -2.610000000000000000e+02 -3.500000000000000000e+01
8.000000000000000000e+00 -2.590000000000000000e+02 -3.700000000000000000e+01
7.000000000000000000e+00 -2.570000000000000000e+02 -4.100000000000000000e+01
5.000000000000000000e+00 -2.610000000000000000e+02 -3.900000000000000000e+01
9.000000000000000000e+00 -2.610000000000000000e+02 -4.100000000000000000e+01
8.000000000000000000e+00 -2.600000000000000000e+02 -4.200000000000000000e+01
8.000000000000000000e+00 -2.580000000000000000e+02 -3.600000000000000000e+01
6.000000000000000000e+00 -2.560000000000000000e+02 -4.000000000000000000e+01
7.000000000000000000e+00 -2.570000000000000000e+02 -3.900000000000000000e+01
6.000000000000000000e+00 -2.500000000000000000e+02 -3.800000000000000000e+01
5.000000000000000000e+00 -2.590000000000000000e+02 -3.800000000000000000e+01
8.000000000000000000e+00 -2.590000000000000000e+02 -3.600000000000000000e+01
9.000000000000000000e+00 -2.560000000000000000e+02 -3.800000000000000000e+01
7.000000000000000000e+00 -2.600000000000000000e+02 -3.700000000000000000e+01
5.000000000000000000e+00 -2.600000000000000000e+02 -3.400000000000000000e+01
1.000000000000000000e+01 -2.600000000000000000e+02 -3.500000000000000000e+01
7.000000000000000000e+00 -2.600000000000000000e+02 -3.300000000000000000e+01
8.000000000000000000e+00 -2.600000000000000000e+02 -4.100000000000000000e+01
7.000000000000000000e+00 -2.600000000000000000e+02 -3.300000000000000000e+01
6.000000000000000000e+00 -2.580000000000000000e+02 -3.900000000000000000e+01
6.000000000000000000e+00 -2.580000000000000000e+02 -3.600000000000000000e+01
8.000000000000000000e+00 -2.600000000000000000e+02 -3.500000000000000000e+01
8.000000000000000000e+00 -2.620000000000000000e+02 -4.000000000000000000e+01
7.000000000000000000e+00 -2.640000000000000000e+02 -3.400000000000000000e+01
5.000000000000000000e+00 -2.600000000000000000e+02 -3.200000000000000000e+01
2.000000000000000000e+00 -2.640000000000000000e+02 -3.500000000000000000e+01
1.000000000000000000e+01 -2.680000000000000000e+02 -2.300000000000000000e+01
5.000000000000000000e+00 -2.640000000000000000e+02 -2.500000000000000000e+01
4.000000000000000000e+00 -2.640000000000000000e+02 -1.900000000000000000e+01
1.000000000000000000e+00 -2.680000000000000000e+02 -5.000000000000000000e+00
-1.000000000000000000e+00 -2.630000000000000000e+02 -1.200000000000000000e+01
5.000000000000000000e+00 -2.740000000000000000e+02 5.000000000000000000e+00
3.000000000000000000e+00 -2.670000000000000000e+02 1.000000000000000000e+00
4.000000000000000000e+00 -2.610000000000000000e+02 1.900000000000000000e+01
0.000000000000000000e+00 -2.650000000000000000e+02 2.000000000000000000e+01
1.000000000000000000e+00 -2.570000000000000000e+02 4.600000000000000000e+01
0.000000000000000000e+00 -2.660000000000000000e+02 3.400000000000000000e+01
1.100000000000000000e+01 -2.580000000000000000e+02 5.700000000000000000e+01
0.000000000000000000e+00 -2.570000000000000000e+02 5.100000000000000000e+01
7.000000000000000000e+00 -2.560000000000000000e+02 6.200000000000000000e+01
-1.000000000000000000e+00 -2.550000000000000000e+02 4.800000000000000000e+01
7.000000000000000000e+00 -2.580000000000000000e+02 6.100000000000000000e+01
2.000000000000000000e+00 -2.680000000000000000e+02 5.700000000000000000e+01
-8.000000000000000000e+00 -2.550000000000000000e+02 6.300000000000000000e+01
-1.000000000000000000e+00 -2.520000000000000000e+02 5.000000000000000000e+01
-2.000000000000000000e+00 -2.500000000000000000e+02 5.900000000000000000e+01
4.000000000000000000e+00 -2.620000000000000000e+02 4.300000000000000000e+01
4.000000000000000000e+00 -2.570000000000000000e+02 5.200000000000000000e+01
4.000000000000000000e+00 -2.720000000000000000e+02 5.000000000000000000e+01
2.000000000000000000e+00 -2.570000000000000000e+02 4.700000000000000000e+01
1.000000000000000000e+00 -2.700000000000000000e+02 4.100000000000000000e+01
3.000000000000000000e+00 -2.610000000000000000e+02 4.900000000000000000e+01
2.000000000000000000e+00 -2.670000000000000000e+02 4.000000000000000000e+01
4.000000000000000000e+00 -2.630000000000000000e+02 4.300000000000000000e+01
0.000000000000000000e+00 -2.590000000000000000e+02 4.400000000000000000e+01
0.000000000000000000e+00 -2.670000000000000000e+02 4.500000000000000000e+01
2.000000000000000000e+00 -2.580000000000000000e+02 4.200000000000000000e+01
0.000000000000000000e+00 -2.630000000000000000e+02 4.800000000000000000e+01
-2.000000000000000000e+00 -2.640000000000000000e+02 4.800000000000000000e+01
-4.000000000000000000e+00 -2.600000000000000000e+02 4.300000000000000000e+01
0.000000000000000000e+00 -2.660000000000000000e+02 4.400000000000000000e+01
3.000000000000000000e+00 -2.640000000000000000e+02 4.600000000000000000e+01
-1.000000000000000000e+00 -2.610000000000000000e+02 4.500000000000000000e+01
0.000000000000000000e+00 -2.610000000000000000e+02 5.000000000000000000e+01
4.000000000000000000e+00 -2.660000000000000000e+02 5.500000000000000000e+01
4.000000000000000000e+00 -2.590000000000000000e+02 5.800000000000000000e+01
4.000000000000000000e+00 -2.580000000000000000e+02 5.600000000000000000e+01
1.000000000000000000e+00 -2.600000000000000000e+02 5.600000000000000000e+01
3.000000000000000000e+00 -2.600000000000000000e+02 5.700000000000000000e+01
0.000000000000000000e+00 -2.570000000000000000e+02 5.800000000000000000e+01
-3.000000000000000000e+00 -2.610000000000000000e+02 6.100000000000000000e+01
-1.000000000000000000e+00 -2.590000000000000000e+02 5.700000000000000000e+01
0.000000000000000000e+00 -2.620000000000000000e+02 6.100000000000000000e+01
1.000000000000000000e+00 -2.580000000000000000e+02 5.800000000000000000e+01
4.000000000000000000e+00 -2.610000000000000000e+02 6.500000000000000000e+01
4.000000000000000000e+00 -2.610000000000000000e+02 6.300000000000000000e+01
2.000000000000000000e+00 -2.590000000000000000e+02 6.200000000000000000e+01
2.000000000000000000e+00 -2.590000000000000000e+02 6.000000000000000000e+01
2.000000000000000000e+00 -2.610000000000000000e+02 6.000000000000000000e+01
0.000000000000000000e+00 -2.580000000000000000e+02 5.600000000000000000e+01
1.000000000000000000e+00 -2.630000000000000000e+02 6.100000000000000000e+01
0.000000000000000000e+00 -2.570000000000000000e+02 5.900000000000000000e+01
3.000000000000000000e+00 -2.590000000000000000e+02 6.000000000000000000e+01
1.000000000000000000e+00 -2.590000000000000000e+02 6.200000000000000000e+01
0.000000000000000000e+00 -2.570000000000000000e+02 6.000000000000000000e+01
-2.000000000000000000e+00 -2.610000000000000000e+02 6.000000000000000000e+01
0.000000000000000000e+00 -2.610000000000000000e+02 6.100000000000000000e+01
0.000000000000000000e+00 -2.620000000000000000e+02 6.100000000000000000e+01
0.000000000000000000e+00 -2.570000000000000000e+02 5.500000000000000000e+01
0.000000000000000000e+00 -2.580000000000000000e+02 6.200000000000000000e+01
1.000000000000000000e+00 -2.580000000000000000e+02 6.000000000000000000e+01
0.000000000000000000e+00 -2.570000000000000000e+02 5.700000000000000000e+01
0.000000000000000000e+00 -2.620000000000000000e+02 5.700000000000000000e+01
1.000000000000000000e+00 -2.630000000000000000e+02 5.800000000000000000e+01
