-6.000000000000000000e+00 -2.490000000000000000e+02 -7.600000000000000000e+01
-8.000000000000000000e+00 -2.500000000000000000e+02 -7.600000000000000000e+01
-9.000000000000000000e+00 -2.500000000000000000e+02 -7.100000000000000000e+01
-6.000000000000000000e+00 -2.520000000000000000e+02 -7.600000000000000000e+01
-8.000000000000000000e+00 -2.490000000000000000e+02 -7.100000000000000000e+01
-1.100000000000000000e+01 -2.490000000000000000e+02 -7.400000000000000000e+01
-8.000000000000000000e+00 -2.500000000000000000e+02 -7.100000000000000000e+01
-1.000000000000000000e+01 -2.490000000000000000e+02 -7.800000000000000000e+01
-8.000000000000000000e+00 -2.500000000000000000e+02 -7.500000000000000000e+01
-7.000000000000000000e+00 -2.500000000000000000e+02 -7.700000000000000000e+01
-1.000000000000000000e+01 -2.490000000000000000e+02 -7.500000000000000000e+01
-8.000000000000000000e+00 -2.510000000000000000e+02 -7.200000000000000000e+01
-2.000000000000000000e+00 -2.520000000000000000e+02 -6.900000000000000000e+01
-5.000000000000000000e+00 -2.520000000000000000e+02 -7.500000000000000000e+01
-7.000000000000000000e+00 -2.500000000000000000e+02 -7.900000000000000000e+01
-8.000000000000000000e+00 -2.500000000000000000e+02 -7.700000000000000000e+01
-1.200000000000000000e+01 -2.480000000000000000e+02 -7.600000000000000000e+01
-1.100000000000000000e+01 -2.500000000000000000e+02 -7.500000000000000000e+01
-1.000000000000000000e+01 -2.490000000000000000e+02 -7.600000000000000000e+01
-8.000000000000000000e+00 -2.490000000000000000e+02 -7.600000000000000000e+01
-9.000000000000000000e+00 -2.480000000000000000e+02 -7.700000000000000000e+01
-1.000000000000000000e+01 -2.480000000000000000e+02 -7.600000000000000000e+01
-8.000000000000000000e+00 -2.480000000000000000e+02 -7.500000000000000000e+01
-8.000000000000000000e+00 -2.490000000000000000e+02 -8.000000000000000000e+01
-8.000000000000000000e+00 -2.500000000000000000e+02 -8.100000000000000000e+01
-8.000000000000000000e+00 -2.490000000000000000e+02 -7.600000000000000000e+01
-7.000000000000000000e+00 -2.490000000000000000e+02 -7.900000000000000000e+01
-1.100000000000000000e+01 -2.480000000000000000e+02 -8.100000000000000000e+01
-7.000000000000000000e+00 -2.500000000000000000e+02 -8.300000000000000000e+01
-9.000000000000000000e+00 -2.500000000000000000e+02 -8.600000000000000000e+01
-1.000000000000000000e+01 -2.480000000000000000e+02 -8.400000000000000000e+01
-1.100000000000000000e+01 -2.470000000000000000e+02 -8.500000000000000000e+01
-1.300000000000000000e+01 -2.470000000000000000e+02 -9.100000000000000000e+01
-9.000000000000000000e+00 -2.470000000000000000e+02 -9.300000000000000000e+01
-1.000000000000000000e+01 -2.470000000000000000e+02 -9.300000000000000000e+01
-9.000000000000000000e+00 -2.470000000000000000e+02 -1.030000000000000000e+02
-1.100000000000000000e+01 -2.450000000000000000e+02 -1.060000000000000000e+02
-1.100000000000000000e+01 -2.360000000000000000e+02 -1.110000000000000000e+02
-1.000000000000000000e+01 -2.410000000000000000e+02 -1.150000000000000000e+02
-1.100000000000000000e+01 -2.320000000000000000e+02 -1.170000000000000000e+02
-1.700000000000000000e+01 -2.370000000000000000e+02 -1.170000000000000000e+02
-1.000000000000000000e+01 -2.330000000000000000e+02 -1.280000000000000000e+02
-9.000000000000000000e+00 -2.340000000000000000e+02 -1.370000000000000000e+02
-1.000000000000000000e+01 -2.260000000000000000e+02 -1.390000000000000000e+02
-1.300000000000000000e+01 -2.260000000000000000e+02 -1.530000000000000000e+02
-1.100000000000000000e+01 -2.120000000000000000e+02 -1.390000000000000000e+02
-1.600000000000000000e+01 -2.220000000000000000e+02 -1.620000000000000000e+02
-8.000000000000000000e+00 -2.240000000000000000e+02 -1.730000000000000000e+02
-1.200000000000000000e+01 -2.150000000000000000e+02 -1.860000000000000000e+02
-1.000000000000000000e+01 -2.000000000000000000e+02 -1.810000000000000000e+02
-4.000000000000000000e+00 -1.720000000000000000e+02 -1.750000000000000000e+02
-9.000000000000000000e+00 -1.860000000000000000e+02 -2.000000000000000000e+02
-1.600000000000000000e+01 -2.040000000000000000e+02 -2.080000000000000000e+02
-5.000000000000000000e+00 -1.860000000000000000e+02 -2.230000000000000000e+02
-1.400000000000000000e+01 -1.700000000000000000e+02 -2.100000000000000000e+02
-1.000000000000000000e+01 -1.500000000000000000e+02 -2.150000000000000000e+02
-6.000000000000000000e+00 -1.580000000000000000e+02 -2.450000000000000000e+02
-2.300000000000000000e+01 -1.520000000000000000e+02 -2.370000000000000000e+02
-2.400000000000000000e+01 -1.340000000000000000e+02 -2.510000000000000000e+02
-5.000000000000000000e+00 -1.290000000000000000e+02 -2.460000000000000000e+02
2.000000000000000000e+00 -1.110000000000000000e+02 -2.510000000000000000e+02
-4.000000000000000000e+00 -1.210000000000000000e+02 -2.640000000000000000e+02
-1.300000000000000000e+01 -1.080000000000000000e+02 -2.740000000000000000e+02
7.000000000000000000e+00 -1.090000000000000000e+02 -2.620000000000000000e+02
-2.600000000000000000e+01 -9.000000000000000000e+01 -2.630000000000000000e+02
-2.800000000000000000e+01 -8.700000000000000000e+01 -2.670000000000000000e+02
-1.600000000000000000e+01 -9.100000000000000000e+01 -2.760000000000000000e+02
-1.400000000000000000e+01 -8.500000000000000000e+01 -2.730000000000000000e+02
-1.600000000000000000e+01 -7.600000000000000000e+01 -2.760000000000000000e+02
-1.200000000000000000e+01 -7.500000000000000000e+01 -2.790000000000000000e+02
-1.400000000000000000e+01 -6.900000000000000000e+01 -2.770000000000000000e+02
-1.600000000000000000e+01 -7.200000000000000000e+01 -2.770000000000000000e+02
-1.300000000000000000e+01 -6.500000000000000000e+01 -2.780000000000000000e+02
-1.300000000000000000e+01 -6.800000000000000000e+01 -2.710000000000000000e+02
-6.000000000000000000e+00 -6.700000000000000000e+01 -2.800000000000000000e+02
-1.200000000000000000e+01 -6.500000000000000000e+01 -2.730000000000000000e+02
-1.500000000000000000e+01 -7.000000000000000000e+01 -2.770000000000000000e+02
-1.100000000000000000e+01 -6.700000000000000000e+01 -2.750000000000000000e+02
-1.000000000000000000e+01 -6.400000000000000000e+01 -2.770000000000000000e+02
-1.000000000000000000e+01 -6.200000000000000000e+01 -2.720000000000000000e+02
-9.000000000000000000e+00 -6.500000000000000000e+01 -2.790000000000000000e+02
-1.200000000000000000e+01 -5.900000000000000000e+01 -2.780000000000000000e+02
-1.000000000000000000e+01 -6.200000000000000000e+01 -2.770000000000000000e+02
-1.400000000000000000e+01 -6.500000000000000000e+01 -2.740000000000000000e+02
-8.000000000000000000e+00 -5.600000000000000000e+01 -2.760000000000000000e+02
-1.400000000000000000e+01 -5.800000000000000000e+01 -2.730000000000000000e+02
-3.000000000000000000e+00 -5.600000000000000000e+01 -2.780000000000000000e+02
-1.400000000000000000e+01 -5.900000000000000000e+01 -2.800000000000000000e+02
-1.500000000000000000e+01 -5.900000000000000000e+01 -2.780000000000000000e+02
-1.400000000000000000e+01 -5.700000000000000000e+01 -2.750000000000000000e+02
-1.600000000000000000e+01 -5.800000000000000000e+01 -2.800000000000000000e+02
-1.500000000000000000e+01 -5.800000000000000000e+01 -2.770000000000000000e+02
-1.800000000000000000e+01 -6.400000000000000000e+01 -2.730000000000000000e+02
-1.500000000000000000e+01 -5.900000000000000000e+01 -2.780000000000000000e+02
-1.600000000000000000e+01 -6.000000000000000000e+01 -2.760000000000000000e+02
-1.600000000000000000e+01 -6.000000000000000000e+01 -2.800000000000000000e+02
-1.600000000000000000e+01 -6.000000000000000000e+01 -2.720000000000000000e+02
-1.500000000000000000e+01 -6.900000000000000000e+01 -2.760000000000000000e+02
-1.600000000000000000e+01 -5.900000000000000000e+01 -2.770000000000000000e+02
-1.200000000000000000e+01 -6.200000000000000000e+01 -2.740000000000000000e+02
-1.300000000000000000e+01 -6.200000000000000000e+01 -2.770000000000000000e+02
-1.300000000000000000e+01 -6.900000000000000000e+01 -2.750000000000000000e+02
-1.200000000000000000e+01 -6.200000000000000000e+01 -2.770000000000000000e+02
-1.300000000000000000e+01 -6.800000000000000000e+01 -2.730000000000000000e+02
-1.300000000000000000e+01 -6.300000000000000000e+01 -2.770000000000000000e+02
-8.000000000000000000e+00 -6.700000000000000000e+01 -2.740000000000000000e+02
-1.300000000000000000e+01 -6.500000000000000000e+01 -2.790000000000000000e+02
-8.000000000000000000e+00 -6.900000000000000000e+01 -2.720000000000000000e+02
-1.100000000000000000e+01 -7.000000000000000000e+01 -2.780000000000000000e+02
-1.500000000000000000e+01 -6.600000000000000000e+01 -2.750000000000000000e+02
-1.000000000000000000e+01 -7.500000000000000000e+01 -2.730000000000000000e+02
-1.100000000000000000e+01 -7.500000000000000000e+01 -2.700000000000000000e+02
-1.100000000000000000e+01 -7.100000000000000000e+01 -2.750000000000000000e+02
-1.500000000000000000e+01 -7.900000000000000000e+01 -2.740000000000000000e+02
-9.000000000000000000e+00 -7.700000000000000000e+01 -2.710000000000000000e+02
-1.600000000000000000e+01 -9.200000000000000000e+01 -2.660000000000000000e+02
-9.000000000000000000e+00 -7.600000000000000000e+01 -2.740000000000000000e+02
-1.100000000000000000e+01 -8.600000000000000000e+01 -2.670000000000000000e+02
-1.500000000000000000e+01 -6.900000000000000000e+01 -2.770000000000000000e+02
-3.000000000000000000e+00 -8.800000000000000000e+01 -2.750000000000000000e+02
-6.000000000000000000e+00 -8.700000000000000000e+01 -2.750000000000000000e+02
-1.500000000000000000e+01 -9.400000000000000000e+01 -2.740000000000000000e+02
-7.000000000000000000e+00 -8.800000000000000000e+01 -2.700000000000000000e+02
-1.400000000000000000e+01 -9.700000000000000000e+01 -2.650000000000000000e+02
-9.000000000000000000e+00 -9.100000000000000000e+01 -2.690000000000000000e+02
-1.000000000000000000e+01 -1.060000000000000000e+02 -2.610000000000000000e+02
-1.100000000000000000e+01 -9.800000000000000000e+01 -2.640000000000000000e+02
-1.200000000000000000e+01 -1.090000000000000000e+02 -2.610000000000000000e+02
-1.000000000000000000e+01 -1.100000000000000000e+02 -2.600000000000000000e+02
-1.400000000000000000e+01 -1.140000000000000000e+02 -2.580000000000000000e+02
-2.000000000000000000e+00 -1.150000000000000000e+02 -2.620000000000000000e+02
-6.000000000000000000e+00 -1.040000000000000000e+02 -2.590000000000000000e+02
-4.000000000000000000e+00 -1.230000000000000000e+02 -2.480000000000000000e+02
-1.200000000000000000e+01 -1.250000000000000000e+02 -2.500000000000000000e+02
-6.000000000000000000e+00 -1.290000000000000000e+02 -2.530000000000000000e+02
0.000000000000000000e+00 -1.360000000000000000e+02 -2.530000000000000000e+02
-1.000000000000000000e+00 -1.350000000000000000e+02 -2.450000000000000000e+02
0.000000000000000000e+00 -1.350000000000000000e+02 -2.450000000000000000e+02
-1.100000000000000000e+01 -1.540000000000000000e+02 -2.360000000000000000e+02
-7.000000000000000000e+00 -1.510000000000000000e+02 -2.410000000000000000e+02
-1.400000000000000000e+01 -1.680000000000000000e+02 -2.290000000000000000e+02
0.000000000000000000e+00 -1.590000000000000000e+02 -2.340000000000000000e+02
0.000000000000000000e+00 -1.670000000000000000e+02 -2.160000000000000000e+02
-6.000000000000000000e+00 -1.670000000000000000e+02 -2.200000000000000000e+02
-2.000000000000000000e+00 -1.740000000000000000e+02 -2.140000000000000000e+02
-6.000000000000000000e+00 -1.800000000000000000e+02 -2.080000000000000000e+02
-2.000000000000000000e+00 -1.810000000000000000e+02 -2.010000000000000000e+02
-7.000000000000000000e+00 -1.880000000000000000e+02 -2.070000000000000000e+02
-6.000000000000000000e+00 -1.960000000000000000e+02 -1.970000000000000000e+02
6.000000000000000000e+00 -2.010000000000000000e+02 -1.920000000000000000e+02
-3.000000000000000000e+00 -1.970000000000000000e+02 -1.860000000000000000e+02
-5.000000000000000000e+00 -2.020000000000000000e+02 -1.860000000000000000e+02
-6.000000000000000000e+00 -2.040000000000000000e+02 -1.830000000000000000e+02
-4.000000000000000000e+00 -2.110000000000000000e+02 -1.750000000000000000e+02
-3.000000000000000000e+00 -2.140000000000000000e+02 -1.740000000000000000e+02
-5.000000000000000000e+00 -2.180000000000000000e+02 -1.660000000000000000e+02
-2.000000000000000000e+00 -2.150000000000000000e+02 -1.600000000000000000e+02
-5.000000000000000000e+00 -2.230000000000000000e+02 -1.610000000000000000e+02
-3.000000000000000000e+00 -2.250000000000000000e+02 -1.510000000000000000e+02
-4.000000000000000000e+00 -2.210000000000000000e+02 -1.480000000000000000e+02
-5.000000000000000000e+00 -2.250000000000000000e+02 -1.520000000000000000e+02
-5.000000000000000000e+00 -2.260000000000000000e+02 -1.450000000000000000e+02
-1.000000000000000000e+00 -2.240000000000000000e+02 -1.440000000000000000e+02
-5.000000000000000000e+00 -2.370000000000000000e+02 -1.410000000000000000e+02
-6.000000000000000000e+00 -2.320000000000000000e+02 -1.370000000000000000e+02
-3.000000000000000000e+00 -2.380000000000000000e+02 -1.290000000000000000e+02
-5.000000000000000000e+00 -2.310000000000000000e+02 -1.190000000000000000e+02
-1.200000000000000000e+01 -2.410000000000000000e+02 -1.170000000000000000e+02
-4.000000000000000000e+00 -2.380000000000000000e+02 -1.170000000000000000e+02
1.000000000000000000e+01 -2.520000000000000000e+02 -1.170000000000000000e+02
6.000000000000000000e+00 -2.430000000000000000e+02 -1.170000000000000000e+02
-3.000000000000000000e+00 -2.320000000000000000e+02 -1.060000000000000000e+02
-9.000000000000000000e+00 -2.420000000000000000e+02 -1.100000000000000000e+02
-1.500000000000000000e+01 -2.360000000000000000e+02 -1.130000000000000000e+02
-1.400000000000000000e+01 -2.440000000000000000e+02 -1.140000000000000000e+02
-9.000000000000000000e+00 -2.440000000000000000e+02 -1.070000000000000000e+02
-1.000000000000000000e+01 -2.470000000000000000e+02 -1.100000000000000000e+02
-3.000000000000000000e+00 -2.450000000000000000e+02 -1.170000000000000000e+02
0.000000000000000000e+00 -2.440000000000000000e+02 -1.090000000000000000e+02
-4.000000000000000000e+00 -2.410000000000000000e+02 -1.080000000000000000e+02
-6.000000000000000000e+00 -2.460000000000000000e+02 -1.170000000000000000e+02
-9.000000000000000000e+00 -2.460000000000000000e+02 -1.120000000000000000e+02
-6.000000000000000000e+00 -2.460000000000000000e+02 -1.030000000000000000e+02
-7.000000000000000000e+00 -2.440000000000000000e+02 -1.030000000000000000e+02
-2.000000000000000000e+00 -2.470000000000000000e+02 -1.070000000000000000e+02
-7.000000000000000000e+00 -2.460000000000000000e+02 -1.060000000000000000e+02
-9.000000000000000000e+00 -2.490000000000000000e+02 -1.010000000000000000e+02
-7.000000000000000000e+00 -2.480000000000000000e+02 -9.900000000000000000e+01
-8.000000000000000000e+00 -2.370000000000000000e+02 -9.800000000000000000e+01
-4.000000000000000000e+00 -2.480000000000000000e+02 -9.700000000000000000e+01
-7.000000000000000000e+00 -2.480000000000000000e+02 -1.020000000000000000e+02
-6.000000000000000000e+00 -2.470000000000000000e+02 -9.600000000000000000e+01
-8.000000000000000000e+00 -2.470000000000000000e+02 -9.400000000000000000e+01
-6.000000000000000000e+00 -2.490000000000000000e+02 -9.400000000000000000e+01
-3.000000000000000000e+00 -2.440000000000000000e+02 -9.500000000000000000e+01
-1.000000000000000000e+00 -2.450000000000000000e+02 -9.100000000000000000e+01
-5.000000000000000000e+00 -2.460000000000000000e+02 -9.700000000000000000e+01
-5.000000000000000000e+00 -2.500000000000000000e+02 -9.200000000000000000e+01
-3.000000000000000000e+00 -2.460000000000000000e+02 -9.100000000000000000e+01
-5.000000000000000000e+00 -2.430000000000000000e+02 -9.700000000000000000e+01
