9.000000000000000000e+00 -2.020000000000000000e+02 -1.390000000000000000e+02
1.300000000000000000e+01 -1.940000000000000000e+02 -1.480000000000000000e+02
1.400000000000000000e+01 -1.830000000000000000e+02 -1.570000000000000000e+02
1.000000000000000000e+00 -1.790000000000000000e+02 -1.730000000000000000e+02
1.000000000000000000e+00 -1.610000000000000000e+02 -1.920000000000000000e+02
6.000000000000000000e+00 -1.480000000000000000e+02 -1.860000000000000000e+02
5.000000000000000000e+00 -1.300000000000000000e+02 -2.120000000000000000e+02
-3.000000000000000000e+00 -1.330000000000000000e+02 -1.990000000000000000e+02
-1.000000000000000000e+00 -1.200000000000000000e+02 -2.340000000000000000e+02
2.000000000000000000e+00 -1.090000000000000000e+02 -2.330000000000000000e+02
-2.000000000000000000e+00 -9.700000000000000000e+01 -2.300000000000000000e+02
2.000000000000000000e+00 -8.800000000000000000e+01 -2.440000000000000000e+02
-7.000000000000000000e+00 -7.800000000000000000e+01 -2.450000000000000000e+02
-2.000000000000000000e+00 -6.100000000000000000e+01 -2.450000000000000000e+02
-9.000000000000000000e+00 -4.600000000000000000e+01 -2.490000000000000000e+02
-7.000000000000000000e+00 -3.900000000000000000e+01 -2.500000000000000000e+02
-2.000000000000000000e+00 -3.300000000000000000e+01 -2.530000000000000000e+02
-4.000000000000000000e+00 -2.100000000000000000e+01 -2.500000000000000000e+02
-7.000000000000000000e+00 -1.600000000000000000e+01 -2.540000000000000000e+02
-1.600000000000000000e+01 -5.000000000000000000e+00 -2.550000000000000000e+02
-9.000000000000000000e+00 8.000000000000000000e+00 -2.600000000000000000e+02
-5.000000000000000000e+00 1.300000000000000000e+01 -2.560000000000000000e+02
-9.000000000000000000e+00 2.500000000000000000e+01 -2.480000000000000000e+02
-3.000000000000000000e+00 3.300000000000000000e+01 -2.500000000000000000e+02
-5.000000000000000000e+00 4.000000000000000000e+01 -2.460000000000000000e+02
-4.000000000000000000e+00 4.300000000000000000e+01 -2.470000000000000000e+02
-7.000000000000000000e+00 5.300000000000000000e+01 -2.430000000000000000e+02
-4.000000000000000000e+00 5.100000000000000000e+01 -2.420000000000000000e+02
-5.000000000000000000e+00 5.700000000000000000e+01 -2.450000000000000000e+02
-2.000000000000000000e+00 6.300000000000000000e+01 -2.450000000000000000e+02
1.000000000000000000e+00 6.300000000000000000e+01 -2.370000000000000000e+02
0.000000000000000000e+00 6.400000000000000000e+01 -2.380000000000000000e+02
-7.000000000000000000e+00 6.300000000000000000e+01 -2.440000000000000000e+02
-6.000000000000000000e+00 6.600000000000000000e+01 -2.360000000000000000e+02
-7.000000000000000000e+00 7.400000000000000000e+01 -2.380000000000000000e+02
-6.000000000000000000e+00 7.200000000000000000e+01 -2.410000000000000000e+02
-8.000000000000000000e+00 7.000000000000000000e+01 -2.410000000000000000e+02
-7.000000000000000000e+00 7.300000000000000000e+01 -2.420000000000000000e+02
-5.000000000000000000e+00 7.000000000000000000e+01 -2.390000000000000000e+02
-8.000000000000000000e+00 7.500000000000000000e+01 -2.390000000000000000e+02
-5.000000000000000000e+00 7.300000000000000000e+01 -2.370000000000000000e+02
-7.000000000000000000e+00 7.600000000000000000e+01 -2.390000000000000000e+02
-1.000000000000000000e+00 7.900000000000000000e+01 -2.370000000000000000e+02
-2.000000000000000000e+00 8.100000000000000000e+01 -2.420000000000000000e+02
-7.000000000000000000e+00 8.500000000000000000e+01 -2.380000000000000000e+02
0.000000000000000000e+00 8.600000000000000000e+01 -2.370000000000000000e+02
-7.000000000000000000e+00 8.500000000000000000e+01 -2.340000000000000000e+02
1.000000000000000000e+00 8.600000000000000000e+01 -2.420000000000000000e+02
-2.000000000000000000e+00 8.900000000000000000e+01 -2.350000000000000000e+02
-2.000000000000000000e+00 8.800000000000000000e+01 -2.360000000000000000e+02
-2.000000000000000000e+00 8.600000000000000000e+01 -2.370000000000000000e+02
-4.000000000000000000e+00 8.600000000000000000e+01 -2.350000000000000000e+02
-7.000000000000000000e+00 8.800000000000000000e+01 -2.360000000000000000e+02
-1.000000000000000000e+00 8.700000000000000000e+01 -2.310000000000000000e+02
-5.000000000000000000e+00 9.600000000000000000e+01 -2.390000000000000000e+02
-9.000000000000000000e+00 9.100000000000000000e+01 -2.350000000000000000e+02
-8.000000000000000000e+00 9.300000000000000000e+01 -2.300000000000000000e+02
-6.000000000000000000e+00 9.500000000000000000e+01 -2.340000000000000000e+02
-8.000000000000000000e+00 9.400000000000000000e+01 -2.310000000000000000e+02
-3.000000000000000000e+00 9.300000000000000000e+01 -2.330000000000000000e+02
-8.000000000000000000e+00 9.300000000000000000e+01 -2.340000000000000000e+02
-6.000000000000000000e+00 9.500000000000000000e+01 -2.350000000000000000e+02
-8.000000000000000000e+00 9.700000000000000000e+01 -2.350000000000000000e+02
-7.000000000000000000e+00 9.700000000000000000e+01 -2.320000000000000000e+02
-2.000000000000000000e+00 9.600000000000000000e+01 -2.320000000000000000e+02
-2.000000000000000000e+00 9.800000000000000000e+01 -2.350000000000000000e+02
-8.000000000000000000e+00 9.500000000000000000e+01 -2.320000000000000000e+02
-1.000000000000000000e+00 1.020000000000000000e+02 -2.240000000000000000e+02
-5.000000000000000000e+00 9.800000000000000000e+01 -2.300000000000000000e+02
-8.000000000000000000e+00 9.900000000000000000e+01 -2.260000000000000000e+02
-4.000000000000000000e+00 9.600000000000000000e+01 -2.320000000000000000e+02
-1.000000000000000000e+01 1.040000000000000000e+02 -2.310000000000000000e+02
-1.000000000000000000e+01 1.010000000000000000e+02 -2.330000000000000000e+02
-1.400000000000000000e+01 9.700000000000000000e+01 -2.310000000000000000e+02
-1.200000000000000000e+01 1.010000000000000000e+02 -2.320000000000000000e+02
-1.100000000000000000e+01 1.020000000000000000e+02 -2.320000000000000000e+02
-1.200000000000000000e+01 1.010000000000000000e+02 -2.300000000000000000e+02
-6.000000000000000000e+00 9.900000000000000000e+01 -2.350000000000000000e+02
-6.000000000000000000e+00 9.500000000000000000e+01 -2.350000000000000000e+02
-5.000000000000000000e+00 9.900000000000000000e+01 -2.360000000000000000e+02
-5.000000000000000000e+00 9.100000000000000000e+01 -2.330000000000000000e+02
-9.000000000000000000e+00 8.800000000000000000e+01 -2.340000000000000000e+02
-1.100000000000000000e+01 8.000000000000000000e+01 -2.360000000000000000e+02
-2.000000000000000000e+00 7.400000000000000000e+01 -2.400000000000000000e+02
-1.000000000000000000e+01 6.900000000000000000e+01 -2.440000000000000000e+02
-1.400000000000000000e+01 6.700000000000000000e+01 -2.490000000000000000e+02
-9.000000000000000000e+00 5.800000000000000000e+01 -2.450000000000000000e+02
-1.400000000000000000e+01 6.300000000000000000e+01 -2.410000000000000000e+02
-1.300000000000000000e+01 4.800000000000000000e+01 -2.390000000000000000e+02
-1.100000000000000000e+01 3.600000000000000000e+01 -2.510000000000000000e+02
-1.900000000000000000e+01 3.500000000000000000e+01 -2.480000000000000000e+02
-1.100000000000000000e+01 3.100000000000000000e+01 -2.480000000000000000e+02
-1.500000000000000000e+01 2.400000000000000000e+01 -2.570000000000000000e+02
-1.100000000000000000e+01 1.800000000000000000e+01 -2.500000000000000000e+02
-1.400000000000000000e+01 1.000000000000000000e+01 -2.450000000000000000e+02
-8.000000000000000000e+00 -2.000000000000000000e+00 -2.480000000000000000e+02
-1.100000000000000000e+01 -5.000000000000000000e+00 -2.550000000000000000e+02
-5.000000000000000000e+00 -2.000000000000000000e+01 -2.570000000000000000e+02
-4.000000000000000000e+00 -3.000000000000000000e+01 -2.520000000000000000e+02
-1.000000000000000000e+00 -6.100000000000000000e+01 -2.590000000000000000e+02
-1.000000000000000000e+00 -6.900000000000000000e+01 -2.450000000000000000e+02
2.000000000000000000e+00 -7.600000000000000000e+01 -2.340000000000000000e+02
0.000000000000000000e+00 -9.500000000000000000e+01 -2.350000000000000000e+02
4.000000000000000000e+00 -1.110000000000000000e+02 -2.220000000000000000e+02
0.000000000000000000e+00 -1.150000000000000000e+02 -2.180000000000000000e+02
-1.200000000000000000e+01 -1.340000000000000000e+02 -2.130000000000000000e+02
-6.000000000000000000e+00 -1.410000000000000000e+02 -1.920000000000000000e+02
0.000000000000000000e+00 -1.470000000000000000e+02 -1.920000000000000000e+02
-1.000000000000000000e+00 -1.680000000000000000e+02 -1.590000000000000000e+02
3.000000000000000000e+00 -1.840000000000000000e+02 -1.590000000000000000e+02
0.000000000000000000e+00 -2.010000000000000000e+02 -1.480000000000000000e+02
3.000000000000000000e+00 -2.040000000000000000e+02 -1.310000000000000000e+02
3.000000000000000000e+00 -2.100000000000000000e+02 -1.220000000000000000e+02
-1.000000000000000000e+00 -2.110000000000000000e+02 -1.130000000000000000e+02
2.000000000000000000e+00 -2.030000000000000000e+02 -1.110000000000000000e+02
0.000000000000000000e+00 -2.210000000000000000e+02 -1.000000000000000000e+02
1.000000000000000000e+00 -2.240000000000000000e+02 -9.700000000000000000e+01
6.000000000000000000e+00 -2.300000000000000000e+02 -8.600000000000000000e+01
4.000000000000000000e+00 -2.330000000000000000e+02 -9.000000000000000000e+01
1.000000000000000000e+01 -2.280000000000000000e+02 -7.500000000000000000e+01
1.200000000000000000e+01 -2.360000000000000000e+02 -7.000000000000000000e+01
4.000000000000000000e+00 -2.350000000000000000e+02 -7.000000000000000000e+01
3.000000000000000000e+00 -2.410000000000000000e+02 -7.000000000000000000e+01
1.000000000000000000e+00 -2.360000000000000000e+02 -6.600000000000000000e+01
8.000000000000000000e+00 -2.370000000000000000e+02 -6.800000000000000000e+01
1.300000000000000000e+01 -2.410000000000000000e+02 -6.600000000000000000e+01
1.300000000000000000e+01 -2.360000000000000000e+02 -6.400000000000000000e+01
1.100000000000000000e+01 -2.390000000000000000e+02 -6.300000000000000000e+01
8.000000000000000000e+00 -2.430000000000000000e+02 -5.900000000000000000e+01
1.100000000000000000e+01 -2.400000000000000000e+02 -5.700000000000000000e+01
9.000000000000000000e+00 -2.410000000000000000e+02 -6.300000000000000000e+01
8.000000000000000000e+00 -2.400000000000000000e+02 -5.900000000000000000e+01
7.000000000000000000e+00 -2.400000000000000000e+02 -5.800000000000000000e+01
6.000000000000000000e+00 -2.410000000000000000e+02 -6.100000000000000000e+01
5.000000000000000000e+00 -2.390000000000000000e+02 -5.900000000000000000e+01
8.000000000000000000e+00 -2.430000000000000000e+02 -5.500000000000000000e+01
9.000000000000000000e+00 -2.410000000000000000e+02 -5.600000000000000000e+01
7.000000000000000000e+00 -2.410000000000000000e+02 -5.600000000000000000e+01
1.000000000000000000e+01 -2.410000000000000000e+02 -5.700000000000000000e+01
1.000000000000000000e+01 -2.390000000000000000e+02 -5.500000000000000000e+01
5.000000000000000000e+00 -2.420000000000000000e+02 -5.600000000000000000e+01
9.000000000000000000e+00 -2.390000000000000000e+02 -5.500000000000000000e+01
1.200000000000000000e+01 -2.440000000000000000e+02 -5.600000000000000000e+01
1.000000000000000000e+01 -2.400000000000000000e+02 -5.200000000000000000e+01
1.100000000000000000e+01 -2.410000000000000000e+02 -5.600000000000000000e+01
5.000000000000000000e+00 -2.410000000000000000e+02 -5.800000000000000000e+01
9.000000000000000000e+00 -2.390000000000000000e+02 -5.800000000000000000e+01
8.000000000000000000e+00 -2.420000000000000000e+02 -5.600000000000000000e+01
8.000000000000000000e+00 -2.440000000000000000e+02 -5.800000000000000000e+01
8.000000000000000000e+00 -2.400000000000000000e+02 -5.800000000000000000e+01
9.000000000000000000e+00 -2.440000000000000000e+02 -5.900000000000000000e+01
1.000000000000000000e+01 -2.440000000000000000e+02 -5.800000000000000000e+01
9.000000000000000000e+00 -2.410000000000000000e+02 -5.900000000000000000e+01
1.100000000000000000e+01 -2.430000000000000000e+02 -5.900000000000000000e+01
8.000000000000000000e+00 -2.400000000000000000e+02 -5.900000000000000000e+01
7.000000000000000000e+00 -2.470000000000000000e+02 -6.000000000000000000e+01
8.000000000000000000e+00 -2.440000000000000000e+02 -6.200000000000000000e+01
1.100000000000000000e+01 -2.410000000000000000e+02 -6.400000000000000000e+01
6.000000000000000000e+00 -2.410000000000000000e+02 -6.400000000000000000e+01
6.000000000000000000e+00 -2.360000000000000000e+02 -6.300000000000000000e+01
1.100000000000000000e+01 -2.410000000000000000e+02 -6.400000000000000000e+01
1.000000000000000000e+01 -2.410000000000000000e+02 -6.200000000000000000e+01
7.000000000000000000e+00 -2.420000000000000000e+02 -6.100000000000000000e+01
1.000000000000000000e+01 -2.420000000000000000e+02 -6.200000000000000000e+01
7.000000000000000000e+00 -2.420000000000000000e+02 -6.300000000000000000e+01
7.000000000000000000e+00 -2.410000000000000000e+02 -6.200000000000000000e+01
1.000000000000000000e+01 -2.450000000000000000e+02 -6.300000000000000000e+01
8.000000000000000000e+00 -2.410000000000000000e+02 -6.200000000000000000e+01
1.100000000000000000e+01 -2.410000000000000000e+02 -6.400000000000000000e+01
1.300000000000000000e+01 -2.400000000000000000e+02 -5.900000000000000000e+01
8.000000000000000000e+00 -2.390000000000000000e+02 -6.000000000000000000e+01
1.000000000000000000e+01 -2.430000000000000000e+02 -6.000000000000000000e+01
9.000000000000000000e+00 -2.400000000000000000e+02 -6.300000000000000000e+01
7.000000000000000000e+00 -2.420000000000000000e+02 -5.900000000000000000e+01
7.000000000000000000e+00 -2.420000000000000000e+02 -6.200000000000000000e+01
7.000000000000000000e+00 -2.390000000000000000e+02 -6.200000000000000000e+01
1.000000000000000000e+01 -2.410000000000000000e+02 -6.100000000000000000e+01
9.000000000000000000e+00 -2.430000000000000000e+02 -6.100000000000000000e+01
1.000000000000000000e+01 -2.400000000000000000e+02 -6.200000000000000000e+01
8.000000000000000000e+00 -2.430000000000000000e+02 -5.600000000000000000e+01
1.000000000000000000e+01 -2.400000000000000000e+02 -6.200000000000000000e+01
8.000000000000000000e+00 -2.430000000000000000e+02 -6.400000000000000000e+01
8.000000000000000000e+00 -2.400000000000000000e+02 -5.700000000000000000e+01
6.000000000000000000e+00 -2.390000000000000000e+02 -6.000000000000000000e+01
8.000000000000000000e+00 -2.420000000000000000e+02 -6.300000000000000000e+01
1.000000000000000000e+01 -2.400000000000000000e+02 -6.300000000000000000e+01
1.000000000000000000e+01 -2.440000000000000000e+02 -6.000000000000000000e+01
9.000000000000000000e+00 -2.400000000000000000e+02 -6.500000000000000000e+01
9.000000000000000000e+00 -2.390000000000000000e+02 -5.900000000000000000e+01
9.000000000000000000e+00 -2.400000000000000000e+02 -6.200000000000000000e+01
9.000000000000000000e+00 -2.430000000000000000e+02 -5.200000000000000000e+01
8.000000000000000000e+00 -2.410000000000000000e+02 -6.900000000000000000e+01
7.000000000000000000e+00 -2.390000000000000000e+02 -6.000000000000000000e+01
1.100000000000000000e+01 -2.430000000000000000e+02 -6.400000000000000000e+01
1.300000000000000000e+01 -2.400000000000000000e+02 -5.700000000000000000e+01
9.000000000000000000e+00 -2.410000000000000000e+02 -6.300000000000000000e+01
8.000000000000000000e+00 -2.410000000000000000e+02 -5.800000000000000000e+01
4.000000000000000000e+00 -2.380000000000000000e+02 -6.100000000000000000e+01
1.100000000000000000e+01 -2.400000000000000000e+02 -6.300000000000000000e+01
1.200000000000000000e+01 -2.430000000000000000e+02 -6.500000000000000000e+01
