4.000000000000000000e+00 -2.560000000000000000e+02 -1.800000000000000000e+01
5.000000000000000000e+00 -2.570000000000000000e+02 -2.000000000000000000e+01
3.000000000000000000e+00 -2.540000000000000000e+02 -1.700000000000000000e+01
3.000000000000000000e+00 -2.550000000000000000e+02 -1.900000000000000000e+01
4.000000000000000000e+00 -2.550000000000000000e+02 -1.600000000000000000e+01
3.000000000000000000e+00 -2.550000000000000000e+02 -1.900000000000000000e+01
3.000000000000000000e+00 -2.560000000000000000e+02 -1.800000000000000000e+01
4.000000000000000000e+00 -2.550000000000000000e+02 -1.900000000000000000e+01
4.000000000000000000e+00 -2.560000000000000000e+02 -2.100000000000000000e+01
4.000000000000000000e+00 -2.530000000000000000e+02 -1.900000000000000000e+01
3.000000000000000000e+00 -2.560000000000000000e+02 -1.900000000000000000e+01
2.000000000000000000e+00 -2.550000000000000000e+02 -2.200000000000000000e+01
6.000000000000000000e+00 -2.480000000000000000e+02 -1.800000000000000000e+01
5.000000000000000000e+00 -2.540000000000000000e+02 -2.400000000000000000e+01
2.000000000000000000e+00 -2.560000000000000000e+02 -1.800000000000000000e+01
4.000000000000000000e+00 -2.550000000000000000e+02 -1.900000000000000000e+01
4.000000000000000000e+00 -2.570000000000000000e+02 -1.900000000000000000e+01
6.000000000000000000e+00 -2.560000000000000000e+02 -2.000000000000000000e+01
3.000000000000000000e+00 -2.550000000000000000e+02 -2.300000000000000000e+01
4.000000000000000000e+00 -2.560000000000000000e+02 -2.400000000000000000e+01
1.000000000000000000e+00 -2.530000000000000000e+02 -2.600000000000000000e+01
4.000000000000000000e+00 -2.550000000000000000e+02 -2.200000000000000000e+01
3.000000000000000000e+00 -2.550000000000000000e+02 -2.800000000000000000e+01
2.000000000000000000e+00 -2.570000000000000000e+02 -2.800000000000000000e+01
2.000000000000000000e+00 -2.530000000000000000e+02 -2.800000000000000000e+01
1.000000000000000000e+00 -2.540000000000000000e+02 -2.600000000000000000e+01
1.000000000000000000e+00 -2.530000000000000000e+02 -2.600000000000000000e+01
4.000000000000000000e+00 -2.550000000000000000e+02 -2.400000000000000000e+01
2.000000000000000000e+00 -2.580000000000000000e+02 -2.400000000000000000e+01
2.000000000000000000e+00 -2.570000000000000000e+02 -2.300000000000000000e+01
1.000000000000000000e+00 -2.560000000000000000e+02 -2.100000000000000000e+01
3.000000000000000000e+00 -2.550000000000000000e+02 -2.500000000000000000e+01
2.000000000000000000e+00 -2.550000000000000000e+02 -2.500000000000000000e+01
2.000000000000000000e+00 -2.560000000000000000e+02 -2.400000000000000000e+01
2.000000000000000000e+00 -2.540000000000000000e+02 -2.300000000000000000e+01
1.000000000000000000e+00 -2.560000000000000000e+02 -2.500000000000000000e+01
7.000000000000000000e+00 -2.480000000000000000e+02 -2.400000000000000000e+01
0.000000000000000000e+00 -2.530000000000000000e+02 -2.100000000000000000e+01
3.000000000000000000e+00 -2.530000000000000000e+02 -2.500000000000000000e+01
0.000000000000000000e+00 -2.550000000000000000e+02 -2.300000000000000000e+01
5.000000000000000000e+00 -2.570000000000000000e+02 -2.500000000000000000e+01
0.000000000000000000e+00 -2.570000000000000000e+02 -2.000000000000000000e+01
3.000000000000000000e+00 -2.810000000000000000e+02 -2.500000000000000000e+01
1.000000000000000000e+01 -2.510000000000000000e+02 -2.000000000000000000e+01
4.000000000000000000e+00 -2.110000000000000000e+02 3.600000000000000000e+01
-2.000000000000000000e+00 -2.610000000000000000e+02 0.000000000000000000e+00
5.000000000000000000e+00 -2.530000000000000000e+02 -2.400000000000000000e+01
0.000000000000000000e+00 -2.290000000000000000e+02 -3.200000000000000000e+01
8.000000000000000000e+00 -1.380000000000000000e+02 -4.200000000000000000e+01
6.000000000000000000e+00 -1.500000000000000000e+02 -2.300000000000000000e+01
1.500000000000000000e+01 -3.230000000000000000e+02 4.800000000000000000e+01
-6.000000000000000000e+00 -4.210000000000000000e+02 5.300000000000000000e+01
2.000000000000000000e+01 -8.790000000000000000e+02 9.000000000000000000e+00
-1.100000000000000000e+01 -4.510000000000000000e+02 -9.500000000000000000e+01
-1.900000000000000000e+01 7.900000000000000000e+01 -1.270000000000000000e+02
-1.800000000000000000e+01 -5.100000000000000000e+01 -7.000000000000000000e+01
-1.200000000000000000e+01 1.500000000000000000e+01 4.200000000000000000e+01
-2.000000000000000000e+00 6.900000000000000000e+01 -2.800000000000000000e+01
7.000000000000000000e+00 -4.800000000000000000e+01 -3.400000000000000000e+01
2.100000000000000000e+01 -4.000000000000000000e+00 -8.800000000000000000e+01
-6.700000000000000000e+01 -2.560000000000000000e+02 -4.400000000000000000e+01
1.660000000000000000e+02 -4.150000000000000000e+02 1.190000000000000000e+02
-1.120000000000000000e+02 -1.087000000000000000e+03 -6.300000000000000000e+01
1.520000000000000000e+02 -7.500000000000000000e+01 -4.000000000000000000e+00
-5.200000000000000000e+01 -2.150000000000000000e+02 -2.200000000000000000e+01
1.400000000000000000e+01 -1.610000000000000000e+02 -2.900000000000000000e+01
6.000000000000000000e+00 -2.130000000000000000e+02 8.000000000000000000e+00
-1.200000000000000000e+01 -3.280000000000000000e+02 2.300000000000000000e+01
-1.700000000000000000e+01 -2.290000000000000000e+02 -1.000000000000000000e+01
1.900000000000000000e+01 -2.390000000000000000e+02 -2.000000000000000000e+00
1.000000000000000000e+01 -2.620000000000000000e+02 -2.000000000000000000e+00
8.000000000000000000e+00 -2.560000000000000000e+02 -1.400000000000000000e+01
1.500000000000000000e+01 -2.660000000000000000e+02 -1.300000000000000000e+01
7.000000000000000000e+00 -2.510000000000000000e+02 -1.100000000000000000e+01
9.000000000000000000e+00 -2.510000000000000000e+02 -8.000000000000000000e+00
7.000000000000000000e+00 -2.580000000000000000e+02 -1.600000000000000000e+01
0.000000000000000000e+00 -2.560000000000000000e+02 -1.900000000000000000e+01
2.000000000000000000e+00 -2.560000000000000000e+02 -1.700000000000000000e+01
1.000000000000000000e+00 -2.580000000000000000e+02 -1.800000000000000000e+01
-2.000000000000000000e+00 -2.560000000000000000e+02 -1.200000000000000000e+01
-2.000000000000000000e+00 -2.570000000000000000e+02 -1.000000000000000000e+01
3.000000000000000000e+00 -2.520000000000000000e+02 -5.000000000000000000e+00
-1.000000000000000000e+00 -2.520000000000000000e+02 -5.000000000000000000e+00
-3.000000000000000000e+00 -2.520000000000000000e+02 -7.000000000000000000e+00
-4.000000000000000000e+00 -2.490000000000000000e+02 -2.000000000000000000e+00
0.000000000000000000e+00 -2.540000000000000000e+02 -8.000000000000000000e+00
-1.000000000000000000e+00 -2.570000000000000000e+02 -9.000000000000000000e+00
0.000000000000000000e+00 -2.560000000000000000e+02 -1.100000000000000000e+01
6.000000000000000000e+00 -2.580000000000000000e+02 -1.000000000000000000e+01
3.000000000000000000e+00 -2.530000000000000000e+02 -5.000000000000000000e+00
4.000000000000000000e+00 -2.510000000000000000e+02 -7.000000000000000000e+00
2.000000000000000000e+00 -2.540000000000000000e+02 -8.000000000000000000e+00
5.000000000000000000e+00 -2.530000000000000000e+02 -1.100000000000000000e+01
5.000000000000000000e+00 -2.580000000000000000e+02 -1.300000000000000000e+01
3.000000000000000000e+00 -2.530000000000000000e+02 -9.000000000000000000e+00
5.000000000000000000e+00 -2.560000000000000000e+02 -1.400000000000000000e+01
5.000000000000000000e+00 -2.590000000000000000e+02 -1.200000000000000000e+01
2.000000000000000000e+00 -2.550000000000000000e+02 -1.500000000000000000e+01
1.000000000000000000e+00 -2.570000000000000000e+02 -2.000000000000000000e+01
5.000000000000000000e+00 -2.580000000000000000e+02 -1.800000000000000000e+01
0.000000000000000000e+00 -2.550000000000000000e+02 -1.500000000000000000e+01
2.000000000000000000e+00 -2.520000000000000000e+02 -1.300000000000000000e+01
0.000000000000000000e+00 -2.570000000000000000e+02 -1.600000000000000000e+01
0.000000000000000000e+00 -2.540000000000000000e+02 -1.300000000000000000e+01
2.000000000000000000e+00 -2.540000000000000000e+02 -1.400000000000000000e+01
2.000000000000000000e+00 -2.590000000000000000e+02 -1.800000000000000000e+01
-1.000000000000000000e+00 -2.520000000000000000e+02 -1.300000000000000000e+01
-1.000000000000000000e+00 -2.510000000000000000e+02 -1.600000000000000000e+01
2.000000000000000000e+00 -2.550000000000000000e+02 -1.400000000000000000e+01
2.000000000000000000e+00 -2.540000000000000000e+02 -1.700000000000000000e+01
2.000000000000000000e+00 -2.550000000000000000e+02 -1.600000000000000000e+01
2.000000000000000000e+00 -2.530000000000000000e+02 -1.800000000000000000e+01
4.000000000000000000e+00 -2.550000000000000000e+02 -2.100000000000000000e+01
3.000000000000000000e+00 -2.550000000000000000e+02 -1.800000000000000000e+01
0.000000000000000000e+00 -2.560000000000000000e+02 -1.900000000000000000e+01
-1.000000000000000000e+00 -2.710000000000000000e+02 -1.900000000000000000e+01
5.000000000000000000e+00 -2.660000000000000000e+02 -2.400000000000000000e+01
1.300000000000000000e+01 -2.550000000000000000e+02 -6.000000000000000000e+00
6.000000000000000000e+00 -2.530000000000000000e+02 1.100000000000000000e+01
-7.000000000000000000e+00 -2.060000000000000000e+02 -5.300000000000000000e+01
-4.000000000000000000e+00 -1.110000000000000000e+02 1.200000000000000000e+01
1.200000000000000000e+01 -1.930000000000000000e+02 -4.800000000000000000e+01
2.100000000000000000e+01 -2.690000000000000000e+02 3.400000000000000000e+01
3.000000000000000000e+00 -4.570000000000000000e+02 -2.400000000000000000e+01
-2.000000000000000000e+01 -5.590000000000000000e+02 1.110000000000000000e+02
-3.900000000000000000e+01 -8.290000000000000000e+02 -3.000000000000000000e+00
1.200000000000000000e+02 -1.220000000000000000e+02 -1.140000000000000000e+02
-3.100000000000000000e+01 7.100000000000000000e+01 -1.200000000000000000e+02
6.000000000000000000e+01 -3.100000000000000000e+01 -2.700000000000000000e+01
-1.600000000000000000e+01 -5.000000000000000000e+00 0.000000000000000000e+00
5.000000000000000000e+00 3.400000000000000000e+01 -3.100000000000000000e+01
1.600000000000000000e+01 -8.000000000000000000e+00 -5.800000000000000000e+01
5.500000000000000000e+01 -1.720000000000000000e+02 1.400000000000000000e+01
-7.600000000000000000e+01 -5.960000000000000000e+02 7.000000000000000000e+01
1.780000000000000000e+02 -1.441000000000000000e+03 -3.000000000000000000e+00
2.700000000000000000e+01 2.400000000000000000e+01 -2.800000000000000000e+01
3.800000000000000000e+01 -1.920000000000000000e+02 2.000000000000000000e+01
-1.000000000000000000e+00 -1.800000000000000000e+02 -2.900000000000000000e+01
9.000000000000000000e+00 -3.630000000000000000e+02 -1.400000000000000000e+01
-1.000000000000000000e+01 -1.720000000000000000e+02 -1.100000000000000000e+01
1.500000000000000000e+01 -2.750000000000000000e+02 -1.800000000000000000e+01
1.000000000000000000e+01 -2.430000000000000000e+02 1.000000000000000000e+00
-1.200000000000000000e+01 -2.430000000000000000e+02 8.000000000000000000e+00
7.000000000000000000e+00 -2.600000000000000000e+02 -6.000000000000000000e+00
1.000000000000000000e+01 -2.560000000000000000e+02 -1.400000000000000000e+01
1.100000000000000000e+01 -2.500000000000000000e+02 -2.100000000000000000e+01
1.500000000000000000e+01 -2.610000000000000000e+02 -1.600000000000000000e+01
7.000000000000000000e+00 -2.520000000000000000e+02 -1.500000000000000000e+01
0.000000000000000000e+00 -2.550000000000000000e+02 -9.000000000000000000e+00
0.000000000000000000e+00 -2.580000000000000000e+02 -1.000000000000000000e+01
3.000000000000000000e+00 -2.480000000000000000e+02 -3.000000000000000000e+00
7.000000000000000000e+00 -2.520000000000000000e+02 -9.000000000000000000e+00
1.000000000000000000e+01 -2.540000000000000000e+02 -1.200000000000000000e+01
1.300000000000000000e+01 -2.500000000000000000e+02 -9.000000000000000000e+00
1.600000000000000000e+01 -2.570000000000000000e+02 -1.300000000000000000e+01
6.000000000000000000e+00 -2.560000000000000000e+02 -1.400000000000000000e+01
-2.000000000000000000e+00 -2.560000000000000000e+02 -2.000000000000000000e+01
-1.000000000000000000e+00 -2.650000000000000000e+02 -2.200000000000000000e+01
4.000000000000000000e+00 -2.600000000000000000e+02 -1.800000000000000000e+01
5.000000000000000000e+00 -2.540000000000000000e+02 -1.200000000000000000e+01
3.000000000000000000e+00 -2.500000000000000000e+02 -1.200000000000000000e+01
-4.000000000000000000e+00 -2.560000000000000000e+02 -1.200000000000000000e+01
4.000000000000000000e+00 -2.540000000000000000e+02 -1.200000000000000000e+01
1.100000000000000000e+01 -2.550000000000000000e+02 -1.200000000000000000e+01
1.200000000000000000e+01 -2.570000000000000000e+02 -1.100000000000000000e+01
5.000000000000000000e+00 -2.560000000000000000e+02 -1.700000000000000000e+01
2.000000000000000000e+00 -2.530000000000000000e+02 -9.000000000000000000e+00
4.000000000000000000e+00 -2.560000000000000000e+02 -1.200000000000000000e+01
6.000000000000000000e+00 -2.550000000000000000e+02 -1.300000000000000000e+01
5.000000000000000000e+00 -2.560000000000000000e+02 -1.400000000000000000e+01
5.000000000000000000e+00 -2.560000000000000000e+02 -1.500000000000000000e+01
4.000000000000000000e+00 -2.520000000000000000e+02 -1.300000000000000000e+01
4.000000000000000000e+00 -2.550000000000000000e+02 -1.400000000000000000e+01
1.000000000000000000e+00 -2.570000000000000000e+02 -1.600000000000000000e+01
0.000000000000000000e+00 -2.580000000000000000e+02 -1.600000000000000000e+01
2.000000000000000000e+00 -2.560000000000000000e+02 -1.700000000000000000e+01
1.000000000000000000e+00 -2.590000000000000000e+02 -1.300000000000000000e+01
2.000000000000000000e+00 -2.530000000000000000e+02 -1.400000000000000000e+01
4.000000000000000000e+00 -2.560000000000000000e+02 -1.200000000000000000e+01
-1.000000000000000000e+00 -2.570000000000000000e+02 -1.800000000000000000e+01
0.000000000000000000e+00 -2.580000000000000000e+02 -1.600000000000000000e+01
6.000000000000000000e+00 -2.540000000000000000e+02 -1.700000000000000000e+01
7.000000000000000000e+00 -2.540000000000000000e+02 -1.600000000000000000e+01
3.000000000000000000e+00 -2.500000000000000000e+02 -1.500000000000000000e+01
4.000000000000000000e+00 -2.570000000000000000e+02 -1.300000000000000000e+01
5.000000000000000000e+00 -2.540000000000000000e+02 -1.800000000000000000e+01
8.000000000000000000e+00 -2.590000000000000000e+02 -1.600000000000000000e+01
2.000000000000000000e+00 -2.560000000000000000e+02 -2.200000000000000000e+01
5.000000000000000000e+00 -2.540000000000000000e+02 -2.200000000000000000e+01
6.000000000000000000e+00 -2.550000000000000000e+02 -1.900000000000000000e+01
4.000000000000000000e+00 -2.540000000000000000e+02 -2.000000000000000000e+01
2.000000000000000000e+00 -2.550000000000000000e+02 -1.700000000000000000e+01
1.000000000000000000e+00 -2.530000000000000000e+02 -1.300000000000000000e+01
1.000000000000000000e+00 -2.530000000000000000e+02 -1.800000000000000000e+01
4.000000000000000000e+00 -2.530000000000000000e+02 -1.600000000000000000e+01
5.000000000000000000e+00 -2.540000000000000000e+02 -2.100000000000000000e+01
3.000000000000000000e+00 -2.570000000000000000e+02 -1.900000000000000000e+01
2.000000000000000000e+00 -2.570000000000000000e+02 -1.400000000000000000e+01
2.000000000000000000e+00 -2.560000000000000000e+02 -2.000000000000000000e+01
4.000000000000000000e+00 -2.560000000000000000e+02 -2.200000000000000000e+01
