1.000000000000000000e+00 -2.530000000000000000e+02 -6.000000000000000000e+00
-3.000000000000000000e+00 -2.500000000000000000e+02 -2.000000000000000000e+00
-2.000000000000000000e+00 -2.520000000000000000e+02 -6.000000000000000000e+00
3.000000000000000000e+00 -2.550000000000000000e+02 -7.000000000000000000e+00
-1.000000000000000000e+00 -2.530000000000000000e+02 -9.000000000000000000e+00
1.000000000000000000e+00 -2.490000000000000000e+02 -6.000000000000000000e+00
-1.000000000000000000e+00 -2.500000000000000000e+02 -4.000000000000000000e+00
0.000000000000000000e+00 -2.520000000000000000e+02 -5.000000000000000000e+00
0.000000000000000000e+00 -2.490000000000000000e+02 -5.000000000000000000e+00
-1.000000000000000000e+00 -2.510000000000000000e+02 -2.000000000000000000e+00
-3.000000000000000000e+00 -2.530000000000000000e+02 -2.000000000000000000e+00
-2.000000000000000000e+00 -2.510000000000000000e+02 -5.000000000000000000e+00
3.000000000000000000e+00 -2.520000000000000000e+02 -2.000000000000000000e+00
4.000000000000000000e+00 -2.530000000000000000e+02 -1.100000000000000000e+01
0.000000000000000000e+00 -2.530000000000000000e+02 -6.000000000000000000e+00
4.000000000000000000e+00 -2.520000000000000000e+02 -8.000000000000000000e+00
-1.000000000000000000e+00 -2.510000000000000000e+02 -7.000000000000000000e+00
-1.000000000000000000e+00 -2.540000000000000000e+02 -1.500000000000000000e+01
-2.000000000000000000e+00 -2.530000000000000000e+02 -9.000000000000000000e+00
-2.000000000000000000e+00 -2.500000000000000000e+02 -1.200000000000000000e+01
-2.000000000000000000e+00 -2.510000000000000000e+02 -1.000000000000000000e+01
1.000000000000000000e+00 -2.530000000000000000e+02 -1.300000000000000000e+01
-1.000000000000000000e+00 -2.490000000000000000e+02 -1.400000000000000000e+01
-1.000000000000000000e+00 -2.550000000000000000e+02 -8.000000000000000000e+00
-2.000000000000000000e+00 -2.500000000000000000e+02 -1.500000000000000000e+01
-5.000000000000000000e+00 -2.460000000000000000e+02 -1.500000000000000000e+01
-7.000000000000000000e+00 -2.570000000000000000e+02 -1.300000000000000000e+01
-3.000000000000000000e+00 -2.510000000000000000e+02 -1.900000000000000000e+01
-1.000000000000000000e+00 -2.460000000000000000e+02 -1.400000000000000000e+01
5.000000000000000000e+00 -2.360000000000000000e+02 -2.400000000000000000e+01
1.800000000000000000e+01 -2.240000000000000000e+02 -2.400000000000000000e+01
1.100000000000000000e+01 -1.980000000000000000e+02 -2.000000000000000000e+01
1.000000000000000000e+00 -2.150000000000000000e+02 8.000000000000000000e+00
1.600000000000000000e+01 -2.450000000000000000e+02 -1.000000000000000000e+00
5.000000000000000000e+00 -2.460000000000000000e+02 -9.000000000000000000e+00
-1.000000000000000000e+00 -2.680000000000000000e+02 5.000000000000000000e+00
-3.000000000000000000e+00 -2.950000000000000000e+02 4.000000000000000000e+00
-4.000000000000000000e+00 -3.160000000000000000e+02 -6.000000000000000000e+00
5.000000000000000000e+00 -3.440000000000000000e+02 -6.000000000000000000e+00
-4.000000000000000000e+00 -3.900000000000000000e+02 -4.000000000000000000e+00
-4.000000000000000000e+00 -4.760000000000000000e+02 1.800000000000000000e+01
1.000000000000000000e+01 -5.420000000000000000e+02 2.300000000000000000e+01
4.200000000000000000e+01 -1.610000000000000000e+02 -3.200000000000000000e+01
-1.110000000000000000e+02 1.050000000000000000e+02 -9.500000000000000000e+01
1.210000000000000000e+02 -3.900000000000000000e+01 -6.100000000000000000e+01
-5.000000000000000000e+01 -3.000000000000000000e+00 2.100000000000000000e+01
-3.100000000000000000e+01 -1.900000000000000000e+01 4.300000000000000000e+01
7.000000000000000000e+00 -6.000000000000000000e+01 6.200000000000000000e+01
2.500000000000000000e+01 -6.150000000000000000e+02 1.330000000000000000e+02
-2.740000000000000000e+02 -8.150000000000000000e+02 2.900000000000000000e+01
7.000000000000000000e+01 -2.000000000000000000e+02 6.000000000000000000e+00
1.100000000000000000e+01 -7.800000000000000000e+01 -1.900000000000000000e+01
-7.000000000000000000e+01 -1.730000000000000000e+02 2.000000000000000000e+00
3.500000000000000000e+01 -2.620000000000000000e+02 3.300000000000000000e+01
-4.700000000000000000e+01 -2.760000000000000000e+02 9.000000000000000000e+00
3.400000000000000000e+01 -2.980000000000000000e+02 3.000000000000000000e+00
1.200000000000000000e+01 -2.150000000000000000e+02 6.000000000000000000e+00
1.400000000000000000e+01 -2.460000000000000000e+02 8.000000000000000000e+00
3.300000000000000000e+01 -2.780000000000000000e+02 9.000000000000000000e+00
-9.000000000000000000e+00 -2.540000000000000000e+02 4.000000000000000000e+00
2.000000000000000000e+00 -2.440000000000000000e+02 9.000000000000000000e+00
-3.000000000000000000e+00 -2.520000000000000000e+02 1.500000000000000000e+01
8.000000000000000000e+00 -2.500000000000000000e+02 8.000000000000000000e+00
5.000000000000000000e+00 -2.500000000000000000e+02 3.000000000000000000e+00
-2.000000000000000000e+00 -2.580000000000000000e+02 3.000000000000000000e+00
2.000000000000000000e+00 -2.530000000000000000e+02 -1.000000000000000000e+00
1.000000000000000000e+00 -2.480000000000000000e+02 0.000000000000000000e+00
-2.000000000000000000e+00 -2.550000000000000000e+02 -4.000000000000000000e+00
-4.000000000000000000e+00 -2.480000000000000000e+02 -4.000000000000000000e+00
-8.000000000000000000e+00 -2.530000000000000000e+02 -2.000000000000000000e+00
-4.000000000000000000e+00 -2.550000000000000000e+02 1.000000000000000000e+00
-2.000000000000000000e+00 -2.530000000000000000e+02 -5.000000000000000000e+00
-2.000000000000000000e+00 -2.510000000000000000e+02 -4.000000000000000000e+00
-1.000000000000000000e+00 -2.530000000000000000e+02 -7.000000000000000000e+00
1.000000000000000000e+00 -2.530000000000000000e+02 -9.000000000000000000e+00
-1.000000000000000000e+00 -2.480000000000000000e+02 -8.000000000000000000e+00
-1.000000000000000000e+00 -2.500000000000000000e+02 -3.000000000000000000e+00
0.000000000000000000e+00 -2.510000000000000000e+02 -8.000000000000000000e+00
-2.000000000000000000e+00 -2.500000000000000000e+02 -3.000000000000000000e+00
-4.000000000000000000e+00 -2.520000000000000000e+02 -5.000000000000000000e+00
-4.000000000000000000e+00 -2.510000000000000000e+02 -3.000000000000000000e+00
-4.000000000000000000e+00 -2.500000000000000000e+02 -1.000000000000000000e+00
-6.000000000000000000e+00 -2.510000000000000000e+02 -2.000000000000000000e+00
0.000000000000000000e+00 -2.530000000000000000e+02 -5.000000000000000000e+00
-4.000000000000000000e+00 -2.530000000000000000e+02 0.000000000000000000e+00
-3.000000000000000000e+00 -2.550000000000000000e+02 -2.000000000000000000e+00
-1.000000000000000000e+00 -2.550000000000000000e+02 -1.000000000000000000e+00
1.000000000000000000e+00 -2.540000000000000000e+02 -5.000000000000000000e+00
1.000000000000000000e+00 -2.510000000000000000e+02 2.000000000000000000e+00
3.000000000000000000e+00 -2.530000000000000000e+02 -2.000000000000000000e+00
-1.000000000000000000e+00 -2.480000000000000000e+02 4.000000000000000000e+00
-3.000000000000000000e+00 -2.490000000000000000e+02 6.000000000000000000e+00
-3.000000000000000000e+00 -2.520000000000000000e+02 4.000000000000000000e+00
-2.000000000000000000e+00 -2.520000000000000000e+02 5.000000000000000000e+00
-4.000000000000000000e+00 -2.440000000000000000e+02 0.000000000000000000e+00
-7.000000000000000000e+00 -2.460000000000000000e+02 3.000000000000000000e+00
-4.000000000000000000e+00 -2.530000000000000000e+02 0.000000000000000000e+00
-1.000000000000000000e+00 -2.410000000000000000e+02 7.000000000000000000e+00
-4.000000000000000000e+00 -2.480000000000000000e+02 9.000000000000000000e+00
-7.000000000000000000e+00 -2.380000000000000000e+02 1.300000000000000000e+01
7.000000000000000000e+00 -2.580000000000000000e+02 1.500000000000000000e+01
4.000000000000000000e+00 -2.550000000000000000e+02 8.000000000000000000e+00
-5.000000000000000000e+00 -2.410000000000000000e+02 7.000000000000000000e+00
-3.000000000000000000e+00 -2.250000000000000000e+02 8.000000000000000000e+00
0.000000000000000000e+00 -2.160000000000000000e+02 -2.000000000000000000e+00
-1.700000000000000000e+01 -2.230000000000000000e+02 8.000000000000000000e+00
-1.000000000000000000e+01 -2.510000000000000000e+02 7.000000000000000000e+00
-6.000000000000000000e+00 -2.730000000000000000e+02 5.000000000000000000e+00
-1.200000000000000000e+01 -2.860000000000000000e+02 6.000000000000000000e+00
-9.000000000000000000e+00 -3.020000000000000000e+02 3.000000000000000000e+00
-7.000000000000000000e+00 -3.160000000000000000e+02 1.000000000000000000e+00
-1.100000000000000000e+01 -4.410000000000000000e+02 -2.000000000000000000e+00
-2.600000000000000000e+01 -6.470000000000000000e+02 5.100000000000000000e+01
-7.000000000000000000e+01 -3.310000000000000000e+02 -3.900000000000000000e+01
-4.000000000000000000e+00 6.000000000000000000e+01 -1.090000000000000000e+02
-3.900000000000000000e+01 6.400000000000000000e+01 -1.140000000000000000e+02
5.700000000000000000e+01 -4.900000000000000000e+01 5.700000000000000000e+01
-2.100000000000000000e+01 1.900000000000000000e+01 1.700000000000000000e+01
-1.000000000000000000e+00 -4.300000000000000000e+01 3.300000000000000000e+01
-3.900000000000000000e+01 -4.840000000000000000e+02 -2.800000000000000000e+01
5.800000000000000000e+01 -5.260000000000000000e+02 3.200000000000000000e+01
-7.800000000000000000e+01 -5.380000000000000000e+02 1.200000000000000000e+01
7.800000000000000000e+01 -1.320000000000000000e+02 -2.700000000000000000e+01
-3.000000000000000000e+00 -1.470000000000000000e+02 -1.800000000000000000e+01
-2.900000000000000000e+01 -2.350000000000000000e+02 2.900000000000000000e+01
6.000000000000000000e+00 -2.530000000000000000e+02 -1.100000000000000000e+01
-1.600000000000000000e+01 -3.370000000000000000e+02 -2.300000000000000000e+01
3.100000000000000000e+01 -2.610000000000000000e+02 -9.000000000000000000e+00
-4.000000000000000000e+00 -2.270000000000000000e+02 1.800000000000000000e+01
1.600000000000000000e+01 -2.350000000000000000e+02 1.100000000000000000e+01
7.000000000000000000e+00 -2.780000000000000000e+02 -2.000000000000000000e+00
-1.000000000000000000e+00 -2.490000000000000000e+02 -2.000000000000000000e+00
0.000000000000000000e+00 -2.480000000000000000e+02 -1.000000000000000000e+00
-2.000000000000000000e+00 -2.480000000000000000e+02 5.000000000000000000e+00
0.000000000000000000e+00 -2.540000000000000000e+02 -4.000000000000000000e+00
-4.000000000000000000e+00 -2.550000000000000000e+02 2.000000000000000000e+00
-6.000000000000000000e+00 -2.520000000000000000e+02 1.000000000000000000e+00
-4.000000000000000000e+00 -2.520000000000000000e+02 -1.000000000000000000e+00
-2.000000000000000000e+00 -2.530000000000000000e+02 1.000000000000000000e+00
-4.000000000000000000e+00 -2.510000000000000000e+02 -2.000000000000000000e+00
-6.000000000000000000e+00 -2.540000000000000000e+02 -2.000000000000000000e+00
-4.000000000000000000e+00 -2.520000000000000000e+02 -2.000000000000000000e+00
-3.000000000000000000e+00 -2.480000000000000000e+02 4.000000000000000000e+00
-7.000000000000000000e+00 -2.500000000000000000e+02 5.000000000000000000e+00
-4.000000000000000000e+00 -2.510000000000000000e+02 7.000000000000000000e+00
-3.000000000000000000e+00 -2.500000000000000000e+02 5.000000000000000000e+00
0.000000000000000000e+00 -2.520000000000000000e+02 4.000000000000000000e+00
-4.000000000000000000e+00 -2.530000000000000000e+02 8.000000000000000000e+00
-4.000000000000000000e+00 -2.510000000000000000e+02 5.000000000000000000e+00
-4.000000000000000000e+00 -2.520000000000000000e+02 8.000000000000000000e+00
-7.000000000000000000e+00 -2.490000000000000000e+02 3.000000000000000000e+00
-3.000000000000000000e+00 -2.550000000000000000e+02 6.000000000000000000e+00
-2.000000000000000000e+00 -2.550000000000000000e+02 3.000000000000000000e+00
-1.000000000000000000e+00 -2.510000000000000000e+02 4.000000000000000000e+00
-3.000000000000000000e+00 -2.570000000000000000e+02 6.000000000000000000e+00
-1.000000000000000000e+00 -2.540000000000000000e+02 6.000000000000000000e+00
-3.000000000000000000e+00 -2.540000000000000000e+02 5.000000000000000000e+00
0.000000000000000000e+00 -2.530000000000000000e+02 5.000000000000000000e+00
-1.000000000000000000e+00 -2.540000000000000000e+02 4.000000000000000000e+00
-2.000000000000000000e+00 -2.540000000000000000e+02 5.000000000000000000e+00
-3.000000000000000000e+00 -2.530000000000000000e+02 8.000000000000000000e+00
-4.000000000000000000e+00 -2.500000000000000000e+02 7.000000000000000000e+00
-4.000000000000000000e+00 -2.500000000000000000e+02 1.000000000000000000e+01
-4.000000000000000000e+00 -2.510000000000000000e+02 8.000000000000000000e+00
-3.000000000000000000e+00 -2.500000000000000000e+02 9.000000000000000000e+00
-4.000000000000000000e+00 -2.530000000000000000e+02 1.200000000000000000e+01
1.000000000000000000e+00 -2.550000000000000000e+02 1.000000000000000000e+01
-2.000000000000000000e+00 -2.500000000000000000e+02 9.000000000000000000e+00
2.000000000000000000e+00 -2.490000000000000000e+02 9.000000000000000000e+00
-1.000000000000000000e+00 -2.510000000000000000e+02 9.000000000000000000e+00
1.000000000000000000e+00 -2.530000000000000000e+02 9.000000000000000000e+00
-3.000000000000000000e+00 -2.520000000000000000e+02 1.500000000000000000e+01
1.000000000000000000e+00 -2.510000000000000000e+02 1.100000000000000000e+01
1.000000000000000000e+00 -2.510000000000000000e+02 1.400000000000000000e+01
-3.000000000000000000e+00 -2.510000000000000000e+02 1.400000000000000000e+01
3.000000000000000000e+00 -2.520000000000000000e+02 1.400000000000000000e+01
2.000000000000000000e+00 -2.580000000000000000e+02 1.200000000000000000e+01
0.000000000000000000e+00 -2.500000000000000000e+02 9.000000000000000000e+00
-2.000000000000000000e+00 -2.550000000000000000e+02 1.400000000000000000e+01
0.000000000000000000e+00 -2.540000000000000000e+02 1.400000000000000000e+01
-1.000000000000000000e+00 -2.530000000000000000e+02 1.600000000000000000e+01
-1.000000000000000000e+00 -2.520000000000000000e+02 1.800000000000000000e+01
0.000000000000000000e+00 -2.530000000000000000e+02 1.800000000000000000e+01
2.000000000000000000e+00 -2.530000000000000000e+02 1.700000000000000000e+01
1.000000000000000000e+00 -2.530000000000000000e+02 1.300000000000000000e+01
1.000000000000000000e+00 -2.530000000000000000e+02 2.300000000000000000e+01
0.000000000000000000e+00 -2.520000000000000000e+02 1.500000000000000000e+01
-2.000000000000000000e+00 -2.530000000000000000e+02 1.200000000000000000e+01
-1.000000000000000000e+00 -2.540000000000000000e+02 1.700000000000000000e+01
2.000000000000000000e+00 -2.460000000000000000e+02 3.100000000000000000e+01
-1.000000000000000000e+00 -2.500000000000000000e+02 1.500000000000000000e+01
-2.000000000000000000e+00 -2.520000000000000000e+02 2.000000000000000000e+01
2.000000000000000000e+00 -2.510000000000000000e+02 2.100000000000000000e+01
-1.000000000000000000e+00 -2.540000000000000000e+02 2.400000000000000000e+01
-3.000000000000000000e+00 -2.520000000000000000e+02 2.700000000000000000e+01
0.000000000000000000e+00 -2.510000000000000000e+02 2.500000000000000000e+01
0.000000000000000000e+00 -2.530000000000000000e+02 2.200000000000000000e+01
0.000000000000000000e+00 -2.510000000000000000e+02 1.800000000000000000e+01
3.000000000000000000e+00 -2.490000000000000000e+02 2.400000000000000000e+01
0.000000000000000000e+00 -2.480000000000000000e+02 2.500000000000000000e+01
