-3.000000000000000000e+00 -2.610000000000000000e+02 8.500000000000000000e+01
-2.000000000000000000e+00 -2.610000000000000000e+02 6.100000000000000000e+01
-5.000000000000000000e+00 -2.600000000000000000e+02 7.100000000000000000e+01
-2.700000000000000000e+01 -2.580000000000000000e+02 4.700000000000000000e+01
0.000000000000000000e+00 -2.530000000000000000e+02 6.000000000000000000e+01
-9.000000000000000000e+00 -2.600000000000000000e+02 6.300000000000000000e+01
-2.000000000000000000e+00 -2.570000000000000000e+02 6.700000000000000000e+01
-6.000000000000000000e+00 -2.560000000000000000e+02 6.100000000000000000e+01
-3.000000000000000000e+00 -2.580000000000000000e+02 6.100000000000000000e+01
-8.000000000000000000e+00 -2.650000000000000000e+02 6.100000000000000000e+01
-6.000000000000000000e+00 -2.590000000000000000e+02 6.300000000000000000e+01
-5.000000000000000000e+00 -2.610000000000000000e+02 6.300000000000000000e+01
-6.000000000000000000e+00 -2.580000000000000000e+02 6.400000000000000000e+01
-6.000000000000000000e+00 -2.600000000000000000e+02 6.400000000000000000e+01
-7.000000000000000000e+00 -2.580000000000000000e+02 6.200000000000000000e+01
-5.000000000000000000e+00 -2.600000000000000000e+02 6.300000000000000000e+01
-3.000000000000000000e+00 -2.600000000000000000e+02 6.200000000000000000e+01
-7.000000000000000000e+00 -2.600000000000000000e+02 6.200000000000000000e+01
-6.000000000000000000e+00 -2.610000000000000000e+02 6.200000000000000000e+01
-7.000000000000000000e+00 -2.590000000000000000e+02 6.200000000000000000e+01
-5.000000000000000000e+00 -2.600000000000000000e+02 6.400000000000000000e+01
-1.000000000000000000e+00 -2.620000000000000000e+02 6.000000000000000000e+01
-6.000000000000000000e+00 -2.610000000000000000e+02 6.400000000000000000e+01
-6.000000000000000000e+00 -2.590000000000000000e+02 6.000000000000000000e+01
-7.000000000000000000e+00 -2.590000000000000000e+02 6.200000000000000000e+01
-3.000000000000000000e+00 -2.610000000000000000e+02 6.300000000000000000e+01
-3.000000000000000000e+00 -2.580000000000000000e+02 5.900000000000000000e+01
-6.000000000000000000e+00 -2.580000000000000000e+02 5.900000000000000000e+01
0.000000000000000000e+00 -2.610000000000000000e+02 5.800000000000000000e+01
0.000000000000000000e+00 -2.640000000000000000e+02 5.500000000000000000e+01
-5.000000000000000000e+00 -2.590000000000000000e+02 5.700000000000000000e+01
-8.000000000000000000e+00 -2.610000000000000000e+02 6.200000000000000000e+01
-1.300000000000000000e+01 -2.650000000000000000e+02 6.500000000000000000e+01
-1.300000000000000000e+01 -2.680000000000000000e+02 6.100000000000000000e+01
-2.000000000000000000e+00 -2.660000000000000000e+02 6.300000000000000000e+01
1.000000000000000000e+00 -2.490000000000000000e+02 4.500000000000000000e+01
3.000000000000000000e+00 -1.900000000000000000e+02 6.500000000000000000e+01
-1.600000000000000000e+01 -1.610000000000000000e+02 9.500000000000000000e+01
-1.200000000000000000e+01 -2.100000000000000000e+02 1.210000000000000000e+02
-7.000000000000000000e+00 -3.500000000000000000e+02 -5.000000000000000000e+00
-7.700000000000000000e+01 -5.860000000000000000e+02 2.270000000000000000e+02
-8.000000000000000000e+00 -6.440000000000000000e+02 1.660000000000000000e+02
-1.000000000000000000e+00 -3.770000000000000000e+02 3.000000000000000000e+01
2.100000000000000000e+01 9.000000000000000000e+01 -1.240000000000000000e+02
-8.000000000000000000e+00 -3.300000000000000000e+01 2.900000000000000000e+01
5.000000000000000000e+00 1.000000000000000000e+00 7.200000000000000000e+01
0.000000000000000000e+00 -1.300000000000000000e+01 3.000000000000000000e+01
-1.200000000000000000e+01 -2.100000000000000000e+01 8.000000000000000000e+00
-5.000000000000000000e+00 -6.900000000000000000e+01 1.200000000000000000e+01
4.000000000000000000e+00 -7.990000000000000000e+02 -4.300000000000000000e+01
1.800000000000000000e+01 -3.820000000000000000e+02 6.900000000000000000e+01
9.000000000000000000e+00 -2.150000000000000000e+02 1.660000000000000000e+02
-5.000000000000000000e+00 -3.320000000000000000e+02 1.300000000000000000e+02
-2.800000000000000000e+01 -1.750000000000000000e+02 2.600000000000000000e+01
-4.900000000000000000e+01 -2.220000000000000000e+02 9.300000000000000000e+01
1.000000000000000000e+00 -2.330000000000000000e+02 7.600000000000000000e+01
-1.900000000000000000e+01 -2.850000000000000000e+02 8.300000000000000000e+01
-2.000000000000000000e+00 -2.160000000000000000e+02 7.400000000000000000e+01
1.000000000000000000e+00 -2.500000000000000000e+02 6.800000000000000000e+01
-4.000000000000000000e+00 -2.570000000000000000e+02 7.100000000000000000e+01
-2.000000000000000000e+00 -2.560000000000000000e+02 7.300000000000000000e+01
-1.100000000000000000e+01 -2.670000000000000000e+02 6.900000000000000000e+01
-1.200000000000000000e+01 -2.680000000000000000e+02 6.700000000000000000e+01
-2.000000000000000000e+00 -2.560000000000000000e+02 7.400000000000000000e+01
-9.000000000000000000e+00 -2.530000000000000000e+02 7.700000000000000000e+01
-5.000000000000000000e+00 -2.550000000000000000e+02 7.300000000000000000e+01
-5.000000000000000000e+00 -2.560000000000000000e+02 7.600000000000000000e+01
-5.000000000000000000e+00 -2.550000000000000000e+02 7.200000000000000000e+01
-1.100000000000000000e+01 -2.550000000000000000e+02 8.000000000000000000e+01
-1.000000000000000000e+01 -2.570000000000000000e+02 7.400000000000000000e+01
-4.000000000000000000e+00 -2.540000000000000000e+02 7.000000000000000000e+01
-5.000000000000000000e+00 -2.600000000000000000e+02 7.100000000000000000e+01
-5.000000000000000000e+00 -2.540000000000000000e+02 7.000000000000000000e+01
-8.000000000000000000e+00 -2.570000000000000000e+02 7.600000000000000000e+01
-6.000000000000000000e+00 -2.540000000000000000e+02 7.100000000000000000e+01
-5.000000000000000000e+00 -2.580000000000000000e+02 6.800000000000000000e+01
-1.000000000000000000e+00 -2.660000000000000000e+02 6.700000000000000000e+01
-1.000000000000000000e+00 -2.660000000000000000e+02 6.300000000000000000e+01
-1.200000000000000000e+01 -2.440000000000000000e+02 7.500000000000000000e+01
-2.900000000000000000e+01 -2.330000000000000000e+02 7.100000000000000000e+01
-1.900000000000000000e+01 -1.950000000000000000e+02 3.000000000000000000e+01
2.300000000000000000e+01 -1.820000000000000000e+02 1.040000000000000000e+02
-1.700000000000000000e+01 -2.140000000000000000e+02 1.010000000000000000e+02
-2.000000000000000000e+01 -3.560000000000000000e+02 2.600000000000000000e+01
-4.800000000000000000e+01 -4.250000000000000000e+02 2.370000000000000000e+02
-5.300000000000000000e+01 -7.980000000000000000e+02 2.880000000000000000e+02
5.600000000000000000e+01 -4.330000000000000000e+02 -1.100000000000000000e+01
4.500000000000000000e+01 -3.300000000000000000e+01 4.000000000000000000e+00
-4.000000000000000000e+01 5.000000000000000000e+00 -7.600000000000000000e+01
0.000000000000000000e+00 -5.600000000000000000e+01 3.900000000000000000e+01
-7.000000000000000000e+00 -5.900000000000000000e+01 5.000000000000000000e+01
-1.300000000000000000e+01 4.700000000000000000e+01 3.200000000000000000e+01
2.900000000000000000e+01 -1.100000000000000000e+01 -2.400000000000000000e+01
-1.000000000000000000e+01 -1.610000000000000000e+02 1.380000000000000000e+02
-1.510000000000000000e+02 -7.740000000000000000e+02 1.980000000000000000e+02
2.470000000000000000e+02 -8.560000000000000000e+02 1.710000000000000000e+02
1.700000000000000000e+01 -5.600000000000000000e+01 1.220000000000000000e+02
-1.200000000000000000e+01 -2.720000000000000000e+02 2.300000000000000000e+01
-1.500000000000000000e+01 -1.960000000000000000e+02 7.000000000000000000e+01
-3.700000000000000000e+01 -1.500000000000000000e+02 8.500000000000000000e+01
-1.900000000000000000e+01 -3.050000000000000000e+02 9.100000000000000000e+01
-6.000000000000000000e+00 -2.800000000000000000e+02 1.060000000000000000e+02
7.000000000000000000e+00 -2.200000000000000000e+02 9.200000000000000000e+01
8.000000000000000000e+00 -2.540000000000000000e+02 7.300000000000000000e+01
-2.400000000000000000e+01 -2.590000000000000000e+02 9.100000000000000000e+01
-1.000000000000000000e+00 -2.350000000000000000e+02 7.700000000000000000e+01
-5.000000000000000000e+00 -2.540000000000000000e+02 7.000000000000000000e+01
-3.000000000000000000e+00 -2.860000000000000000e+02 7.200000000000000000e+01
-2.400000000000000000e+01 -2.400000000000000000e+02 7.700000000000000000e+01
-9.000000000000000000e+00 -2.520000000000000000e+02 6.600000000000000000e+01
-1.200000000000000000e+01 -2.690000000000000000e+02 7.200000000000000000e+01
-9.000000000000000000e+00 -2.530000000000000000e+02 6.600000000000000000e+01
-1.000000000000000000e+00 -2.580000000000000000e+02 6.500000000000000000e+01
-2.000000000000000000e+00 -2.660000000000000000e+02 6.400000000000000000e+01
-1.100000000000000000e+01 -2.600000000000000000e+02 7.100000000000000000e+01
-3.000000000000000000e+00 -2.570000000000000000e+02 6.800000000000000000e+01
-1.000000000000000000e+00 -2.580000000000000000e+02 6.900000000000000000e+01
-5.000000000000000000e+00 -2.560000000000000000e+02 7.400000000000000000e+01
-3.000000000000000000e+00 -2.600000000000000000e+02 7.100000000000000000e+01
-4.000000000000000000e+00 -2.550000000000000000e+02 7.000000000000000000e+01
-7.000000000000000000e+00 -2.580000000000000000e+02 6.800000000000000000e+01
-1.100000000000000000e+01 -2.570000000000000000e+02 6.700000000000000000e+01
-6.000000000000000000e+00 -2.570000000000000000e+02 6.900000000000000000e+01
-4.000000000000000000e+00 -2.570000000000000000e+02 6.700000000000000000e+01
-5.000000000000000000e+00 -2.560000000000000000e+02 6.600000000000000000e+01
-8.000000000000000000e+00 -2.600000000000000000e+02 6.800000000000000000e+01
-4.000000000000000000e+00 -2.580000000000000000e+02 7.000000000000000000e+01
-3.000000000000000000e+00 -2.610000000000000000e+02 6.900000000000000000e+01
-6.000000000000000000e+00 -2.570000000000000000e+02 7.300000000000000000e+01
-4.000000000000000000e+00 -2.540000000000000000e+02 7.600000000000000000e+01
-3.000000000000000000e+00 -2.550000000000000000e+02 7.000000000000000000e+01
-9.000000000000000000e+00 -2.580000000000000000e+02 7.200000000000000000e+01
-6.000000000000000000e+00 -2.560000000000000000e+02 7.000000000000000000e+01
-5.000000000000000000e+00 -2.590000000000000000e+02 6.900000000000000000e+01
-9.000000000000000000e+00 -2.560000000000000000e+02 6.800000000000000000e+01
-9.000000000000000000e+00 -2.590000000000000000e+02 6.600000000000000000e+01
-2.000000000000000000e+00 -2.560000000000000000e+02 6.500000000000000000e+01
-7.000000000000000000e+00 -2.560000000000000000e+02 6.600000000000000000e+01
-8.000000000000000000e+00 -2.590000000000000000e+02 6.500000000000000000e+01
-6.000000000000000000e+00 -2.590000000000000000e+02 6.400000000000000000e+01
0.000000000000000000e+00 -2.590000000000000000e+02 6.800000000000000000e+01
-5.000000000000000000e+00 -2.590000000000000000e+02 6.600000000000000000e+01
-7.000000000000000000e+00 -2.580000000000000000e+02 6.600000000000000000e+01
-8.000000000000000000e+00 -2.570000000000000000e+02 6.500000000000000000e+01
-8.000000000000000000e+00 -2.590000000000000000e+02 6.400000000000000000e+01
-8.000000000000000000e+00 -2.580000000000000000e+02 6.000000000000000000e+01
-1.000000000000000000e+01 -2.580000000000000000e+02 6.400000000000000000e+01
-4.000000000000000000e+00 -2.610000000000000000e+02 6.100000000000000000e+01
-5.000000000000000000e+00 -2.590000000000000000e+02 6.500000000000000000e+01
-3.000000000000000000e+00 -2.630000000000000000e+02 6.300000000000000000e+01
-7.000000000000000000e+00 -2.570000000000000000e+02 6.400000000000000000e+01
-6.000000000000000000e+00 -2.590000000000000000e+02 6.500000000000000000e+01
-5.000000000000000000e+00 -2.570000000000000000e+02 6.500000000000000000e+01
-7.000000000000000000e+00 -2.560000000000000000e+02 6.500000000000000000e+01
-1.000000000000000000e+01 -2.560000000000000000e+02 6.600000000000000000e+01
-7.000000000000000000e+00 -2.590000000000000000e+02 6.300000000000000000e+01
-7.000000000000000000e+00 -2.580000000000000000e+02 6.600000000000000000e+01
-7.000000000000000000e+00 -2.570000000000000000e+02 6.400000000000000000e+01
-6.000000000000000000e+00 -2.610000000000000000e+02 6.500000000000000000e+01
-9.000000000000000000e+00 -2.570000000000000000e+02 6.300000000000000000e+01
-2.000000000000000000e+00 -2.580000000000000000e+02 6.500000000000000000e+01
-5.000000000000000000e+00 -2.580000000000000000e+02 6.300000000000000000e+01
-5.000000000000000000e+00 -2.580000000000000000e+02 6.500000000000000000e+01
-5.000000000000000000e+00 -2.580000000000000000e+02 6.600000000000000000e+01
-6.000000000000000000e+00 -2.600000000000000000e+02 6.300000000000000000e+01
-7.000000000000000000e+00 -2.560000000000000000e+02 6.700000000000000000e+01
-9.000000000000000000e+00 -2.560000000000000000e+02 6.600000000000000000e+01
-4.000000000000000000e+00 -2.590000000000000000e+02 6.300000000000000000e+01
-8.000000000000000000e+00 -2.570000000000000000e+02 6.800000000000000000e+01
-7.000000000000000000e+00 -2.580000000000000000e+02 6.300000000000000000e+01
-3.000000000000000000e+00 -2.600000000000000000e+02 6.400000000000000000e+01
-3.000000000000000000e+00 -2.600000000000000000e+02 5.500000000000000000e+01
-1.000000000000000000e+00 -2.610000000000000000e+02 6.300000000000000000e+01
-3.000000000000000000e+00 -2.580000000000000000e+02 6.400000000000000000e+01
-5.000000000000000000e+00 -2.590000000000000000e+02 6.600000000000000000e+01
-5.000000000000000000e+00 -2.580000000000000000e+02 6.400000000000000000e+01
-2.000000000000000000e+00 -2.610000000000000000e+02 6.600000000000000000e+01
-4.000000000000000000e+00 -2.590000000000000000e+02 6.500000000000000000e+01
-6.000000000000000000e+00 -2.610000000000000000e+02 6.600000000000000000e+01
-4.000000000000000000e+00 -2.600000000000000000e+02 6.500000000000000000e+01
-6.000000000000000000e+00 -2.590000000000000000e+02 6.600000000000000000e+01
-4.000000000000000000e+00 -2.590000000000000000e+02 6.100000000000000000e+01
-4.000000000000000000e+00 -2.570000000000000000e+02 6.600000000000000000e+01
-5.000000000000000000e+00 -2.560000000000000000e+02 6.500000000000000000e+01
-6.000000000000000000e+00 -2.580000000000000000e+02 6.700000000000000000e+01
-8.000000000000000000e+00 -2.580000000000000000e+02 6.500000000000000000e+01
-5.000000000000000000e+00 -2.580000000000000000e+02 6.500000000000000000e+01
-6.000000000000000000e+00 -2.580000000000000000e+02 6.900000000000000000e+01
-6.000000000000000000e+00 -2.560000000000000000e+02 6.500000000000000000e+01
-7.000000000000000000e+00 -2.600000000000000000e+02 6.500000000000000000e+01
-6.000000000000000000e+00 -2.580000000000000000e+02 6.700000000000000000e+01
-5.000000000000000000e+00 -2.570000000000000000e+02 6.500000000000000000e+01
-6.000000000000000000e+00 -2.600000000000000000e+02 6.500000000000000000e+01
-4.000000000000000000e+00 -2.580000000000000000e+02 6.700000000000000000e+01
-7.000000000000000000e+00 -2.590000000000000000e+02 6.500000000000000000e+01
-5.000000000000000000e+00 -2.560000000000000000e+02 6.400000000000000000e+01
-5.000000000000000000e+00 -2.590000000000000000e+02 6.800000000000000000e+01
-3.000000000000000000e+00 -2.600000000000000000e+02 6.600000000000000000e+01
-4.000000000000000000e+00 -2.630000000000000000e+02 6.500000000000000000e+01
-1.000000000000000000e+01 -2.600000000000000000e+02 6.700000000000000000e+01
