9.106445312500000000e-01 4.370117187500000000e-02 5.249023437500000000e-01
9.106445312500000000e-01 4.370117187500000000e-02 5.249023437500000000e-01
9.106445312500000000e-01 4.370117187500000000e-02 5.249023437500000000e-01
9.106445312500000000e-01 4.370117187500000000e-02 5.249023437500000000e-01
9.106445312500000000e-01 4.370117187500000000e-02 5.249023437500000000e-01
9.106445312500000000e-01 4.370117187500000000e-02 5.249023437500000000e-01
9.106445312500000000e-01 4.370117187500000000e-02 5.249023437500000000e-01
9.106445312500000000e-01 4.370117187500000000e-02 5.249023437500000000e-01
9.687500000000000000e-01 4.052734375000000000e-02 4.692382812500000000e-01
9.687500000000000000e-01 4.052734375000000000e-02 4.692382812500000000e-01
9.111328125000000000e-01 3.735351562500000000e-02 5.224609375000000000e-01
9.084472656250000000e-01 3.588867187500000000e-02 5.268554687500000000e-01
9.169921875000000000e-01 4.418945312500000000e-02 5.197753906250000000e-01
9.235839843750000000e-01 4.101562500000000000e-02 5.075683593750000000e-01
9.130859375000000000e-01 3.710937500000000000e-02 5.092773437500000000e-01
9.187011718750000000e-01 3.515625000000000000e-02 5.019531250000000000e-01
9.208984375000000000e-01 4.077148437500000000e-02 4.311523437500000000e-01
9.328613281250000000e-01 4.101562500000000000e-02 4.287109375000000000e-01
9.228515625000000000e-01 3.540039062500000000e-02 4.311523437500000000e-01
9.201660156250000000e-01 3.588867187500000000e-02 4.318847656250000000e-01
9.184570312500000000e-01 4.272460937500000000e-02 4.348144531250000000e-01
9.204101562500000000e-01 4.028320312500000000e-02 5.039062500000000000e-01
9.145507812500000000e-01 3.344726562500000000e-02 5.026855468750000000e-01
9.191894531250000000e-01 9.326171875000000000e-02 5.012207031250000000e-01
9.162597656250000000e-01 3.149414062500000000e-02 5.104980468750000000e-01
9.133300781250000000e-01 3.564453125000000000e-02 5.056152343750000000e-01
9.128417968750000000e-01 3.344726562500000000e-02 5.075683593750000000e-01
9.211425781250000000e-01 3.759765625000000000e-02 5.119628906250000000e-01
9.187011718750000000e-01 3.588867187500000000e-02 5.002441406250000000e-01
9.179687500000000000e-01 3.808593750000000000e-02 4.272460937500000000e-01
9.362792968750000000e-01 3.979492187500000000e-02 5.097656250000000000e-01
9.240722656250000000e-01 3.979492187500000000e-02 5.031738281250000000e-01
9.641113281250000000e-01 3.369140625000000000e-02 5.112304687500000000e-01
9.199218750000000000e-01 3.198242187500000000e-02 5.134277343750000000e-01
9.221191406250000000e-01 4.638671875000000000e-02 5.058593750000000000e-01
9.094238281250000000e-01 8.081054687500000000e-02 4.204101562500000000e-01
9.226074218750000000e-01 7.128906250000000000e-02 4.155273437500000000e-01
9.113769531250000000e-01 8.154296875000000000e-02 4.433593750000000000e-01
8.493652343750000000e-01 3.955078125000000000e-02 4.172363281250000000e-01
9.511718750000000000e-01 1.271972656250000000e-01 4.194335937500000000e-01
9.379882812500000000e-01 1.384277343750000000e-01 3.557128906250000000e-01
9.035644531250000000e-01 4.028320312500000000e-02 3.479003906250000000e-01
8.017578125000000000e-01 -1.269531250000000000e-02 3.840332031250000000e-01
8.159179687500000000e-01 7.153320312500000000e-02 3.796386718750000000e-01
9.160156250000000000e-01 9.619140625000000000e-02 2.839355468750000000e-01
6.838378906250000000e-01 1.003417968750000000e-01 2.954101562500000000e-01
7.473144531250000000e-01 7.104492187500000000e-02 3.974609375000000000e-01
5.517578125000000000e-01 -6.445312500000000000e-02 2.719726562500000000e-01
8.425292968750000000e-01 4.174804687500000000e-02 3.332519531250000000e-01
4.401855468750000000e-01 -1.171875000000000000e-02 3.737792968750000000e-01
3.344726562500000000e-01 -9.033203125000000000e-03 3.168945312500000000e-01
4.873046875000000000e-01 -1.025390625000000000e-02 2.744140625000000000e-01
8.447265625000000000e-02 9.765625000000000000e-03 7.739257812500000000e-02
4.248046875000000000e-02 -2.001953125000000000e-02 3.405761718750000000e-01
1.623535156250000000e+00 1.456787109375000000e+00 7.366210937500000000e+00
-1.301513671875000000e+00 -8.132324218750000000e-01 1.899414062500000000e+00
-5.656738281250000000e-01 -1.823730468750000000e-01 -6.518554687500000000e-01
-9.228515625000000000e-02 -1.049804687500000000e-01 1.051513671875000000e+00
2.954101562500000000e-02 -1.311035156250000000e-01 2.490234375000000000e-01
-9.001464843750000000e-01 1.772460937500000000e-01 3.876953125000000000e-01
-4.848632812500000000e-01 2.795410156250000000e-01 1.729003906250000000e+00
-1.529785156250000000e+00 -1.611328125000000000e-02 1.281494140625000000e+00
-7.346191406250000000e-01 3.051757812500000000e-02 8.095703125000000000e-01
-4.291992187500000000e-01 1.940917968750000000e-01 8.991699218750000000e-01
-1.237792968750000000e-01 8.520507812500000000e-02 8.378906250000000000e-01
-4.865722656250000000e-01 -4.882812500000000000e-02 7.866210937500000000e-01
-3.701171875000000000e-01 -1.750488281250000000e-01 1.208740234375000000e+00
-3.395996093750000000e-01 -1.931152343750000000e-01 1.137695312500000000e+00
-1.672363281250000000e-01 -1.865234375000000000e-01 1.196044921875000000e+00
-3.874511718750000000e-01 -6.787109375000000000e-02 1.058593750000000000e+00
9.106445312500000000e-02 1.220703125000000000e-01 1.157226562500000000e+00
2.602539062500000000e-01 -8.593750000000000000e-02 9.824218750000000000e-01
2.531738281250000000e-01 -5.046386718750000000e-01 1.108642578125000000e+00
-1.872558593750000000e-01 -1.630859375000000000e-01 9.511718750000000000e-01
-3.225097656250000000e-01 -8.544921875000000000e-03 9.624023437500000000e-01
-1.186523437500000000e-01 -2.014160156250000000e-01 1.191650390625000000e+00
-2.441406250000000000e-01 -2.475585937500000000e-01 1.165039062500000000e+00
-2.255859375000000000e-01 -1.342773437500000000e-01 1.075927734375000000e+00
-3.293457031250000000e-01 -1.953125000000000000e-02 1.070312500000000000e+00
-1.076660156250000000e-01 1.481933593750000000e-01 1.142822265625000000e+00
-1.313476562500000000e-01 3.369140625000000000e-02 1.041748046875000000e+00
-6.982421875000000000e-02 -7.910156250000000000e-02 1.054199218750000000e+00
-6.445312500000000000e-02 -1.257324218750000000e-01 1.094482421875000000e+00
-4.956054687500000000e-02 -5.224609375000000000e-02 1.050781250000000000e+00
-1.948242187500000000e-01 -5.834960937500000000e-02 9.926757812500000000e-01
-1.840820312500000000e-01 -1.259765625000000000e-01 1.068847656250000000e+00
-1.694335937500000000e-01 -1.281738281250000000e-01 1.140380859375000000e+00
-9.960937500000000000e-02 -1.276855468750000000e-01 1.095947265625000000e+00
-1.252441406250000000e-01 -3.637695312500000000e-02 1.048583984375000000e+00
-1.188964843750000000e-01 2.197265625000000000e-03 1.086669921875000000e+00
-1.967773437500000000e-01 -7.958984375000000000e-02 1.133789062500000000e+00
-9.472656250000000000e-02 -4.541015625000000000e-02 1.053222656250000000e+00
-1.877441406250000000e-01 -5.688476562500000000e-02 1.083984375000000000e+00
-1.750488281250000000e-01 -4.907226562500000000e-02 1.148925781250000000e+00
-9.497070312500000000e-02 -1.274414062500000000e-01 1.128662109375000000e+00
-1.135253906250000000e-01 -6.225585937500000000e-02 1.051757812500000000e+00
-1.904296875000000000e-01 -4.125976562500000000e-02 1.061523437500000000e+00
-2.001953125000000000e-01 -7.885742187500000000e-02 1.058837890625000000e+00
-1.875000000000000000e-01 -8.959960937500000000e-02 1.126220703125000000e+00
-1.479492187500000000e-01 -8.520507812500000000e-02 1.056152343750000000e+00
-1.555175781250000000e-01 -8.642578125000000000e-02 1.062011718750000000e+00
-1.118164062500000000e-01 -9.326171875000000000e-02 1.137939453125000000e+00
-1.418457031250000000e-01 -9.277343750000000000e-02 1.149169921875000000e+00
-1.269531250000000000e-01 -3.466796875000000000e-02 1.127685546875000000e+00
-4.711914062500000000e-02 -8.959960937500000000e-02 1.147949218750000000e+00
-8.300781250000000000e-02 -3.808593750000000000e-02 1.047119140625000000e+00
-4.858398437500000000e-02 -3.393554687500000000e-02 1.062255859375000000e+00
-9.082031250000000000e-02 -7.690429687500000000e-02 1.135742187500000000e+00
-8.300781250000000000e-02 -6.542968750000000000e-02 1.045654296875000000e+00
-3.784179687500000000e-02 -7.250976562500000000e-02 1.050048828125000000e+00
-3.320312500000000000e-02 -7.592773437500000000e-02 1.053710937500000000e+00
-3.979492187500000000e-02 -7.666015625000000000e-02 1.050781250000000000e+00
-3.808593750000000000e-02 -8.325195312500000000e-02 1.053710937500000000e+00
-4.345703125000000000e-02 -8.032226562500000000e-02 1.135253906250000000e+00
-4.003906250000000000e-02 -9.130859375000000000e-02 1.055664062500000000e+00
-9.301757812500000000e-02 -8.203125000000000000e-02 1.139160156250000000e+00
-9.179687500000000000e-02 -8.618164062500000000e-02 1.040527343750000000e+00
-4.370117187500000000e-02 -7.299804687500000000e-02 1.043457031250000000e+00
-4.663085937500000000e-02 -7.861328125000000000e-02 1.135986328125000000e+00
-4.467773437500000000e-02 -8.032226562500000000e-02 1.129882812500000000e+00
-3.979492187500000000e-02 -8.837890625000000000e-02 1.049804687500000000e+00
-8.276367187500000000e-02 -8.618164062500000000e-02 1.038330078125000000e+00
-1.347656250000000000e-01 -7.397460937500000000e-02 1.086914062500000000e+00
-4.858398437500000000e-02 -9.228515625000000000e-02 1.144287109375000000e+00
-4.345703125000000000e-02 -8.593750000000000000e-02 1.153320312500000000e+00
-8.886718750000000000e-02 -8.129882812500000000e-02 1.052734375000000000e+00
-6.201171875000000000e-02 -7.934570312500000000e-02 1.134765625000000000e+00
-9.179687500000000000e-02 -8.422851562500000000e-02 1.051269531250000000e+00
-4.589843750000000000e-02 -8.813476562500000000e-02 1.045654296875000000e+00
-5.444335937500000000e-02 -8.154296875000000000e-02 1.132324218750000000e+00
-1.264648437500000000e-01 -7.934570312500000000e-02 1.137695312500000000e+00
-3.149414062500000000e-02 -8.496093750000000000e-02 1.061523437500000000e+00
-5.786132812500000000e-02 -8.032226562500000000e-02 1.047851562500000000e+00
-5.517578125000000000e-02 -8.251953125000000000e-02 1.138427734375000000e+00
-5.883789062500000000e-02 -8.422851562500000000e-02 1.062011718750000000e+00
-5.322265625000000000e-02 -8.691406250000000000e-02 1.058837890625000000e+00
-5.078125000000000000e-02 -9.375000000000000000e-02 1.128417968750000000e+00
-4.785156250000000000e-02 -3.491210937500000000e-02 1.054687500000000000e+00
-5.786132812500000000e-02 -8.984375000000000000e-02 1.055664062500000000e+00
-5.468750000000000000e-02 -9.252929687500000000e-02 1.145996093750000000e+00
-3.881835937500000000e-02 -9.277343750000000000e-02 1.046386718750000000e+00
-6.005859375000000000e-02 -3.295898437500000000e-02 1.056152343750000000e+00
-6.127929687500000000e-02 -9.228515625000000000e-02 1.135498046875000000e+00
-5.493164062500000000e-02 -3.466796875000000000e-02 1.127685546875000000e+00
-1.262207031250000000e-01 -3.588867187500000000e-02 1.125732421875000000e+00
-4.785156250000000000e-02 -3.295898437500000000e-02 1.060058593750000000e+00
-5.908203125000000000e-02 -4.003906250000000000e-02 1.137207031250000000e+00
-1.345214843750000000e-01 -9.008789062500000000e-02 1.133789062500000000e+00
-6.054687500000000000e-02 -7.641601562500000000e-02 1.044921875000000000e+00
-1.381835937500000000e-01 -8.203125000000000000e-02 1.086425781250000000e+00
-9.423828125000000000e-02 -8.227539062500000000e-02 1.057128906250000000e+00
-1.357421875000000000e-01 -8.715820312500000000e-02 1.131103515625000000e+00
-1.560058593750000000e-01 -8.520507812500000000e-02 1.137695312500000000e+00
-5.224609375000000000e-02 -8.789062500000000000e-02 1.047363281250000000e+00
-1.469726562500000000e-01 -9.179687500000000000e-02 1.049560546875000000e+00
-1.428222656250000000e-01 -3.222656250000000000e-02 1.127441406250000000e+00
-1.474609375000000000e-01 -3.515625000000000000e-02 1.131835937500000000e+00
-1.401367187500000000e-01 -3.710937500000000000e-02 1.125488281250000000e+00
-1.450195312500000000e-01 -3.686523437500000000e-02 1.059326171875000000e+00
-1.433105468750000000e-01 -4.101562500000000000e-02 1.062255859375000000e+00
-1.533203125000000000e-01 -4.174804687500000000e-02 1.125976562500000000e+00
-1.477050781250000000e-01 -4.052734375000000000e-02 1.054199218750000000e+00
-1.416015625000000000e-01 -4.150390625000000000e-02 1.062011718750000000e+00
-1.433105468750000000e-01 -4.663085937500000000e-02 1.125244140625000000e+00
-1.398925781250000000e-01 -4.711914062500000000e-02 1.125732421875000000e+00
-1.408691406250000000e-01 -4.443359375000000000e-02 1.127441406250000000e+00
-1.379394531250000000e-01 -4.516601562500000000e-02 1.056640625000000000e+00
-1.286621093750000000e-01 -4.345703125000000000e-02 1.130615234375000000e+00
-4.785156250000000000e-02 -4.638671875000000000e-02 1.042724609375000000e+00
-1.279296875000000000e-01 -4.565429687500000000e-02 1.134033203125000000e+00
-5.151367187500000000e-02 -4.052734375000000000e-02 1.141357421875000000e+00
-4.199218750000000000e-02 -3.442382812500000000e-02 1.133300781250000000e+00
-4.370117187500000000e-02 -3.588867187500000000e-02 1.126708984375000000e+00
-8.666992187500000000e-02 -3.930664062500000000e-02 1.126708984375000000e+00
-3.686523437500000000e-02 -9.179687500000000000e-02 1.131347656250000000e+00
-8.764648437500000000e-02 -9.252929687500000000e-02 1.125488281250000000e+00
-8.227539062500000000e-02 -3.662109375000000000e-02 1.125976562500000000e+00
-7.641601562500000000e-02 -9.155273437500000000e-02 1.051757812500000000e+00
-7.788085937500000000e-02 -7.861328125000000000e-02 1.046630859375000000e+00
-9.008789062500000000e-02 -8.569335937500000000e-02 1.093505859375000000e+00
-4.589843750000000000e-02 -3.491210937500000000e-02 1.046142578125000000e+00
-8.911132812500000000e-02 -8.789062500000000000e-02 1.130126953125000000e+00
-1.257324218750000000e-01 -9.179687500000000000e-02 1.051025390625000000e+00
-1.347656250000000000e-01 -3.295898437500000000e-02 1.137207031250000000e+00
-1.264648437500000000e-01 -3.491210937500000000e-02 1.134033203125000000e+00
-6.152343750000000000e-02 -3.710937500000000000e-02 1.059082031250000000e+00
-1.345214843750000000e-01 -3.979492187500000000e-02 1.131835937500000000e+00
-1.281738281250000000e-01 -4.663085937500000000e-02 1.128906250000000000e+00
-1.408691406250000000e-01 -4.638671875000000000e-02 1.048828125000000000e+00
-1.437988281250000000e-01 -4.492187500000000000e-02 1.059082031250000000e+00
-1.391601562500000000e-01 -4.492187500000000000e-02 1.130371093750000000e+00
-1.396484375000000000e-01 -4.638671875000000000e-02 1.057373046875000000e+00
-1.408691406250000000e-01 -4.199218750000000000e-02 1.128662109375000000e+00
-1.455078125000000000e-01 -4.565429687500000000e-02 1.055175781250000000e+00
-1.445312500000000000e-01 -4.956054687500000000e-02 1.052734375000000000e+00
-1.535644531250000000e-01 -4.467773437500000000e-02 1.145263671875000000e+00
-5.786132812500000000e-02 -5.126953125000000000e-02 1.043701171875000000e+00
-1.474609375000000000e-01 -5.444335937500000000e-02 1.052978515625000000e+00
-1.420898437500000000e-01 -5.419921875000000000e-02 1.132812500000000000e+00
-1.342773437500000000e-01 -4.760742187500000000e-02 1.062011718750000000e+00
