9.877929687500000000e-01 -2.563476562500000000e-02 -8.105468750000000000e-02
9.843750000000000000e-01 -2.465820312500000000e-02 -8.325195312500000000e-02
9.843750000000000000e-01 -2.465820312500000000e-02 -8.325195312500000000e-02
9.843750000000000000e-01 -2.465820312500000000e-02 -8.325195312500000000e-02
9.797363281250000000e-01 -1.831054687500000000e-02 -8.251953125000000000e-02
9.841308593750000000e-01 -2.270507812500000000e-02 -8.203125000000000000e-02
9.821777343750000000e-01 -2.075195312500000000e-02 -3.491210937500000000e-02
9.843750000000000000e-01 -2.099609375000000000e-02 -3.417968750000000000e-02
9.780273437500000000e-01 -2.661132812500000000e-02 -3.540039062500000000e-02
9.909667968750000000e-01 -1.782226562500000000e-02 -8.862304687500000000e-02
9.812011718750000000e-01 -2.319335937500000000e-02 -7.836914062500000000e-02
9.807128906250000000e-01 -2.124023437500000000e-02 -4.809570312500000000e-02
9.838867187500000000e-01 -2.709960937500000000e-02 -3.637695312500000000e-02
1.028320312500000000e+00 -1.904296875000000000e-02 -3.857421875000000000e-02
9.860839843750000000e-01 -1.489257812500000000e-02 -5.590820312500000000e-02
1.029296875000000000e+00 -2.075195312500000000e-02 -5.468750000000000000e-02
9.848632812500000000e-01 -1.342773437500000000e-02 -5.029296875000000000e-02
9.936523437500000000e-01 2.807617187500000000e-02 -1.276855468750000000e-01
1.010986328125000000e+00 -1.953125000000000000e-02 -1.394042968750000000e-01
1.076416015625000000e+00 -1.049804687500000000e-02 -2.062988281250000000e-01
9.323730468750000000e-01 -2.514648437500000000e-02 -1.220703125000000000e-01
1.020263671875000000e+00 -1.440429687500000000e-02 -1.174316406250000000e-01
9.289550781250000000e-01 -2.905273437500000000e-02 -1.230468750000000000e-01
1.082519531250000000e+00 8.056640625000000000e-02 -1.804199218750000000e-01
1.020507812500000000e+00 -2.050781250000000000e-02 -1.694335937500000000e-01
1.022216796875000000e+00 2.758789062500000000e-02 -2.182617187500000000e-01
9.653320312500000000e-01 -7.324218750000000000e-02 -2.028808593750000000e-01
1.006835937500000000e+00 -2.294921875000000000e-02 -1.960449218750000000e-01
1.016845703125000000e+00 2.636718750000000000e-02 -1.618652343750000000e-01
9.855957031250000000e-01 -3.051757812500000000e-02 -1.611328125000000000e-01
1.027099609375000000e+00 2.636718750000000000e-02 -2.182617187500000000e-01
9.826660156250000000e-01 1.953125000000000000e-02 -1.940917968750000000e-01
9.252929687500000000e-01 2.465820312500000000e-02 -1.975097656250000000e-01
9.873046875000000000e-01 -3.125000000000000000e-02 -1.911621093750000000e-01
1.014892578125000000e+00 2.441406250000000000e-02 -1.982421875000000000e-01
9.267578125000000000e-01 -1.708984375000000000e-02 -1.096191406250000000e-01
9.267578125000000000e-01 -1.708984375000000000e-02 -1.096191406250000000e-01
1.003662109375000000e+00 2.319335937500000000e-02 -6.201171875000000000e-02
1.003662109375000000e+00 2.319335937500000000e-02 -6.201171875000000000e-02
9.343261718750000000e-01 6.250000000000000000e-02 -5.786132812500000000e-02
9.799804687500000000e-01 -3.173828125000000000e-03 -5.322265625000000000e-02
1.023681640625000000e+00 8.789062500000000000e-03 -1.474609375000000000e-01
1.010253906250000000e+00 3.076171875000000000e-02 -5.981445312500000000e-02
1.008300781250000000e+00 -1.513671875000000000e-02 -1.376953125000000000e-01
1.002441406250000000e+00 -2.368164062500000000e-02 -9.741210937500000000e-02
1.010742187500000000e+00 -1.831054687500000000e-02 -1.057128906250000000e-01
9.240722656250000000e-01 -2.392578125000000000e-02 -1.904296875000000000e-01
9.067382812500000000e-01 6.372070312500000000e-02 -2.106933593750000000e-01
9.609375000000000000e-01 -1.708984375000000000e-02 -1.635742187500000000e-01
8.750000000000000000e-01 -1.416015625000000000e-02 -1.735839843750000000e-01
8.515625000000000000e-01 4.394531250000000000e-03 -2.612304687500000000e-01
8.688964843750000000e-01 2.416992187500000000e-02 -1.708984375000000000e-01
9.055175781250000000e-01 -6.323242187500000000e-02 -1.850585937500000000e-01
8.293457031250000000e-01 8.300781250000000000e-03 -1.184082031250000000e-01
7.458496093750000000e-01 -2.685546875000000000e-03 -1.416015625000000000e-01
6.125488281250000000e-01 7.373046875000000000e-02 -9.716796875000000000e-02
6.879882812500000000e-01 -2.075195312500000000e-02 -8.422851562500000000e-02
6.823730468750000000e-01 8.618164062500000000e-02 -9.277343750000000000e-02
6.748046875000000000e-01 -8.105468750000000000e-02 -7.934570312500000000e-02
5.002441406250000000e-01 2.197265625000000000e-03 -2.287597656250000000e-01
3.601074218750000000e-01 -2.734375000000000000e-02 -3.684082031250000000e-01
2.465820312500000000e-02 8.666992187500000000e-02 7.641601562500000000e-02
5.908203125000000000e-02 -2.661132812500000000e-02 -2.727050781250000000e-01
-3.159179687500000000e-01 -2.187500000000000000e-01 -2.689697265625000000e+00
-9.477539062500000000e-01 9.140625000000000000e-01 -5.457763671875000000e+00
-5.871582031250000000e-01 5.178222656250000000e-01 -1.740234375000000000e+00
2.807617187500000000e-02 1.977539062500000000e-01 -6.967773437500000000e-01
1.513671875000000000e-02 2.661132812500000000e-02 -6.860351562500000000e-02
-3.139648437500000000e-01 7.373046875000000000e-02 -9.497070312500000000e-02
-2.287597656250000000e-01 -1.013183593750000000e-01 -2.492675781250000000e-01
-1.008300781250000000e-01 -1.252441406250000000e-01 -6.926269531250000000e-01
-5.859375000000000000e-02 -1.542968750000000000e-01 -1.410644531250000000e+00
-1.210937500000000000e-01 -2.009277343750000000e-01 -1.478027343750000000e+00
-1.298828125000000000e-01 -4.907226562500000000e-02 -9.963378906250000000e-01
-4.833984375000000000e-02 -5.200195312500000000e-02 -6.760253906250000000e-01
-8.764648437500000000e-02 -7.666015625000000000e-02 -6.010742187500000000e-01
-1.291503906250000000e-01 -3.686523437500000000e-02 -9.689941406250000000e-01
-1.291503906250000000e-01 -3.686523437500000000e-02 -9.689941406250000000e-01
-1.501464843750000000e-01 -9.277343750000000000e-02 -1.089355468750000000e+00
-1.340332031250000000e-01 -8.813476562500000000e-02 -9.360351562500000000e-01
-4.541015625000000000e-02 -3.295898437500000000e-02 -8.535156250000000000e-01
-3.857421875000000000e-02 -3.222656250000000000e-02 -8.952636718750000000e-01
-5.053710937500000000e-02 -3.564453125000000000e-02 -8.620605468750000000e-01
-5.102539062500000000e-02 -4.492187500000000000e-02 -9.450683593750000000e-01
-4.931640625000000000e-02 -4.370117187500000000e-02 -9.582519531250000000e-01
-4.614257812500000000e-02 -4.736328125000000000e-02 -8.713378906250000000e-01
-4.956054687500000000e-02 -4.077148437500000000e-02 -8.703613281250000000e-01
-5.053710937500000000e-02 -4.150390625000000000e-02 -9.382324218750000000e-01
-4.663085937500000000e-02 -4.345703125000000000e-02 -9.462890625000000000e-01
-4.833984375000000000e-02 -3.808593750000000000e-02 -9.455566406250000000e-01
-4.638671875000000000e-02 -4.272460937500000000e-02 -9.436035156250000000e-01
-4.882812500000000000e-02 -4.492187500000000000e-02 -9.423828125000000000e-01
-5.200195312500000000e-02 -4.516601562500000000e-02 -9.396972656250000000e-01
-4.785156250000000000e-02 -4.760742187500000000e-02 -9.416503906250000000e-01
-4.736328125000000000e-02 -4.638671875000000000e-02 -9.431152343750000000e-01
-5.029296875000000000e-02 -4.663085937500000000e-02 -8.723144531250000000e-01
-4.638671875000000000e-02 -4.809570312500000000e-02 -8.688964843750000000e-01
-4.907226562500000000e-02 -4.589843750000000000e-02 -9.394531250000000000e-01
-5.053710937500000000e-02 -4.711914062500000000e-02 -9.506835937500000000e-01
-5.102539062500000000e-02 -4.614257812500000000e-02 -9.448242187500000000e-01
-4.907226562500000000e-02 -4.199218750000000000e-02 -9.431152343750000000e-01
-4.467773437500000000e-02 -5.029296875000000000e-02 -9.436035156250000000e-01
-4.760742187500000000e-02 -4.614257812500000000e-02 -9.440917968750000000e-01
-4.980468750000000000e-02 -4.711914062500000000e-02 -9.406738281250000000e-01
-4.833984375000000000e-02 -4.907226562500000000e-02 -9.492187500000000000e-01
-4.956054687500000000e-02 -4.223632812500000000e-02 -9.470214843750000000e-01
-4.931640625000000000e-02 -4.614257812500000000e-02 -9.404296875000000000e-01
-4.760742187500000000e-02 -4.663085937500000000e-02 -9.423828125000000000e-01
-4.907226562500000000e-02 -4.931640625000000000e-02 -9.418945312500000000e-01
-4.858398437500000000e-02 -4.663085937500000000e-02 -9.470214843750000000e-01
-4.345703125000000000e-02 -4.492187500000000000e-02 -9.411621093750000000e-01
-4.760742187500000000e-02 -4.809570312500000000e-02 -8.725585937500000000e-01
-4.638671875000000000e-02 -4.907226562500000000e-02 -9.389648437500000000e-01
-4.736328125000000000e-02 -4.858398437500000000e-02 -9.460449218750000000e-01
-4.736328125000000000e-02 -4.858398437500000000e-02 -9.460449218750000000e-01
-5.029296875000000000e-02 -5.078125000000000000e-02 -9.484863281250000000e-01
-5.029296875000000000e-02 -5.078125000000000000e-02 -9.484863281250000000e-01
-5.078125000000000000e-02 -5.102539062500000000e-02 -9.440917968750000000e-01
-4.492187500000000000e-02 -4.687500000000000000e-02 -8.647460937500000000e-01
-4.516601562500000000e-02 -4.589843750000000000e-02 -8.603515625000000000e-01
-5.053710937500000000e-02 -4.931640625000000000e-02 -9.548339843750000000e-01
-5.175781250000000000e-02 -4.833984375000000000e-02 -8.725585937500000000e-01
-5.004882812500000000e-02 -4.516601562500000000e-02 -9.396972656250000000e-01
-5.224609375000000000e-02 -5.004882812500000000e-02 -9.450683593750000000e-01
-4.931640625000000000e-02 -4.467773437500000000e-02 -9.401855468750000000e-01
-4.833984375000000000e-02 -5.029296875000000000e-02 -9.453125000000000000e-01
-4.345703125000000000e-02 -5.078125000000000000e-02 -9.482421875000000000e-01
-4.858398437500000000e-02 -5.322265625000000000e-02 -8.730468750000000000e-01
-4.760742187500000000e-02 -4.882812500000000000e-02 -9.418945312500000000e-01
-4.907226562500000000e-02 -5.078125000000000000e-02 -8.701171875000000000e-01
-4.687500000000000000e-02 -5.078125000000000000e-02 -9.577636718750000000e-01
-4.394531250000000000e-02 -4.833984375000000000e-02 -9.487304687500000000e-01
-4.614257812500000000e-02 -4.614257812500000000e-02 -8.657226562500000000e-01
-4.638671875000000000e-02 -4.907226562500000000e-02 -9.492187500000000000e-01
-3.906250000000000000e-02 -5.078125000000000000e-02 -9.423828125000000000e-01
-3.857421875000000000e-02 -5.200195312500000000e-02 -9.484863281250000000e-01
-4.052734375000000000e-02 -5.078125000000000000e-02 -9.440917968750000000e-01
-3.442382812500000000e-02 -5.224609375000000000e-02 -9.375000000000000000e-01
-3.466796875000000000e-02 -6.005859375000000000e-02 -8.728027343750000000e-01
-3.906250000000000000e-02 -5.175781250000000000e-02 -9.467773437500000000e-01
-3.515625000000000000e-02 -5.322265625000000000e-02 -9.482421875000000000e-01
-3.637695312500000000e-02 -5.175781250000000000e-02 -9.458007812500000000e-01
-3.417968750000000000e-02 -5.224609375000000000e-02 -9.436035156250000000e-01
-3.320312500000000000e-02 -5.249023437500000000e-02 -8.723144531250000000e-01
-3.588867187500000000e-02 -5.249023437500000000e-02 -9.401855468750000000e-01
-3.271484375000000000e-02 -4.956054687500000000e-02 -9.418945312500000000e-01
-9.155273437500000000e-02 -5.346679687500000000e-02 -9.387207031250000000e-01
-3.491210937500000000e-02 -5.273437500000000000e-02 -9.462890625000000000e-01
-3.686523437500000000e-02 -5.419921875000000000e-02 -9.462890625000000000e-01
-3.295898437500000000e-02 -5.151367187500000000e-02 -9.458007812500000000e-01
-3.271484375000000000e-02 -5.224609375000000000e-02 -9.492187500000000000e-01
-9.252929687500000000e-02 -5.468750000000000000e-02 -9.406738281250000000e-01
-9.106445312500000000e-02 -5.590820312500000000e-02 -9.489746093750000000e-01
-9.106445312500000000e-02 -5.590820312500000000e-02 -9.489746093750000000e-01
-3.515625000000000000e-02 -5.444335937500000000e-02 -9.484863281250000000e-01
-9.057617187500000000e-02 -5.126953125000000000e-02 -9.440917968750000000e-01
-8.984375000000000000e-02 -5.322265625000000000e-02 -8.735351562500000000e-01
-9.057617187500000000e-02 -5.395507812500000000e-02 -9.501953125000000000e-01
-8.789062500000000000e-02 -5.664062500000000000e-02 -9.409179687500000000e-01
-9.179687500000000000e-02 -5.444335937500000000e-02 -9.436035156250000000e-01
-8.862304687500000000e-02 -5.395507812500000000e-02 -8.742675781250000000e-01
-8.764648437500000000e-02 -5.395507812500000000e-02 -9.421386718750000000e-01
-8.520507812500000000e-02 -5.175781250000000000e-02 -9.462890625000000000e-01
-8.569335937500000000e-02 -5.395507812500000000e-02 -9.465332031250000000e-01
-8.325195312500000000e-02 -5.371093750000000000e-02 -9.462890625000000000e-01
-8.398437500000000000e-02 -5.004882812500000000e-02 -9.494628906250000000e-01
-8.471679687500000000e-02 -5.249023437500000000e-02 -9.426269531250000000e-01
-8.471679687500000000e-02 -5.053710937500000000e-02 -9.433593750000000000e-01
-8.520507812500000000e-02 -5.541992187500000000e-02 -9.487304687500000000e-01
-7.983398437500000000e-02 -5.078125000000000000e-02 -9.406738281250000000e-01
-8.349609375000000000e-02 -4.931640625000000000e-02 -9.431152343750000000e-01
-7.861328125000000000e-02 -5.126953125000000000e-02 -9.409179687500000000e-01
-7.714843750000000000e-02 -5.273437500000000000e-02 -9.428710937500000000e-01
-8.081054687500000000e-02 -5.590820312500000000e-02 -9.433593750000000000e-01
-7.934570312500000000e-02 -4.907226562500000000e-02 -9.411621093750000000e-01
-7.910156250000000000e-02 -5.371093750000000000e-02 -9.438476562500000000e-01
-7.763671875000000000e-02 -4.858398437500000000e-02 -9.416503906250000000e-01
-8.105468750000000000e-02 -5.102539062500000000e-02 -9.433593750000000000e-01
-8.178710937500000000e-02 -5.102539062500000000e-02 -9.465332031250000000e-01
-7.910156250000000000e-02 -5.053710937500000000e-02 -9.453125000000000000e-01
-7.690429687500000000e-02 -5.273437500000000000e-02 -9.460449218750000000e-01
-7.397460937500000000e-02 -5.224609375000000000e-02 -9.440917968750000000e-01
-7.690429687500000000e-02 -4.882812500000000000e-02 -9.428710937500000000e-01
-7.397460937500000000e-02 -5.224609375000000000e-02 -9.477539062500000000e-01
-7.519531250000000000e-02 -5.175781250000000000e-02 -9.418945312500000000e-01
-7.812500000000000000e-02 -5.566406250000000000e-02 -9.455566406250000000e-01
-7.348632812500000000e-02 -4.907226562500000000e-02 -9.455566406250000000e-01
-7.519531250000000000e-02 -5.273437500000000000e-02 -9.416503906250000000e-01
-7.324218750000000000e-02 -5.004882812500000000e-02 -9.443359375000000000e-01
-7.788085937500000000e-02 -5.200195312500000000e-02 -9.448242187500000000e-01
-7.543945312500000000e-02 -5.346679687500000000e-02 -9.482421875000000000e-01
-7.592773437500000000e-02 -5.664062500000000000e-02 -9.455566406250000000e-01
-7.592773437500000000e-02 -5.664062500000000000e-02 -9.455566406250000000e-01
-7.861328125000000000e-02 -5.151367187500000000e-02 -9.499511718750000000e-01
-7.983398437500000000e-02 -5.444335937500000000e-02 -9.440917968750000000e-01
-7.958984375000000000e-02 -5.322265625000000000e-02 -9.406738281250000000e-01
-8.081054687500000000e-02 -5.590820312500000000e-02 -9.426269531250000000e-01
-8.007812500000000000e-02 -5.541992187500000000e-02 -9.460449218750000000e-01
-8.496093750000000000e-02 -5.468750000000000000e-02 -9.416503906250000000e-01
-8.959960937500000000e-02 -5.102539062500000000e-02 -9.462890625000000000e-01
