9.321289062500000000e-01 -5.590820312500000000e-02 3.369140625000000000e-01
9.321289062500000000e-01 -5.590820312500000000e-02 3.369140625000000000e-01
1.022949218750000000e+00 -3.149414062500000000e-02 3.881835937500000000e-01
9.851074218750000000e-01 -1.928710937500000000e-01 2.731933593750000000e-01
9.970703125000000000e-01 -1.044921875000000000e-01 1.643066406250000000e-01
9.887695312500000000e-01 -4.174804687500000000e-02 1.838378906250000000e-01
1.063964843750000000e+00 -1.423339843750000000e-01 1.752929687500000000e-01
9.870605468750000000e-01 -1.499023437500000000e-01 2.785644531250000000e-01
1.024414062500000000e+00 -9.692382812500000000e-02 2.387695312500000000e-01
1.017333984375000000e+00 -1.562500000000000000e-01 2.421875000000000000e-01
9.772949218750000000e-01 -6.079101562500000000e-02 2.651367187500000000e-01
1.069824218750000000e+00 -5.688476562500000000e-02 1.726074218750000000e-01
1.063232421875000000e+00 -6.054687500000000000e-02 2.600097656250000000e-01
9.838867187500000000e-01 -1.311035156250000000e-01 1.860351562500000000e-01
9.985351562500000000e-01 -1.364746093750000000e-01 1.640625000000000000e-01
9.833984375000000000e-01 -1.328125000000000000e-01 1.850585937500000000e-01
9.709472656250000000e-01 -1.445312500000000000e-01 1.838378906250000000e-01
9.882812500000000000e-01 -1.430664062500000000e-01 1.750488281250000000e-01
9.873046875000000000e-01 -1.484375000000000000e-01 1.662597656250000000e-01
1.064941406250000000e+00 -1.015625000000000000e-01 1.650390625000000000e-01
9.929199218750000000e-01 -1.240234375000000000e-01 2.185058593750000000e-01
9.916992187500000000e-01 -1.008300781250000000e-01 1.826171875000000000e-01
9.838867187500000000e-01 -1.533203125000000000e-01 1.772460937500000000e-01
9.924316406250000000e-01 -9.716796875000000000e-02 2.114257812500000000e-01
9.838867187500000000e-01 -1.523437500000000000e-01 2.563476562500000000e-01
9.794921875000000000e-01 -1.394042968750000000e-01 1.613769531250000000e-01
9.699707031250000000e-01 -1.528320312500000000e-01 1.672363281250000000e-01
9.814453125000000000e-01 -9.838867187500000000e-02 1.652832031250000000e-01
1.017822265625000000e+00 -1.274414062500000000e-01 1.684570312500000000e-01
1.008300781250000000e+00 -1.467285156250000000e-01 1.684570312500000000e-01
9.807128906250000000e-01 -9.448242187500000000e-02 1.250000000000000000e-01
1.017822265625000000e+00 -6.152343750000000000e-02 1.936035156250000000e-01
9.682617187500000000e-01 -4.589843750000000000e-02 1.896972656250000000e-01
9.401855468750000000e-01 -5.664062500000000000e-02 1.108398437500000000e-01
9.326171875000000000e-01 -9.619140625000000000e-02 4.028320312500000000e-02
8.566894531250000000e-01 -1.479492187500000000e-01 5.712890625000000000e-02
8.173828125000000000e-01 -1.323242187500000000e-01 -9.350585937500000000e-02
5.444335937500000000e-01 -7.495117187500000000e-02 -5.102539062500000000e-02
4.396972656250000000e-01 -6.884765625000000000e-02 -4.760742187500000000e-02
4.013671875000000000e-01 -4.931640625000000000e-02 -3.442382812500000000e-02
4.472656250000000000e-01 -7.739257812500000000e-02 -2.668457031250000000e-01
4.519042968750000000e-01 -1.953125000000000000e-02 -1.955566406250000000e-01
4.982910156250000000e-01 -2.246093750000000000e-02 -1.677246093750000000e-01
1.057617187500000000e+00 -1.350097656250000000e-01 -5.212402343750000000e-01
9.128417968750000000e-01 6.323242187500000000e-02 -4.873046875000000000e-01
9.987792968750000000e-01 -1.003417968750000000e-01 -7.976074218750000000e-01
1.084228515625000000e+00 -1.286621093750000000e-01 4.235839843750000000e-01
4.159179687500000000e+00 7.568359375000000000e-02 3.568847656250000000e+00
-2.597656250000000000e-01 -9.521484375000000000e-03 2.217285156250000000e+00
3.981933593750000000e-01 -1.806640625000000000e-02 -1.801757812500000000e-01
-7.958984375000000000e-01 2.373046875000000000e-01 3.093261718750000000e-01
-6.140136718750000000e-01 7.983398437500000000e-02 1.301269531250000000e+00
-1.479492187500000000e-01 -1.213378906250000000e-01 1.770751953125000000e+00
-6.430664062500000000e-01 -3.107910156250000000e-01 1.713623046875000000e+00
-8.862304687500000000e-01 -1.181640625000000000e-01 1.087646484375000000e+00
-5.349121093750000000e-01 -1.113281250000000000e-01 9.541015625000000000e-01
1.848144531250000000e-01 -9.448242187500000000e-02 8.139648437500000000e-01
4.589843750000000000e-02 -2.392578125000000000e-02 9.934082031250000000e-01
-1.220703125000000000e-02 -2.055664062500000000e-01 1.259521484375000000e+00
8.911132812500000000e-02 -1.042480468750000000e-01 1.214111328125000000e+00
6.567382812500000000e-02 -3.588867187500000000e-02 1.230957031250000000e+00
3.417968750000000000e-03 -1.484375000000000000e-01 1.034912109375000000e+00
8.935546875000000000e-02 -1.901855468750000000e-01 9.499511718750000000e-01
1.376953125000000000e-01 2.563476562500000000e-02 9.216308593750000000e-01
2.976074218750000000e-01 -1.040039062500000000e-01 1.059326171875000000e+00
7.202148437500000000e-01 -9.008789062500000000e-02 1.202392578125000000e+00
4.177246093750000000e-01 -1.267089843750000000e-01 9.064941406250000000e-01
1.074218750000000000e-01 -1.054687500000000000e-01 1.049560546875000000e+00
3.381347656250000000e-01 -1.511230468750000000e-01 1.084228515625000000e+00
3.742675781250000000e-01 -9.497070312500000000e-02 9.804687500000000000e-01
2.153320312500000000e-01 -1.318359375000000000e-01 1.206542968750000000e+00
3.881835937500000000e-02 -5.322265625000000000e-02 1.112792968750000000e+00
6.835937500000000000e-02 -1.166992187500000000e-01 9.987792968750000000e-01
1.557617187500000000e-01 -1.828613281250000000e-01 9.716796875000000000e-01
3.205566406250000000e-01 -1.638183593750000000e-01 1.062500000000000000e+00
4.418945312500000000e-01 -1.926269531250000000e-01 1.096679687500000000e+00
3.789062500000000000e-01 -1.418457031250000000e-01 1.069335937500000000e+00
2.382812500000000000e-01 -8.984375000000000000e-02 1.076660156250000000e+00
2.451171875000000000e-01 -3.247070312500000000e-02 1.084716796875000000e+00
2.365722656250000000e-01 -1.408691406250000000e-01 1.087402343750000000e+00
2.678222656250000000e-01 -1.220703125000000000e-01 1.035888671875000000e+00
2.609863281250000000e-01 -2.043457031250000000e-01 1.043701171875000000e+00
2.751464843750000000e-01 -1.032714843750000000e-01 1.083984375000000000e+00
2.287597656250000000e-01 -1.401367187500000000e-01 1.090820312500000000e+00
2.473144531250000000e-01 -6.103515625000000000e-02 1.092773437500000000e+00
3.142089843750000000e-01 -1.345214843750000000e-01 1.084960937500000000e+00
3.134765625000000000e-01 -1.535644531250000000e-01 1.035156250000000000e+00
2.370605468750000000e-01 -1.003417968750000000e-01 1.074951171875000000e+00
2.673339843750000000e-01 -1.062011718750000000e-01 1.089355468750000000e+00
3.242187500000000000e-01 -9.497070312500000000e-02 1.059326171875000000e+00
2.292480468750000000e-01 -1.396484375000000000e-01 9.904785156250000000e-01
2.470703125000000000e-01 -1.420898437500000000e-01 1.048339843750000000e+00
3.173828125000000000e-01 -1.459960937500000000e-01 1.037109375000000000e+00
2.399902343750000000e-01 -1.562500000000000000e-01 1.079345703125000000e+00
3.129882812500000000e-01 -1.520996093750000000e-01 1.089599609375000000e+00
2.392578125000000000e-01 -1.433105468750000000e-01 1.089111328125000000e+00
2.478027343750000000e-01 -1.457519531250000000e-01 1.086425781250000000e+00
2.355957031250000000e-01 -1.491699218750000000e-01 1.092285156250000000e+00
2.370605468750000000e-01 -1.447753906250000000e-01 1.082519531250000000e+00
2.387695312500000000e-01 -1.423339843750000000e-01 1.092773437500000000e+00
2.373046875000000000e-01 -1.389160156250000000e-01 1.035644531250000000e+00
2.424316406250000000e-01 -1.340332031250000000e-01 1.039306640625000000e+00
2.248535156250000000e-01 -1.401367187500000000e-01 1.063232421875000000e+00
2.263183593750000000e-01 -1.381835937500000000e-01 1.058349609375000000e+00
2.397460937500000000e-01 -1.457519531250000000e-01 1.077148437500000000e+00
2.465820312500000000e-01 -1.442871093750000000e-01 1.081054687500000000e+00
2.219238281250000000e-01 -1.398925781250000000e-01 1.038330078125000000e+00
2.197265625000000000e-01 -1.374511718750000000e-01 1.088867187500000000e+00
2.287597656250000000e-01 -1.284179687500000000e-01 1.042724609375000000e+00
2.355957031250000000e-01 -1.311035156250000000e-01 1.090087890625000000e+00
2.336425781250000000e-01 -1.306152343750000000e-01 1.031494140625000000e+00
2.319335937500000000e-01 -1.252441406250000000e-01 1.041503906250000000e+00
2.292480468750000000e-01 -1.318359375000000000e-01 1.090087890625000000e+00
2.797851562500000000e-01 -1.296386718750000000e-01 1.039794921875000000e+00
2.238769531250000000e-01 -1.279296875000000000e-01 1.057128906250000000e+00
2.209472656250000000e-01 -1.364746093750000000e-01 1.040527343750000000e+00
2.792968750000000000e-01 -1.274414062500000000e-01 1.041259765625000000e+00
2.666015625000000000e-01 -6.250000000000000000e-02 1.049804687500000000e+00
2.751464843750000000e-01 -1.257324218750000000e-01 1.032470703125000000e+00
2.783203125000000000e-01 -6.079101562500000000e-02 1.072753906250000000e+00
2.768554687500000000e-01 -5.761718750000000000e-02 1.084716796875000000e+00
2.253417968750000000e-01 -1.296386718750000000e-01 1.038330078125000000e+00
2.331542968750000000e-01 -1.369628906250000000e-01 1.044433593750000000e+00
2.656250000000000000e-01 -1.269531250000000000e-01 1.088623046875000000e+00
2.707519531250000000e-01 -1.352539062500000000e-01 1.038818359375000000e+00
2.763671875000000000e-01 -1.357421875000000000e-01 1.052490234375000000e+00
2.236328125000000000e-01 -1.384277343750000000e-01 1.034179687500000000e+00
2.221679687500000000e-01 -1.276855468750000000e-01 1.031982421875000000e+00
2.199707031250000000e-01 -1.369628906250000000e-01 1.034667968750000000e+00
2.758789062500000000e-01 -1.303710937500000000e-01 1.034667968750000000e+00
2.614746093750000000e-01 -1.389160156250000000e-01 1.043701171875000000e+00
2.622070312500000000e-01 -1.279296875000000000e-01 1.045898437500000000e+00
2.602539062500000000e-01 -1.298828125000000000e-01 1.071777343750000000e+00
2.548828125000000000e-01 -1.318359375000000000e-01 1.128173828125000000e+00
2.697753906250000000e-01 -1.354980468750000000e-01 1.042724609375000000e+00
2.585449218750000000e-01 -1.291503906250000000e-01 1.040771484375000000e+00
2.546386718750000000e-01 -5.981445312500000000e-02 1.086669921875000000e+00
2.512207031250000000e-01 -1.440429687500000000e-01 1.091064453125000000e+00
1.845703125000000000e-01 -5.517578125000000000e-02 1.103759765625000000e+00
1.811523437500000000e-01 -1.298828125000000000e-01 1.093017578125000000e+00
2.622070312500000000e-01 -1.276855468750000000e-01 1.056884765625000000e+00
1.684570312500000000e-01 -6.225585937500000000e-02 1.037353515625000000e+00
1.799316406250000000e-01 -5.541992187500000000e-02 1.052978515625000000e+00
2.614746093750000000e-01 -5.493164062500000000e-02 1.037597656250000000e+00
2.524414062500000000e-01 -5.786132812500000000e-02 1.091552734375000000e+00
1.872558593750000000e-01 -6.176757812500000000e-02 1.041015625000000000e+00
1.784667968750000000e-01 -5.957031250000000000e-02 1.045166015625000000e+00
1.804199218750000000e-01 -4.711914062500000000e-02 1.040527343750000000e+00
1.804199218750000000e-01 -5.493164062500000000e-02 1.047607421875000000e+00
2.153320312500000000e-01 -4.931640625000000000e-02 1.101318359375000000e+00
3.823242187500000000e-01 -5.566406250000000000e-02 8.930664062500000000e-01
1.481933593750000000e-01 -1.291503906250000000e-01 9.965820312500000000e-01
2.722167968750000000e-01 -6.250000000000000000e-02 1.122314453125000000e+00
1.740722656250000000e-01 -9.814453125000000000e-02 1.097656250000000000e+00
2.062988281250000000e-01 -1.281738281250000000e-01 1.085937500000000000e+00
1.247558593750000000e-01 -1.354980468750000000e-01 1.093017578125000000e+00
1.696777343750000000e-01 -1.264648437500000000e-01 1.035400390625000000e+00
1.762695312500000000e-01 -1.279296875000000000e-01 1.051757812500000000e+00
1.945800781250000000e-01 -1.308593750000000000e-01 1.059082031250000000e+00
1.127929687500000000e-01 -6.030273437500000000e-02 1.062011718750000000e+00
2.072753906250000000e-01 -6.201171875000000000e-02 1.137695312500000000e+00
2.062988281250000000e-01 -1.291503906250000000e-01 1.050292968750000000e+00
2.072753906250000000e-01 -1.274414062500000000e-01 1.043945312500000000e+00
2.043457031250000000e-01 -1.259765625000000000e-01 1.055908203125000000e+00
1.940917968750000000e-01 -1.298828125000000000e-01 1.047607421875000000e+00
2.148437500000000000e-01 -6.152343750000000000e-02 1.048095703125000000e+00
2.094726562500000000e-01 -6.176757812500000000e-02 1.054443359375000000e+00
1.994628906250000000e-01 -1.264648437500000000e-01 1.055419921875000000e+00
2.165527343750000000e-01 -6.250000000000000000e-02 1.036865234375000000e+00
2.131347656250000000e-01 -5.908203125000000000e-02 1.126220703125000000e+00
2.111816406250000000e-01 -6.103515625000000000e-02 1.060791015625000000e+00
2.082519531250000000e-01 -5.664062500000000000e-02 1.061767578125000000e+00
2.089843750000000000e-01 -5.053710937500000000e-02 1.055908203125000000e+00
2.177734375000000000e-01 -5.932617187500000000e-02 1.043212890625000000e+00
1.665039062500000000e-01 -6.079101562500000000e-02 1.047363281250000000e+00
2.158203125000000000e-01 -5.102539062500000000e-02 1.052001953125000000e+00
2.121582031250000000e-01 -1.328125000000000000e-01 1.037597656250000000e+00
1.669921875000000000e-01 -5.615234375000000000e-02 1.041259765625000000e+00
2.065429687500000000e-01 -5.541992187500000000e-02 1.049560546875000000e+00
2.014160156250000000e-01 -5.566406250000000000e-02 1.035644531250000000e+00
1.582031250000000000e-01 -5.175781250000000000e-02 1.047851562500000000e+00
1.569824218750000000e-01 -5.249023437500000000e-02 1.048828125000000000e+00
2.009277343750000000e-01 -5.615234375000000000e-02 1.056884765625000000e+00
2.097167968750000000e-01 -5.590820312500000000e-02 1.054443359375000000e+00
2.067871093750000000e-01 -4.956054687500000000e-02 1.057617187500000000e+00
1.577148437500000000e-01 -5.859375000000000000e-02 1.132812500000000000e+00
2.153320312500000000e-01 -5.737304687500000000e-02 1.044433593750000000e+00
2.133789062500000000e-01 -1.271972656250000000e-01 1.048828125000000000e+00
2.177734375000000000e-01 -6.103515625000000000e-02 1.062500000000000000e+00
2.185058593750000000e-01 -5.468750000000000000e-02 1.049072265625000000e+00
1.596679687500000000e-01 -4.565429687500000000e-02 1.057373046875000000e+00
1.743164062500000000e-01 -5.029296875000000000e-02 1.060546875000000000e+00
1.647949218750000000e-01 -1.340332031250000000e-01 1.051757812500000000e+00
2.512207031250000000e-01 -1.396484375000000000e-01 1.057128906250000000e+00
1.655273437500000000e-01 -1.494140625000000000e-01 1.042968750000000000e+00
1.787109375000000000e-01 -1.367187500000000000e-01 1.055908203125000000e+00
1.687011718750000000e-01 -1.416015625000000000e-01 1.050048828125000000e+00
1.823730468750000000e-01 -1.447753906250000000e-01 1.037353515625000000e+00
2.504882812500000000e-01 -1.420898437500000000e-01 1.047119140625000000e+00
1.826171875000000000e-01 -1.391601562500000000e-01 1.031982421875000000e+00
