9.855957031250000000e-01 -5.859375000000000000e-03 -6.811523437500000000e-02
9.855957031250000000e-01 -5.859375000000000000e-03 -6.811523437500000000e-02
9.914550781250000000e-01 6.396484375000000000e-02 -6.713867187500000000e-02
9.914550781250000000e-01 6.396484375000000000e-02 -6.713867187500000000e-02
9.833984375000000000e-01 -3.906250000000000000e-03 -8.007812500000000000e-02
9.831542968750000000e-01 7.080078125000000000e-02 -7.275390625000000000e-02
9.870605468750000000e-01 6.347656250000000000e-02 -8.251953125000000000e-02
9.843750000000000000e-01 6.616210937500000000e-02 -7.739257812500000000e-02
9.868164062500000000e-01 6.909179687500000000e-02 -8.081054687500000000e-02
9.919433593750000000e-01 6.591796875000000000e-02 -7.958984375000000000e-02
9.919433593750000000e-01 6.591796875000000000e-02 -7.958984375000000000e-02
9.914550781250000000e-01 6.274414062500000000e-02 -7.763671875000000000e-02
9.914550781250000000e-01 6.274414062500000000e-02 -7.763671875000000000e-02
9.711914062500000000e-01 7.202148437500000000e-02 -7.910156250000000000e-02
9.853515625000000000e-01 7.373046875000000000e-02 -8.032226562500000000e-02
9.973144531250000000e-01 -5.371093750000000000e-03 -3.491210937500000000e-02
9.921875000000000000e-01 7.348632812500000000e-02 -8.422851562500000000e-02
1.024414062500000000e+00 6.860351562500000000e-02 -7.006835937500000000e-02
9.770507812500000000e-01 -1.953125000000000000e-03 -9.301757812500000000e-02
9.831542968750000000e-01 -1.367187500000000000e-02 -8.837890625000000000e-02
9.741210937500000000e-01 -1.245117187500000000e-02 -3.759765625000000000e-02
9.790039062500000000e-01 -4.882812500000000000e-04 -3.784179687500000000e-02
9.704589843750000000e-01 6.494140625000000000e-02 -4.003906250000000000e-02
9.729003906250000000e-01 3.198242187500000000e-02 -5.810546875000000000e-02
9.704589843750000000e-01 7.934570312500000000e-02 -1.489257812500000000e-01
9.709472656250000000e-01 -8.789062500000000000e-03 -1.489257812500000000e-01
1.028808593750000000e+00 7.763671875000000000e-02 -1.286621093750000000e-01
9.877929687500000000e-01 5.029296875000000000e-02 -1.472167968750000000e-01
9.724121093750000000e-01 3.979492187500000000e-02 -1.459960937500000000e-01
9.975585937500000000e-01 3.637695312500000000e-02 -1.484375000000000000e-01
1.025146484375000000e+00 3.881835937500000000e-02 -1.269531250000000000e-01
1.017333984375000000e+00 4.565429687500000000e-02 -1.335449218750000000e-01
1.025390625000000000e+00 7.690429687500000000e-02 -1.052246093750000000e-01
9.804687500000000000e-01 8.056640625000000000e-02 -1.113281250000000000e-01
1.028320312500000000e+00 4.052734375000000000e-02 -1.088867187500000000e-01
1.024169921875000000e+00 3.491210937500000000e-02 -1.054687500000000000e-01
1.031005859375000000e+00 9.301757812500000000e-02 -1.113281250000000000e-01
9.726562500000000000e-01 7.812500000000000000e-02 -1.418457031250000000e-01
1.009277343750000000e+00 6.835937500000000000e-02 -1.486816406250000000e-01
9.758300781250000000e-01 -2.075195312500000000e-02 -9.570312500000000000e-02
9.790039062500000000e-01 -7.934570312500000000e-02 -1.000976562500000000e-01
9.846191406250000000e-01 -7.324218750000000000e-02 -5.590820312500000000e-02
1.022949218750000000e+00 -3.369140625000000000e-02 -1.428222656250000000e-01
9.885253906250000000e-01 -1.499023437500000000e-01 -1.059570312500000000e-01
9.865722656250000000e-01 -1.462402343750000000e-01 -1.416015625000000000e-01
1.011474609375000000e+00 -6.103515625000000000e-02 -9.570312500000000000e-02
9.655761718750000000e-01 -3.540039062500000000e-02 -1.437988281250000000e-01
8.112792968750000000e-01 -1.293945312500000000e-01 -1.667480468750000000e-01
6.979980468750000000e-01 -1.376953125000000000e-01 -8.837890625000000000e-02
1.019042968750000000e+00 -1.555175781250000000e-01 -2.358398437500000000e-01
1.019042968750000000e+00 -1.555175781250000000e-01 -2.358398437500000000e-01
5.969238281250000000e-01 -7.177734375000000000e-02 -2.602539062500000000e-01
5.969238281250000000e-01 -7.177734375000000000e-02 -2.602539062500000000e-01
5.983886718750000000e-01 -2.580566406250000000e-01 -2.780761718750000000e-01
4.240722656250000000e-01 -3.955078125000000000e-02 -1.762695312500000000e-01
4.006347656250000000e-01 -9.082031250000000000e-02 -3.366699218750000000e-01
4.396972656250000000e-01 -1.147460937500000000e-02 -3.364257812500000000e-01
2.456054687500000000e-01 6.201171875000000000e-02 -1.948242187500000000e-01
3.784179687500000000e-02 3.686523437500000000e-02 3.601074218750000000e-01
6.049804687500000000e-01 6.047363281250000000e-01 2.246093750000000000e-01
-5.688476562500000000e-02 2.766357421875000000e+00 -4.541015625000000000e-01
1.396240234375000000e+00 1.538574218750000000e+00 -9.357910156250000000e-01
6.472167968750000000e-01 4.809570312500000000e-01 -1.074218750000000000e-02
6.760253906250000000e-01 4.472656250000000000e-01 5.979003906250000000e-01
-1.116699218750000000e+00 4.252929687500000000e-01 -1.118164062500000000e-01
-7.321777343750000000e-01 7.304687500000000000e-01 6.894531250000000000e-01
-5.258789062500000000e-01 8.352050781250000000e-01 1.284179687500000000e-01
-2.519531250000000000e-01 1.333984375000000000e+00 -1.428222656250000000e-01
-8.706054687500000000e-01 1.045410156250000000e+00 1.147460937500000000e-01
-4.401855468750000000e-01 8.466796875000000000e-01 4.467773437500000000e-01
-9.838867187500000000e-02 7.055664062500000000e-01 2.236328125000000000e-01
-1.635742187500000000e-02 1.128173828125000000e+00 1.630859375000000000e-01
-7.592773437500000000e-02 1.062011718750000000e+00 6.201171875000000000e-02
-3.808593750000000000e-02 1.143554687500000000e+00 -1.506347656250000000e-01
3.300781250000000000e-01 8.720703125000000000e-01 3.173828125000000000e-03
2.602539062500000000e-01 1.004150390625000000e+00 6.787109375000000000e-02
1.025390625000000000e-01 1.005371093750000000e+00 1.171875000000000000e-02
-1.269531250000000000e-02 9.536132812500000000e-01 5.615234375000000000e-02
5.004882812500000000e-02 9.816894531250000000e-01 1.337890625000000000e-01
4.296875000000000000e-02 9.897460937500000000e-01 1.608886718750000000e-01
8.764648437500000000e-02 9.272460937500000000e-01 2.846679687500000000e-01
6.689453125000000000e-02 8.669433593750000000e-01 2.346191406250000000e-01
7.568359375000000000e-02 9.497070312500000000e-01 2.778320312500000000e-01
-1.831054687500000000e-02 1.016357421875000000e+00 1.708984375000000000e-01
-2.197265625000000000e-03 1.017089843750000000e+00 1.896972656250000000e-01
8.203125000000000000e-02 1.023925781250000000e+00 1.086425781250000000e-01
3.833007812500000000e-02 1.010498046875000000e+00 1.884765625000000000e-01
3.515625000000000000e-02 9.372558593750000000e-01 1.215820312500000000e-01
8.740234375000000000e-02 9.353027343750000000e-01 1.667480468750000000e-01
8.740234375000000000e-02 9.353027343750000000e-01 1.667480468750000000e-01
8.691406250000000000e-02 1.014892578125000000e+00 2.514648437500000000e-01
8.569335937500000000e-02 9.248046875000000000e-01 1.723632812500000000e-01
9.252929687500000000e-02 1.000244140625000000e+00 1.828613281250000000e-01
3.491210937500000000e-02 9.272460937500000000e-01 1.796875000000000000e-01
3.588867187500000000e-02 9.343261718750000000e-01 2.551269531250000000e-01
3.735351562500000000e-02 1.005371093750000000e+00 1.823730468750000000e-01
9.057617187500000000e-02 9.360351562500000000e-01 1.723632812500000000e-01
3.295898437500000000e-02 1.001953125000000000e+00 1.777343750000000000e-01
9.155273437500000000e-02 9.260253906250000000e-01 1.755371093750000000e-01
3.442382812500000000e-02 1.000244140625000000e+00 2.578125000000000000e-01
9.375000000000000000e-02 9.306640625000000000e-01 2.512207031250000000e-01
8.837890625000000000e-02 1.008056640625000000e+00 2.578125000000000000e-01
9.033203125000000000e-02 9.243164062500000000e-01 1.647949218750000000e-01
8.764648437500000000e-02 1.000244140625000000e+00 1.831054687500000000e-01
3.271484375000000000e-02 9.284667968750000000e-01 1.696777343750000000e-01
9.130859375000000000e-02 9.316406250000000000e-01 2.578125000000000000e-01
9.228515625000000000e-02 1.006835937500000000e+00 1.743164062500000000e-01
8.789062500000000000e-02 1.001708984375000000e+00 2.534179687500000000e-01
3.222656250000000000e-02 9.353027343750000000e-01 2.512207031250000000e-01
8.984375000000000000e-02 9.318847656250000000e-01 1.779785156250000000e-01
3.222656250000000000e-02 9.316406250000000000e-01 1.791992187500000000e-01
9.082031250000000000e-02 9.372558593750000000e-01 2.502441406250000000e-01
9.204101562500000000e-02 1.000000000000000000e+00 1.762695312500000000e-01
9.155273437500000000e-02 9.340820312500000000e-01 1.840820312500000000e-01
9.179687500000000000e-02 9.321289062500000000e-01 1.799316406250000000e-01
3.149414062500000000e-02 9.370117187500000000e-01 1.835937500000000000e-01
3.393554687500000000e-02 9.365234375000000000e-01 1.789550781250000000e-01
9.277343750000000000e-02 1.000000000000000000e+00 1.799316406250000000e-01
9.204101562500000000e-02 9.360351562500000000e-01 1.772460937500000000e-01
9.277343750000000000e-02 9.345703125000000000e-01 1.713867187500000000e-01
8.642578125000000000e-02 9.301757812500000000e-01 1.765136718750000000e-01
9.277343750000000000e-02 1.001953125000000000e+00 1.835937500000000000e-01
8.959960937500000000e-02 9.360351562500000000e-01 1.801757812500000000e-01
3.247070312500000000e-02 9.357910156250000000e-01 1.804199218750000000e-01
3.247070312500000000e-02 9.309082031250000000e-01 1.733398437500000000e-01
8.862304687500000000e-02 1.000244140625000000e+00 1.794433593750000000e-01
9.252929687500000000e-02 1.001220703125000000e+00 1.625976562500000000e-01
3.295898437500000000e-02 9.309082031250000000e-01 1.755371093750000000e-01
3.295898437500000000e-02 9.309082031250000000e-01 1.755371093750000000e-01
3.198242187500000000e-02 9.370117187500000000e-01 1.811523437500000000e-01
8.935546875000000000e-02 9.365234375000000000e-01 1.767578125000000000e-01
9.033203125000000000e-02 9.355468750000000000e-01 1.799316406250000000e-01
9.277343750000000000e-02 9.350585937500000000e-01 1.831054687500000000e-01
3.271484375000000000e-02 9.372558593750000000e-01 1.818847656250000000e-01
9.375000000000000000e-02 9.365234375000000000e-01 1.840820312500000000e-01
3.588867187500000000e-02 9.355468750000000000e-01 2.546386718750000000e-01
3.540039062500000000e-02 1.000000000000000000e+00 2.539062500000000000e-01
3.173828125000000000e-02 9.274902343750000000e-01 1.865234375000000000e-01
9.301757812500000000e-02 1.001220703125000000e+00 1.813964843750000000e-01
9.326171875000000000e-02 9.345703125000000000e-01 2.502441406250000000e-01
9.033203125000000000e-02 9.304199218750000000e-01 1.855468750000000000e-01
4.663085937500000000e-02 1.004394531250000000e+00 2.722167968750000000e-01
9.130859375000000000e-02 1.000976562500000000e+00 1.845703125000000000e-01
8.666992187500000000e-02 9.360351562500000000e-01 1.679687500000000000e-01
3.295898437500000000e-02 9.274902343750000000e-01 2.607421875000000000e-01
9.228515625000000000e-02 9.333496093750000000e-01 1.682128906250000000e-01
9.301757812500000000e-02 1.006835937500000000e+00 1.770019531250000000e-01
9.155273437500000000e-02 9.365234375000000000e-01 2.504882812500000000e-01
3.833007812500000000e-02 9.326171875000000000e-01 2.592773437500000000e-01
9.326171875000000000e-02 9.279785156250000000e-01 2.543945312500000000e-01
8.813476562500000000e-02 1.004882812500000000e+00 1.772460937500000000e-01
9.277343750000000000e-02 9.306640625000000000e-01 2.573242187500000000e-01
9.375000000000000000e-02 9.348144531250000000e-01 2.517089843750000000e-01
9.155273437500000000e-02 9.316406250000000000e-01 1.801757812500000000e-01
3.247070312500000000e-02 9.343261718750000000e-01 2.507324218750000000e-01
8.935546875000000000e-02 9.360351562500000000e-01 1.770019531250000000e-01
4.150390625000000000e-02 1.005126953125000000e+00 2.543945312500000000e-01
9.155273437500000000e-02 9.345703125000000000e-01 1.757812500000000000e-01
3.417968750000000000e-02 9.294433593750000000e-01 1.860351562500000000e-01
7.836914062500000000e-02 9.313964843750000000e-01 1.704101562500000000e-01
8.081054687500000000e-02 9.372558593750000000e-01 2.185058593750000000e-01
7.812500000000000000e-02 1.004394531250000000e+00 1.599121093750000000e-01
8.911132812500000000e-02 9.345703125000000000e-01 1.665039062500000000e-01
3.881835937500000000e-02 1.000976562500000000e+00 1.845703125000000000e-01
9.155273437500000000e-02 9.350585937500000000e-01 1.860351562500000000e-01
3.295898437500000000e-02 1.006835937500000000e+00 1.667480468750000000e-01
9.204101562500000000e-02 9.291992187500000000e-01 1.752929687500000000e-01
9.204101562500000000e-02 9.291992187500000000e-01 1.752929687500000000e-01
8.642578125000000000e-02 1.001464843750000000e+00 1.806640625000000000e-01
8.593750000000000000e-02 1.000732421875000000e+00 1.665039062500000000e-01
9.008789062500000000e-02 9.340820312500000000e-01 1.799316406250000000e-01
8.862304687500000000e-02 1.000000000000000000e+00 1.779785156250000000e-01
9.252929687500000000e-02 9.335937500000000000e-01 1.784667968750000000e-01
8.764648437500000000e-02 9.348144531250000000e-01 1.833496093750000000e-01
8.935546875000000000e-02 1.001464843750000000e+00 1.767578125000000000e-01
3.979492187500000000e-02 9.362792968750000000e-01 2.551269531250000000e-01
9.082031250000000000e-02 9.282226562500000000e-01 1.762695312500000000e-01
8.813476562500000000e-02 9.338378906250000000e-01 1.835937500000000000e-01
8.984375000000000000e-02 9.365234375000000000e-01 1.865234375000000000e-01
9.204101562500000000e-02 9.370117187500000000e-01 1.787109375000000000e-01
9.228515625000000000e-02 9.362792968750000000e-01 1.816406250000000000e-01
3.222656250000000000e-02 9.338378906250000000e-01 1.755371093750000000e-01
9.057617187500000000e-02 9.360351562500000000e-01 1.843261718750000000e-01
8.447265625000000000e-02 1.003906250000000000e+00 1.774902343750000000e-01
3.588867187500000000e-02 9.365234375000000000e-01 2.519531250000000000e-01
3.540039062500000000e-02 1.005126953125000000e+00 2.509765625000000000e-01
8.789062500000000000e-02 9.189453125000000000e-01 1.809082031250000000e-01
8.740234375000000000e-02 1.002197265625000000e+00 2.416992187500000000e-01
-2.783203125000000000e-02 9.362792968750000000e-01 1.406250000000000000e-01
7.299804687500000000e-02 9.328613281250000000e-01 2.753906250000000000e-01
3.369140625000000000e-02 9.340820312500000000e-01 1.716308593750000000e-01
9.277343750000000000e-02 9.326171875000000000e-01 2.705078125000000000e-01
9.204101562500000000e-02 1.002685546875000000e+00 1.831054687500000000e-01
8.984375000000000000e-02 1.002197265625000000e+00 2.673339843750000000e-01
8.764648437500000000e-02 9.318847656250000000e-01 2.546386718750000000e-01
8.593750000000000000e-02 9.333496093750000000e-01 2.539062500000000000e-01
8.984375000000000000e-02 9.343261718750000000e-01 2.573242187500000000e-01
9.130859375000000000e-02 9.343261718750000000e-01 2.729492187500000000e-01
8.862304687500000000e-02 1.001464843750000000e+00 1.862792968750000000e-01
9.252929687500000000e-02 9.353027343750000000e-01 2.578125000000000000e-01
