1.022216796875000000e+00 1.660156250000000000e-02 -1.911621093750000000e-01
1.022216796875000000e+00 1.660156250000000000e-02 -1.911621093750000000e-01
1.022949218750000000e+00 8.544921875000000000e-03 -1.950683593750000000e-01
1.022949218750000000e+00 8.544921875000000000e-03 -1.950683593750000000e-01
1.022705078125000000e+00 1.684570312500000000e-02 -1.967773437500000000e-01
1.022705078125000000e+00 1.684570312500000000e-02 -1.967773437500000000e-01
1.022216796875000000e+00 1.782226562500000000e-02 -1.972656250000000000e-01
1.027343750000000000e+00 7.568359375000000000e-03 -1.225585937500000000e-01
1.020263671875000000e+00 1.098632812500000000e-02 -1.938476562500000000e-01
9.709472656250000000e-01 1.220703125000000000e-02 -1.218261718750000000e-01
1.021728515625000000e+00 4.150390625000000000e-03 -1.892089843750000000e-01
1.024658203125000000e+00 6.835937500000000000e-03 -1.931152343750000000e-01
1.025146484375000000e+00 8.789062500000000000e-03 -1.879882812500000000e-01
1.030761718750000000e+00 2.636718750000000000e-02 -1.953125000000000000e-01
1.015625000000000000e+00 1.953125000000000000e-02 -1.894531250000000000e-01
9.716796875000000000e-01 2.270507812500000000e-02 -1.923828125000000000e-01
1.015869140625000000e+00 2.026367187500000000e-02 -1.171875000000000000e-01
9.716796875000000000e-01 2.050781250000000000e-02 -1.247558593750000000e-01
1.021728515625000000e+00 2.343750000000000000e-02 -1.242675781250000000e-01
1.029785156250000000e+00 7.324218750000000000e-04 -1.967773437500000000e-01
1.025878906250000000e+00 -6.347656250000000000e-02 -1.970214843750000000e-01
1.021728515625000000e+00 6.103515625000000000e-03 -2.016601562500000000e-01
1.023681640625000000e+00 8.056640625000000000e-03 -2.045898437500000000e-01
1.027832031250000000e+00 6.103515625000000000e-03 -2.001953125000000000e-01
1.017089843750000000e+00 0.000000000000000000e+00 -1.582031250000000000e-01
1.020019531250000000e+00 1.562500000000000000e-02 -2.082519531250000000e-01
1.022216796875000000e+00 1.953125000000000000e-03 -2.185058593750000000e-01
1.012695312500000000e+00 -6.860351562500000000e-02 -2.080078125000000000e-01
1.020751953125000000e+00 -7.202148437500000000e-02 -1.633300781250000000e-01
1.022705078125000000e+00 1.171875000000000000e-02 -1.735839843750000000e-01
1.007080078125000000e+00 -2.563476562500000000e-02 -1.833496093750000000e-01
1.024414062500000000e+00 6.689453125000000000e-02 -2.019042968750000000e-01
1.018798828125000000e+00 -7.812500000000000000e-03 -2.102050781250000000e-01
9.289550781250000000e-01 -2.441406250000000000e-04 -2.138671875000000000e-01
1.025634765625000000e+00 8.325195312500000000e-02 -1.625976562500000000e-01
1.009277343750000000e+00 7.006835937500000000e-02 -1.689453125000000000e-01
1.009277343750000000e+00 7.666015625000000000e-02 -1.865234375000000000e-01
9.357910156250000000e-01 7.153320312500000000e-02 -2.534179687500000000e-01
9.335937500000000000e-01 6.616210937500000000e-02 -2.592773437500000000e-01
9.301757812500000000e-01 -9.521484375000000000e-03 -2.697753906250000000e-01
9.143066406250000000e-01 -1.049804687500000000e-02 -2.629394531250000000e-01
9.074707031250000000e-01 2.587890625000000000e-02 -2.282714843750000000e-01
9.074707031250000000e-01 2.587890625000000000e-02 -2.282714843750000000e-01
9.499511718750000000e-01 -7.324218750000000000e-02 -3.361816406250000000e-01
9.499511718750000000e-01 -7.324218750000000000e-02 -3.361816406250000000e-01
8.061523437500000000e-01 -1.535644531250000000e-01 -2.626953125000000000e-01
8.637695312500000000e-01 -9.106445312500000000e-02 -2.756347656250000000e-01
7.199707031250000000e-01 -2.539062500000000000e-02 -3.466796875000000000e-01
7.192382812500000000e-01 1.350097656250000000e-01 -2.946777343750000000e-01
7.695312500000000000e-01 -8.959960937500000000e-02 -1.442871093750000000e-01
5.048828125000000000e-01 -7.568359375000000000e-02 -3.081054687500000000e-01
5.339355468750000000e-01 -2.851562500000000000e-01 -3.344726562500000000e-01
4.448242187500000000e-01 -4.809570312500000000e-02 -3.857421875000000000e-01
5.019531250000000000e-01 -4.389648437500000000e-01 1.301269531250000000e-01
3.234863281250000000e-01 -1.411132812500000000e-01 -3.552246093750000000e-01
4.345703125000000000e-01 -4.260253906250000000e-01 6.250000000000000000e-02
-2.001953125000000000e-02 -4.465332031250000000e-01 3.642578125000000000e-01
8.933105468750000000e-01 -1.575683593750000000e+00 -3.215332031250000000e-01
6.748046875000000000e-01 -6.202880859375000000e+00 1.606445312500000000e-01
1.193115234375000000e+00 -1.213134765625000000e+00 3.295898437500000000e-01
5.546875000000000000e-01 7.934570312500000000e-02 7.009277343750000000e-01
-5.935058593750000000e-01 -2.250976562500000000e-01 1.161132812500000000e+00
-3.291015625000000000e-01 -1.707519531250000000e+00 7.160644531250000000e-01
-2.094726562500000000e-01 -9.797363281250000000e-01 1.503906250000000000e-01
-4.074707031250000000e-01 -3.122558593750000000e-01 -1.120605468750000000e-01
-7.475585937500000000e-01 -4.426269531250000000e-01 3.090820312500000000e-01
-3.315429687500000000e-01 -3.884277343750000000e-01 5.644531250000000000e-01
-3.127441406250000000e-01 -1.018310546875000000e+00 5.593261718750000000e-01
1.635742187500000000e-02 -1.130126953125000000e+00 9.882812500000000000e-01
1.716308593750000000e-01 -7.612304687500000000e-01 1.239746093750000000e+00
2.126464843750000000e-01 -7.048339843750000000e-01 1.036621093750000000e+00
5.375976562500000000e-01 -7.197265625000000000e-01 9.011230468750000000e-01
4.587402343750000000e-01 -1.098632812500000000e-01 6.044921875000000000e-01
4.011230468750000000e-01 -7.333984375000000000e-01 6.425781250000000000e-01
7.617187500000000000e-01 -5.722656250000000000e-01 8.364257812500000000e-01
1.901855468750000000e-01 -6.389160156250000000e-01 7.275390625000000000e-01
3.491210937500000000e-01 -7.424316406250000000e-01 8.208007812500000000e-01
4.208984375000000000e-01 -7.185058593750000000e-01 7.363281250000000000e-01
2.739257812500000000e-01 -6.499023437500000000e-01 8.906250000000000000e-01
3.974609375000000000e-01 -6.279296875000000000e-01 8.837890625000000000e-01
2.797851562500000000e-01 -6.225585937500000000e-01 8.881835937500000000e-01
2.797851562500000000e-01 -6.225585937500000000e-01 8.881835937500000000e-01
3.991699218750000000e-01 -5.695800781250000000e-01 8.476562500000000000e-01
3.991699218750000000e-01 -5.695800781250000000e-01 8.476562500000000000e-01
3.974609375000000000e-01 -5.783691406250000000e-01 8.103027343750000000e-01
3.500976562500000000e-01 -5.893554687500000000e-01 8.562011718750000000e-01
3.674316406250000000e-01 -5.729980468750000000e-01 8.737792968750000000e-01
3.481445312500000000e-01 -4.824218750000000000e-01 8.591308593750000000e-01
3.764648437500000000e-01 -4.877929687500000000e-01 8.625488281250000000e-01
3.032226562500000000e-01 -5.803222656250000000e-01 8.718261718750000000e-01
2.961425781250000000e-01 -5.866699218750000000e-01 8.586425781250000000e-01
2.905273437500000000e-01 -5.895996093750000000e-01 8.723144531250000000e-01
2.966308593750000000e-01 -5.727539062500000000e-01 8.557128906250000000e-01
2.961425781250000000e-01 -5.847167968750000000e-01 8.645019531250000000e-01
3.071289062500000000e-01 -5.815429687500000000e-01 8.740234375000000000e-01
3.017578125000000000e-01 -5.644531250000000000e-01 8.732910156250000000e-01
3.041992187500000000e-01 -4.882812500000000000e-01 8.713378906250000000e-01
2.932128906250000000e-01 -4.885253906250000000e-01 9.445800781250000000e-01
3.068847656250000000e-01 -4.924316406250000000e-01 9.543457031250000000e-01
2.854003906250000000e-01 -4.865722656250000000e-01 9.509277343750000000e-01
3.041992187500000000e-01 -4.858398437500000000e-01 9.487304687500000000e-01
2.883300781250000000e-01 -4.829101562500000000e-01 9.436035156250000000e-01
3.015136718750000000e-01 -4.753417968750000000e-01 9.128417968750000000e-01
2.846679687500000000e-01 -4.790039062500000000e-01 9.414062500000000000e-01
2.924804687500000000e-01 -4.782714843750000000e-01 9.621582031250000000e-01
2.917480468750000000e-01 -4.741210937500000000e-01 9.641113281250000000e-01
2.941894531250000000e-01 -5.275878906250000000e-01 9.555664062500000000e-01
2.895507812500000000e-01 -5.288085937500000000e-01 9.582519531250000000e-01
2.895507812500000000e-01 -5.278320312500000000e-01 9.658203125000000000e-01
3.437500000000000000e-01 -5.236816406250000000e-01 9.584960937500000000e-01
2.939453125000000000e-01 -5.253906250000000000e-01 9.106445312500000000e-01
2.893066406250000000e-01 -5.217285156250000000e-01 9.663085937500000000e-01
2.861328125000000000e-01 -5.207519531250000000e-01 9.672851562500000000e-01
2.854003906250000000e-01 -5.229492187500000000e-01 9.172363281250000000e-01
2.836914062500000000e-01 -5.231933593750000000e-01 9.101562500000000000e-01
2.844238281250000000e-01 -5.297851562500000000e-01 9.626464843750000000e-01
2.946777343750000000e-01 -5.187988281250000000e-01 9.621582031250000000e-01
2.846679687500000000e-01 -5.222167968750000000e-01 9.558105468750000000e-01
2.915039062500000000e-01 -5.290527343750000000e-01 9.089355468750000000e-01
2.939453125000000000e-01 -5.224609375000000000e-01 9.611816406250000000e-01
2.939453125000000000e-01 -5.224609375000000000e-01 9.611816406250000000e-01
3.039550781250000000e-01 -4.724121093750000000e-01 9.562988281250000000e-01
3.039550781250000000e-01 -4.724121093750000000e-01 9.562988281250000000e-01
2.973632812500000000e-01 -5.302734375000000000e-01 9.533691406250000000e-01
2.927246093750000000e-01 -4.721679687500000000e-01 9.624023437500000000e-01
3.000488281250000000e-01 -4.699707031250000000e-01 9.494628906250000000e-01
3.007812500000000000e-01 -4.716796875000000000e-01 9.553222656250000000e-01
3.049316406250000000e-01 -5.307617187500000000e-01 9.521484375000000000e-01
3.078613281250000000e-01 -4.716796875000000000e-01 9.577636718750000000e-01
3.081054687500000000e-01 -4.750976562500000000e-01 9.589843750000000000e-01
3.090820312500000000e-01 -4.770507812500000000e-01 9.619140625000000000e-01
3.093261718750000000e-01 -5.285644531250000000e-01 9.589843750000000000e-01
3.027343750000000000e-01 -4.816894531250000000e-01 9.458007812500000000e-01
3.840332031250000000e-01 -4.799804687500000000e-01 9.477539062500000000e-01
3.093261718750000000e-01 -4.780273437500000000e-01 8.735351562500000000e-01
3.059082031250000000e-01 -4.868164062500000000e-01 8.735351562500000000e-01
3.063964843750000000e-01 -4.978027343750000000e-01 8.737792968750000000e-01
3.754882812500000000e-01 -4.907226562500000000e-01 8.728027343750000000e-01
3.117675781250000000e-01 -4.875488281250000000e-01 9.404296875000000000e-01
3.823242187500000000e-01 -4.799804687500000000e-01 8.686523437500000000e-01
3.784179687500000000e-01 -4.855957031250000000e-01 9.455566406250000000e-01
3.793945312500000000e-01 -4.831542968750000000e-01 9.450683593750000000e-01
3.779296875000000000e-01 -4.841308593750000000e-01 9.492187500000000000e-01
3.117675781250000000e-01 -4.750976562500000000e-01 9.433593750000000000e-01
3.779296875000000000e-01 -4.838867187500000000e-01 9.458007812500000000e-01
3.903808593750000000e-01 -4.799804687500000000e-01 9.387207031250000000e-01
3.051757812500000000e-01 -4.809570312500000000e-01 8.747558593750000000e-01
3.754882812500000000e-01 -4.807128906250000000e-01 9.479980468750000000e-01
3.066406250000000000e-01 -4.809570312500000000e-01 9.492187500000000000e-01
3.095703125000000000e-01 -4.785156250000000000e-01 9.450683593750000000e-01
3.767089843750000000e-01 -4.853515625000000000e-01 9.440917968750000000e-01
3.808593750000000000e-01 -4.829101562500000000e-01 9.433593750000000000e-01
3.093261718750000000e-01 -4.799804687500000000e-01 9.506835937500000000e-01
3.066406250000000000e-01 -4.829101562500000000e-01 9.448242187500000000e-01
3.784179687500000000e-01 -4.807128906250000000e-01 9.479980468750000000e-01
3.752441406250000000e-01 -4.753417968750000000e-01 9.575195312500000000e-01
3.752441406250000000e-01 -4.775390625000000000e-01 9.436035156250000000e-01
3.784179687500000000e-01 -4.802246093750000000e-01 9.436035156250000000e-01
3.784179687500000000e-01 -4.792480468750000000e-01 9.572753906250000000e-01
3.784179687500000000e-01 -4.792480468750000000e-01 9.572753906250000000e-01
3.068847656250000000e-01 -4.748535156250000000e-01 9.421386718750000000e-01
3.095703125000000000e-01 -4.721679687500000000e-01 9.626464843750000000e-01
3.061523437500000000e-01 -4.780273437500000000e-01 9.543457031250000000e-01
3.762207031250000000e-01 -4.760742187500000000e-01 9.609375000000000000e-01
3.085937500000000000e-01 -4.772949218750000000e-01 9.597167968750000000e-01
3.054199218750000000e-01 -5.261230468750000000e-01 9.406738281250000000e-01
3.093261718750000000e-01 -4.741210937500000000e-01 8.710937500000000000e-01
3.020019531250000000e-01 -4.853515625000000000e-01 9.519042968750000000e-01
3.017578125000000000e-01 -4.794921875000000000e-01 9.123535156250000000e-01
3.020019531250000000e-01 -4.829101562500000000e-01 9.624023437500000000e-01
2.858886718750000000e-01 -4.819335937500000000e-01 9.382324218750000000e-01
3.413085937500000000e-01 -4.792480468750000000e-01 9.543457031250000000e-01
2.861328125000000000e-01 -4.868164062500000000e-01 9.467773437500000000e-01
2.944335937500000000e-01 -4.907226562500000000e-01 9.514160156250000000e-01
3.330078125000000000e-01 -4.941406250000000000e-01 9.438476562500000000e-01
3.212890625000000000e-01 -5.683593750000000000e-01 9.431152343750000000e-01
2.495117187500000000e-01 -5.000000000000000000e-01 9.562988281250000000e-01
3.376464843750000000e-01 -4.843750000000000000e-01 9.641113281250000000e-01
3.288574218750000000e-01 -4.951171875000000000e-01 9.580078125000000000e-01
3.271484375000000000e-01 -4.755859375000000000e-01 9.587402343750000000e-01
3.395996093750000000e-01 -5.285644531250000000e-01 9.072265625000000000e-01
3.437500000000000000e-01 -5.104980468750000000e-01 9.638671875000000000e-01
2.856445312500000000e-01 -4.716796875000000000e-01 9.575195312500000000e-01
2.863769531250000000e-01 -5.246582031250000000e-01 9.235839843750000000e-01
2.839355468750000000e-01 -5.090332031250000000e-01 9.636230468750000000e-01
2.915039062500000000e-01 -5.068359375000000000e-01 9.145507812500000000e-01
3.381347656250000000e-01 -5.222167968750000000e-01 9.074707031250000000e-01
3.437500000000000000e-01 -5.146484375000000000e-01 9.150390625000000000e-01
2.902832031250000000e-01 -5.117187500000000000e-01 9.089355468750000000e-01
3.098144531250000000e-01 -5.092773437500000000e-01 9.309082031250000000e-01
3.347167968750000000e-01 -4.794921875000000000e-01 9.096679687500000000e-01
3.359375000000000000e-01 -4.768066406250000000e-01 8.640136718750000000e-01
2.951660156250000000e-01 -5.258789062500000000e-01 9.619140625000000000e-01
3.059082031250000000e-01 -5.205078125000000000e-01 9.560546875000000000e-01
3.029785156250000000e-01 -4.775390625000000000e-01 9.516601562500000000e-01
2.924804687500000000e-01 -4.750976562500000000e-01 9.592285156250000000e-01
2.958984375000000000e-01 -5.222167968750000000e-01 9.624023437500000000e-01
2.895507812500000000e-01 -4.709472656250000000e-01 9.084472656250000000e-01
2.895507812500000000e-01 -4.709472656250000000e-01 9.084472656250000000e-01
3.007812500000000000e-01 -5.180664062500000000e-01 9.606933593750000000e-01
