9.804687500000000000e-01 8.178710937500000000e-02 -7.592773437500000000e-02
9.821777343750000000e-01 8.032226562500000000e-02 -8.544921875000000000e-02
9.860839843750000000e-01 8.764648437500000000e-02 -7.934570312500000000e-02
9.860839843750000000e-01 8.764648437500000000e-02 -7.934570312500000000e-02
9.799804687500000000e-01 8.056640625000000000e-02 -7.421875000000000000e-02
9.855957031250000000e-01 8.593750000000000000e-02 -6.250000000000000000e-02
9.907226562500000000e-01 8.178710937500000000e-02 -7.348632812500000000e-02
9.873046875000000000e-01 8.007812500000000000e-02 -6.884765625000000000e-02
9.824218750000000000e-01 8.081054687500000000e-02 -7.739257812500000000e-02
9.831542968750000000e-01 8.398437500000000000e-02 -7.714843750000000000e-02
9.807128906250000000e-01 8.154296875000000000e-02 -7.373046875000000000e-02
9.855957031250000000e-01 8.251953125000000000e-02 -7.421875000000000000e-02
9.829101562500000000e-01 8.300781250000000000e-02 -6.909179687500000000e-02
9.887695312500000000e-01 8.251953125000000000e-02 -7.519531250000000000e-02
9.902343750000000000e-01 7.958984375000000000e-02 2.441406250000000000e-03
9.873046875000000000e-01 3.613281250000000000e-02 -6.518554687500000000e-02
9.816894531250000000e-01 9.277343750000000000e-02 6.347656250000000000e-03
9.885253906250000000e-01 8.325195312500000000e-02 1.074218750000000000e-02
9.729003906250000000e-01 3.686523437500000000e-02 7.568359375000000000e-03
9.882812500000000000e-01 3.540039062500000000e-02 -8.520507812500000000e-02
9.826660156250000000e-01 7.641601562500000000e-02 -8.349609375000000000e-02
9.882812500000000000e-01 9.326171875000000000e-02 -7.373046875000000000e-02
9.836425781250000000e-01 7.104492187500000000e-02 -7.568359375000000000e-02
9.855957031250000000e-01 7.250976562500000000e-02 -7.006835937500000000e-02
9.736328125000000000e-01 3.784179687500000000e-02 -7.250976562500000000e-02
9.948730468750000000e-01 4.052734375000000000e-02 -7.568359375000000000e-02
9.851074218750000000e-01 8.886718750000000000e-02 -7.592773437500000000e-02
9.965820312500000000e-01 4.150390625000000000e-02 -6.494140625000000000e-02
9.826660156250000000e-01 6.152343750000000000e-02 -8.105468750000000000e-02
9.816894531250000000e-01 1.391601562500000000e-01 -9.155273437500000000e-02
1.025634765625000000e+00 1.547851562500000000e-01 -8.666992187500000000e-02
9.770507812500000000e-01 1.262207031250000000e-01 -7.543945312500000000e-02
9.719238281250000000e-01 5.126953125000000000e-02 -8.447265625000000000e-02
9.709472656250000000e-01 5.029296875000000000e-02 -7.714843750000000000e-02
9.807128906250000000e-01 5.468750000000000000e-02 -3.540039062500000000e-02
1.025390625000000000e+00 5.078125000000000000e-02 -9.228515625000000000e-02
1.028808593750000000e+00 3.149414062500000000e-02 -5.517578125000000000e-02
9.367675781250000000e-01 6.420898437500000000e-02 -4.516601562500000000e-02
1.029785156250000000e+00 -5.126953125000000000e-03 -5.297851562500000000e-02
9.758300781250000000e-01 -5.371093750000000000e-03 -1.391601562500000000e-01
9.758300781250000000e-01 -5.371093750000000000e-03 -1.391601562500000000e-01
9.526367187500000000e-01 4.541015625000000000e-02 -1.230468750000000000e-01
9.526367187500000000e-01 4.541015625000000000e-02 -1.230468750000000000e-01
8.645019531250000000e-01 6.958007812500000000e-02 -1.181640625000000000e-01
7.836914062500000000e-01 2.319335937500000000e-02 2.124023437500000000e-02
9.645996093750000000e-01 -3.784179687500000000e-02 -3.801269531250000000e-01
8.034667968750000000e-01 -7.348632812500000000e-02 -5.126953125000000000e-02
4.916992187500000000e-01 -1.269531250000000000e-01 -2.180175781250000000e-01
4.953613281250000000e-01 -1.469726562500000000e-01 -5.444335937500000000e-02
5.988769531250000000e-01 -1.738281250000000000e-01 -5.932617187500000000e-02
6.862792968750000000e-01 7.055664062500000000e-02 -3.276367187500000000e-01
3.566894531250000000e-01 -2.297363281250000000e-01 2.504882812500000000e-01
4.291992187500000000e-01 3.100585937500000000e-02 1.831054687500000000e-02
5.285644531250000000e-01 -1.782226562500000000e-01 3.754882812500000000e-01
2.956542968750000000e-01 -5.024414062500000000e-01 3.742675781250000000e-01
2.031250000000000000e-01 -2.683837890625000000e+00 3.562011718750000000e-01
4.096679687500000000e-01 -6.573974609375000000e+00 2.298339843750000000e+00
1.062255859375000000e+00 -5.585937500000000000e-01 1.263427734375000000e+00
-1.889648437500000000e-01 -3.261718750000000000e-01 8.508300781250000000e-01
-1.074951171875000000e+00 -7.253417968750000000e-01 4.838867187500000000e-01
-1.806640625000000000e-01 -7.966308593750000000e-01 1.513671875000000000e-01
-1.567382812500000000e-01 -6.413574218750000000e-01 2.336425781250000000e-01
-4.335937500000000000e-01 -3.142089843750000000e-01 5.297851562500000000e-02
-6.428222656250000000e-01 -7.697753906250000000e-01 2.890625000000000000e-01
-2.980957031250000000e-01 -1.156738281250000000e+00 3.222656250000000000e-01
-3.305664062500000000e-01 -1.335205078125000000e+00 6.413574218750000000e-01
-1.486816406250000000e-01 -1.187988281250000000e+00 7.229003906250000000e-01
-5.419921875000000000e-02 -1.079589843750000000e+00 5.444335937500000000e-01
1.298828125000000000e-01 -7.927246093750000000e-01 6.823730468750000000e-01
4.277343750000000000e-01 -7.368164062500000000e-01 5.109863281250000000e-01
4.245605468750000000e-01 -9.326171875000000000e-01 4.782714843750000000e-01
5.927734375000000000e-01 -8.933105468750000000e-01 7.561035156250000000e-01
1.784667968750000000e-01 -6.706542968750000000e-01 5.495605468750000000e-01
5.761718750000000000e-02 -7.531738281250000000e-01 6.655273437500000000e-01
2.194824218750000000e-01 -8.879394531250000000e-01 6.413574218750000000e-01
1.374511718750000000e-01 -8.630371093750000000e-01 6.091308593750000000e-01
5.151367187500000000e-02 -9.235839843750000000e-01 6.660156250000000000e-01
1.408691406250000000e-01 -8.962402343750000000e-01 7.023925781250000000e-01
8.007812500000000000e-02 -8.315429687500000000e-01 7.124023437500000000e-01
8.007812500000000000e-02 -8.315429687500000000e-01 7.124023437500000000e-01
9.692382812500000000e-02 -8.691406250000000000e-01 6.179199218750000000e-01
9.692382812500000000e-02 -8.691406250000000000e-01 6.179199218750000000e-01
1.120605468750000000e-01 -8.598632812500000000e-01 6.164550781250000000e-01
1.958007812500000000e-01 -8.986816406250000000e-01 6.491699218750000000e-01
1.228027343750000000e-01 -9.052734375000000000e-01 6.264648437500000000e-01
1.184082031250000000e-01 -8.469238281250000000e-01 6.467285156250000000e-01
1.047363281250000000e-01 -8.789062500000000000e-01 6.054687500000000000e-01
1.403808593750000000e-01 -8.459472656250000000e-01 5.959472656250000000e-01
9.594726562500000000e-02 -8.488769531250000000e-01 6.054687500000000000e-01
1.516113281250000000e-01 -8.830566406250000000e-01 6.125488281250000000e-01
1.020507812500000000e-01 -9.001464843750000000e-01 6.159667968750000000e-01
1.125488281250000000e-01 -8.967285156250000000e-01 6.125488281250000000e-01
1.174316406250000000e-01 -8.803710937500000000e-01 6.933593750000000000e-01
1.062011718750000000e-01 -8.820800781250000000e-01 6.032714843750000000e-01
1.105957031250000000e-01 -9.018554687500000000e-01 6.145019531250000000e-01
9.545898437500000000e-02 -8.913574218750000000e-01 6.018066406250000000e-01
1.088867187500000000e-01 -8.923339843750000000e-01 6.042480468750000000e-01
1.093750000000000000e-01 -8.881835937500000000e-01 6.093750000000000000e-01
1.101074218750000000e-01 -9.013671875000000000e-01 6.171875000000000000e-01
1.035156250000000000e-01 -8.969726562500000000e-01 5.986328125000000000e-01
1.083984375000000000e-01 -8.942871093750000000e-01 6.081542968750000000e-01
1.555175781250000000e-01 -8.977050781250000000e-01 6.081542968750000000e-01
1.110839843750000000e-01 -8.930664062500000000e-01 6.152343750000000000e-01
1.035156250000000000e-01 -8.940429687500000000e-01 6.105957031250000000e-01
1.042480468750000000e-01 -8.903808593750000000e-01 6.074218750000000000e-01
9.838867187500000000e-02 -8.972167968750000000e-01 6.086425781250000000e-01
1.108398437500000000e-01 -8.955078125000000000e-01 6.154785156250000000e-01
1.074218750000000000e-01 -8.898925781250000000e-01 6.140136718750000000e-01
1.123046875000000000e-01 -8.937988281250000000e-01 6.232910156250000000e-01
1.035156250000000000e-01 -8.925781250000000000e-01 5.998535156250000000e-01
1.074218750000000000e-01 -8.950195312500000000e-01 6.130371093750000000e-01
1.096191406250000000e-01 -8.886718750000000000e-01 6.000976562500000000e-01
1.049804687500000000e-01 -8.945312500000000000e-01 6.098632812500000000e-01
1.000976562500000000e-01 -9.060058593750000000e-01 6.101074218750000000e-01
1.193847656250000000e-01 -8.962402343750000000e-01 5.942382812500000000e-01
1.093750000000000000e-01 -8.908691406250000000e-01 6.164550781250000000e-01
1.052246093750000000e-01 -8.876953125000000000e-01 6.184082031250000000e-01
1.096191406250000000e-01 -8.898925781250000000e-01 6.135253906250000000e-01
1.096191406250000000e-01 -8.898925781250000000e-01 6.135253906250000000e-01
1.088867187500000000e-01 -8.837890625000000000e-01 6.115722656250000000e-01
1.088867187500000000e-01 -8.837890625000000000e-01 6.115722656250000000e-01
9.790039062500000000e-02 -8.959960937500000000e-01 6.066894531250000000e-01
9.960937500000000000e-02 -8.903808593750000000e-01 6.081542968750000000e-01
1.455078125000000000e-01 -8.994140625000000000e-01 5.959472656250000000e-01
1.076660156250000000e-01 -8.854980468750000000e-01 6.203613281250000000e-01
1.508789062500000000e-01 -8.962402343750000000e-01 6.193847656250000000e-01
1.486816406250000000e-01 -8.959960937500000000e-01 6.899414062500000000e-01
9.667968750000000000e-02 -8.945312500000000000e-01 6.079101562500000000e-01
1.528320312500000000e-01 -8.864746093750000000e-01 6.049804687500000000e-01
1.472167968750000000e-01 -8.967285156250000000e-01 6.142578125000000000e-01
1.462402343750000000e-01 -8.906250000000000000e-01 6.091308593750000000e-01
1.435546875000000000e-01 -8.928222656250000000e-01 6.176757812500000000e-01
1.464843750000000000e-01 -8.879394531250000000e-01 6.091308593750000000e-01
1.445312500000000000e-01 -8.884277343750000000e-01 6.066894531250000000e-01
1.425781250000000000e-01 -8.962402343750000000e-01 6.152343750000000000e-01
1.477050781250000000e-01 -8.940429687500000000e-01 6.137695312500000000e-01
1.425781250000000000e-01 -8.923339843750000000e-01 6.098632812500000000e-01
1.364746093750000000e-01 -8.955078125000000000e-01 6.169433593750000000e-01
1.391601562500000000e-01 -8.894042968750000000e-01 6.186523437500000000e-01
1.367187500000000000e-01 -8.857421875000000000e-01 6.149902343750000000e-01
1.362304687500000000e-01 -8.937988281250000000e-01 6.018066406250000000e-01
1.372070312500000000e-01 -8.942871093750000000e-01 6.203613281250000000e-01
1.450195312500000000e-01 -8.864746093750000000e-01 6.235351562500000000e-01
1.428222656250000000e-01 -8.959960937500000000e-01 6.181640625000000000e-01
1.350097656250000000e-01 -8.867187500000000000e-01 6.242675781250000000e-01
1.430664062500000000e-01 -8.864746093750000000e-01 5.966796875000000000e-01
1.550292968750000000e-01 -8.928222656250000000e-01 6.130371093750000000e-01
1.494140625000000000e-01 -8.876953125000000000e-01 6.113281250000000000e-01
1.538085937500000000e-01 -8.889160156250000000e-01 6.210937500000000000e-01
1.372070312500000000e-01 -8.928222656250000000e-01 6.191406250000000000e-01
1.472167968750000000e-01 -8.930664062500000000e-01 6.137695312500000000e-01
1.501464843750000000e-01 -8.952636718750000000e-01 6.237792968750000000e-01
1.496582031250000000e-01 -8.940429687500000000e-01 6.047363281250000000e-01
1.018066406250000000e-01 -8.906250000000000000e-01 6.215820312500000000e-01
1.538085937500000000e-01 -8.908691406250000000e-01 6.149902343750000000e-01
1.503906250000000000e-01 -8.884277343750000000e-01 6.206054687500000000e-01
1.457519531250000000e-01 -8.835449218750000000e-01 6.032714843750000000e-01
1.457519531250000000e-01 -8.835449218750000000e-01 6.032714843750000000e-01
1.472167968750000000e-01 -9.057617187500000000e-01 6.103515625000000000e-01
1.472167968750000000e-01 -9.057617187500000000e-01 6.103515625000000000e-01
9.692382812500000000e-02 -9.011230468750000000e-01 6.069335937500000000e-01
9.667968750000000000e-02 -8.837890625000000000e-01 6.145019531250000000e-01
1.486816406250000000e-01 -8.835449218750000000e-01 6.174316406250000000e-01
1.545410156250000000e-01 -8.867187500000000000e-01 6.057128906250000000e-01
1.335449218750000000e-01 -8.991699218750000000e-01 6.059570312500000000e-01
1.413574218750000000e-01 -8.996582031250000000e-01 6.101074218750000000e-01
1.381835937500000000e-01 -8.952636718750000000e-01 6.186523437500000000e-01
1.513671875000000000e-01 -8.876953125000000000e-01 6.208496093750000000e-01
1.525878906250000000e-01 -8.840332031250000000e-01 6.188964843750000000e-01
1.477050781250000000e-01 -8.947753906250000000e-01 6.198730468750000000e-01
1.376953125000000000e-01 -8.981933593750000000e-01 6.201171875000000000e-01
1.467285156250000000e-01 -8.884277343750000000e-01 6.882324218750000000e-01
1.418457031250000000e-01 -8.823242187500000000e-01 6.184082031250000000e-01
1.467285156250000000e-01 -8.815917968750000000e-01 6.892089843750000000e-01
1.384277343750000000e-01 -8.967285156250000000e-01 6.132812500000000000e-01
1.445312500000000000e-01 -8.903808593750000000e-01 6.162109375000000000e-01
1.411132812500000000e-01 -8.889160156250000000e-01 6.137695312500000000e-01
1.430664062500000000e-01 -8.862304687500000000e-01 6.198730468750000000e-01
1.469726562500000000e-01 -8.867187500000000000e-01 6.198730468750000000e-01
1.367187500000000000e-01 -8.874511718750000000e-01 6.184082031250000000e-01
1.398925781250000000e-01 -8.847656250000000000e-01 6.901855468750000000e-01
1.435546875000000000e-01 -8.850097656250000000e-01 6.965332031250000000e-01
1.413574218750000000e-01 -8.835449218750000000e-01 6.899414062500000000e-01
1.416015625000000000e-01 -8.876953125000000000e-01 6.186523437500000000e-01
1.391601562500000000e-01 -8.876953125000000000e-01 6.184082031250000000e-01
1.525878906250000000e-01 -8.801269531250000000e-01 6.210937500000000000e-01
1.354980468750000000e-01 -8.906250000000000000e-01 6.206054687500000000e-01
1.359863281250000000e-01 -8.845214843750000000e-01 6.242675781250000000e-01
1.403808593750000000e-01 -8.857421875000000000e-01 6.916503906250000000e-01
1.445312500000000000e-01 -8.857421875000000000e-01 6.916503906250000000e-01
1.381835937500000000e-01 -8.862304687500000000e-01 6.142578125000000000e-01
1.474609375000000000e-01 -8.813476562500000000e-01 6.245117187500000000e-01
1.391601562500000000e-01 -8.847656250000000000e-01 6.982421875000000000e-01
1.350097656250000000e-01 -8.837890625000000000e-01 6.962890625000000000e-01
1.452636718750000000e-01 -8.798828125000000000e-01 6.184082031250000000e-01
1.467285156250000000e-01 -8.835449218750000000e-01 6.237792968750000000e-01
1.467285156250000000e-01 -8.835449218750000000e-01 6.237792968750000000e-01
1.425781250000000000e-01 -8.859863281250000000e-01 6.936035156250000000e-01
1.425781250000000000e-01 -8.859863281250000000e-01 6.936035156250000000e-01
1.389160156250000000e-01 -8.823242187500000000e-01 6.948242187500000000e-01
