9.284667968750000000e-01 -9.008789062500000000e-02 -2.709960937500000000e-01
9.365234375000000000e-01 -9.155273437500000000e-02 -2.712402343750000000e-01
9.365234375000000000e-01 -9.155273437500000000e-02 -2.712402343750000000e-01
1.001953125000000000e+00 -3.320312500000000000e-02 -2.695312500000000000e-01
1.005371093750000000e+00 -3.881835937500000000e-02 -2.482910156250000000e-01
9.353027343750000000e-01 -5.273437500000000000e-02 -2.578125000000000000e-01
1.005371093750000000e+00 -9.277343750000000000e-02 -1.728515625000000000e-01
1.003173828125000000e+00 -8.398437500000000000e-02 -2.541503906250000000e-01
1.006103515625000000e+00 -7.861328125000000000e-02 -2.727050781250000000e-01
9.375000000000000000e-01 -3.149414062500000000e-02 -2.705078125000000000e-01
1.004150390625000000e+00 -9.277343750000000000e-02 -2.722167968750000000e-01
9.355468750000000000e-01 -3.662109375000000000e-02 -2.761230468750000000e-01
9.343261718750000000e-01 -3.173828125000000000e-02 -2.778320312500000000e-01
9.367675781250000000e-01 -4.003906250000000000e-02 -2.285156250000000000e-01
9.306640625000000000e-01 -3.442382812500000000e-02 -2.795410156250000000e-01
1.009033203125000000e+00 -7.885742187500000000e-02 -2.275390625000000000e-01
9.287109375000000000e-01 -8.740234375000000000e-02 -2.434082031250000000e-01
1.005126953125000000e+00 -8.984375000000000000e-02 -2.346191406250000000e-01
9.309082031250000000e-01 -3.222656250000000000e-02 -2.250976562500000000e-01
9.287109375000000000e-01 -9.375000000000000000e-02 -2.299804687500000000e-01
9.311523437500000000e-01 -9.252929687500000000e-02 -2.368164062500000000e-01
9.328613281250000000e-01 -8.520507812500000000e-02 -2.316894531250000000e-01
9.353027343750000000e-01 -9.252929687500000000e-02 -2.351074218750000000e-01
9.321289062500000000e-01 -8.959960937500000000e-02 -2.309570312500000000e-01
9.367675781250000000e-01 -3.588867187500000000e-02 -2.355957031250000000e-01
9.187011718750000000e-01 -3.759765625000000000e-02 -2.314453125000000000e-01
9.267578125000000000e-01 -3.320312500000000000e-02 -2.360839843750000000e-01
9.182128906250000000e-01 -3.588867187500000000e-02 -2.397460937500000000e-01
9.582519531250000000e-01 -8.959960937500000000e-02 -2.307128906250000000e-01
9.433593750000000000e-01 -3.857421875000000000e-02 -2.426757812500000000e-01
8.579101562500000000e-01 -8.764648437500000000e-02 -2.482910156250000000e-01
8.798828125000000000e-01 -3.637695312500000000e-02 -2.448730468750000000e-01
8.295898437500000000e-01 -4.345703125000000000e-02 -3.171386718750000000e-01
7.634277343750000000e-01 -8.813476562500000000e-02 -2.302246093750000000e-01
6.889648437500000000e-01 -7.421875000000000000e-02 -2.365722656250000000e-01
5.776367187500000000e-01 -7.983398437500000000e-02 -1.762695312500000000e-01
4.113769531250000000e-01 1.538085937500000000e-02 -1.098632812500000000e-01
3.071289062500000000e-01 2.880859375000000000e-02 -3.442382812500000000e-02
3.371582031250000000e-01 -1.538085937500000000e-01 9.301757812500000000e-02
2.263183593750000000e-01 2.148437500000000000e-02 -1.220703125000000000e-02
1.442871093750000000e-01 4.394531250000000000e-02 2.451171875000000000e-01
4.858398437500000000e-02 -3.637695312500000000e-02 4.594726562500000000e-01
3.738525390625000000e+00 1.680908203125000000e+00 5.561279296875000000e+00
2.007568359375000000e+00 1.645263671875000000e+00 1.304931640625000000e+00
1.754882812500000000e+00 8.190917968750000000e-01 1.210937500000000000e-01
-1.292724609375000000e+00 4.409179687500000000e-01 9.377441406250000000e-01
-3.249511718750000000e-01 -1.660156250000000000e-01 7.631835937500000000e-01
1.738281250000000000e-01 -7.885742187500000000e-02 5.253906250000000000e-01
1.962890625000000000e-01 1.342773437500000000e-02 8.994140625000000000e-01
3.696289062500000000e-01 -1.206054687500000000e-01 1.249755859375000000e+00
6.811523437500000000e-01 -2.746582031250000000e-01 1.331787109375000000e+00
4.890136718750000000e-01 -1.137695312500000000e-01 1.058837890625000000e+00
3.964843750000000000e-01 -1.259765625000000000e-01 1.049072265625000000e+00
2.817382812500000000e-01 3.906250000000000000e-03 8.706054687500000000e-01
1.940917968750000000e-01 6.445312500000000000e-02 1.002197265625000000e+00
1.635742187500000000e-02 3.491210937500000000e-02 1.146484375000000000e+00
1.313476562500000000e-01 5.932617187500000000e-02 1.237060546875000000e+00
1.984863281250000000e-01 4.711914062500000000e-02 1.344238281250000000e+00
5.322265625000000000e-02 5.297851562500000000e-02 9.841308593750000000e-01
-7.812500000000000000e-03 4.760742187500000000e-02 9.370117187500000000e-01
-1.391601562500000000e-01 6.982421875000000000e-02 8.845214843750000000e-01
1.181884765625000000e+00 5.781250000000000000e-01 9.365234375000000000e-01
6.928710937500000000e-01 2.797851562500000000e-01 9.018554687500000000e-01
2.631835937500000000e-01 1.733398437500000000e-02 1.145751953125000000e+00
9.521484375000000000e-03 8.813476562500000000e-02 9.794921875000000000e-01
3.608398437500000000e-01 5.175781250000000000e-02 9.882812500000000000e-01
3.681640625000000000e-01 1.987304687500000000e-01 1.171142578125000000e+00
4.907226562500000000e-02 -1.220703125000000000e-03 1.190917968750000000e+00
1.928710937500000000e-02 0.000000000000000000e+00 9.750976562500000000e-01
8.227539062500000000e-02 4.833984375000000000e-02 1.200927734375000000e+00
2.045898437500000000e-01 2.131347656250000000e-01 1.271240234375000000e+00
4.677734375000000000e-01 2.197265625000000000e-02 1.079833984375000000e+00
2.568359375000000000e-01 2.416992187500000000e-02 8.859863281250000000e-01
4.377441406250000000e-01 8.447265625000000000e-02 1.002197265625000000e+00
3.981933593750000000e-01 3.325195312500000000e-01 9.992675781250000000e-01
2.966308593750000000e-01 2.141113281250000000e-01 1.054443359375000000e+00
1.669921875000000000e-01 -4.882812500000000000e-03 1.097412109375000000e+00
1.313476562500000000e-01 -2.148437500000000000e-02 1.068359375000000000e+00
1.552734375000000000e-01 -9.521484375000000000e-03 1.138916015625000000e+00
2.033691406250000000e-01 7.592773437500000000e-02 1.108154296875000000e+00
1.706542968750000000e-01 4.223632812500000000e-02 1.134277343750000000e+00
1.662597656250000000e-01 5.102539062500000000e-02 1.033935546875000000e+00
2.551269531250000000e-01 1.328125000000000000e-01 1.042968750000000000e+00
2.797851562500000000e-01 5.932617187500000000e-02 1.039306640625000000e+00
1.787109375000000000e-01 5.224609375000000000e-02 1.040283203125000000e+00
1.008300781250000000e-01 9.179687500000000000e-02 1.090087890625000000e+00
6.054687500000000000e-02 8.642578125000000000e-02 1.039794921875000000e+00
1.411132812500000000e-01 8.593750000000000000e-02 1.132080078125000000e+00
1.237792968750000000e-01 8.862304687500000000e-02 1.107910156250000000e+00
1.010742187500000000e-01 3.320312500000000000e-02 1.052978515625000000e+00
1.528320312500000000e-01 3.808593750000000000e-02 1.036621093750000000e+00
1.518554687500000000e-01 3.930664062500000000e-02 1.091064453125000000e+00
1.137695312500000000e-01 3.295898437500000000e-02 1.131835937500000000e+00
2.006835937500000000e-01 8.642578125000000000e-02 1.107421875000000000e+00
1.201171875000000000e-01 8.886718750000000000e-02 1.150634765625000000e+00
6.591796875000000000e-02 3.564453125000000000e-02 1.007080078125000000e+00
6.152343750000000000e-02 3.881835937500000000e-02 1.090820312500000000e+00
2.011718750000000000e-01 3.613281250000000000e-02 1.105224609375000000e+00
1.669921875000000000e-01 9.179687500000000000e-02 1.177001953125000000e+00
6.005859375000000000e-02 3.491210937500000000e-02 9.277343750000000000e-01
-1.513671875000000000e-02 4.248046875000000000e-02 1.078125000000000000e+00
6.079101562500000000e-02 3.808593750000000000e-02 1.050048828125000000e+00
9.790039062500000000e-02 4.101562500000000000e-02 1.108154296875000000e+00
1.640625000000000000e-01 9.008789062500000000e-02 1.161132812500000000e+00
1.350097656250000000e-01 3.784179687500000000e-02 9.809570312500000000e-01
-2.319335937500000000e-02 3.271484375000000000e-02 1.070312500000000000e+00
1.337890625000000000e-01 4.003906250000000000e-02 1.060302734375000000e+00
9.912109375000000000e-02 3.149414062500000000e-02 1.123535156250000000e+00
2.021484375000000000e-01 7.983398437500000000e-02 1.163330078125000000e+00
4.711914062500000000e-02 9.130859375000000000e-02 1.003417968750000000e+00
8.862304687500000000e-02 4.052734375000000000e-02 1.090087890625000000e+00
9.545898437500000000e-02 9.204101562500000000e-02 1.131591796875000000e+00
1.110839843750000000e-01 3.198242187500000000e-02 1.110107421875000000e+00
1.242675781250000000e-01 7.739257812500000000e-02 1.116699218750000000e+00
1.374511718750000000e-01 8.081054687500000000e-02 1.091796875000000000e+00
5.541992187500000000e-02 8.178710937500000000e-02 1.067138671875000000e+00
1.423339843750000000e-01 8.666992187500000000e-02 1.155761718750000000e+00
1.457519531250000000e-01 8.251953125000000000e-02 1.152587890625000000e+00
1.132812500000000000e-01 7.983398437500000000e-02 1.045166015625000000e+00
1.008300781250000000e-01 7.812500000000000000e-02 1.055908203125000000e+00
9.863281250000000000e-02 8.032226562500000000e-02 1.125732421875000000e+00
1.879882812500000000e-01 8.178710937500000000e-02 1.053222656250000000e+00
1.149902343750000000e-01 8.496093750000000000e-02 1.061035156250000000e+00
9.594726562500000000e-02 8.178710937500000000e-02 1.140869140625000000e+00
2.011718750000000000e-01 8.129882812500000000e-02 1.134277343750000000e+00
2.048339843750000000e-01 8.911132812500000000e-02 1.048828125000000000e+00
1.857910156250000000e-01 8.911132812500000000e-02 1.211181640625000000e+00
2.817382812500000000e-01 -1.000976562500000000e-02 1.264160156250000000e+00
-7.495117187500000000e-02 8.056640625000000000e-03 9.677734375000000000e-01
6.347656250000000000e-02 1.342773437500000000e-01 1.103271484375000000e+00
5.371093750000000000e-02 3.930664062500000000e-02 1.145507812500000000e+00
7.055664062500000000e-02 5.200195312500000000e-02 1.086425781250000000e+00
-5.859375000000000000e-03 3.247070312500000000e-02 1.061767578125000000e+00
-2.294921875000000000e-02 3.979492187500000000e-02 1.132568359375000000e+00
-6.103515625000000000e-03 4.199218750000000000e-02 1.130859375000000000e+00
-6.835937500000000000e-03 4.907226562500000000e-02 1.135742187500000000e+00
-2.929687500000000000e-03 4.907226562500000000e-02 1.060791015625000000e+00
-1.147460937500000000e-02 5.883789062500000000e-02 1.056640625000000000e+00
-8.544921875000000000e-03 5.517578125000000000e-02 1.052246093750000000e+00
6.616210937500000000e-02 5.078125000000000000e-02 1.074218750000000000e+00
6.689453125000000000e-02 5.200195312500000000e-02 1.139160156250000000e+00
1.025390625000000000e-01 4.345703125000000000e-02 1.116210937500000000e+00
1.560058593750000000e-01 4.663085937500000000e-02 1.144287109375000000e+00
-2.221679687500000000e-02 4.736328125000000000e-02 1.071289062500000000e+00
3.930664062500000000e-02 5.078125000000000000e-02 1.156250000000000000e+00
1.467285156250000000e-01 3.247070312500000000e-02 1.105468750000000000e+00
1.313476562500000000e-01 5.004882812500000000e-02 1.033447265625000000e+00
7.812500000000000000e-02 4.711914062500000000e-02 1.074218750000000000e+00
1.259765625000000000e-01 8.666992187500000000e-02 1.153564453125000000e+00
1.059570312500000000e-01 7.470703125000000000e-02 1.109619140625000000e+00
1.271972656250000000e-01 9.326171875000000000e-02 1.077880859375000000e+00
6.958007812500000000e-02 3.247070312500000000e-02 1.082763671875000000e+00
1.281738281250000000e-01 8.593750000000000000e-02 1.152099609375000000e+00
9.960937500000000000e-02 8.325195312500000000e-02 1.122558593750000000e+00
1.416015625000000000e-01 3.833007812500000000e-02 1.068847656250000000e+00
9.106445312500000000e-02 9.350585937500000000e-02 1.093017578125000000e+00
1.396484375000000000e-01 3.320312500000000000e-02 1.149169921875000000e+00
1.210937500000000000e-01 3.198242187500000000e-02 1.198486328125000000e+00
1.057128906250000000e-01 4.370117187500000000e-02 1.053710937500000000e+00
8.911132812500000000e-02 5.224609375000000000e-02 1.012207031250000000e+00
1.340332031250000000e-01 4.418945312500000000e-02 1.135498046875000000e+00
1.174316406250000000e-01 9.350585937500000000e-02 1.210449218750000000e+00
1.142578125000000000e-01 8.251953125000000000e-02 1.098388671875000000e+00
6.982421875000000000e-02 8.154296875000000000e-02 1.007812500000000000e+00
4.492187500000000000e-02 4.370117187500000000e-02 1.060546875000000000e+00
1.452636718750000000e-01 9.057617187500000000e-02 1.111083984375000000e+00
1.418457031250000000e-01 8.911132812500000000e-02 1.213378906250000000e+00
1.257324218750000000e-01 4.003906250000000000e-02 9.843750000000000000e-01
9.130859375000000000e-02 4.028320312500000000e-02 9.848632812500000000e-01
2.490234375000000000e-02 -5.859375000000000000e-03 1.388427734375000000e+00
1.120605468750000000e-01 1.147460937500000000e-01 8.884277343750000000e-01
1.367187500000000000e-01 4.931640625000000000e-02 9.997558593750000000e-01
3.686523437500000000e-02 5.566406250000000000e-02 1.104003906250000000e+00
1.018066406250000000e-01 5.297851562500000000e-02 1.096679687500000000e+00
1.472167968750000000e-01 4.858398437500000000e-02 1.031738281250000000e+00
5.004882812500000000e-02 1.303710937500000000e-01 1.095947265625000000e+00
5.468750000000000000e-02 1.450195312500000000e-01 1.040039062500000000e+00
1.303710937500000000e-01 5.957031250000000000e-02 1.060791015625000000e+00
1.325683593750000000e-01 5.444335937500000000e-02 1.153076171875000000e+00
1.542968750000000000e-01 5.322265625000000000e-02 1.130126953125000000e+00
1.262207031250000000e-01 5.200195312500000000e-02 1.128662109375000000e+00
4.858398437500000000e-02 5.004882812500000000e-02 1.128906250000000000e+00
1.418457031250000000e-01 1.289062500000000000e-01 1.134765625000000000e+00
1.484375000000000000e-01 1.403808593750000000e-01 1.129150390625000000e+00
1.423339843750000000e-01 1.025390625000000000e-01 1.147460937500000000e+00
1.474609375000000000e-01 1.108398437500000000e-01 1.037841796875000000e+00
1.223144531250000000e-01 1.113281250000000000e-01 1.113281250000000000e+00
1.159667968750000000e-01 1.025390625000000000e-01 9.721679687500000000e-01
1.940917968750000000e-01 1.560058593750000000e-01 1.040771484375000000e+00
1.062011718750000000e-01 1.455078125000000000e-01 1.036132812500000000e+00
1.223144531250000000e-01 1.420898437500000000e-01 1.134765625000000000e+00
1.782226562500000000e-01 1.542968750000000000e-01 1.100341796875000000e+00
1.662597656250000000e-01 9.667968750000000000e-02 1.082519531250000000e+00
1.975097656250000000e-01 1.503906250000000000e-01 1.082519531250000000e+00
2.158203125000000000e-01 1.459960937500000000e-01 1.081298828125000000e+00
1.796875000000000000e-01 1.022949218750000000e-01 1.139160156250000000e+00
1.772460937500000000e-01 9.643554687500000000e-02 1.152832031250000000e+00
1.894531250000000000e-01 1.418457031250000000e-01 1.018798828125000000e+00
1.645507812500000000e-01 1.533203125000000000e-01 1.071533203125000000e+00
1.892089843750000000e-01 1.335449218750000000e-01 9.743652343750000000e-01
