1.019531250000000000e+00 -2.880859375000000000e-02 -2.124023437500000000e-01
1.019531250000000000e+00 -2.880859375000000000e-02 -2.124023437500000000e-01
1.019531250000000000e+00 -2.880859375000000000e-02 -2.124023437500000000e-01
1.020507812500000000e+00 -1.489257812500000000e-02 -2.084960937500000000e-01
1.020507812500000000e+00 -1.489257812500000000e-02 -2.084960937500000000e-01
1.020507812500000000e+00 -1.489257812500000000e-02 -2.084960937500000000e-01
1.020507812500000000e+00 -1.489257812500000000e-02 -2.084960937500000000e-01
1.020507812500000000e+00 -1.489257812500000000e-02 -2.084960937500000000e-01
1.020507812500000000e+00 -1.489257812500000000e-02 -2.084960937500000000e-01
1.020507812500000000e+00 -1.489257812500000000e-02 -2.084960937500000000e-01
1.020507812500000000e+00 -1.489257812500000000e-02 -2.084960937500000000e-01
1.020507812500000000e+00 -1.489257812500000000e-02 -2.084960937500000000e-01
1.020507812500000000e+00 -1.489257812500000000e-02 -2.084960937500000000e-01
1.020507812500000000e+00 -1.489257812500000000e-02 -2.084960937500000000e-01
1.020507812500000000e+00 -1.489257812500000000e-02 -2.084960937500000000e-01
1.020019531250000000e+00 -1.953125000000000000e-02 -2.092285156250000000e-01
1.020019531250000000e+00 -1.953125000000000000e-02 -2.092285156250000000e-01
1.014892578125000000e+00 -3.076171875000000000e-02 -2.097167968750000000e-01
1.024169921875000000e+00 -2.001953125000000000e-02 -2.177734375000000000e-01
1.010498046875000000e+00 -3.051757812500000000e-02 -2.077636718750000000e-01
9.846191406250000000e-01 1.611328125000000000e-02 -2.092285156250000000e-01
9.885253906250000000e-01 1.831054687500000000e-02 -1.621093750000000000e-01
1.009277343750000000e+00 1.733398437500000000e-02 -1.984863281250000000e-01
8.535156250000000000e-01 1.782226562500000000e-02 -1.103515625000000000e-01
9.340820312500000000e-01 -7.641601562500000000e-02 1.806640625000000000e-02
1.173095703125000000e+00 1.271972656250000000e-01 -2.346191406250000000e-01
9.116210937500000000e-01 -1.708984375000000000e-02 -1.738281250000000000e-01
8.596191406250000000e-01 -6.005859375000000000e-02 -1.877441406250000000e-01
1.071044921875000000e+00 2.001953125000000000e-02 -2.543945312500000000e-01
1.010498046875000000e+00 -3.125000000000000000e-02 -2.617187500000000000e-01
9.189453125000000000e-01 6.347656250000000000e-03 -1.843261718750000000e-01
1.028076171875000000e+00 1.904296875000000000e-02 -1.823730468750000000e-01
1.003906250000000000e+00 1.708984375000000000e-02 -2.695312500000000000e-01
1.003906250000000000e+00 1.708984375000000000e-02 -2.695312500000000000e-01
9.331054687500000000e-01 -2.075195312500000000e-02 -2.749023437500000000e-01
9.331054687500000000e-01 -2.075195312500000000e-02 -2.749023437500000000e-01
1.004150390625000000e+00 -2.832031250000000000e-02 -2.648925781250000000e-01
9.335937500000000000e-01 2.905273437500000000e-02 -2.221679687500000000e-01
9.338378906250000000e-01 2.172851562500000000e-02 -2.207031250000000000e-01
9.318847656250000000e-01 1.293945312500000000e-02 -2.243652343750000000e-01
1.003662109375000000e+00 2.783203125000000000e-02 -2.270507812500000000e-01
9.340820312500000000e-01 2.929687500000000000e-02 -2.207031250000000000e-01
1.004638671875000000e+00 2.758789062500000000e-02 -2.216796875000000000e-01
1.002685546875000000e+00 2.783203125000000000e-02 -2.790527343750000000e-01
9.348144531250000000e-01 2.734375000000000000e-02 -2.756347656250000000e-01
9.357910156250000000e-01 2.197265625000000000e-02 -2.790527343750000000e-01
1.001464843750000000e+00 2.172851562500000000e-02 -2.773437500000000000e-01
9.348144531250000000e-01 2.075195312500000000e-02 -2.214355468750000000e-01
9.338378906250000000e-01 2.832031250000000000e-02 -2.734375000000000000e-01
1.001220703125000000e+00 2.563476562500000000e-02 -2.780761718750000000e-01
9.362792968750000000e-01 1.928710937500000000e-02 -2.246093750000000000e-01
1.006347656250000000e+00 2.124023437500000000e-02 -2.768554687500000000e-01
9.348144531250000000e-01 2.709960937500000000e-02 -2.622070312500000000e-01
9.345703125000000000e-01 2.734375000000000000e-02 -2.739257812500000000e-01
9.277343750000000000e-01 1.684570312500000000e-02 -2.197265625000000000e-01
9.138183593750000000e-01 2.685546875000000000e-03 -2.497558593750000000e-01
9.228515625000000000e-01 2.001953125000000000e-02 -2.834472656250000000e-01
9.157714843750000000e-01 -4.614257812500000000e-02 -2.968750000000000000e-01
9.797363281250000000e-01 -1.374511718750000000e-01 -1.665039062500000000e-01
9.189453125000000000e-01 -6.884765625000000000e-02 -2.160644531250000000e-01
8.933105468750000000e-01 -4.248046875000000000e-02 -2.370605468750000000e-01
1.004150390625000000e+00 -1.032714843750000000e-01 -2.131347656250000000e-01
1.035644531250000000e+00 -4.467773437500000000e-02 -3.823242187500000000e-01
8.688964843750000000e-01 -6.958007812500000000e-02 -3.386230468750000000e-01
9.538574218750000000e-01 -6.665039062500000000e-02 -3.083496093750000000e-01
1.000732421875000000e+00 -3.808593750000000000e-02 -3.076171875000000000e-01
8.632812500000000000e-01 -4.443359375000000000e-02 -2.905273437500000000e-01
8.481445312500000000e-01 -1.276855468750000000e-01 -2.929687500000000000e-01
8.940429687500000000e-01 -5.175781250000000000e-02 -3.959960937500000000e-01
7.836914062500000000e-01 -1.423339843750000000e-01 -3.964843750000000000e-01
7.521972656250000000e-01 -1.125488281250000000e-01 -3.803710937500000000e-01
6.994628906250000000e-01 -1.228027343750000000e-01 -3.793945312500000000e-01
6.994628906250000000e-01 -1.228027343750000000e-01 -3.793945312500000000e-01
4.182128906250000000e-01 -1.899414062500000000e-01 -2.399902343750000000e-01
4.182128906250000000e-01 -1.899414062500000000e-01 -2.399902343750000000e-01
3.479003906250000000e-01 -1.799316406250000000e-01 -2.458496093750000000e-01
5.344238281250000000e-01 -1.259765625000000000e-01 -2.907714843750000000e-01
2.939453125000000000e-01 9.326171875000000000e-02 -4.592285156250000000e-01
4.140625000000000000e-01 3.513183593750000000e-01 -7.250976562500000000e-02
3.686523437500000000e-02 2.490234375000000000e-01 6.958007812500000000e-02
6.396484375000000000e-02 4.802246093750000000e-01 2.309570312500000000e-01
2.467529296875000000e+00 3.901855468750000000e+00 -2.037353515625000000e+00
4.626464843750000000e-01 6.948242187500000000e+00 -2.746093750000000000e+00
2.436523437500000000e+00 -1.831054687500000000e-01 -5.126953125000000000e-01
5.561523437500000000e-01 8.791503906250000000e-01 3.356933593750000000e-01
-1.239501953125000000e+00 3.713378906250000000e-01 -8.828125000000000000e-01
-6.093750000000000000e-01 7.207031250000000000e-01 2.807617187500000000e-02
-4.455566406250000000e-01 5.153808593750000000e-01 2.639160156250000000e-01
-4.130859375000000000e-01 9.975585937500000000e-01 7.568359375000000000e-02
-1.125000000000000000e+00 7.646484375000000000e-01 -1.647949218750000000e-01
-1.574707031250000000e-01 9.645996093750000000e-01 2.653808593750000000e-01
-3.442382812500000000e-01 1.009521484375000000e+00 1.025390625000000000e-01
-5.029296875000000000e-01 8.244628906250000000e-01 3.930664062500000000e-02
-1.506347656250000000e-01 6.845703125000000000e-01 4.980468750000000000e-02
1.469726562500000000e-01 1.346923828125000000e+00 -4.506835937500000000e-01
1.469726562500000000e-01 1.346923828125000000e+00 -4.506835937500000000e-01
-2.138671875000000000e-01 1.019287109375000000e+00 -2.241210937500000000e-01
-2.536621093750000000e-01 8.889160156250000000e-01 -1.218261718750000000e-01
-2.031250000000000000e-01 1.067138671875000000e+00 -3.103027343750000000e-01
-1.645507812500000000e-01 9.653320312500000000e-01 -2.087402343750000000e-01
-2.521972656250000000e-01 8.588867187500000000e-01 -5.297851562500000000e-02
-2.148437500000000000e-01 1.003906250000000000e+00 -4.687500000000000000e-02
-1.870117187500000000e-01 9.250488281250000000e-01 -2.416992187500000000e-02
-2.094726562500000000e-01 9.523925781250000000e-01 7.055664062500000000e-02
-1.230468750000000000e-01 9.570312500000000000e-01 9.155273437500000000e-02
-1.435546875000000000e-01 9.299316406250000000e-01 1.552734375000000000e-01
-1.289062500000000000e-01 9.606933593750000000e-01 1.176757812500000000e-01
-1.423339843750000000e-01 9.323730468750000000e-01 2.006835937500000000e-01
-1.481933593750000000e-01 9.196777343750000000e-01 2.014160156250000000e-01
-1.420898437500000000e-01 9.438476562500000000e-01 1.567382812500000000e-01
-1.179199218750000000e-01 9.228515625000000000e-01 2.062988281250000000e-01
-1.179199218750000000e-01 9.228515625000000000e-01 2.062988281250000000e-01
-9.887695312500000000e-02 9.216308593750000000e-01 2.087402343750000000e-01
-9.887695312500000000e-02 9.216308593750000000e-01 2.087402343750000000e-01
-9.741210937500000000e-02 1.007568359375000000e+00 1.115722656250000000e-01
-6.445312500000000000e-02 1.002685546875000000e+00 1.525878906250000000e-01
-1.594238281250000000e-01 9.077148437500000000e-01 1.499023437500000000e-01
-2.045898437500000000e-01 9.155273437500000000e-01 1.936035156250000000e-01
-1.071777343750000000e-01 9.140625000000000000e-01 1.235351562500000000e-01
-1.225585937500000000e-01 9.143066406250000000e-01 1.206054687500000000e-01
-1.081542968750000000e-01 1.007568359375000000e+00 1.550292968750000000e-01
-2.050781250000000000e-01 9.304199218750000000e-01 5.615234375000000000e-02
-1.096191406250000000e-01 9.113769531250000000e-01 9.497070312500000000e-02
-1.025390625000000000e-01 1.005615234375000000e+00 1.416015625000000000e-01
-1.042480468750000000e-01 1.021240234375000000e+00 1.044921875000000000e-01
-1.145019531250000000e-01 9.313964843750000000e-01 1.340332031250000000e-01
-1.704101562500000000e-01 9.235839843750000000e-01 1.008300781250000000e-01
-9.594726562500000000e-02 9.624023437500000000e-01 9.692382812500000000e-02
-1.523437500000000000e-01 1.005126953125000000e+00 1.225585937500000000e-01
-9.765625000000000000e-02 9.301757812500000000e-01 1.000976562500000000e-01
-1.042480468750000000e-01 9.348144531250000000e-01 2.153320312500000000e-01
-9.960937500000000000e-02 9.284667968750000000e-01 1.147460937500000000e-01
-1.557617187500000000e-01 9.172363281250000000e-01 2.182617187500000000e-01
-9.570312500000000000e-02 9.291992187500000000e-01 1.220703125000000000e-01
-9.545898437500000000e-02 9.240722656250000000e-01 1.667480468750000000e-01
-9.423828125000000000e-02 1.008544921875000000e+00 2.167968750000000000e-01
-1.401367187500000000e-01 9.243164062500000000e-01 1.582031250000000000e-01
-1.418457031250000000e-01 1.003906250000000000e+00 2.145996093750000000e-01
-1.533203125000000000e-01 9.135742187500000000e-01 1.828613281250000000e-01
-1.411132812500000000e-01 9.116210937500000000e-01 2.253417968750000000e-01
-1.376953125000000000e-01 9.248046875000000000e-01 2.209472656250000000e-01
-1.484375000000000000e-01 9.184570312500000000e-01 2.751464843750000000e-01
-1.330566406250000000e-01 9.177246093750000000e-01 2.651367187500000000e-01
-1.359863281250000000e-01 9.252929687500000000e-01 1.860351562500000000e-01
-1.450195312500000000e-01 9.353027343750000000e-01 1.616210937500000000e-01
-1.418457031250000000e-01 9.257812500000000000e-01 1.694335937500000000e-01
-1.279296875000000000e-01 9.187011718750000000e-01 2.612304687500000000e-01
-1.416015625000000000e-01 9.267578125000000000e-01 1.862792968750000000e-01
-1.279296875000000000e-01 9.184570312500000000e-01 2.558593750000000000e-01
-1.389160156250000000e-01 1.009277343750000000e+00 1.596679687500000000e-01
-1.389160156250000000e-01 1.009277343750000000e+00 1.596679687500000000e-01
-1.337890625000000000e-01 9.208984375000000000e-01 1.816406250000000000e-01
-1.337890625000000000e-01 9.208984375000000000e-01 1.816406250000000000e-01
-1.293945312500000000e-01 1.008056640625000000e+00 2.548828125000000000e-01
-1.271972656250000000e-01 9.326171875000000000e-01 2.556152343750000000e-01
-1.389160156250000000e-01 9.318847656250000000e-01 1.865234375000000000e-01
-1.340332031250000000e-01 9.196777343750000000e-01 1.787109375000000000e-01
-1.369628906250000000e-01 9.133300781250000000e-01 1.811523437500000000e-01
-1.298828125000000000e-01 9.279785156250000000e-01 2.629394531250000000e-01
-1.384277343750000000e-01 9.353027343750000000e-01 2.558593750000000000e-01
-1.354980468750000000e-01 9.211425781250000000e-01 2.565917968750000000e-01
-1.401367187500000000e-01 9.367675781250000000e-01 1.833496093750000000e-01
-1.347656250000000000e-01 9.157714843750000000e-01 2.583007812500000000e-01
-1.340332031250000000e-01 9.169921875000000000e-01 2.587890625000000000e-01
-1.350097656250000000e-01 9.318847656250000000e-01 2.592773437500000000e-01
-1.381835937500000000e-01 9.255371093750000000e-01 2.521972656250000000e-01
-1.369628906250000000e-01 9.233398437500000000e-01 2.648925781250000000e-01
-1.369628906250000000e-01 9.191894531250000000e-01 2.673339843750000000e-01
-1.379394531250000000e-01 9.238281250000000000e-01 2.626953125000000000e-01
-1.357421875000000000e-01 9.353027343750000000e-01 2.629394531250000000e-01
-1.418457031250000000e-01 9.252929687500000000e-01 2.575683593750000000e-01
-1.335449218750000000e-01 9.177246093750000000e-01 2.600097656250000000e-01
-1.433105468750000000e-01 9.291992187500000000e-01 2.739257812500000000e-01
-1.384277343750000000e-01 9.191894531250000000e-01 2.507324218750000000e-01
-1.389160156250000000e-01 9.338378906250000000e-01 2.595214843750000000e-01
-1.335449218750000000e-01 9.238281250000000000e-01 2.507324218750000000e-01
-1.384277343750000000e-01 9.277343750000000000e-01 2.573242187500000000e-01
-1.406250000000000000e-01 9.213867187500000000e-01 2.583007812500000000e-01
-1.430664062500000000e-01 9.240722656250000000e-01 1.774902343750000000e-01
-1.472167968750000000e-01 9.272460937500000000e-01 1.831054687500000000e-01
-1.367187500000000000e-01 9.267578125000000000e-01 1.850585937500000000e-01
-1.359863281250000000e-01 9.218750000000000000e-01 1.855468750000000000e-01
-1.350097656250000000e-01 9.289550781250000000e-01 2.519531250000000000e-01
-1.367187500000000000e-01 9.240722656250000000e-01 1.862792968750000000e-01
-1.298828125000000000e-01 9.272460937500000000e-01 1.787109375000000000e-01
-1.428222656250000000e-01 9.289550781250000000e-01 1.774902343750000000e-01
-1.315917968750000000e-01 9.221191406250000000e-01 2.687988281250000000e-01
-1.464843750000000000e-01 9.318847656250000000e-01 1.872558593750000000e-01
-1.372070312500000000e-01 9.306640625000000000e-01 2.597656250000000000e-01
-1.372070312500000000e-01 9.306640625000000000e-01 2.597656250000000000e-01
-1.335449218750000000e-01 9.108886718750000000e-01 2.585449218750000000e-01
-1.335449218750000000e-01 9.108886718750000000e-01 2.585449218750000000e-01
-1.525878906250000000e-01 9.291992187500000000e-01 1.669921875000000000e-01
-1.398925781250000000e-01 9.189453125000000000e-01 2.600097656250000000e-01
-6.176757812500000000e-02 9.313964843750000000e-01 2.731933593750000000e-01
-1.511230468750000000e-01 9.221191406250000000e-01 1.716308593750000000e-01
-1.455078125000000000e-01 9.165039062500000000e-01 2.622070312500000000e-01
-9.667968750000000000e-02 9.243164062500000000e-01 1.774902343750000000e-01
-1.379394531250000000e-01 9.147949218750000000e-01 2.731933593750000000e-01
-1.328125000000000000e-01 9.348144531250000000e-01 1.857910156250000000e-01
