9.304199218750000000e-01 -4.638671875000000000e-03 4.545898437500000000e-01
9.355468750000000000e-01 6.445312500000000000e-02 4.589843750000000000e-01
9.355468750000000000e-01 6.445312500000000000e-02 4.589843750000000000e-01
9.355468750000000000e-01 6.445312500000000000e-02 4.589843750000000000e-01
1.011230468750000000e+00 6.616210937500000000e-02 4.501953125000000000e-01
1.004394531250000000e+00 -1.220703125000000000e-03 4.538574218750000000e-01
9.350585937500000000e-01 6.469726562500000000e-02 4.584960937500000000e-01
9.284667968750000000e-01 -7.324218750000000000e-04 4.648437500000000000e-01
9.362792968750000000e-01 -1.953125000000000000e-03 4.606933593750000000e-01
9.355468750000000000e-01 6.469726562500000000e-02 4.641113281250000000e-01
9.218750000000000000e-01 -4.882812500000000000e-04 4.082031250000000000e-01
9.296875000000000000e-01 6.347656250000000000e-02 4.064941406250000000e-01
1.004394531250000000e+00 6.274414062500000000e-02 4.616699218750000000e-01
1.003662109375000000e+00 7.519531250000000000e-02 4.453125000000000000e-01
9.321289062500000000e-01 3.613281250000000000e-02 4.462890625000000000e-01
1.013671875000000000e+00 3.417968750000000000e-02 3.479003906250000000e-01
1.012451171875000000e+00 3.540039062500000000e-02 3.872070312500000000e-01
9.370117187500000000e-01 5.126953125000000000e-02 3.083496093750000000e-01
9.628906250000000000e-01 5.273437500000000000e-02 3.493652343750000000e-01
9.326171875000000000e-01 1.523437500000000000e-01 3.579101562500000000e-01
9.707031250000000000e-01 1.103515625000000000e-01 3.493652343750000000e-01
1.014404296875000000e+00 9.716796875000000000e-02 3.762207031250000000e-01
1.011962890625000000e+00 5.419921875000000000e-02 2.834472656250000000e-01
9.704589843750000000e-01 6.860351562500000000e-02 2.902832031250000000e-01
1.005859375000000000e+00 2.441406250000000000e-03 2.287597656250000000e-01
8.862304687500000000e-01 -1.242675781250000000e-01 2.956542968750000000e-01
1.022460937500000000e+00 -9.667968750000000000e-02 4.094238281250000000e-01
1.237548828125000000e+00 8.398437500000000000e-02 3.793945312500000000e-01
1.035888671875000000e+00 1.376953125000000000e-01 4.443359375000000000e-01
8.183593750000000000e-01 -4.663085937500000000e-02 3.583984375000000000e-01
9.382324218750000000e-01 -1.186523437500000000e-01 3.408203125000000000e-01
1.064697265625000000e+00 -1.877441406250000000e-01 3.937988281250000000e-01
9.204101562500000000e-01 -5.371093750000000000e-02 3.447265625000000000e-01
8.750000000000000000e-01 -2.978515625000000000e-02 4.458007812500000000e-01
1.083496093750000000e+00 7.446289062500000000e-02 4.577636718750000000e-01
1.072753906250000000e+00 3.417968750000000000e-03 4.453125000000000000e-01
1.135986328125000000e+00 -2.153320312500000000e-01 1.845703125000000000e-01
1.229736328125000000e+00 -1.943359375000000000e-01 3.322753906250000000e-01
1.068359375000000000e+00 8.203125000000000000e-02 1.076660156250000000e-01
7.851562500000000000e-01 1.181640625000000000e-01 1.298828125000000000e-01
8.867187500000000000e-01 1.984863281250000000e-01 2.785644531250000000e-01
1.068603515625000000e+00 7.788085937500000000e-02 2.985839843750000000e-01
9.738769531250000000e-01 -4.394531250000000000e-03 3.884277343750000000e-01
8.476562500000000000e-01 1.181640625000000000e-01 3.564453125000000000e-01
7.263183593750000000e-01 4.199218750000000000e-02 4.855957031250000000e-01
7.897949218750000000e-01 3.906250000000000000e-03 5.207519531250000000e-01
7.937011718750000000e-01 -7.275390625000000000e-02 4.252929687500000000e-01
6.269531250000000000e-01 -1.049804687500000000e-02 2.358398437500000000e-01
3.217773437500000000e-01 4.199218750000000000e-02 2.016601562500000000e-01
1.130371093750000000e-01 -5.468750000000000000e-02 -3.027343750000000000e-02
1.289062500000000000e-01 1.054687500000000000e-01 -2.502441406250000000e-01
3.117675781250000000e-01 1.945800781250000000e-01 1.259765625000000000e-01
1.291259765625000000e+00 3.232421875000000000e-01 -4.150390625000000000e-01
5.601806640625000000e+00 2.661132812500000000e-02 -3.243896484375000000e+00
2.941894531250000000e-01 -6.320800781250000000e-01 8.740234375000000000e-01
3.469238281250000000e-01 -4.614257812500000000e-01 7.592773437500000000e-01
-4.174804687500000000e-02 2.370605468750000000e-01 2.121582031250000000e-01
3.081054687500000000e-01 -1.730957031250000000e-01 -2.082519531250000000e-01
1.882324218750000000e-01 7.045898437500000000e-01 -1.186035156250000000e+00
-2.514648437500000000e-01 5.087890625000000000e-01 -1.468261718750000000e+00
-4.565429687500000000e-02 2.514648437500000000e-01 1.088867187500000000e+00
-6.176757812500000000e-02 7.275390625000000000e-02 -2.493164062500000000e+00
-5.920410156250000000e-01 1.770019531250000000e-01 -1.897460937500000000e+00
-2.817382812500000000e-01 2.104492187500000000e-01 -1.148925781250000000e+00
6.909179687500000000e-02 3.857421875000000000e-02 -8.869628906250000000e-01
1.684570312500000000e-02 4.248046875000000000e-02 -6.245117187500000000e-01
-1.428222656250000000e-01 7.446289062500000000e-02 -6.442871093750000000e-01
-1.445312500000000000e-01 1.403808593750000000e-01 -8.342285156250000000e-01
-2.587890625000000000e-02 1.079101562500000000e-01 -1.024658203125000000e+00
7.470703125000000000e-02 1.225585937500000000e-01 -1.036376953125000000e+00
-8.544921875000000000e-03 1.066894531250000000e-01 -1.000976562500000000e+00
3.222656250000000000e-02 9.912109375000000000e-02 -8.674316406250000000e-01
3.833007812500000000e-02 1.542968750000000000e-01 -8.884277343750000000e-01
8.496093750000000000e-02 9.692382812500000000e-02 -9.575195312500000000e-01
8.398437500000000000e-02 9.887695312500000000e-02 -9.484863281250000000e-01
8.715820312500000000e-02 1.054687500000000000e-01 -9.147949218750000000e-01
1.357421875000000000e-01 1.066894531250000000e-01 -9.660644531250000000e-01
4.394531250000000000e-02 1.162109375000000000e-01 -8.828125000000000000e-01
9.252929687500000000e-02 9.960937500000000000e-02 -9.462890625000000000e-01
8.715820312500000000e-02 1.547851562500000000e-01 -9.624023437500000000e-01
8.251953125000000000e-02 1.489257812500000000e-01 -9.396972656250000000e-01
8.129882812500000000e-02 1.545410156250000000e-01 -9.470214843750000000e-01
9.008789062500000000e-02 9.570312500000000000e-02 -8.718261718750000000e-01
9.130859375000000000e-02 9.741210937500000000e-02 -8.439941406250000000e-01
3.173828125000000000e-02 1.547851562500000000e-01 -9.418945312500000000e-01
3.344726562500000000e-02 1.511230468750000000e-01 -9.663085937500000000e-01
3.222656250000000000e-02 9.570312500000000000e-02 -8.679199218750000000e-01
4.125976562500000000e-02 1.542968750000000000e-01 -9.462890625000000000e-01
4.638671875000000000e-02 9.497070312500000000e-02 -9.003906250000000000e-01
3.857421875000000000e-02 1.491699218750000000e-01 -9.248046875000000000e-01
4.467773437500000000e-02 1.474609375000000000e-01 -9.665527343750000000e-01
5.004882812500000000e-02 9.643554687500000000e-02 -8.596191406250000000e-01
1.333007812500000000e-01 1.074218750000000000e-01 -1.010009765625000000e+00
4.345703125000000000e-02 1.503906250000000000e-01 -9.606933593750000000e-01
5.444335937500000000e-02 1.472167968750000000e-01 -8.571777343750000000e-01
1.286621093750000000e-01 1.494140625000000000e-01 -9.494628906250000000e-01
6.005859375000000000e-02 1.284179687500000000e-01 -9.428710937500000000e-01
5.517578125000000000e-02 1.403808593750000000e-01 -9.116210937500000000e-01
4.980468750000000000e-02 1.289062500000000000e-01 -9.514160156250000000e-01
4.321289062500000000e-02 6.201171875000000000e-02 -9.499511718750000000e-01
4.272460937500000000e-02 1.296386718750000000e-01 -9.648437500000000000e-01
4.394531250000000000e-02 1.279296875000000000e-01 -9.506835937500000000e-01
4.907226562500000000e-02 1.289062500000000000e-01 -9.440917968750000000e-01
4.467773437500000000e-02 1.342773437500000000e-01 -9.470214843750000000e-01
4.370117187500000000e-02 1.357421875000000000e-01 -9.506835937500000000e-01
4.809570312500000000e-02 1.347656250000000000e-01 -9.609375000000000000e-01
5.053710937500000000e-02 1.330566406250000000e-01 -9.453125000000000000e-01
5.346679687500000000e-02 1.333007812500000000e-01 -9.497070312500000000e-01
4.882812500000000000e-02 1.323242187500000000e-01 -9.404296875000000000e-01
5.615234375000000000e-02 1.296386718750000000e-01 -9.411621093750000000e-01
5.493164062500000000e-02 1.328125000000000000e-01 -9.484863281250000000e-01
5.322265625000000000e-02 1.333007812500000000e-01 -9.465332031250000000e-01
5.737304687500000000e-02 1.289062500000000000e-01 -9.455566406250000000e-01
6.225585937500000000e-02 1.281738281250000000e-01 -9.440917968750000000e-01
5.102539062500000000e-02 1.289062500000000000e-01 -9.599609375000000000e-01
5.419921875000000000e-02 1.313476562500000000e-01 -9.548339843750000000e-01
5.200195312500000000e-02 1.311035156250000000e-01 -9.475097656250000000e-01
5.444335937500000000e-02 1.301269531250000000e-01 -9.589843750000000000e-01
5.664062500000000000e-02 1.333007812500000000e-01 -9.445800781250000000e-01
5.224609375000000000e-02 1.301269531250000000e-01 -8.706054687500000000e-01
4.785156250000000000e-02 1.318359375000000000e-01 -9.624023437500000000e-01
4.882812500000000000e-02 1.284179687500000000e-01 -9.528808593750000000e-01
5.273437500000000000e-02 1.269531250000000000e-01 -9.506835937500000000e-01
4.809570312500000000e-02 1.262207031250000000e-01 -9.418945312500000000e-01
5.004882812500000000e-02 1.276855468750000000e-01 -9.172363281250000000e-01
6.005859375000000000e-02 1.306152343750000000e-01 -9.501953125000000000e-01
5.737304687500000000e-02 1.308593750000000000e-01 -9.455566406250000000e-01
5.737304687500000000e-02 1.298828125000000000e-01 -8.745117187500000000e-01
5.664062500000000000e-02 1.340332031250000000e-01 -9.511718750000000000e-01
1.262207031250000000e-01 1.337890625000000000e-01 -8.652343750000000000e-01
1.296386718750000000e-01 1.269531250000000000e-01 -9.423828125000000000e-01
5.712890625000000000e-02 5.883789062500000000e-02 -9.545898437500000000e-01
1.328125000000000000e-01 1.262207031250000000e-01 -8.718261718750000000e-01
1.274414062500000000e-01 1.296386718750000000e-01 -9.489746093750000000e-01
1.298828125000000000e-01 1.281738281250000000e-01 -9.670410156250000000e-01
1.259765625000000000e-01 1.350097656250000000e-01 -9.411621093750000000e-01
1.284179687500000000e-01 1.357421875000000000e-01 -9.404296875000000000e-01
1.293945312500000000e-01 1.301269531250000000e-01 -9.416503906250000000e-01
1.264648437500000000e-01 1.311035156250000000e-01 -9.467773437500000000e-01
1.264648437500000000e-01 1.264648437500000000e-01 -9.677734375000000000e-01
1.284179687500000000e-01 1.259765625000000000e-01 -9.494628906250000000e-01
1.298828125000000000e-01 1.335449218750000000e-01 -9.555664062500000000e-01
1.330566406250000000e-01 1.330566406250000000e-01 -9.404296875000000000e-01
1.325683593750000000e-01 1.284179687500000000e-01 -9.501953125000000000e-01
1.325683593750000000e-01 1.350097656250000000e-01 -9.418945312500000000e-01
1.291503906250000000e-01 1.328125000000000000e-01 -9.584960937500000000e-01
1.330566406250000000e-01 1.337890625000000000e-01 -9.467773437500000000e-01
5.957031250000000000e-02 1.259765625000000000e-01 -9.533691406250000000e-01
5.615234375000000000e-02 1.320800781250000000e-01 -9.528808593750000000e-01
1.279296875000000000e-01 1.301269531250000000e-01 -8.728027343750000000e-01
1.259765625000000000e-01 1.308593750000000000e-01 -9.414062500000000000e-01
1.284179687500000000e-01 1.298828125000000000e-01 -9.655761718750000000e-01
5.419921875000000000e-02 1.345214843750000000e-01 -9.208984375000000000e-01
5.541992187500000000e-02 1.352539062500000000e-01 -9.414062500000000000e-01
5.444335937500000000e-02 1.376953125000000000e-01 -8.747558593750000000e-01
5.737304687500000000e-02 1.315917968750000000e-01 -9.587402343750000000e-01
5.517578125000000000e-02 1.364746093750000000e-01 -9.545898437500000000e-01
5.346679687500000000e-02 1.337890625000000000e-01 -9.494628906250000000e-01
5.102539062500000000e-02 1.342773437500000000e-01 -8.708496093750000000e-01
4.931640625000000000e-02 1.354980468750000000e-01 -9.450683593750000000e-01
4.663085937500000000e-02 1.369628906250000000e-01 -9.433593750000000000e-01
4.272460937500000000e-02 1.372070312500000000e-01 -9.482421875000000000e-01
4.443359375000000000e-02 1.311035156250000000e-01 -9.428710937500000000e-01
4.711914062500000000e-02 1.391601562500000000e-01 -9.479980468750000000e-01
4.785156250000000000e-02 1.286621093750000000e-01 -9.470214843750000000e-01
4.638671875000000000e-02 1.298828125000000000e-01 -9.475097656250000000e-01
4.321289062500000000e-02 1.354980468750000000e-01 -9.516601562500000000e-01
4.028320312500000000e-02 1.342773437500000000e-01 -9.531250000000000000e-01
4.199218750000000000e-02 1.342773437500000000e-01 -9.487304687500000000e-01
3.369140625000000000e-02 1.352539062500000000e-01 -9.528808593750000000e-01
3.979492187500000000e-02 1.330566406250000000e-01 -9.494628906250000000e-01
9.252929687500000000e-02 1.301269531250000000e-01 -9.514160156250000000e-01
9.179687500000000000e-02 1.311035156250000000e-01 -9.082031250000000000e-01
8.105468750000000000e-02 1.257324218750000000e-01 -8.681640625000000000e-01
7.373046875000000000e-02 1.254882812500000000e-01 -9.445800781250000000e-01
7.958984375000000000e-02 5.932617187500000000e-02 -9.509277343750000000e-01
7.006835937500000000e-02 5.834960937500000000e-02 -9.499511718750000000e-01
6.811523437500000000e-02 5.834960937500000000e-02 -9.614257812500000000e-01
6.396484375000000000e-02 5.615234375000000000e-02 -9.433593750000000000e-01
-4.882812500000000000e-04 6.030273437500000000e-02 -9.455566406250000000e-01
-4.638671875000000000e-03 5.834960937500000000e-02 -9.526367187500000000e-01
-6.103515625000000000e-03 5.761718750000000000e-02 -9.550781250000000000e-01
-1.196289062500000000e-02 5.786132812500000000e-02 -9.487304687500000000e-01
-5.615234375000000000e-03 5.566406250000000000e-02 -9.445800781250000000e-01
-7.324218750000000000e-03 5.493164062500000000e-02 -9.516601562500000000e-01
-7.080078125000000000e-03 5.419921875000000000e-02 -9.484863281250000000e-01
-6.347656250000000000e-03 5.566406250000000000e-02 -9.458007812500000000e-01
-9.277343750000000000e-03 5.688476562500000000e-02 -9.492187500000000000e-01
-9.765625000000000000e-03 5.249023437500000000e-02 -9.562988281250000000e-01
-6.835937500000000000e-03 5.566406250000000000e-02 -9.521484375000000000e-01
-4.882812500000000000e-03 5.737304687500000000e-02 -9.387207031250000000e-01
6.274414062500000000e-02 5.395507812500000000e-02 -9.497070312500000000e-01
-7.568359375000000000e-03 5.786132812500000000e-02 -9.653320312500000000e-01
-5.371093750000000000e-03 5.566406250000000000e-02 -9.477539062500000000e-01
-2.929687500000000000e-03 5.346679687500000000e-02 -9.577636718750000000e-01
-4.150390625000000000e-03 5.688476562500000000e-02 -9.497070312500000000e-01
-3.173828125000000000e-03 5.371093750000000000e-02 -9.436035156250000000e-01
-2.929687500000000000e-03 5.322265625000000000e-02 -9.472656250000000000e-01
-7.080078125000000000e-03 5.761718750000000000e-02 -9.487304687500000000e-01
-3.417968750000000000e-03 5.859375000000000000e-02 -9.536132812500000000e-01
