1.025390625000000000e+00 -8.032226600000000327e-02 -2.177734380000000136e-01
1.023193358999999969e+00 -7.666015599999999319e-02 -2.163085939999999929e-01
1.016113280999999979e+00 -7.177734400000000681e-02 -2.136230470000000103e-01
1.016113280999999979e+00 -7.177734400000000681e-02 -2.136230470000000103e-01
1.023193358999999969e+00 -7.250976600000000327e-02 -2.145996089999999967e-01
1.026123047000000010e+00 -6.860351600000000327e-02 -1.667480470000000103e-01
1.023437500000000000e+00 -7.250976600000000327e-02 -1.694335939999999929e-01
1.013183594000000021e+00 -7.055664100000000327e-02 -2.126464839999999967e-01
1.022705077999999990e+00 -7.812500000000000000e-02 -1.735839839999999967e-01
1.027832030999999979e+00 -7.543945300000000354e-02 -1.823730470000000103e-01
1.010986327999999990e+00 -8.007812500000000000e-02 -2.158203130000000136e-01
9.729003910000000310e-01 -6.542968799999999974e-02 -2.031250000000000000e-01
9.780273440000000207e-01 -6.469726600000000327e-02 -1.560058589999999967e-01
9.291992190000000207e-01 -4.492187500000000000e-02 -1.284179689999999929e-01
1.012695313000000041e+00 -1.333007810000000071e-01 -1.413574220000000103e-01
1.009277344000000021e+00 -5.249023399999999673e-02 -1.979980470000000103e-01
1.023193358999999969e+00 -1.145019530000000035e-01 -2.517089840000000245e-01
1.025878905999999979e+00 -1.323242189999999929e-01 -1.972656250000000000e-01
1.021972655999999979e+00 -1.381835939999999929e-01 -3.291015629999999859e-01
8.559570309999999793e-01 -1.301269529999999897e-01 -3.779296879999999859e-01
8.891601559999999793e-01 5.517578100000000013e-02 -2.956542970000000103e-01
8.623046880000000414e-01 2.075195300000000007e-02 -1.645507810000000071e-01
1.032958983999999969e+00 6.103515999999999803e-03 -1.589355470000000103e-01
8.989257809999999793e-01 8.496093799999999974e-02 1.196289099999999980e-02
1.079345702999999990e+00 1.413574220000000103e-01 -2.368164060000000071e-01
9.687500000000000000e-01 7.519531299999999974e-02 -1.765136720000000103e-01
7.502441410000000310e-01 -8.764648399999999673e-02 -1.945800779999999897e-01
1.037597655999999979e+00 5.126953100000000013e-02 -2.961425779999999897e-01
5.549316410000000310e-01 3.027343799999999974e-02 -9.326171900000000681e-02
7.338867190000000207e-01 -8.691406299999999974e-02 7.495117199999999646e-02
6.635742190000000207e-01 6.518554699999999646e-02 -5.329589839999999690e-01
9.177246089999999690e-01 -2.788085940000000207e-01 -4.025878909999999755e-01
1.074218750000000000e+00 1.318359380000000136e-01 -3.999023440000000207e-01
7.517089839999999690e-01 1.369628910000000033e-01 -3.825683590000000245e-01
9.987792970000000103e-01 -9.179687500000000000e-02 1.298828130000000136e-01
8.974609380000000414e-01 6.884765599999999319e-02 -5.563964839999999690e-01
7.773437500000000000e-01 7.714843799999999974e-02 -8.344726559999999793e-01
1.077148438000000041e+00 1.396484380000000136e-01 -5.803222660000000310e-01
1.077148438000000041e+00 1.396484380000000136e-01 -5.803222660000000310e-01
7.829589839999999690e-01 -1.667480470000000103e-01 -5.439453130000000414e-01
4.313964840000000245e-01 3.210449220000000103e-01 -1.428710938000000041e+00
2.341308589999999967e-01 4.123535159999999755e-01 -1.762451172000000010e+00
-1.286621089999999967e-01 -8.325195300000000354e-02 -2.612304699999999993e-02
7.006835899999999673e-02 7.329101559999999793e-01 -3.398437500000000000e-01
-1.728515630000000136e-01 1.440429699999999993e-02 -5.622558589999999690e-01
-3.588867200000000340e-02 5.869140630000000414e-01 -9.433593750000000000e-01
-2.475585939999999929e-01 8.591308589999999690e-01 -7.214355470000000103e-01
-2.951660159999999755e-01 5.681152339999999690e-01 -5.402832029999999897e-01
-4.460449220000000103e-01 3.674316409999999755e-01 -4.697265629999999859e-01
-3.254394529999999897e-01 8.234863279999999897e-01 -7.602539059999999793e-01
-8.220214839999999690e-01 1.175537108999999969e+00 -8.928222660000000310e-01
-7.460937500000000000e-01 8.742675779999999897e-01 -6.838378910000000310e-01
-4.721679690000000207e-01 6.787109380000000414e-01 -5.629882809999999793e-01
-4.721679690000000207e-01 6.787109380000000414e-01 -5.629882809999999793e-01
-5.183105470000000103e-01 7.343750000000000000e-01 -5.825195309999999793e-01
-3.569335940000000207e-01 7.119140630000000414e-01 -5.871582029999999897e-01
-2.856445309999999793e-01 6.232910160000000310e-01 -6.435546880000000414e-01
-4.038085940000000207e-01 6.933593750000000000e-01 -6.271972660000000310e-01
-2.846679690000000207e-01 5.891113279999999897e-01 -5.590820309999999793e-01
-3.854980470000000103e-01 6.494140630000000414e-01 -5.520019529999999897e-01
-3.679199220000000103e-01 6.520996089999999690e-01 -6.357421880000000414e-01
-4.682617190000000207e-01 6.494140630000000414e-01 -5.434570309999999793e-01
-4.648437500000000000e-01 6.315917970000000103e-01 -5.891113279999999897e-01
-4.460449220000000103e-01 5.559082029999999897e-01 -5.876464839999999690e-01
-4.436035159999999755e-01 5.581054690000000207e-01 -5.415039059999999793e-01
-4.565429690000000207e-01 6.252441410000000310e-01 -5.529785160000000310e-01
-4.375000000000000000e-01 6.269531250000000000e-01 -5.349121089999999690e-01
-4.458007809999999793e-01 5.566406250000000000e-01 -5.432128910000000310e-01
-4.450683590000000245e-01 6.286621089999999690e-01 -5.344238279999999897e-01
-4.450683590000000245e-01 6.286621089999999690e-01 -5.344238279999999897e-01
-4.418945309999999793e-01 6.284179690000000207e-01 -5.368652339999999690e-01
-4.519042970000000103e-01 5.585937500000000000e-01 -5.366210940000000207e-01
-4.443359379999999859e-01 5.593261720000000103e-01 -5.351562500000000000e-01
-4.497070309999999793e-01 6.257324220000000103e-01 -5.454101559999999793e-01
-4.541015629999999859e-01 5.600585940000000207e-01 -5.446777339999999690e-01
-4.458007809999999793e-01 5.600585940000000207e-01 -5.339355470000000103e-01
-4.511718750000000000e-01 6.267089839999999690e-01 -5.385742190000000207e-01
-4.470214840000000245e-01 5.588378910000000310e-01 -5.935058589999999690e-01
-4.467773440000000207e-01 6.296386720000000103e-01 -5.380859380000000414e-01
-4.497070309999999793e-01 5.593261720000000103e-01 -5.935058589999999690e-01
-4.475097659999999755e-01 5.620117190000000207e-01 -5.400390630000000414e-01
-4.523925779999999897e-01 5.610351559999999793e-01 -5.380859380000000414e-01
-4.545898440000000207e-01 6.262207029999999897e-01 -5.454101559999999793e-01
-4.533691409999999755e-01 6.262207029999999897e-01 -5.356445309999999793e-01
-4.580078129999999859e-01 5.607910160000000310e-01 -5.891113279999999897e-01
-4.645996090000000245e-01 5.573730470000000103e-01 -5.825195309999999793e-01
-4.580078129999999859e-01 5.561523440000000207e-01 -5.332031250000000000e-01
-4.592285159999999755e-01 5.512695309999999793e-01 -5.351562500000000000e-01
-4.633789059999999793e-01 5.576171880000000414e-01 -5.427246089999999690e-01
-4.528808590000000245e-01 6.274414059999999793e-01 -5.898437500000000000e-01
-4.641113279999999897e-01 6.254882809999999793e-01 -5.847167970000000103e-01
-4.079589840000000245e-01 6.279296880000000414e-01 -5.339355470000000103e-01
-4.645996090000000245e-01 6.254882809999999793e-01 -5.336914059999999793e-01
-4.548339840000000245e-01 5.534667970000000103e-01 -5.910644529999999897e-01
-4.555664059999999793e-01 5.549316410000000310e-01 -5.869140630000000414e-01
-4.438476559999999793e-01 6.254882809999999793e-01 -5.917968750000000000e-01
-4.438476559999999793e-01 6.254882809999999793e-01 -5.917968750000000000e-01
-4.587402340000000245e-01 6.269531250000000000e-01 -5.312500000000000000e-01
-4.489746090000000245e-01 6.257324220000000103e-01 -5.800781250000000000e-01
-4.477539059999999793e-01 5.610351559999999793e-01 -5.849609380000000414e-01
-4.475097659999999755e-01 6.289062500000000000e-01 -5.319824220000000103e-01
-4.494628909999999755e-01 5.595703130000000414e-01 -5.344238279999999897e-01
-4.594726559999999793e-01 5.502929690000000207e-01 -5.366210940000000207e-01
-4.416503909999999755e-01 5.520019529999999897e-01 -5.378417970000000103e-01
-4.416503909999999755e-01 5.520019529999999897e-01 -5.378417970000000103e-01
-4.560546879999999859e-01 5.520019529999999897e-01 -5.327148440000000207e-01
-4.577636720000000103e-01 5.512695309999999793e-01 -5.339355470000000103e-01
-4.528808590000000245e-01 5.549316410000000310e-01 -5.419921880000000414e-01
-4.599609379999999859e-01 5.534667970000000103e-01 -5.339355470000000103e-01
-4.536132809999999793e-01 5.537109380000000414e-01 -5.385742190000000207e-01
-4.499511720000000103e-01 5.515136720000000103e-01 -5.512695309999999793e-01
-4.562988279999999897e-01 5.541992190000000207e-01 -5.339355470000000103e-01
-4.619140629999999859e-01 5.551757809999999793e-01 -5.324707029999999897e-01
-4.594726559999999793e-01 5.517578130000000414e-01 -5.927734380000000414e-01
-4.533691409999999755e-01 5.476074220000000103e-01 -5.339355470000000103e-01
-4.562988279999999897e-01 5.473632809999999793e-01 -5.375976559999999793e-01
-4.533691409999999755e-01 5.539550779999999897e-01 -5.339355470000000103e-01
-4.633789059999999793e-01 5.451660160000000310e-01 -5.334472660000000310e-01
-4.641113279999999897e-01 5.432128910000000310e-01 -5.502929690000000207e-01
-4.565429690000000207e-01 5.432128910000000310e-01 -5.346679690000000207e-01
-4.594726559999999793e-01 5.534667970000000103e-01 -5.373535160000000310e-01
-4.062500000000000000e-01 5.446777339999999690e-01 -5.346679690000000207e-01
-4.631347659999999755e-01 5.451660160000000310e-01 -5.891113279999999897e-01
-4.628906250000000000e-01 5.456542970000000103e-01 -5.390625000000000000e-01
-4.621582029999999897e-01 5.476074220000000103e-01 -5.400390630000000414e-01
-4.663085940000000207e-01 5.490722660000000310e-01 -5.332031250000000000e-01
-4.592285159999999755e-01 5.451660160000000310e-01 -5.849609380000000414e-01
-4.592285159999999755e-01 5.451660160000000310e-01 -5.849609380000000414e-01
-4.658203129999999859e-01 5.422363279999999897e-01 -5.900878910000000310e-01
-4.658203129999999859e-01 5.422363279999999897e-01 -5.900878910000000310e-01
-4.064941409999999755e-01 5.534667970000000103e-01 -5.432128910000000310e-01
-4.648437500000000000e-01 5.461425779999999897e-01 -5.410156250000000000e-01
-4.648437500000000000e-01 5.395507809999999793e-01 -5.366210940000000207e-01
-4.653320309999999793e-01 5.415039059999999793e-01 -5.332031250000000000e-01
-4.675292970000000103e-01 5.456542970000000103e-01 -5.312500000000000000e-01
-4.663085940000000207e-01 5.471191410000000310e-01 -5.922851559999999793e-01
-4.106445309999999793e-01 5.500488279999999897e-01 -5.329589839999999690e-01
-4.084472659999999755e-01 5.412597660000000310e-01 -5.312500000000000000e-01
-4.645996090000000245e-01 5.417480470000000103e-01 -5.935058589999999690e-01
-4.665527340000000245e-01 5.449218750000000000e-01 -5.419921880000000414e-01
-4.663085940000000207e-01 5.468750000000000000e-01 -5.351562500000000000e-01
-4.633789059999999793e-01 5.493164059999999793e-01 -5.334472660000000310e-01
-4.631347659999999755e-01 5.507812500000000000e-01 -5.322265630000000414e-01
-4.096679690000000207e-01 5.456542970000000103e-01 -5.332031250000000000e-01
-4.633789059999999793e-01 5.471191410000000310e-01 -5.888671880000000414e-01
-4.638671879999999859e-01 5.432128910000000310e-01 -5.334472660000000310e-01
-4.101562500000000000e-01 5.476074220000000103e-01 -5.327148440000000207e-01
-4.074707029999999897e-01 5.468750000000000000e-01 -5.925292970000000103e-01
-4.658203129999999859e-01 5.461425779999999897e-01 -5.324707029999999897e-01
-4.621582029999999897e-01 5.434570309999999793e-01 -5.891113279999999897e-01
-4.086914059999999793e-01 5.471191410000000310e-01 -5.344238279999999897e-01
-4.677734379999999859e-01 5.478515630000000414e-01 -5.427246089999999690e-01
-4.072265629999999859e-01 5.476074220000000103e-01 -5.378417970000000103e-01
-4.650878909999999755e-01 5.458984380000000414e-01 -5.341796880000000414e-01
-4.648437500000000000e-01 5.454101559999999793e-01 -5.346679690000000207e-01
-4.653320309999999793e-01 5.490722660000000310e-01 -5.344238279999999897e-01
-4.072265629999999859e-01 5.468750000000000000e-01 -5.322265630000000414e-01
-4.074707029999999897e-01 5.434570309999999793e-01 -5.361328130000000414e-01
-4.072265629999999859e-01 5.476074220000000103e-01 -5.339355470000000103e-01
-4.096679690000000207e-01 5.451660160000000310e-01 -5.363769529999999897e-01
-4.624023440000000207e-01 5.444335940000000207e-01 -5.842285160000000310e-01
-4.079589840000000245e-01 5.456542970000000103e-01 -5.910644529999999897e-01
-4.145507809999999793e-01 5.422363279999999897e-01 -5.322265630000000414e-01
-4.106445309999999793e-01 5.461425779999999897e-01 -5.334472660000000310e-01
-4.099121090000000245e-01 5.378417970000000103e-01 -5.319824220000000103e-01
-4.096679690000000207e-01 5.402832029999999897e-01 -5.334472660000000310e-01
-4.130859379999999859e-01 5.495605470000000103e-01 -5.893554690000000207e-01
-4.191894529999999897e-01 5.478515630000000414e-01 -5.368652339999999690e-01
-4.113769529999999897e-01 5.466308589999999690e-01 -5.910644529999999897e-01
-4.667968750000000000e-01 5.427246089999999690e-01 -5.820312500000000000e-01
-4.138183590000000245e-01 5.422363279999999897e-01 -5.900878910000000310e-01
-4.125976559999999793e-01 5.458984380000000414e-01 -5.371093750000000000e-01
-4.155273440000000207e-01 5.468750000000000000e-01 -5.322265630000000414e-01
-4.099121090000000245e-01 5.471191410000000310e-01 -5.871582029999999897e-01
-4.631347659999999755e-01 5.419921880000000414e-01 -5.869140630000000414e-01
-4.111328129999999859e-01 5.488281250000000000e-01 -5.878906250000000000e-01
-4.140625000000000000e-01 5.507812500000000000e-01 -5.351562500000000000e-01
-4.077148440000000207e-01 5.488281250000000000e-01 -5.903320309999999793e-01
-4.643554690000000207e-01 5.471191410000000310e-01 -5.891113279999999897e-01
-4.675292970000000103e-01 5.463867190000000207e-01 -5.881347660000000310e-01
-4.099121090000000245e-01 5.539550779999999897e-01 -5.312500000000000000e-01
-4.082031250000000000e-01 5.471191410000000310e-01 -5.322265630000000414e-01
-4.108886720000000103e-01 5.432128910000000310e-01 -5.893554690000000207e-01
-4.091796879999999859e-01 5.473632809999999793e-01 -5.859375000000000000e-01
-4.101562500000000000e-01 5.451660160000000310e-01 -5.910644529999999897e-01
-4.106445309999999793e-01 5.495605470000000103e-01 -5.883789059999999793e-01
-4.680175779999999897e-01 5.468750000000000000e-01 -5.910644529999999897e-01
-4.072265629999999859e-01 5.468750000000000000e-01 -5.898437500000000000e-01
-4.069824220000000103e-01 5.483398440000000207e-01 -5.883789059999999793e-01
-4.145507809999999793e-01 5.461425779999999897e-01 -5.319824220000000103e-01
-4.140625000000000000e-01 5.532226559999999793e-01 -5.922851559999999793e-01
-4.682617190000000207e-01 5.441894529999999897e-01 -5.341796880000000414e-01
-4.104003909999999755e-01 5.456542970000000103e-01 -5.849609380000000414e-01
-4.089355470000000103e-01 5.512695309999999793e-01 -5.935058589999999690e-01
-4.064941409999999755e-01 5.493164059999999793e-01 -5.322265630000000414e-01
-4.680175779999999897e-01 5.444335940000000207e-01 -5.869140630000000414e-01
-4.086914059999999793e-01 5.493164059999999793e-01 -5.922851559999999793e-01
-4.172363279999999897e-01 5.454101559999999793e-01 -5.900878910000000310e-01
-4.167480470000000103e-01 5.415039059999999793e-01 -5.898437500000000000e-01
-4.104003909999999755e-01 5.478515630000000414e-01 -5.881347660000000310e-01
