8.344726562500000000e-01 4.101562500000000000e-02 1.921386718750000000e-01
8.344726562500000000e-01 4.101562500000000000e-02 1.921386718750000000e-01
8.344726562500000000e-01 4.101562500000000000e-02 1.921386718750000000e-01
1.077880859375000000e+00 2.309570312500000000e-01 2.062988281250000000e-01
1.077880859375000000e+00 2.309570312500000000e-01 2.062988281250000000e-01
1.118408203125000000e+00 2.150878906250000000e-01 1.782226562500000000e-01
9.697265625000000000e-01 -1.904296875000000000e-02 2.629394531250000000e-01
1.006347656250000000e+00 5.444335937500000000e-02 1.745605468750000000e-01
9.230957031250000000e-01 2.092285156250000000e-01 2.719726562500000000e-01
9.123535156250000000e-01 1.601562500000000000e-01 2.573242187500000000e-01
1.023925781250000000e+00 2.519531250000000000e-01 2.443847656250000000e-01
1.067138671875000000e+00 9.521484375000000000e-03 1.079101562500000000e-01
1.067138671875000000e+00 9.521484375000000000e-03 1.079101562500000000e-01
1.019042968750000000e+00 1.022949218750000000e-01 2.158203125000000000e-01
1.019042968750000000e+00 1.022949218750000000e-01 2.158203125000000000e-01
1.021972656250000000e+00 1.018066406250000000e-01 2.651367187500000000e-01
9.790039062500000000e-01 2.514648437500000000e-02 2.766113281250000000e-01
1.074462890625000000e+00 -2.124023437500000000e-02 1.677246093750000000e-01
9.885253906250000000e-01 8.227539062500000000e-02 2.526855468750000000e-01
1.013183593750000000e+00 9.521484375000000000e-03 2.316894531250000000e-01
9.721679687500000000e-01 8.300781250000000000e-03 2.697753906250000000e-01
9.873046875000000000e-01 7.153320312500000000e-02 2.578125000000000000e-01
9.714355468750000000e-01 8.178710937500000000e-02 2.641601562500000000e-01
1.067138671875000000e+00 -2.099609375000000000e-02 1.765136718750000000e-01
1.019531250000000000e+00 6.835937500000000000e-02 2.158203125000000000e-01
9.887695312500000000e-01 7.470703125000000000e-02 2.104492187500000000e-01
9.926757812500000000e-01 -4.150390625000000000e-03 1.669921875000000000e-01
9.934082031250000000e-01 -7.812500000000000000e-03 1.796875000000000000e-01
9.721679687500000000e-01 7.299804687500000000e-02 1.760253906250000000e-01
9.719238281250000000e-01 7.373046875000000000e-02 1.711425781250000000e-01
9.870605468750000000e-01 -2.441406250000000000e-04 2.077636718750000000e-01
1.031250000000000000e+00 -1.269531250000000000e-02 2.043457031250000000e-01
9.807128906250000000e-01 -1.293945312500000000e-02 1.962890625000000000e-01
9.770507812500000000e-01 -1.953125000000000000e-02 1.997070312500000000e-01
1.009277343750000000e+00 6.298828125000000000e-02 1.977539062500000000e-01
1.026611328125000000e+00 8.740234375000000000e-02 1.928710937500000000e-01
1.009033203125000000e+00 8.227539062500000000e-02 1.088867187500000000e-01
1.022216796875000000e+00 6.640625000000000000e-02 1.337890625000000000e-01
1.023681640625000000e+00 9.033203125000000000e-02 9.472656250000000000e-02
1.027832031250000000e+00 7.495117187500000000e-02 5.615234375000000000e-02
9.177246093750000000e-01 -2.026367187500000000e-02 4.711914062500000000e-02
9.375000000000000000e-01 -2.416992187500000000e-02 8.227539062500000000e-02
9.353027343750000000e-01 -2.001953125000000000e-02 9.082031250000000000e-02
9.145507812500000000e-01 7.812500000000000000e-03 -2.075195312500000000e-02
9.433593750000000000e-01 -3.198242187500000000e-02 8.032226562500000000e-02
7.856445312500000000e-01 -9.521484375000000000e-02 5.029296875000000000e-02
7.915039062500000000e-01 -4.980468750000000000e-02 4.467773437500000000e-02
8.215332031250000000e-01 5.932617187500000000e-02 -3.491210937500000000e-02
7.729492187500000000e-01 8.447265625000000000e-02 -1.254882812500000000e-01
5.585937500000000000e-01 1.511230468750000000e-01 1.552734375000000000e-01
2.751464843750000000e-01 -1.547851562500000000e-01 -2.880859375000000000e-02
2.751464843750000000e-01 -1.547851562500000000e-01 -2.880859375000000000e-02
3.334960937500000000e-01 2.026367187500000000e-01 2.126464843750000000e-01
3.591308593750000000e-01 9.252929687500000000e-02 -6.030273437500000000e-02
-5.419921875000000000e-02 1.037597656250000000e-01 7.568359375000000000e-02
-1.119628906250000000e+00 -8.325195312500000000e-02 1.029052734375000000e+00
-9.711914062500000000e-01 -4.187011718750000000e-01 -5.155029296875000000e+00
-9.033203125000000000e-02 -1.464843750000000000e-02 -1.112792968750000000e+00
1.127929687500000000e-01 -1.254882812500000000e-01 -3.706054687500000000e-01
-7.812500000000000000e-02 2.685546875000000000e-02 -7.172851562500000000e-01
-2.678222656250000000e-01 -3.710937500000000000e-02 -9.711914062500000000e-01
-2.797851562500000000e-01 4.638671875000000000e-03 -8.273925781250000000e-01
-2.509765625000000000e-01 -8.300781250000000000e-02 -7.216796875000000000e-01
-2.143554687500000000e-01 -8.911132812500000000e-02 -6.892089843750000000e-01
-1.232910156250000000e-01 -9.033203125000000000e-02 -8.295898437500000000e-01
-1.147460937500000000e-01 -8.129882812500000000e-02 -1.104003906250000000e+00
-1.137695312500000000e-01 -9.228515625000000000e-02 -1.171386718750000000e+00
-1.926269531250000000e-01 -7.348632812500000000e-02 -1.051757812500000000e+00
-8.764648437500000000e-02 -5.932617187500000000e-02 -7.084960937500000000e-01
-1.528320312500000000e-01 -9.155273437500000000e-02 -7.497558593750000000e-01
-5.883789062500000000e-02 -8.764648437500000000e-02 -9.106445312500000000e-01
-5.102539062500000000e-02 -5.883789062500000000e-02 -8.596191406250000000e-01
-7.055664062500000000e-02 -1.286621093750000000e-01 -8.364257812500000000e-01
-6.030273437500000000e-02 -1.262207031250000000e-01 -9.335937500000000000e-01
-1.391601562500000000e-01 -1.293945312500000000e-01 -1.070068359375000000e+00
-5.322265625000000000e-02 -1.254882812500000000e-01 -8.955078125000000000e-01
-5.981445312500000000e-02 -1.313476562500000000e-01 -8.757324218750000000e-01
-1.291503906250000000e-01 -1.362304687500000000e-01 -9.160156250000000000e-01
-1.328125000000000000e-01 -1.291503906250000000e-01 -9.450683593750000000e-01
-6.079101562500000000e-02 -1.271972656250000000e-01 -8.645019531250000000e-01
-5.737304687500000000e-02 -1.267089843750000000e-01 -9.602050781250000000e-01
-5.810546875000000000e-02 -1.298828125000000000e-01 -9.621582031250000000e-01
-5.004882812500000000e-02 -5.932617187500000000e-02 -8.442382812500000000e-01
-1.271972656250000000e-01 -5.834960937500000000e-02 -9.558105468750000000e-01
-1.259765625000000000e-01 -1.286621093750000000e-01 -9.558105468750000000e-01
-1.308593750000000000e-01 -1.323242187500000000e-01 -9.182128906250000000e-01
-6.103515625000000000e-02 -1.286621093750000000e-01 -8.591308593750000000e-01
-1.459960937500000000e-01 -1.303710937500000000e-01 -8.662109375000000000e-01
-4.443359375000000000e-02 -6.127929687500000000e-02 -8.852539062500000000e-01
-6.103515625000000000e-02 -1.252441406250000000e-01 -9.538574218750000000e-01
-6.103515625000000000e-02 -1.252441406250000000e-01 -9.538574218750000000e-01
-5.957031250000000000e-02 -5.761718750000000000e-02 -8.693847656250000000e-01
-5.761718750000000000e-02 -5.615234375000000000e-02 -8.659667968750000000e-01
-1.303710937500000000e-01 -5.664062500000000000e-02 -8.625488281250000000e-01
-1.330566406250000000e-01 -6.225585937500000000e-02 -9.094238281250000000e-01
-1.335449218750000000e-01 -1.269531250000000000e-01 -9.477539062500000000e-01
-1.293945312500000000e-01 -6.201171875000000000e-02 -9.453125000000000000e-01
-6.152343750000000000e-02 -6.201171875000000000e-02 -8.701171875000000000e-01
-6.225585937500000000e-02 -1.291503906250000000e-01 -9.453125000000000000e-01
-1.296386718750000000e-01 -6.250000000000000000e-02 -9.387207031250000000e-01
-1.276855468750000000e-01 -6.054687500000000000e-02 -9.401855468750000000e-01
-1.298828125000000000e-01 -5.883789062500000000e-02 -9.450683593750000000e-01
-1.289062500000000000e-01 -1.254882812500000000e-01 -9.541015625000000000e-01
-1.369628906250000000e-01 -1.262207031250000000e-01 -9.506835937500000000e-01
-1.354980468750000000e-01 -6.201171875000000000e-02 -8.730468750000000000e-01
-1.372070312500000000e-01 -1.354980468750000000e-01 -9.387207031250000000e-01
-1.362304687500000000e-01 -6.201171875000000000e-02 -9.504394531250000000e-01
-1.252441406250000000e-01 -1.315917968750000000e-01 -9.465332031250000000e-01
-1.330566406250000000e-01 -1.320800781250000000e-01 -8.681640625000000000e-01
-1.323242187500000000e-01 -1.293945312500000000e-01 -8.698730468750000000e-01
-1.396484375000000000e-01 -1.293945312500000000e-01 -9.428710937500000000e-01
-1.330566406250000000e-01 -1.281738281250000000e-01 -9.460449218750000000e-01
-1.337890625000000000e-01 -1.254882812500000000e-01 -9.460449218750000000e-01
-1.315917968750000000e-01 -1.296386718750000000e-01 -9.401855468750000000e-01
-1.286621093750000000e-01 -6.079101562500000000e-02 -8.698730468750000000e-01
-1.289062500000000000e-01 -1.257324218750000000e-01 -8.703613281250000000e-01
-1.389160156250000000e-01 -1.276855468750000000e-01 -9.438476562500000000e-01
-1.391601562500000000e-01 -1.271972656250000000e-01 -9.550781250000000000e-01
-1.389160156250000000e-01 -1.298828125000000000e-01 -9.448242187500000000e-01
-1.423339843750000000e-01 -1.347656250000000000e-01 -9.597167968750000000e-01
-1.384277343750000000e-01 -1.330566406250000000e-01 -9.526367187500000000e-01
-1.384277343750000000e-01 -1.367187500000000000e-01 -9.428710937500000000e-01
-1.384277343750000000e-01 -1.320800781250000000e-01 -9.389648437500000000e-01
-1.398925781250000000e-01 -1.313476562500000000e-01 -8.676757812500000000e-01
-1.376953125000000000e-01 -1.335449218750000000e-01 -9.482421875000000000e-01
-1.342773437500000000e-01 -1.308593750000000000e-01 -9.387207031250000000e-01
-1.323242187500000000e-01 -1.330566406250000000e-01 -9.396972656250000000e-01
-1.359863281250000000e-01 -1.318359375000000000e-01 -9.475097656250000000e-01
-1.384277343750000000e-01 -1.296386718750000000e-01 -9.379882812500000000e-01
-1.340332031250000000e-01 -1.264648437500000000e-01 -9.428710937500000000e-01
-1.354980468750000000e-01 -1.271972656250000000e-01 -9.472656250000000000e-01
-1.354980468750000000e-01 -1.271972656250000000e-01 -9.472656250000000000e-01
-1.323242187500000000e-01 -1.293945312500000000e-01 -9.418945312500000000e-01
-1.352539062500000000e-01 -1.254882812500000000e-01 -9.384765625000000000e-01
-1.352539062500000000e-01 -1.276855468750000000e-01 -9.453125000000000000e-01
-1.364746093750000000e-01 -1.284179687500000000e-01 -8.740234375000000000e-01
-1.320800781250000000e-01 -6.127929687500000000e-02 -9.489746093750000000e-01
-1.411132812500000000e-01 -1.267089843750000000e-01 -9.409179687500000000e-01
-1.325683593750000000e-01 -6.201171875000000000e-02 -9.399414062500000000e-01
-1.379394531250000000e-01 -1.286621093750000000e-01 -8.720703125000000000e-01
-1.350097656250000000e-01 -1.259765625000000000e-01 -9.431152343750000000e-01
-1.347656250000000000e-01 -1.279296875000000000e-01 -9.458007812500000000e-01
-1.323242187500000000e-01 -1.257324218750000000e-01 -9.426269531250000000e-01
-1.354980468750000000e-01 -6.225585937500000000e-02 -9.436035156250000000e-01
-1.342773437500000000e-01 -1.320800781250000000e-01 -9.528808593750000000e-01
-1.293945312500000000e-01 -1.274414062500000000e-01 -9.418945312500000000e-01
-1.325683593750000000e-01 -1.274414062500000000e-01 -9.504394531250000000e-01
-1.357421875000000000e-01 -1.274414062500000000e-01 -9.443359375000000000e-01
-1.350097656250000000e-01 -1.267089843750000000e-01 -9.453125000000000000e-01
-1.340332031250000000e-01 -1.291503906250000000e-01 -9.399414062500000000e-01
-1.354980468750000000e-01 -1.308593750000000000e-01 -9.436035156250000000e-01
-1.342773437500000000e-01 -1.257324218750000000e-01 -8.723144531250000000e-01
-1.398925781250000000e-01 -6.127929687500000000e-02 -9.431152343750000000e-01
-1.372070312500000000e-01 -6.079101562500000000e-02 -9.494628906250000000e-01
-1.345214843750000000e-01 -6.079101562500000000e-02 -9.411621093750000000e-01
-1.296386718750000000e-01 -1.284179687500000000e-01 -8.742675781250000000e-01
-1.374511718750000000e-01 -1.254882812500000000e-01 -9.484863281250000000e-01
-1.391601562500000000e-01 -1.269531250000000000e-01 -8.747558593750000000e-01
-1.403808593750000000e-01 -1.291503906250000000e-01 -9.406738281250000000e-01
-1.340332031250000000e-01 -1.254882812500000000e-01 -9.560546875000000000e-01
-1.364746093750000000e-01 -5.932617187500000000e-02 -9.416503906250000000e-01
-1.364746093750000000e-01 -1.296386718750000000e-01 -9.426269531250000000e-01
-1.367187500000000000e-01 -6.201171875000000000e-02 -9.462890625000000000e-01
-1.381835937500000000e-01 -1.257324218750000000e-01 -9.448242187500000000e-01
-1.340332031250000000e-01 -1.254882812500000000e-01 -9.453125000000000000e-01
-1.374511718750000000e-01 -1.254882812500000000e-01 -9.384765625000000000e-01
-1.369628906250000000e-01 -1.276855468750000000e-01 -9.421386718750000000e-01
-1.354980468750000000e-01 -1.281738281250000000e-01 -9.375000000000000000e-01
-1.354980468750000000e-01 -1.281738281250000000e-01 -9.375000000000000000e-01
-1.362304687500000000e-01 -6.201171875000000000e-02 -9.462890625000000000e-01
-1.362304687500000000e-01 -6.201171875000000000e-02 -9.462890625000000000e-01
-1.333007812500000000e-01 -1.264648437500000000e-01 -9.387207031250000000e-01
-1.342773437500000000e-01 -1.271972656250000000e-01 -8.747558593750000000e-01
-1.352539062500000000e-01 -1.301269531250000000e-01 -8.747558593750000000e-01
-1.369628906250000000e-01 -1.291503906250000000e-01 -9.465332031250000000e-01
-1.315917968750000000e-01 -1.257324218750000000e-01 -9.479980468750000000e-01
-1.369628906250000000e-01 -1.281738281250000000e-01 -8.745117187500000000e-01
-1.340332031250000000e-01 -1.262207031250000000e-01 -9.440917968750000000e-01
-1.396484375000000000e-01 -1.291503906250000000e-01 -8.720703125000000000e-01
-1.386718750000000000e-01 -1.264648437500000000e-01 -9.394531250000000000e-01
-1.386718750000000000e-01 -1.306152343750000000e-01 -9.436035156250000000e-01
-1.328125000000000000e-01 -1.252441406250000000e-01 -9.487304687500000000e-01
-1.389160156250000000e-01 -1.274414062500000000e-01 -9.436035156250000000e-01
-1.325683593750000000e-01 -1.267089843750000000e-01 -9.401855468750000000e-01
-1.384277343750000000e-01 -1.276855468750000000e-01 -9.436035156250000000e-01
-1.376953125000000000e-01 -1.262207031250000000e-01 -9.443359375000000000e-01
-1.374511718750000000e-01 -1.269531250000000000e-01 -9.479980468750000000e-01
-1.369628906250000000e-01 -1.293945312500000000e-01 -9.379882812500000000e-01
-1.372070312500000000e-01 -6.250000000000000000e-02 -9.440917968750000000e-01
-1.391601562500000000e-01 -1.271972656250000000e-01 -9.467773437500000000e-01
-1.386718750000000000e-01 -6.152343750000000000e-02 -8.745117187500000000e-01
-1.394042968750000000e-01 -6.127929687500000000e-02 -9.379882812500000000e-01
-1.376953125000000000e-01 -1.257324218750000000e-01 -9.416503906250000000e-01
-1.437988281250000000e-01 -1.252441406250000000e-01 -9.462890625000000000e-01
-1.376953125000000000e-01 -6.005859375000000000e-02 -9.438476562500000000e-01
-1.367187500000000000e-01 -1.264648437500000000e-01 -9.404296875000000000e-01
-1.352539062500000000e-01 -1.267089843750000000e-01 -9.396972656250000000e-01
-1.450195312500000000e-01 -1.303710937500000000e-01 -9.460449218750000000e-01
-1.374511718750000000e-01 -1.281738281250000000e-01 -9.375000000000000000e-01
-1.408691406250000000e-01 -1.320800781250000000e-01 -9.506835937500000000e-01
