1.042724609375000000e+00 6.030273437500000000e-02 2.216796875000000000e-01
9.846191406250000000e-01 -2.343750000000000000e-02 3.303222656250000000e-01
9.846191406250000000e-01 -2.343750000000000000e-02 3.303222656250000000e-01
1.014648437500000000e+00 -8.593750000000000000e-02 3.122558593750000000e-01
1.093750000000000000e+00 -7.421875000000000000e-02 2.907714843750000000e-01
1.023925781250000000e+00 1.489257812500000000e-02 3.000488281250000000e-01
9.267578125000000000e-01 -9.057617187500000000e-02 3.037109375000000000e-01
9.765625000000000000e-01 -4.052734375000000000e-02 2.995605468750000000e-01
9.804687500000000000e-01 -7.617187500000000000e-02 3.808593750000000000e-01
9.743652343750000000e-01 -6.933593750000000000e-02 3.457031250000000000e-01
1.009277343750000000e+00 -6.567382812500000000e-02 4.055175781250000000e-01
1.009033203125000000e+00 1.782226562500000000e-02 4.006347656250000000e-01
1.009765625000000000e+00 -3.125000000000000000e-02 3.916015625000000000e-01
1.008056640625000000e+00 1.416015625000000000e-02 2.841796875000000000e-01
1.026123046875000000e+00 7.080078125000000000e-03 3.046875000000000000e-01
1.016845703125000000e+00 -6.396484375000000000e-02 3.110351562500000000e-01
9.790039062500000000e-01 -7.324218750000000000e-02 3.383789062500000000e-01
1.024902343750000000e+00 1.440429687500000000e-02 2.355957031250000000e-01
9.355468750000000000e-01 0.000000000000000000e+00 2.260742187500000000e-01
9.228515625000000000e-01 -4.345703125000000000e-02 1.650390625000000000e-01
9.423828125000000000e-01 -1.394042968750000000e-01 1.672363281250000000e-01
9.621582031250000000e-01 -5.712890625000000000e-02 7.714843750000000000e-02
8.574218750000000000e-01 -3.930664062500000000e-02 -1.489257812500000000e-02
7.478027343750000000e-01 -6.591796875000000000e-02 2.441406250000000000e-04
7.517089843750000000e-01 -9.033203125000000000e-02 -6.420898437500000000e-02
6.779785156250000000e-01 -9.643554687500000000e-02 -1.337890625000000000e-01
7.490234375000000000e-01 -9.082031250000000000e-02 -1.474609375000000000e-01
1.208251953125000000e+00 9.082031250000000000e-02 -2.329101562500000000e-01
1.350341796875000000e+00 1.447753906250000000e-01 -1.718750000000000000e-01
1.185791015625000000e+00 1.000976562500000000e-01 -2.692871093750000000e-01
1.193115234375000000e+00 2.368164062500000000e-02 -2.583007812500000000e-01
1.058349609375000000e+00 -1.401367187500000000e-01 -2.968750000000000000e-01
1.050292968750000000e+00 4.443359375000000000e-02 -2.204589843750000000e-01
9.484863281250000000e-01 1.044921875000000000e-01 1.245117187500000000e-02
5.761718750000000000e-01 1.499023437500000000e-01 3.669433593750000000e-01
-1.220703125000000000e-03 1.064453125000000000e-01 3.076171875000000000e-02
-3.840332031250000000e-01 -7.739257812500000000e-02 -1.335449218750000000e-01
-4.882812500000000000e-02 4.667968750000000000e-01 -3.500976562500000000e-01
6.535644531250000000e-01 8.967285156250000000e-01 1.245117187500000000e-02
1.423339843750000000e+00 1.247558593750000000e+00 -2.285156250000000000e-01
3.509033203125000000e+00 2.861083984375000000e+00 1.733398437500000000e-01
1.177246093750000000e+00 1.468017578125000000e+00 1.796875000000000000e-01
-1.298828125000000000e-01 2.705078125000000000e-01 5.600585937500000000e-01
-1.347656250000000000e+00 8.542480468750000000e-01 1.165771484375000000e+00
-9.331054687500000000e-01 1.886718750000000000e+00 -2.114257812500000000e-01
-1.503906250000000000e-01 2.988281250000000000e-01 4.169921875000000000e-01
-2.490234375000000000e-02 8.349609375000000000e-01 1.159667968750000000e-01
-3.381347656250000000e-01 4.086914062500000000e-01 4.824218750000000000e-01
-4.291992187500000000e-01 3.933105468750000000e-01 4.147949218750000000e-01
-1.086425781250000000e-01 4.348144531250000000e-01 7.836914062500000000e-01
1.264648437500000000e-01 4.995117187500000000e-01 9.030761718750000000e-01
3.010253906250000000e-01 1.188476562500000000e+00 1.118896484375000000e+00
1.896972656250000000e-01 9.921875000000000000e-01 1.097167968750000000e+00
3.955078125000000000e-02 3.474121093750000000e-01 8.291015625000000000e-01
7.812500000000000000e-02 5.278320312500000000e-01 6.457519531250000000e-01
2.270507812500000000e-02 5.979003906250000000e-01 7.185058593750000000e-01
2.160644531250000000e-01 6.662597656250000000e-01 5.729980468750000000e-01
1.083984375000000000e-01 8.037109375000000000e-01 6.621093750000000000e-01
3.271484375000000000e-02 7.268066406250000000e-01 3.471679687500000000e-01
3.261718750000000000e-01 9.638671875000000000e-01 3.664550781250000000e-01
5.429687500000000000e-01 1.318603515625000000e+00 7.128906250000000000e-01
2.753906250000000000e-01 9.106445312500000000e-01 3.645019531250000000e-01
5.175781250000000000e-02 7.258300781250000000e-01 3.898925781250000000e-01
1.679687500000000000e-01 8.786621093750000000e-01 5.295410156250000000e-01
-1.635742187500000000e-02 9.501953125000000000e-01 4.697265625000000000e-01
-2.170410156250000000e-01 1.017333984375000000e+00 3.564453125000000000e-01
1.928710937500000000e-02 8.493652343750000000e-01 5.363769531250000000e-01
7.348632812500000000e-02 8.515625000000000000e-01 5.664062500000000000e-01
5.102539062500000000e-02 8.833007812500000000e-01 5.649414062500000000e-01
1.389160156250000000e-01 8.369140625000000000e-01 5.549316406250000000e-01
1.437988281250000000e-01 8.393554687500000000e-01 6.511230468750000000e-01
1.291503906250000000e-01 8.857421875000000000e-01 6.220703125000000000e-01
1.520996093750000000e-01 8.481445312500000000e-01 5.498046875000000000e-01
1.389160156250000000e-01 9.030761718750000000e-01 5.695800781250000000e-01
1.945800781250000000e-01 8.806152343750000000e-01 5.612792968750000000e-01
-4.541015625000000000e-02 8.637695312500000000e-01 4.516601562500000000e-01
2.490234375000000000e-02 9.047851562500000000e-01 5.463867187500000000e-01
3.051757812500000000e-02 7.846679687500000000e-01 6.472167968750000000e-01
9.301757812500000000e-02 7.897949218750000000e-01 6.130371093750000000e-01
-2.221679687500000000e-02 8.032226562500000000e-01 6.430664062500000000e-01
4.174804687500000000e-02 7.846679687500000000e-01 5.996093750000000000e-01
1.289062500000000000e-01 7.863769531250000000e-01 6.069335937500000000e-01
8.154296875000000000e-02 7.839355468750000000e-01 5.957031250000000000e-01
9.130859375000000000e-02 8.312988281250000000e-01 6.447753906250000000e-01
8.886718750000000000e-02 7.890625000000000000e-01 5.966796875000000000e-01
8.764648437500000000e-02 8.120117187500000000e-01 6.042480468750000000e-01
8.227539062500000000e-02 7.949218750000000000e-01 6.108398437500000000e-01
8.496093750000000000e-02 8.049316406250000000e-01 6.418457031250000000e-01
7.958984375000000000e-02 7.932128906250000000e-01 5.661621093750000000e-01
5.029296875000000000e-02 8.012695312500000000e-01 6.403808593750000000e-01
4.614257812500000000e-02 7.949218750000000000e-01 6.491699218750000000e-01
4.614257812500000000e-02 7.922363281250000000e-01 5.954589843750000000e-01
3.710937500000000000e-02 8.078613281250000000e-01 6.550292968750000000e-01
9.350585937500000000e-02 7.983398437500000000e-01 6.442871093750000000e-01
9.155273437500000000e-02 7.885742187500000000e-01 6.054687500000000000e-01
9.204101562500000000e-02 7.844238281250000000e-01 5.986328125000000000e-01
3.564453125000000000e-02 7.934570312500000000e-01 6.044921875000000000e-01
3.271484375000000000e-02 7.944335937500000000e-01 6.474609375000000000e-01
4.125976562500000000e-02 7.858886718750000000e-01 5.998535156250000000e-01
3.442382812500000000e-02 8.039550781250000000e-01 6.418457031250000000e-01
9.106445312500000000e-02 7.990722656250000000e-01 6.416015625000000000e-01
3.149414062500000000e-02 8.015136718750000000e-01 6.318359375000000000e-01
8.984375000000000000e-02 7.980957031250000000e-01 6.284179687500000000e-01
3.979492187500000000e-02 7.963867187500000000e-01 6.418457031250000000e-01
8.789062500000000000e-02 8.061523437500000000e-01 6.386718750000000000e-01
8.740234375000000000e-02 7.983398437500000000e-01 6.430664062500000000e-01
4.052734375000000000e-02 8.027343750000000000e-01 6.442871093750000000e-01
8.959960937500000000e-02 8.095703125000000000e-01 6.391601562500000000e-01
3.247070312500000000e-02 7.971191406250000000e-01 6.291503906250000000e-01
8.666992187500000000e-02 7.949218750000000000e-01 6.440429687500000000e-01
8.203125000000000000e-02 8.813476562500000000e-01 6.254882812500000000e-01
8.544921875000000000e-02 8.095703125000000000e-01 6.276855468750000000e-01
9.082031250000000000e-02 8.056640625000000000e-01 5.541992187500000000e-01
8.764648437500000000e-02 8.012695312500000000e-01 5.622558593750000000e-01
4.443359375000000000e-02 8.112792968750000000e-01 5.454101562500000000e-01
8.691406250000000000e-02 8.789062500000000000e-01 6.337890625000000000e-01
3.857421875000000000e-02 8.093261718750000000e-01 5.502929687500000000e-01
4.003906250000000000e-02 7.966308593750000000e-01 6.337890625000000000e-01
4.687500000000000000e-02 8.027343750000000000e-01 6.433105468750000000e-01
4.956054687500000000e-02 7.875976562500000000e-01 6.550292968750000000e-01
3.417968750000000000e-02 7.912597656250000000e-01 5.998535156250000000e-01
3.857421875000000000e-02 7.861328125000000000e-01 5.957031250000000000e-01
4.125976562500000000e-02 7.912597656250000000e-01 5.969238281250000000e-01
4.223632812500000000e-02 7.846679687500000000e-01 6.208496093750000000e-01
4.174804687500000000e-02 7.849121093750000000e-01 6.523437500000000000e-01
4.589843750000000000e-02 8.408203125000000000e-01 6.142578125000000000e-01
4.956054687500000000e-02 7.841796875000000000e-01 6.044921875000000000e-01
5.224609375000000000e-02 8.430175781250000000e-01 6.147460937500000000e-01
4.345703125000000000e-02 7.822265625000000000e-01 6.098632812500000000e-01
4.370117187500000000e-02 8.417968750000000000e-01 6.088867187500000000e-01
4.614257812500000000e-02 7.883300781250000000e-01 6.054687500000000000e-01
4.370117187500000000e-02 7.822265625000000000e-01 6.010742187500000000e-01
4.418945312500000000e-02 7.822265625000000000e-01 6.086425781250000000e-01
4.541015625000000000e-02 7.819824218750000000e-01 6.020507812500000000e-01
4.711914062500000000e-02 7.851562500000000000e-01 6.071777343750000000e-01
4.760742187500000000e-02 7.814941406250000000e-01 6.013183593750000000e-01
5.566406250000000000e-02 8.300781250000000000e-01 6.196289062500000000e-01
5.249023437500000000e-02 7.822265625000000000e-01 6.906738281250000000e-01
3.735351562500000000e-02 7.817382812500000000e-01 6.171875000000000000e-01
4.321289062500000000e-02 7.812500000000000000e-01 6.088867187500000000e-01
3.857421875000000000e-02 7.849121093750000000e-01 6.054687500000000000e-01
3.613281250000000000e-02 7.851562500000000000e-01 6.469726562500000000e-01
4.589843750000000000e-02 7.856445312500000000e-01 6.018066406250000000e-01
3.637695312500000000e-02 7.985839843750000000e-01 6.535644531250000000e-01
4.028320312500000000e-02 7.910156250000000000e-01 5.952148437500000000e-01
3.320312500000000000e-02 7.963867187500000000e-01 6.491699218750000000e-01
9.350585937500000000e-02 7.929687500000000000e-01 6.425781250000000000e-01
3.564453125000000000e-02 7.968750000000000000e-01 6.411132812500000000e-01
3.369140625000000000e-02 7.988281250000000000e-01 6.389160156250000000e-01
9.277343750000000000e-02 7.995605468750000000e-01 6.418457031250000000e-01
9.155273437500000000e-02 8.039550781250000000e-01 6.303710937500000000e-01
3.149414062500000000e-02 7.961425781250000000e-01 6.401367187500000000e-01
8.984375000000000000e-02 7.961425781250000000e-01 6.315917968750000000e-01
7.958984375000000000e-02 7.932128906250000000e-01 5.617675781250000000e-01
3.295898437500000000e-02 8.107910156250000000e-01 6.376953125000000000e-01
5.078125000000000000e-02 7.919921875000000000e-01 6.562500000000000000e-01
7.836914062500000000e-02 8.002929687500000000e-01 6.484375000000000000e-01
3.442382812500000000e-02 7.851562500000000000e-01 6.071777343750000000e-01
3.881835937500000000e-02 7.846679687500000000e-01 6.035156250000000000e-01
3.588867187500000000e-02 8.388671875000000000e-01 6.149902343750000000e-01
3.759765625000000000e-02 8.403320312500000000e-01 5.996093750000000000e-01
4.467773437500000000e-02 7.822265625000000000e-01 6.166992187500000000e-01
4.785156250000000000e-02 8.408203125000000000e-01 6.123046875000000000e-01
3.735351562500000000e-02 8.374023437500000000e-01 6.083984375000000000e-01
3.955078125000000000e-02 8.425292968750000000e-01 6.130371093750000000e-01
4.516601562500000000e-02 8.391113281250000000e-01 6.108398437500000000e-01
4.077148437500000000e-02 8.417968750000000000e-01 6.047363281250000000e-01
3.906250000000000000e-02 7.861328125000000000e-01 6.096191406250000000e-01
3.271484375000000000e-02 8.044433593750000000e-01 6.518554687500000000e-01
5.029296875000000000e-02 8.020019531250000000e-01 5.588378906250000000e-01
5.126953125000000000e-02 7.844238281250000000e-01 6.030273437500000000e-01
4.858398437500000000e-02 7.983398437500000000e-01 6.376953125000000000e-01
5.688476562500000000e-02 7.937011718750000000e-01 6.059570312500000000e-01
7.641601562500000000e-02 7.927246093750000000e-01 6.401367187500000000e-01
4.345703125000000000e-02 7.983398437500000000e-01 6.364746093750000000e-01
5.639648437500000000e-02 7.812500000000000000e-01 6.203613281250000000e-01
3.735351562500000000e-02 7.844238281250000000e-01 6.230468750000000000e-01
3.540039062500000000e-02 7.963867187500000000e-01 6.066894531250000000e-01
3.588867187500000000e-02 7.819824218750000000e-01 6.218261718750000000e-01
3.759765625000000000e-02 7.822265625000000000e-01 6.149902343750000000e-01
3.466796875000000000e-02 8.349609375000000000e-01 6.086425781250000000e-01
3.344726562500000000e-02 7.924804687500000000e-01 6.035156250000000000e-01
8.666992187500000000e-02 7.912597656250000000e-01 5.971679687500000000e-01
3.857421875000000000e-02 7.900390625000000000e-01 6.125488281250000000e-01
9.008789062500000000e-02 7.966308593750000000e-01 6.120605468750000000e-01
7.666015625000000000e-02 8.000488281250000000e-01 6.257324218750000000e-01
7.104492187500000000e-02 8.027343750000000000e-01 6.271972656250000000e-01
7.348632812500000000e-02 8.088378906250000000e-01 6.450195312500000000e-01
7.519531250000000000e-02 8.076171875000000000e-01 6.359863281250000000e-01
-7.324218750000000000e-04 8.830566406250000000e-01 5.812988281250000000e-01
-1.220703125000000000e-02 8.017578125000000000e-01 5.312500000000000000e-01
-1.635742187500000000e-02 8.063964843750000000e-01 5.576171875000000000e-01
1.362304687500000000e-01 7.849121093750000000e-01 7.797851562500000000e-01
5.273437500000000000e-02 8.813476562500000000e-01 5.512695312500000000e-01
6.689453125000000000e-02 8.598632812500000000e-01 5.932617187500000000e-01
3.491210937500000000e-02 7.941894531250000000e-01 5.754394531250000000e-01
1.416015625000000000e-01 8.068847656250000000e-01 5.385742187500000000e-01
1.301269531250000000e-01 8.872070312500000000e-01 5.871582031250000000e-01
4.785156250000000000e-02 9.023437500000000000e-01 5.695800781250000000e-01
1.379394531250000000e-01 9.050292968750000000e-01 4.946289062500000000e-01
