1.065429687500000000e+00 1.708984375000000000e-03 1.169433593750000000e-01
9.924316406250000000e-01 -3.735351562500000000e-02 1.230468750000000000e-01
9.924316406250000000e-01 -3.735351562500000000e-02 1.230468750000000000e-01
9.943847656250000000e-01 -4.003906250000000000e-02 1.950683593750000000e-01
1.069335937500000000e+00 -3.417968750000000000e-02 1.125488281250000000e-01
9.992675781250000000e-01 -9.130859375000000000e-02 1.955566406250000000e-01
1.065673828125000000e+00 -9.277343750000000000e-02 1.215820312500000000e-01
9.880371093750000000e-01 -9.228515625000000000e-02 2.021484375000000000e-01
9.855957031250000000e-01 -3.491210937500000000e-02 2.177734375000000000e-01
9.858398437500000000e-01 -3.979492187500000000e-02 1.950683593750000000e-01
9.936523437500000000e-01 -3.662109375000000000e-02 1.994628906250000000e-01
9.890136718750000000e-01 -4.052734375000000000e-02 2.080078125000000000e-01
9.929199218750000000e-01 -3.369140625000000000e-02 2.041015625000000000e-01
9.953613281250000000e-01 -3.344726562500000000e-02 1.564941406250000000e-01
9.892578125000000000e-01 -9.057617187500000000e-02 2.089843750000000000e-01
9.892578125000000000e-01 -8.764648437500000000e-02 2.150878906250000000e-01
9.868164062500000000e-01 -9.375000000000000000e-02 2.143554687500000000e-01
9.858398437500000000e-01 -3.247070312500000000e-02 2.177734375000000000e-01
9.882812500000000000e-01 -3.344726562500000000e-02 2.133789062500000000e-01
9.985351562500000000e-01 -3.686523437500000000e-02 2.187500000000000000e-01
1.064453125000000000e+00 -3.369140625000000000e-02 2.009277343750000000e-01
1.062988281250000000e+00 -3.613281250000000000e-02 1.894531250000000000e-01
1.064453125000000000e+00 -3.149414062500000000e-02 1.145019531250000000e-01
9.936523437500000000e-01 -4.614257812500000000e-02 1.223144531250000000e-01
9.895019531250000000e-01 -4.541015625000000000e-02 1.088867187500000000e-01
9.985351562500000000e-01 -4.272460937500000000e-02 1.894531250000000000e-01
9.824218750000000000e-01 -5.786132812500000000e-02 9.497070312500000000e-02
9.870605468750000000e-01 -5.737304687500000000e-02 1.118164062500000000e-01
1.070800781250000000e+00 -9.350585937500000000e-02 1.074218750000000000e-01
1.072998046875000000e+00 -1.362304687500000000e-01 1.042480468750000000e-01
9.870605468750000000e-01 -1.882324218750000000e-01 1.943359375000000000e-01
1.066650390625000000e+00 -2.004394531250000000e-01 1.677246093750000000e-01
9.780273437500000000e-01 -2.097167968750000000e-01 3.417968750000000000e-01
1.008544921875000000e+00 -1.169433593750000000e-01 3.374023437500000000e-01
9.645996093750000000e-01 -9.399414062500000000e-02 3.793945312500000000e-01
9.467773437500000000e-01 -1.945800781250000000e-01 3.500976562500000000e-01
1.002441406250000000e+00 -1.320800781250000000e-01 2.980957031250000000e-01
1.005615234375000000e+00 -4.370117187500000000e-02 3.762207031250000000e-01
9.121093750000000000e-01 -2.106933593750000000e-01 3.134765625000000000e-01
1.093017578125000000e+00 -1.992187500000000000e-01 1.875000000000000000e-01
1.096923828125000000e+00 1.391601562500000000e-02 9.814453125000000000e-02
9.367675781250000000e-01 -1.437988281250000000e-01 5.541992187500000000e-02
1.026611328125000000e+00 -1.250000000000000000e-01 4.199218750000000000e-02
1.031982421875000000e+00 -1.359863281250000000e-01 1.403808593750000000e-01
9.775390625000000000e-01 -3.295898437500000000e-02 9.155273437500000000e-02
1.002441406250000000e+00 -4.125976562500000000e-02 1.022949218750000000e-01
1.029541015625000000e+00 -1.958007812500000000e-01 1.181640625000000000e-01
1.078613281250000000e+00 -1.752929687500000000e-01 1.020507812500000000e-01
9.519042968750000000e-01 -5.737304687500000000e-02 1.503906250000000000e-01
7.863769531250000000e-01 -7.226562500000000000e-02 6.372070312500000000e-02
8.911132812500000000e-01 -6.811523437500000000e-02 1.025390625000000000e-02
8.845214843750000000e-01 -5.932617187500000000e-02 1.855468750000000000e-02
9.350585937500000000e-01 -1.264648437500000000e-01 -1.315917968750000000e-01
8.281250000000000000e-01 -8.251953125000000000e-02 -2.954101562500000000e-02
8.527832031250000000e-01 -1.298828125000000000e-01 2.343750000000000000e-02
6.953125000000000000e-01 -1.823730468750000000e-01 6.103515625000000000e-02
6.804199218750000000e-01 -4.638671875000000000e-02 1.196289062500000000e-02
4.851074218750000000e-01 5.541992187500000000e-02 -1.293945312500000000e-02
2.370605468750000000e-01 4.638671875000000000e-03 2.138671875000000000e-01
5.891113281250000000e-01 -2.641601562500000000e-01 5.468750000000000000e-02
-1.621093750000000000e-01 -1.977539062500000000e-01 2.246093750000000000e-01
1.036621093750000000e+00 8.132324218750000000e-01 1.640869140625000000e+00
4.476806640625000000e+00 5.205566406250000000e+00 1.273193359375000000e+00
-1.757812500000000000e-01 -7.456054687500000000e-01 1.387207031250000000e+00
1.113281250000000000e-01 2.153320312500000000e-01 3.415527343750000000e-01
3.344726562500000000e-02 1.312744140625000000e+00 6.740722656250000000e-01
8.789062500000000000e-02 3.764648437500000000e-01 3.090820312500000000e-01
-6.005859375000000000e-01 3.161621093750000000e-01 4.887695312500000000e-01
-4.738769531250000000e-01 5.520019531250000000e-01 8.671875000000000000e-01
-2.910156250000000000e-01 1.168212890625000000e+00 1.005615234375000000e+00
-3.356933593750000000e-01 8.298339843750000000e-01 8.471679687500000000e-01
-3.552246093750000000e-01 4.587402343750000000e-01 8.125000000000000000e-01
-2.094726562500000000e-01 6.967773437500000000e-01 7.548828125000000000e-01
-2.185058593750000000e-01 8.310546875000000000e-01 6.057128906250000000e-01
-2.360839843750000000e-01 7.719726562500000000e-01 7.644042968750000000e-01
1.977539062500000000e-02 6.608886718750000000e-01 7.741699218750000000e-01
-6.176757812500000000e-02 5.737304687500000000e-01 8.691406250000000000e-01
-7.519531250000000000e-02 7.731933593750000000e-01 8.205566406250000000e-01
1.220703125000000000e-02 8.161621093750000000e-01 6.088867187500000000e-01
1.293945312500000000e-01 7.907714843750000000e-01 6.389160156250000000e-01
-3.491210937500000000e-02 9.001464843750000000e-01 4.841308593750000000e-01
-7.641601562500000000e-02 9.309082031250000000e-01 4.816894531250000000e-01
9.326171875000000000e-02 8.449707031250000000e-01 5.187988281250000000e-01
-8.789062500000000000e-02 7.944335937500000000e-01 5.920410156250000000e-01
-1.611328125000000000e-01 9.406738281250000000e-01 5.217285156250000000e-01
-1.889648437500000000e-01 9.140625000000000000e-01 5.036621093750000000e-01
-1.516113281250000000e-01 8.640136718750000000e-01 5.673828125000000000e-01
-8.935546875000000000e-02 8.808593750000000000e-01 5.339355468750000000e-01
-8.105468750000000000e-02 8.962402343750000000e-01 4.885253906250000000e-01
-1.359863281250000000e-01 8.881835937500000000e-01 4.890136718750000000e-01
-1.535644531250000000e-01 8.496093750000000000e-01 5.708007812500000000e-01
-7.788085937500000000e-02 8.486328125000000000e-01 5.771484375000000000e-01
-7.495117187500000000e-02 8.789062500000000000e-01 5.915527343750000000e-01
-1.318359375000000000e-01 7.861328125000000000e-01 5.529785156250000000e-01
-6.079101562500000000e-02 8.010253906250000000e-01 5.549316406250000000e-01
-4.028320312500000000e-02 7.924804687500000000e-01 6.262207031250000000e-01
-4.565429687500000000e-02 8.815917968750000000e-01 6.455078125000000000e-01
-5.712890625000000000e-02 7.866210937500000000e-01 6.508789062500000000e-01
-4.589843750000000000e-02 8.395996093750000000e-01 5.981445312500000000e-01
-4.858398437500000000e-02 8.352050781250000000e-01 6.464843750000000000e-01
-1.293945312500000000e-01 7.902832031250000000e-01 5.966796875000000000e-01
-1.259765625000000000e-01 8.049316406250000000e-01 6.447753906250000000e-01
-4.785156250000000000e-02 8.044433593750000000e-01 6.416015625000000000e-01
-4.394531250000000000e-02 8.039550781250000000e-01 6.435546875000000000e-01
-3.979492187500000000e-02 8.005371093750000000e-01 5.490722656250000000e-01
-8.813476562500000000e-02 8.098144531250000000e-01 5.507812500000000000e-01
-8.984375000000000000e-02 8.830566406250000000e-01 5.476074218750000000e-01
-4.687500000000000000e-02 8.122558593750000000e-01 6.337890625000000000e-01
-3.808593750000000000e-02 8.066406250000000000e-01 5.603027343750000000e-01
-3.393554687500000000e-02 8.037109375000000000e-01 6.340332031250000000e-01
-3.759765625000000000e-02 8.002929687500000000e-01 6.320800781250000000e-01
-4.956054687500000000e-02 8.754882812500000000e-01 6.477050781250000000e-01
-3.588867187500000000e-02 7.924804687500000000e-01 6.337890625000000000e-01
-5.102539062500000000e-02 7.958984375000000000e-01 6.450195312500000000e-01
-8.886718750000000000e-02 7.851562500000000000e-01 5.993652343750000000e-01
-8.789062500000000000e-02 8.371582031250000000e-01 5.957031250000000000e-01
-9.228515625000000000e-02 7.839355468750000000e-01 6.545410156250000000e-01
-8.935546875000000000e-02 7.844238281250000000e-01 6.066894531250000000e-01
-3.369140625000000000e-02 8.435058593750000000e-01 5.949707031250000000e-01
-3.173828125000000000e-02 7.858886718750000000e-01 6.503906250000000000e-01
-8.837890625000000000e-02 8.435058593750000000e-01 5.993652343750000000e-01
-4.223632812500000000e-02 7.954101562500000000e-01 6.523437500000000000e-01
-4.687500000000000000e-02 7.985839843750000000e-01 5.959472656250000000e-01
-7.934570312500000000e-02 7.939453125000000000e-01 6.464843750000000000e-01
-8.349609375000000000e-02 7.839355468750000000e-01 5.954589843750000000e-01
-7.421875000000000000e-02 7.829589843750000000e-01 5.996093750000000000e-01
-8.642578125000000000e-02 7.890625000000000000e-01 5.971679687500000000e-01
-8.422851562500000000e-02 7.954101562500000000e-01 6.450195312500000000e-01
-7.763671875000000000e-02 7.902832031250000000e-01 6.472167968750000000e-01
-9.228515625000000000e-02 7.836914062500000000e-01 6.115722656250000000e-01
-9.106445312500000000e-02 7.849121093750000000e-01 6.022949218750000000e-01
-3.564453125000000000e-02 7.875976562500000000e-01 6.110839843750000000e-01
-9.106445312500000000e-02 8.422851562500000000e-01 6.123046875000000000e-01
-7.958984375000000000e-02 8.374023437500000000e-01 6.123046875000000000e-01
-9.228515625000000000e-02 7.844238281250000000e-01 6.000976562500000000e-01
-9.106445312500000000e-02 7.861328125000000000e-01 6.010742187500000000e-01
-8.642578125000000000e-02 8.435058593750000000e-01 6.079101562500000000e-01
-8.984375000000000000e-02 7.812500000000000000e-01 6.057128906250000000e-01
-9.057617187500000000e-02 7.824707031250000000e-01 6.091308593750000000e-01
-3.125000000000000000e-02 8.425292968750000000e-01 6.074218750000000000e-01
-9.106445312500000000e-02 8.403320312500000000e-01 6.101074218750000000e-01
-9.106445312500000000e-02 8.398437500000000000e-01 6.115722656250000000e-01
-3.320312500000000000e-02 7.890625000000000000e-01 6.040039062500000000e-01
-8.740234375000000000e-02 7.854003906250000000e-01 6.560058593750000000e-01
-6.713867187500000000e-02 7.932128906250000000e-01 6.384277343750000000e-01
-8.203125000000000000e-02 7.897949218750000000e-01 6.013183593750000000e-01
-9.277343750000000000e-02 7.824707031250000000e-01 6.025390625000000000e-01
-8.886718750000000000e-02 8.271484375000000000e-01 6.120605468750000000e-01
-4.833984375000000000e-02 8.325195312500000000e-01 6.081542968750000000e-01
-5.688476562500000000e-02 7.819824218750000000e-01 6.171875000000000000e-01
-4.711914062500000000e-02 8.388671875000000000e-01 6.088867187500000000e-01
-6.054687500000000000e-02 8.432617187500000000e-01 6.171875000000000000e-01
-5.957031250000000000e-02 8.417968750000000000e-01 6.030273437500000000e-01
-6.030273437500000000e-02 8.354492187500000000e-01 6.047363281250000000e-01
-1.437988281250000000e-01 7.866210937500000000e-01 6.071777343750000000e-01
-1.252441406250000000e-01 8.332519531250000000e-01 6.040039062500000000e-01
-1.445312500000000000e-01 7.851562500000000000e-01 6.032714843750000000e-01
-1.350097656250000000e-01 7.846679687500000000e-01 6.027832031250000000e-01
-1.328125000000000000e-01 8.417968750000000000e-01 6.035156250000000000e-01
-1.374511718750000000e-01 8.332519531250000000e-01 6.057128906250000000e-01
-1.379394531250000000e-01 8.366699218750000000e-01 6.057128906250000000e-01
-1.384277343750000000e-01 8.376464843750000000e-01 6.022949218750000000e-01
-1.396484375000000000e-01 8.400878906250000000e-01 6.062011718750000000e-01
-1.372070312500000000e-01 8.405761718750000000e-01 6.020507812500000000e-01
-1.293945312500000000e-01 8.383789062500000000e-01 6.020507812500000000e-01
-1.462402343750000000e-01 8.420410156250000000e-01 5.998535156250000000e-01
-1.403808593750000000e-01 8.430175781250000000e-01 5.988769531250000000e-01
-1.364746093750000000e-01 8.398437500000000000e-01 5.961914062500000000e-01
-1.359863281250000000e-01 8.398437500000000000e-01 5.966796875000000000e-01
-1.345214843750000000e-01 8.395996093750000000e-01 6.015625000000000000e-01
-1.445312500000000000e-01 8.337402343750000000e-01 5.949707031250000000e-01
-1.372070312500000000e-01 8.413085937500000000e-01 6.032714843750000000e-01
-1.403808593750000000e-01 7.895507812500000000e-01 6.042480468750000000e-01
-1.262207031250000000e-01 8.388671875000000000e-01 6.491699218750000000e-01
-1.384277343750000000e-01 8.386230468750000000e-01 6.157226562500000000e-01
-6.079101562500000000e-02 8.393554687500000000e-01 6.037597656250000000e-01
-5.810546875000000000e-02 8.430175781250000000e-01 6.120605468750000000e-01
-5.712890625000000000e-02 7.819824218750000000e-01 6.057128906250000000e-01
-4.833984375000000000e-02 8.395996093750000000e-01 6.062011718750000000e-01
-4.882812500000000000e-02 8.417968750000000000e-01 6.066894531250000000e-01
-4.296875000000000000e-02 8.381347656250000000e-01 6.125488281250000000e-01
-3.613281250000000000e-02 8.388671875000000000e-01 6.538085937500000000e-01
-5.249023437500000000e-02 7.880859375000000000e-01 5.986328125000000000e-01
-4.760742187500000000e-02 8.408203125000000000e-01 6.032714843750000000e-01
-5.078125000000000000e-02 7.819824218750000000e-01 6.083984375000000000e-01
-5.175781250000000000e-02 8.413085937500000000e-01 6.132812500000000000e-01
-5.200195312500000000e-02 7.817382812500000000e-01 5.986328125000000000e-01
-1.252441406250000000e-01 8.374023437500000000e-01 6.035156250000000000e-01
-1.289062500000000000e-01 8.391113281250000000e-01 6.235351562500000000e-01
-1.264648437500000000e-01 8.315429687500000000e-01 6.210937500000000000e-01
-6.201171875000000000e-02 8.413085937500000000e-01 6.047363281250000000e-01
-1.301269531250000000e-01 8.305664062500000000e-01 6.164550781250000000e-01
-1.254882812500000000e-01 8.383789062500000000e-01 6.171875000000000000e-01
-6.152343750000000000e-02 8.339843750000000000e-01 6.196289062500000000e-01
-1.318359375000000000e-01 8.364257812500000000e-01 6.086425781250000000e-01
-1.372070312500000000e-01 8.356933593750000000e-01 6.206054687500000000e-01
-1.337890625000000000e-01 8.391113281250000000e-01 6.069335937500000000e-01
-1.308593750000000000e-01 8.295898437500000000e-01 6.169433593750000000e-01
-5.493164062500000000e-02 8.315429687500000000e-01 6.101074218750000000e-01
-1.293945312500000000e-01 8.398437500000000000e-01 6.147460937500000000e-01
