9.921875000000000000e-01 9.008789062500000000e-02 4.882812500000000000e-02
9.921875000000000000e-01 9.008789062500000000e-02 4.882812500000000000e-02
9.887695312500000000e-01 8.789062500000000000e-02 4.223632812500000000e-02
9.887695312500000000e-01 8.789062500000000000e-02 4.223632812500000000e-02
9.958496093750000000e-01 7.104492187500000000e-02 9.033203125000000000e-02
9.926757812500000000e-01 7.519531250000000000e-02 7.934570312500000000e-02
9.934082031250000000e-01 6.787109375000000000e-02 4.296875000000000000e-02
1.066650390625000000e+00 -3.906250000000000000e-03 3.442382812500000000e-02
9.953613281250000000e-01 -2.392578125000000000e-02 8.178710937500000000e-02
9.919433593750000000e-01 -1.391601562500000000e-02 7.836914062500000000e-02
9.982910156250000000e-01 -1.464843750000000000e-03 8.081054687500000000e-02
1.073242187500000000e+00 7.666015625000000000e-02 3.295898437500000000e-02
1.081054687500000000e+00 -2.441406250000000000e-04 6.958007812500000000e-02
1.016845703125000000e+00 -2.197265625000000000e-03 1.437988281250000000e-01
9.848632812500000000e-01 7.324218750000000000e-02 1.413574218750000000e-01
1.087890625000000000e+00 7.470703125000000000e-02 -2.978515625000000000e-02
9.843750000000000000e-01 -2.954101562500000000e-02 -1.489257812500000000e-02
9.340820312500000000e-01 -2.441406250000000000e-03 2.131347656250000000e-01
9.792480468750000000e-01 9.228515625000000000e-02 1.911621093750000000e-01
1.047607421875000000e+00 6.762695312500000000e-02 4.174804687500000000e-02
1.068359375000000000e+00 -3.417968750000000000e-03 3.613281250000000000e-02
1.027099609375000000e+00 -1.464843750000000000e-03 1.220703125000000000e-01
1.062988281250000000e+00 -3.662109375000000000e-03 9.570312500000000000e-02
9.887695312500000000e-01 -1.293945312500000000e-02 1.535644531250000000e-01
1.041992187500000000e+00 3.100585937500000000e-02 9.252929687500000000e-02
1.082519531250000000e+00 2.856445312500000000e-02 2.001953125000000000e-02
9.782714843750000000e-01 -7.666015625000000000e-02 5.517578125000000000e-02
9.797363281250000000e-01 -8.959960937500000000e-02 5.322265625000000000e-02
1.022949218750000000e+00 2.783203125000000000e-02 4.956054687500000000e-02
1.085449218750000000e+00 7.592773437500000000e-02 4.833984375000000000e-02
1.076660156250000000e+00 7.421875000000000000e-02 5.004882812500000000e-02
9.267578125000000000e-01 3.710937500000000000e-02 8.593750000000000000e-02
1.069824218750000000e+00 -2.075195312500000000e-02 1.325683593750000000e-01
9.355468750000000000e-01 1.298828125000000000e-01 1.066894531250000000e-01
1.018310546875000000e+00 1.523437500000000000e-01 4.248046875000000000e-02
9.584960937500000000e-01 4.907226562500000000e-02 1.472167968750000000e-01
1.010742187500000000e+00 3.955078125000000000e-02 1.635742187500000000e-01
1.024658203125000000e+00 2.751464843750000000e-01 2.685546875000000000e-01
1.072509765625000000e+00 1.115722656250000000e-01 1.135253906250000000e-01
8.647460937500000000e-01 3.295898437500000000e-02 3.393554687500000000e-02
8.339843750000000000e-01 -1.147460937500000000e-02 2.524414062500000000e-01
9.045410156250000000e-01 6.079101562500000000e-02 2.219238281250000000e-01
7.065429687500000000e-01 1.647949218750000000e-01 2.226562500000000000e-01
8.874511718750000000e-01 8.544921875000000000e-03 2.548828125000000000e-01
6.914062500000000000e-01 2.299804687500000000e-01 1.643066406250000000e-01
7.602539062500000000e-01 2.231445312500000000e-01 2.290039062500000000e-01
7.841796875000000000e-01 2.104492187500000000e-01 2.192382812500000000e-01
7.790527343750000000e-01 7.617187500000000000e-02 3.513183593750000000e-01
6.604003906250000000e-01 1.191406250000000000e-01 4.030761718750000000e-01
7.202148437500000000e-01 5.615234375000000000e-02 2.451171875000000000e-01
5.412597656250000000e-01 2.985839843750000000e-01 1.210205078125000000e+00
3.454589843750000000e-01 1.226074218750000000e+00 2.269287109375000000e+00
3.134765625000000000e-01 1.701416015625000000e+00 2.232421875000000000e+00
-2.209472656250000000e-01 7.521972656250000000e-01 1.510009765625000000e+00
5.183105468750000000e-01 1.875000000000000000e-01 1.175048828125000000e+00
1.650390625000000000e-01 2.292480468750000000e-01 7.258300781250000000e-01
1.345214843750000000e-01 4.526367187500000000e-01 7.846679687500000000e-01
-4.838867187500000000e-01 3.913574218750000000e-01 7.016601562500000000e-01
-8.696289062500000000e-01 1.389160156250000000e-01 7.861328125000000000e-01
-8.266601562500000000e-01 1.057128906250000000e-01 1.062255859375000000e+00
-8.420410156250000000e-01 1.018066406250000000e-01 8.400878906250000000e-01
-3.188476562500000000e-01 1.262207031250000000e-01 9.360351562500000000e-01
-7.045898437500000000e-01 -3.686523437500000000e-02 6.420898437500000000e-01
-5.397949218750000000e-01 -7.421875000000000000e-02 8.879394531250000000e-01
-4.350585937500000000e-01 7.153320312500000000e-02 1.027099609375000000e+00
-2.331542968750000000e-01 9.936523437500000000e-02 1.273437500000000000e+00
1.818847656250000000e-01 2.050781250000000000e-01 8.605957031250000000e-01
-4.079589843750000000e-01 -1.660156250000000000e-02 1.054687500000000000e+00
-5.351562500000000000e-01 -6.640625000000000000e-02 1.019287109375000000e+00
-9.472656250000000000e-02 1.203613281250000000e-01 1.041503906250000000e+00
-9.521484375000000000e-02 2.219238281250000000e-01 9.692382812500000000e-01
-1.455078125000000000e-01 1.049804687500000000e-01 9.753417968750000000e-01
-4.001464843750000000e-01 6.176757812500000000e-02 1.208984375000000000e+00
-1.569824218750000000e-01 7.519531250000000000e-02 1.088134765625000000e+00
-1.335449218750000000e-01 7.641601562500000000e-02 1.085205078125000000e+00
-1.975097656250000000e-01 1.357421875000000000e-01 1.061035156250000000e+00
-1.882324218750000000e-01 -8.374023437500000000e-02 9.628906250000000000e-01
-4.414062500000000000e-01 -1.428222656250000000e-01 1.049804687500000000e+00
-3.886718750000000000e-01 7.568359375000000000e-02 1.142333984375000000e+00
-2.658691406250000000e-01 1.389160156250000000e-01 1.135986328125000000e+00
-9.448242187500000000e-02 1.467285156250000000e-01 1.137695312500000000e+00
3.393554687500000000e-02 1.291503906250000000e-01 1.058593750000000000e+00
-3.203125000000000000e-01 3.710937500000000000e-02 1.068603515625000000e+00
-2.783203125000000000e-01 -1.123046875000000000e-02 9.785156250000000000e-01
-1.450195312500000000e-01 6.567382812500000000e-02 1.101806640625000000e+00
-1.799316406250000000e-01 8.056640625000000000e-02 1.099365234375000000e+00
-1.218261718750000000e-01 4.370117187500000000e-02 1.054199218750000000e+00
-1.091308593750000000e-01 -2.294921875000000000e-02 1.082763671875000000e+00
-1.921386718750000000e-01 -8.056640625000000000e-03 1.045410156250000000e+00
-4.443359375000000000e-02 3.588867187500000000e-02 1.089111328125000000e+00
-1.369628906250000000e-01 6.323242187500000000e-02 1.262939453125000000e+00
-3.215332031250000000e-01 7.543945312500000000e-02 9.560546875000000000e-01
-3.105468750000000000e-01 4.882812500000000000e-04 1.117675781250000000e+00
-1.564941406250000000e-01 2.563476562500000000e-02 1.150878906250000000e+00
-2.109375000000000000e-01 -8.300781250000000000e-03 9.738769531250000000e-01
-2.714843750000000000e-01 -1.708984375000000000e-02 1.034912109375000000e+00
-1.616210937500000000e-01 -2.075195312500000000e-02 1.059326171875000000e+00
-1.850585937500000000e-01 -2.905273437500000000e-02 1.140136718750000000e+00
-2.150878906250000000e-01 -2.441406250000000000e-04 1.033203125000000000e+00
-2.009277343750000000e-01 6.396484375000000000e-02 1.048095703125000000e+00
-1.208496093750000000e-01 -9.765625000000000000e-03 1.031494140625000000e+00
-1.083984375000000000e-01 -1.416015625000000000e-02 1.038818359375000000e+00
-1.057128906250000000e-01 -1.684570312500000000e-02 1.132568359375000000e+00
-1.943359375000000000e-01 -1.562500000000000000e-02 1.134033203125000000e+00
-1.645507812500000000e-01 -5.126953125000000000e-03 1.147216796875000000e+00
-1.140136718750000000e-01 6.445312500000000000e-02 1.041992187500000000e+00
-9.887695312500000000e-02 6.884765625000000000e-02 1.084228515625000000e+00
-9.643554687500000000e-02 7.543945312500000000e-02 1.045654296875000000e+00
-1.394042968750000000e-01 7.983398437500000000e-02 1.128906250000000000e+00
-1.408691406250000000e-01 8.251953125000000000e-02 1.131591796875000000e+00
-1.440429687500000000e-01 7.592773437500000000e-02 1.126220703125000000e+00
-1.499023437500000000e-01 7.153320312500000000e-02 1.060546875000000000e+00
-1.491699218750000000e-01 7.275390625000000000e-02 1.047363281250000000e+00
-1.494140625000000000e-01 7.128906250000000000e-02 1.126953125000000000e+00
-1.455078125000000000e-01 7.275390625000000000e-02 1.062500000000000000e+00
-1.379394531250000000e-01 8.056640625000000000e-02 1.055664062500000000e+00
-1.291503906250000000e-01 8.666992187500000000e-02 1.050537109375000000e+00
-1.291503906250000000e-01 9.228515625000000000e-02 1.052734375000000000e+00
-1.293945312500000000e-01 8.764648437500000000e-02 1.057617187500000000e+00
-1.342773437500000000e-01 8.203125000000000000e-02 1.057128906250000000e+00
-1.423339843750000000e-01 7.519531250000000000e-02 1.060302734375000000e+00
-1.518554687500000000e-01 7.153320312500000000e-02 1.062500000000000000e+00
-1.516113281250000000e-01 7.226562500000000000e-02 1.057373046875000000e+00
-1.474609375000000000e-01 8.251953125000000000e-02 1.056152343750000000e+00
-1.474609375000000000e-01 7.983398437500000000e-02 1.061767578125000000e+00
-1.398925781250000000e-01 7.568359375000000000e-02 1.054199218750000000e+00
-1.452636718750000000e-01 7.519531250000000000e-02 1.059570312500000000e+00
-1.447753906250000000e-01 7.031250000000000000e-02 1.126220703125000000e+00
-1.452636718750000000e-01 7.177734375000000000e-02 1.058349609375000000e+00
-1.477050781250000000e-01 7.714843750000000000e-02 1.060058593750000000e+00
-1.542968750000000000e-01 7.299804687500000000e-02 1.060791015625000000e+00
-1.467285156250000000e-01 7.104492187500000000e-02 1.055175781250000000e+00
-1.398925781250000000e-01 7.348632812500000000e-02 1.055175781250000000e+00
-1.413574218750000000e-01 7.543945312500000000e-02 1.059570312500000000e+00
-1.477050781250000000e-01 8.593750000000000000e-02 1.051513671875000000e+00
-1.540527343750000000e-01 7.690429687500000000e-02 1.055419921875000000e+00
-1.555175781250000000e-01 6.884765625000000000e-02 1.056396484375000000e+00
-1.416015625000000000e-01 6.787109375000000000e-02 1.125488281250000000e+00
-1.425781250000000000e-01 7.421875000000000000e-02 1.058837890625000000e+00
-1.457519531250000000e-01 7.934570312500000000e-02 1.050048828125000000e+00
-1.430664062500000000e-01 7.324218750000000000e-02 1.051513671875000000e+00
-1.455078125000000000e-01 6.665039062500000000e-02 1.061767578125000000e+00
-1.433105468750000000e-01 -4.882812500000000000e-04 1.061523437500000000e+00
-1.308593750000000000e-01 7.080078125000000000e-02 1.051025390625000000e+00
-1.489257812500000000e-01 6.689453125000000000e-02 1.139160156250000000e+00
-8.837890625000000000e-02 7.861328125000000000e-02 1.384765625000000000e+00
-1.738281250000000000e-01 6.201171875000000000e-02 7.290039062500000000e-01
-2.749023437500000000e-01 1.611328125000000000e-02 1.147216796875000000e+00
-1.889648437500000000e-01 -7.324218750000000000e-03 1.033203125000000000e+00
-1.889648437500000000e-01 -1.953125000000000000e-03 1.032470703125000000e+00
-1.081542968750000000e-01 -4.638671875000000000e-03 1.131347656250000000e+00
-1.140136718750000000e-01 -1.196289062500000000e-02 1.060058593750000000e+00
-2.136230468750000000e-01 -7.080078125000000000e-03 1.092529296875000000e+00
-1.218261718750000000e-01 6.787109375000000000e-02 1.047363281250000000e+00
-1.218261718750000000e-01 6.787109375000000000e-02 1.047363281250000000e+00
-1.335449218750000000e-01 7.934570312500000000e-02 1.045410156250000000e+00
-1.528320312500000000e-01 7.495117187500000000e-02 1.153076171875000000e+00
-9.643554687500000000e-02 6.250000000000000000e-02 1.058593750000000000e+00
-1.560058593750000000e-01 7.934570312500000000e-02 1.044433593750000000e+00
-1.499023437500000000e-01 3.320312500000000000e-02 1.047363281250000000e+00
-1.296386718750000000e-01 4.248046875000000000e-02 1.125976562500000000e+00
-9.887695312500000000e-02 7.958984375000000000e-02 1.129882812500000000e+00
-1.032714843750000000e-01 7.543945312500000000e-02 1.058837890625000000e+00
-1.145019531250000000e-01 7.519531250000000000e-02 1.051757812500000000e+00
-1.936035156250000000e-01 7.324218750000000000e-02 1.057617187500000000e+00
-1.098632812500000000e-01 6.665039062500000000e-02 1.054931640625000000e+00
-1.232910156250000000e-01 -3.173828125000000000e-03 1.054687500000000000e+00
-1.953125000000000000e-01 -4.150390625000000000e-03 1.143554687500000000e+00
-1.088867187500000000e-01 -3.417968750000000000e-03 1.060546875000000000e+00
-1.520996093750000000e-01 6.982421875000000000e-02 1.032714843750000000e+00
-9.375000000000000000e-02 6.298828125000000000e-02 1.042480468750000000e+00
-1.489257812500000000e-01 7.446289062500000000e-02 1.056396484375000000e+00
-9.741210937500000000e-02 7.153320312500000000e-02 1.055419921875000000e+00
-9.716796875000000000e-02 -3.662109375000000000e-03 1.056640625000000000e+00
-1.135253906250000000e-01 6.420898437500000000e-02 1.052001953125000000e+00
-1.127929687500000000e-01 -2.685546875000000000e-03 1.057861328125000000e+00
-1.210937500000000000e-01 -9.765625000000000000e-04 1.056640625000000000e+00
-1.181640625000000000e-01 -6.835937500000000000e-03 1.126708984375000000e+00
-9.667968750000000000e-02 -1.220703125000000000e-02 1.058593750000000000e+00
-9.423828125000000000e-02 7.031250000000000000e-02 1.058349609375000000e+00
-9.765625000000000000e-02 7.568359375000000000e-02 1.048583984375000000e+00
-1.054687500000000000e-01 6.396484375000000000e-02 1.059326171875000000e+00
-1.049804687500000000e-01 -2.392578125000000000e-02 1.062011718750000000e+00
-1.220703125000000000e-01 2.807617187500000000e-02 1.059814453125000000e+00
-1.127929687500000000e-01 -2.270507812500000000e-02 1.053222656250000000e+00
-1.052246093750000000e-01 -9.521484375000000000e-03 1.057128906250000000e+00
-1.035156250000000000e-01 -1.464843750000000000e-03 1.055419921875000000e+00
-1.035156250000000000e-01 6.640625000000000000e-02 1.060058593750000000e+00
-1.071777343750000000e-01 -3.173828125000000000e-03 1.055175781250000000e+00
-1.166992187500000000e-01 -5.126953125000000000e-03 1.052978515625000000e+00
-1.235351562500000000e-01 -3.417968750000000000e-03 1.057128906250000000e+00
-1.162109375000000000e-01 -2.929687500000000000e-03 1.051025390625000000e+00
-1.018066406250000000e-01 -7.812500000000000000e-03 1.056152343750000000e+00
-1.069335937500000000e-01 -1.562500000000000000e-02 1.056640625000000000e+00
-1.137695312500000000e-01 -1.464843750000000000e-02 1.051513671875000000e+00
-1.147460937500000000e-01 -1.489257812500000000e-02 1.050781250000000000e+00
-1.145019531250000000e-01 -1.025390625000000000e-02 1.058593750000000000e+00
-1.120605468750000000e-01 -7.080078125000000000e-03 1.060058593750000000e+00
-1.125488281250000000e-01 -6.591796875000000000e-03 1.056640625000000000e+00
-1.118164062500000000e-01 -9.521484375000000000e-03 1.056884765625000000e+00
