1.013427733999999969e+00 -1.284179689999999929e-01 -1.767578130000000136e-01
1.014648438000000041e+00 -6.152343799999999974e-02 -1.762695310000000071e-01
1.014648438000000041e+00 -6.152343799999999974e-02 -1.762695310000000071e-01
1.015625000000000000e+00 -1.257324220000000103e-01 -1.726074220000000103e-01
1.015625000000000000e+00 -1.257324220000000103e-01 -1.726074220000000103e-01
1.012695313000000041e+00 -1.257324220000000103e-01 -1.862792970000000103e-01
1.011230469000000021e+00 -5.981445299999999660e-02 -1.872558589999999967e-01
1.012207030999999979e+00 -1.252441410000000033e-01 -1.870117189999999929e-01
1.010986327999999990e+00 -5.981445299999999660e-02 -1.853027339999999967e-01
1.015380858999999969e+00 -5.371093799999999974e-02 -1.767578130000000136e-01
1.015380858999999969e+00 -5.371093799999999974e-02 -1.767578130000000136e-01
1.014892577999999990e+00 -1.262207029999999897e-01 -1.713867189999999929e-01
1.014648438000000041e+00 -6.225585899999999673e-02 -1.628417970000000103e-01
1.016357422000000010e+00 -1.259765630000000136e-01 -1.677246089999999967e-01
1.016357422000000010e+00 -1.259765630000000136e-01 -1.677246089999999967e-01
1.018554688000000041e+00 -5.688476600000000327e-02 -1.704101560000000071e-01
1.018310547000000010e+00 -5.615234399999999987e-02 -1.562500000000000000e-01
1.016113280999999979e+00 -6.005859399999999987e-02 -1.699218750000000000e-01
1.016113280999999979e+00 -6.005859399999999987e-02 -1.699218750000000000e-01
1.016113280999999979e+00 -6.005859399999999987e-02 -1.699218750000000000e-01
1.007568358999999969e+00 -1.257324220000000103e-01 -1.726074220000000103e-01
1.015869141000000031e+00 -1.286621089999999967e-01 -1.660156250000000000e-01
1.022216797000000010e+00 -6.250000000000000000e-02 -1.630859380000000136e-01
1.024169922000000010e+00 -1.257324220000000103e-01 -2.165527339999999967e-01
1.024169922000000010e+00 -1.257324220000000103e-01 -2.165527339999999967e-01
1.024169922000000010e+00 -1.257324220000000103e-01 -2.165527339999999967e-01
1.024169922000000010e+00 -1.257324220000000103e-01 -2.165527339999999967e-01
1.024169922000000010e+00 -1.257324220000000103e-01 -2.165527339999999967e-01
1.024169922000000010e+00 -1.257324220000000103e-01 -2.165527339999999967e-01
1.024169922000000010e+00 -1.257324220000000103e-01 -2.165527339999999967e-01
1.005859375000000000e+00 -5.126953100000000013e-02 -2.575683590000000245e-01
1.027832030999999979e+00 -8.911132800000000354e-02 -2.180175779999999897e-01
1.080810547000000010e+00 -7.641601600000000327e-02 -1.511230470000000103e-01
1.080810547000000010e+00 -7.641601600000000327e-02 -1.511230470000000103e-01
1.080810547000000010e+00 -7.641601600000000327e-02 -1.511230470000000103e-01
9.155273440000000207e-01 -3.662109399999999987e-02 -1.013183589999999967e-01
9.804687500000000000e-01 -1.440429699999999993e-02 -1.457519529999999897e-01
9.719238279999999897e-01 6.103515999999999803e-03 -1.984863279999999897e-01
9.284667970000000103e-01 -1.291503910000000033e-01 -1.809082029999999897e-01
9.284667970000000103e-01 -1.291503910000000033e-01 -1.809082029999999897e-01
9.682617190000000207e-01 -1.208496089999999967e-01 -1.452636720000000103e-01
1.135986327999999990e+00 4.394531000000000132e-03 -3.344726600000000327e-02
1.135986327999999990e+00 4.394531000000000132e-03 -3.344726600000000327e-02
1.006835938000000041e+00 -1.437988279999999897e-01 -1.982421880000000136e-01
1.006835938000000041e+00 -1.437988279999999897e-01 -1.982421880000000136e-01
1.006835938000000041e+00 -1.437988279999999897e-01 -1.982421880000000136e-01
1.065185547000000010e+00 -5.371093799999999974e-02 -2.731933590000000245e-01
1.065185547000000010e+00 -5.371093799999999974e-02 -2.731933590000000245e-01
9.121093750000000000e-01 1.293945300000000007e-02 -3.134765629999999859e-01
9.121093750000000000e-01 1.293945300000000007e-02 -3.134765629999999859e-01
9.567871089999999690e-01 -1.064453129999999997e-01 -3.422851559999999793e-01
9.436035160000000310e-01 -1.088867190000000068e-01 -3.527832029999999897e-01
8.137207029999999897e-01 -5.224609399999999987e-02 -4.367675779999999897e-01
8.137207029999999897e-01 -5.224609399999999987e-02 -4.367675779999999897e-01
8.444824220000000103e-01 -1.040039059999999932e-01 -3.464355470000000103e-01
7.543945309999999793e-01 -1.582031250000000000e-01 -4.379882809999999793e-01
9.433593750000000000e-01 -1.125488280000000035e-01 -3.864746090000000245e-01
1.081787108999999969e+00 -1.633300779999999897e-01 -4.333496090000000245e-01
8.679199220000000103e-01 -1.037597660000000033e-01 -4.702148440000000207e-01
8.679199220000000103e-01 -1.037597660000000033e-01 -4.702148440000000207e-01
8.776855470000000103e-01 -1.516113279999999897e-01 -5.070800779999999897e-01
6.599121089999999690e-01 -1.394042970000000103e-01 -2.810058590000000245e-01
1.036621094000000021e+00 -2.814941409999999755e-01 -3.059082029999999897e-01
4.609375000000000000e-01 4.599609379999999859e-01 -4.304199220000000103e-01
-2.788085940000000207e-01 -7.836914100000000327e-02 1.237792969999999965e-01
4.367675779999999897e-01 -2.653808590000000245e-01 -1.733398439999999929e-01
6.408691410000000310e-01 -5.468750000000000000e-01 -8.215332029999999897e-01
2.377441405999999979e+00 9.592285160000000310e-01 -1.730224608999999969e+00
2.973388672000000010e+00 -9.714355470000000103e-01 -1.619140625000000000e+00
1.301269530999999979e+00 2.954101599999999980e-02 3.417968750000000000e-01
7.031250000000000000e-01 4.663085899999999673e-02 5.065917970000000103e-01
-1.117675780999999979e+00 -2.727050779999999897e-01 -3.847656250000000000e-01
4.562988279999999897e-01 5.312500000000000000e-01 -1.776123047000000010e+00
-9.357910160000000310e-01 -1.342773400000000020e-02 -3.474121094000000021e+00
-8.857421880000000414e-01 4.711914100000000327e-02 -2.046386719000000021e+00
-8.857421880000000414e-01 4.711914100000000327e-02 -2.046386719000000021e+00
-9.545898399999999673e-02 -5.761718799999999974e-02 -2.338867189999999929e-01
-2.866210940000000207e-01 6.005859399999999987e-02 -2.946777340000000245e-01
-2.866210940000000207e-01 6.005859399999999987e-02 -2.946777340000000245e-01
-7.421875000000000000e-02 -1.323242189999999929e-01 -7.006835940000000207e-01
-2.534179690000000207e-01 -8.105468799999999974e-02 -1.047119141000000031e+00
-1.247558589999999967e-01 -6.518554699999999646e-02 -1.098876952999999990e+00
-5.444335899999999673e-02 -3.222656299999999974e-02 -7.861328130000000414e-01
-1.435546880000000136e-01 -3.491210899999999673e-02 -7.712402339999999690e-01
-1.027832030000000035e-01 -3.149414100000000327e-02 -9.597167970000000103e-01
-1.049804690000000068e-01 -9.228515599999999319e-02 -9.357910160000000310e-01
-9.497070300000000354e-02 -9.301757800000000354e-02 -9.204101559999999793e-01
-9.497070300000000354e-02 -9.301757800000000354e-02 -9.204101559999999793e-01
-9.667968799999999974e-02 -4.077148399999999673e-02 -8.610839839999999690e-01
-1.540527339999999967e-01 -3.564453100000000013e-02 -9.020996089999999690e-01
-1.015625000000000000e-01 -4.003906299999999974e-02 -9.514160160000000310e-01
-9.838867199999999646e-02 -3.955078100000000013e-02 -8.703613279999999897e-01
-9.692382800000000354e-02 -4.174804700000000340e-02 -8.669433589999999690e-01
-9.790039100000000327e-02 -3.710937500000000000e-02 -9.392089839999999690e-01
-9.960937500000000000e-02 -3.564453100000000013e-02 -8.669433589999999690e-01
-1.037597660000000033e-01 -3.515625000000000000e-02 -9.411621089999999690e-01
-1.013183589999999967e-01 -3.710937500000000000e-02 -8.708496089999999690e-01
-9.692382800000000354e-02 -3.613281299999999974e-02 -8.642578130000000414e-01
-1.020507809999999932e-01 -4.150390600000000013e-02 -9.382324220000000103e-01
-1.052246089999999967e-01 -4.223632799999999660e-02 -8.730468750000000000e-01
-1.064453129999999997e-01 -4.785156299999999974e-02 -9.448242190000000207e-01
-1.064453129999999997e-01 -4.785156299999999974e-02 -9.448242190000000207e-01
-1.022949219999999965e-01 -4.296875000000000000e-02 -8.737792970000000103e-01
-1.022949219999999965e-01 -4.296875000000000000e-02 -8.737792970000000103e-01
-1.035156250000000000e-01 -4.345703100000000013e-02 -8.710937500000000000e-01
-1.035156250000000000e-01 -4.345703100000000013e-02 -8.710937500000000000e-01
-9.936523399999999673e-02 -4.443359399999999987e-02 -8.635253910000000310e-01
-1.008300780000000035e-01 -4.272460899999999673e-02 -8.671875000000000000e-01
-1.008300780000000035e-01 -4.272460899999999673e-02 -8.671875000000000000e-01
-9.716796900000000681e-02 -4.125976600000000327e-02 -8.688964839999999690e-01
-1.027832030000000035e-01 -4.638671899999999987e-02 -9.426269529999999897e-01
-9.960937500000000000e-02 -4.248046899999999987e-02 -8.723144529999999897e-01
-1.525878910000000033e-01 -9.228515599999999319e-02 -8.603515630000000414e-01
-9.643554699999999646e-02 -3.588867200000000340e-02 -9.411621089999999690e-01
-9.643554699999999646e-02 -3.588867200000000340e-02 -9.411621089999999690e-01
-1.533203130000000136e-01 -3.515625000000000000e-02 -9.387207029999999897e-01
-9.472656299999999974e-02 -3.369140600000000013e-02 -9.375000000000000000e-01
-9.887695300000000354e-02 -3.906250000000000000e-02 -8.728027339999999690e-01
-9.765625000000000000e-02 -9.106445300000000354e-02 -9.426269529999999897e-01
-9.765625000000000000e-02 -9.106445300000000354e-02 -9.426269529999999897e-01
-1.560058589999999967e-01 -3.466796899999999987e-02 -9.384765630000000414e-01
-1.516113279999999897e-01 -9.375000000000000000e-02 -9.399414059999999793e-01
-1.506347660000000033e-01 -9.155273399999999673e-02 -8.627929690000000207e-01
-9.692382800000000354e-02 -3.198242200000000340e-02 -8.676757809999999793e-01
-1.420898439999999929e-01 -3.491210899999999673e-02 -8.730468750000000000e-01
-5.517578100000000013e-02 -3.613281299999999974e-02 -9.094238279999999897e-01
-4.467773399999999673e-02 -4.614257799999999660e-02 -9.538574220000000103e-01
-4.760742200000000340e-02 -5.566406299999999974e-02 -9.560546880000000414e-01
-4.101562500000000000e-02 -4.956054700000000340e-02 -9.514160160000000310e-01
-5.200195299999999660e-02 -5.786132799999999660e-02 -9.406738279999999897e-01
-5.200195299999999660e-02 -5.786132799999999660e-02 -9.406738279999999897e-01
-4.833984399999999987e-02 -8.764648399999999673e-02 -9.528808589999999690e-01
-4.321289100000000327e-02 -4.882812500000000000e-02 -8.684082029999999897e-01
-4.321289100000000327e-02 -4.882812500000000000e-02 -8.684082029999999897e-01
-4.833984399999999987e-02 -3.930664100000000327e-02 -8.662109380000000414e-01
-4.833984399999999987e-02 -3.930664100000000327e-02 -8.662109380000000414e-01
-4.882812500000000000e-02 -3.735351600000000327e-02 -9.436035160000000310e-01
-5.126953100000000013e-02 -4.272460899999999673e-02 -9.494628910000000310e-01
-5.493164100000000327e-02 -4.077148399999999673e-02 -8.735351559999999793e-01
-5.053710899999999673e-02 -4.296875000000000000e-02 -9.431152339999999690e-01
-5.468750000000000000e-02 -4.296875000000000000e-02 -9.404296880000000414e-01
-4.931640600000000013e-02 -4.980468799999999974e-02 -9.411621089999999690e-01
-5.444335899999999673e-02 -4.711914100000000327e-02 -9.516601559999999793e-01
-5.590820299999999660e-02 -4.931640600000000013e-02 -9.426269529999999897e-01
-5.590820299999999660e-02 -4.931640600000000013e-02 -9.426269529999999897e-01
-5.541992200000000340e-02 -5.029296899999999987e-02 -9.436035160000000310e-01
-5.639648399999999673e-02 -4.345703100000000013e-02 -9.465332029999999897e-01
-5.200195299999999660e-02 -4.687500000000000000e-02 -9.426269529999999897e-01
-5.419921899999999987e-02 -5.126953100000000013e-02 -9.472656250000000000e-01
-5.664062500000000000e-02 -4.565429700000000340e-02 -9.445800779999999897e-01
-5.664062500000000000e-02 -4.565429700000000340e-02 -9.445800779999999897e-01
-5.639648399999999673e-02 -4.687500000000000000e-02 -9.472656250000000000e-01
-5.078125000000000000e-02 -4.711914100000000327e-02 -9.399414059999999793e-01
-5.151367200000000340e-02 -4.711914100000000327e-02 -9.458007809999999793e-01
-4.833984399999999987e-02 -5.297851600000000327e-02 -9.436035160000000310e-01
-5.053710899999999673e-02 -4.711914100000000327e-02 -9.379882809999999793e-01
-5.053710899999999673e-02 -4.711914100000000327e-02 -9.379882809999999793e-01
-4.687500000000000000e-02 -4.907226600000000327e-02 -9.384765630000000414e-01
-4.687500000000000000e-02 -4.907226600000000327e-02 -9.384765630000000414e-01
-5.444335899999999673e-02 -4.492187500000000000e-02 -9.462890630000000414e-01
-5.029296899999999987e-02 -4.541015600000000013e-02 -9.460449220000000103e-01
-4.663085899999999673e-02 -4.736328100000000013e-02 -9.426269529999999897e-01
-4.663085899999999673e-02 -4.736328100000000013e-02 -9.426269529999999897e-01
-5.200195299999999660e-02 -4.443359399999999987e-02 -9.438476559999999793e-01
-5.200195299999999660e-02 -4.443359399999999987e-02 -9.438476559999999793e-01
-4.736328100000000013e-02 -4.687500000000000000e-02 -9.445800779999999897e-01
-4.370117200000000340e-02 -4.760742200000000340e-02 -9.492187500000000000e-01
-4.907226600000000327e-02 -4.736328100000000013e-02 -9.475097660000000310e-01
-4.248046899999999987e-02 -4.663085899999999673e-02 -9.423828130000000414e-01
-4.467773399999999673e-02 -4.638671899999999987e-02 -9.487304690000000207e-01
-5.078125000000000000e-02 -4.809570299999999660e-02 -9.440917970000000103e-01
-4.736328100000000013e-02 -4.858398399999999673e-02 -9.384765630000000414e-01
-4.760742200000000340e-02 -4.711914100000000327e-02 -9.521484380000000414e-01
-4.760742200000000340e-02 -4.711914100000000327e-02 -9.521484380000000414e-01
-4.907226600000000327e-02 -4.638671899999999987e-02 -9.426269529999999897e-01
-4.907226600000000327e-02 -4.638671899999999987e-02 -9.426269529999999897e-01
-4.956054700000000340e-02 -5.004882799999999660e-02 -9.448242190000000207e-01
-4.492187500000000000e-02 -5.004882799999999660e-02 -9.438476559999999793e-01
-4.980468799999999974e-02 -4.418945299999999660e-02 -9.375000000000000000e-01
-5.029296899999999987e-02 -4.638671899999999987e-02 -9.465332029999999897e-01
-4.589843799999999974e-02 -4.833984399999999987e-02 -9.438476559999999793e-01
-4.809570299999999660e-02 -4.272460899999999673e-02 -9.416503910000000310e-01
-5.200195299999999660e-02 -4.443359399999999987e-02 -9.467773440000000207e-01
-4.687500000000000000e-02 -4.882812500000000000e-02 -9.423828130000000414e-01
-4.516601600000000327e-02 -4.638671899999999987e-02 -9.428710940000000207e-01
-4.858398399999999673e-02 -4.345703100000000013e-02 -9.411621089999999690e-01
-4.492187500000000000e-02 -4.296875000000000000e-02 -9.448242190000000207e-01
-4.858398399999999673e-02 -4.565429700000000340e-02 -9.414062500000000000e-01
-4.589843799999999974e-02 -4.687500000000000000e-02 -9.409179690000000207e-01
-4.760742200000000340e-02 -4.785156299999999974e-02 -9.453125000000000000e-01
-4.541015600000000013e-02 -4.711914100000000327e-02 -9.406738279999999897e-01
-4.321289100000000327e-02 -4.907226600000000327e-02 -9.497070309999999793e-01
-4.736328100000000013e-02 -4.272460899999999673e-02 -9.523925779999999897e-01
-4.492187500000000000e-02 -4.687500000000000000e-02 -9.443359380000000414e-01
-4.248046899999999987e-02 -4.687500000000000000e-02 -9.431152339999999690e-01
-4.663085899999999673e-02 -4.418945299999999660e-02 -9.433593750000000000e-01
-4.199218799999999974e-02 -4.345703100000000013e-02 -9.384765630000000414e-01
-4.199218799999999974e-02 -4.345703100000000013e-02 -9.384765630000000414e-01
-3.906250000000000000e-02 -4.638671899999999987e-02 -9.443359380000000414e-01
-4.101562500000000000e-02 -4.443359399999999987e-02 -9.401855470000000103e-01
