9.821777343750000000e-01 -2.102050781250000000e-01 -3.027343750000000000e-02
9.829101562500000000e-01 -2.072753906250000000e-01 -3.100585937500000000e-02
9.790039062500000000e-01 -2.058105468750000000e-01 -3.100585937500000000e-02
9.824218750000000000e-01 -2.138671875000000000e-01 -2.832031250000000000e-02
9.824218750000000000e-01 -2.138671875000000000e-01 -2.832031250000000000e-02
9.824218750000000000e-01 -2.138671875000000000e-01 -2.832031250000000000e-02
9.790039062500000000e-01 -2.102050781250000000e-01 -2.124023437500000000e-02
9.790039062500000000e-01 -2.102050781250000000e-01 -2.124023437500000000e-02
9.821777343750000000e-01 -2.128906250000000000e-01 -1.977539062500000000e-02
9.897460937500000000e-01 -1.574707031250000000e-01 2.490234375000000000e-02
9.816894531250000000e-01 -2.033691406250000000e-01 1.953125000000000000e-02
9.790039062500000000e-01 -2.006835937500000000e-01 1.293945312500000000e-02
9.816894531250000000e-01 -2.165527343750000000e-01 2.636718750000000000e-02
9.868164062500000000e-01 -1.945800781250000000e-01 3.125000000000000000e-02
9.885253906250000000e-01 -1.979980468750000000e-01 -2.099609375000000000e-02
9.909667968750000000e-01 -1.945800781250000000e-01 -9.521484375000000000e-03
9.877929687500000000e-01 -1.953125000000000000e-01 6.494140625000000000e-02
9.770507812500000000e-01 -2.116699218750000000e-01 -4.638671875000000000e-03
9.812011718750000000e-01 -2.124023437500000000e-01 -7.080078125000000000e-03
9.846191406250000000e-01 -2.160644531250000000e-01 7.006835937500000000e-02
9.777832031250000000e-01 -1.696777343750000000e-01 7.153320312500000000e-02
9.750976562500000000e-01 -1.579589843750000000e-01 9.082031250000000000e-02
9.824218750000000000e-01 -2.094726562500000000e-01 8.740234375000000000e-02
9.782714843750000000e-01 -1.584472656250000000e-01 8.984375000000000000e-02
9.799804687500000000e-01 -1.657714843750000000e-01 3.320312500000000000e-02
9.838867187500000000e-01 -1.691894531250000000e-01 8.862304687500000000e-02
9.824218750000000000e-01 -1.596679687500000000e-01 9.130859375000000000e-02
9.809570312500000000e-01 -2.092285156250000000e-01 8.593750000000000000e-02
9.787597656250000000e-01 -1.608886718750000000e-01 8.935546875000000000e-02
9.792480468750000000e-01 -1.630859375000000000e-01 8.032226562500000000e-02
9.719238281250000000e-01 -1.606445312500000000e-01 8.496093750000000000e-02
9.863281250000000000e-01 -1.589355468750000000e-01 8.032226562500000000e-02
9.953613281250000000e-01 -1.813964843750000000e-01 -8.300781250000000000e-03
9.880371093750000000e-01 -2.514648437500000000e-01 -2.929687500000000000e-03
1.030761718750000000e+00 -2.207031250000000000e-01 -8.300781250000000000e-03
1.026855468750000000e+00 -1.835937500000000000e-01 -1.269531250000000000e-02
9.868164062500000000e-01 -1.616210937500000000e-01 -2.343750000000000000e-02
9.868164062500000000e-01 -1.616210937500000000e-01 -2.343750000000000000e-02
9.951171875000000000e-01 -2.097167968750000000e-01 2.905273437500000000e-02
9.938964843750000000e-01 -1.879882812500000000e-01 -7.568359375000000000e-02
1.030761718750000000e+00 -1.499023437500000000e-01 2.197265625000000000e-03
9.882812500000000000e-01 -1.420898437500000000e-01 1.489257812500000000e-02
1.022216796875000000e+00 -4.125976562500000000e-02 -2.392578125000000000e-02
1.022216796875000000e+00 -4.125976562500000000e-02 -2.392578125000000000e-02
1.068847656250000000e+00 -1.999511718750000000e-01 7.153320312500000000e-02
9.843750000000000000e-01 -1.000976562500000000e-01 -9.765625000000000000e-03
9.843750000000000000e-01 -1.000976562500000000e-01 -9.765625000000000000e-03
9.702148437500000000e-01 -1.335449218750000000e-01 -2.514648437500000000e-02
1.062988281250000000e+00 -8.715820312500000000e-02 4.882812500000000000e-03
1.016357421875000000e+00 -5.737304687500000000e-02 -3.271484375000000000e-02
9.785156250000000000e-01 -4.101562500000000000e-02 -4.028320312500000000e-02
1.027832031250000000e+00 -4.809570312500000000e-02 -1.398925781250000000e-01
8.745117187500000000e-01 -1.223144531250000000e-01 -1.547851562500000000e-01
1.389404296875000000e+00 -3.942871093750000000e-01 -4.345703125000000000e-02
1.133544921875000000e+00 -4.980468750000000000e-02 1.091308593750000000e-01
9.265136718750000000e-01 -2.128906250000000000e-01 3.210449218750000000e-01
9.548339843750000000e-01 -1.157226562500000000e-01 2.087402343750000000e-01
9.697265625000000000e-01 -2.077636718750000000e-01 1.943359375000000000e-01
1.019287109375000000e+00 -2.709960937500000000e-01 4.296875000000000000e-02
9.692382812500000000e-01 -2.568359375000000000e-01 8.154296875000000000e-02
1.007080078125000000e+00 -1.469726562500000000e-01 -3.173828125000000000e-03
1.010742187500000000e+00 -1.347656250000000000e-01 9.277343750000000000e-02
9.479980468750000000e-01 -4.587402343750000000e-01 -2.563476562500000000e-01
1.037109375000000000e+00 -3.676757812500000000e-01 -2.988281250000000000e-01
6.779785156250000000e-01 9.985351562500000000e-02 -3.171386718750000000e-01
9.677734375000000000e-01 -3.295898437500000000e-01 5.737304687500000000e-02
4.597167968750000000e-01 -2.758789062500000000e-02 -1.674804687500000000e-01
6.799316406250000000e-01 2.287597656250000000e-01 -1.320800781250000000e-01
9.604492187500000000e-01 -2.587890625000000000e-01 2.004394531250000000e-01
3.037109375000000000e-01 -2.255859375000000000e-01 2.744140625000000000e-01
1.011474609375000000e+00 -1.032714843750000000e-01 2.768554687500000000e-01
5.791015625000000000e-01 -1.479492187500000000e-01 2.612304687500000000e-01
9.775390625000000000e-01 -4.174804687500000000e-02 5.332031250000000000e-01
9.362792968750000000e-01 1.105957031250000000e-01 3.205566406250000000e-01
3.405761718750000000e-01 3.784179687500000000e-02 1.696777343750000000e-01
3.535156250000000000e-01 -2.612304687500000000e-02 7.819824218750000000e-01
1.139404296875000000e+00 2.395019531250000000e-01 1.046142578125000000e+00
2.296875000000000000e+00 1.017089843750000000e+00 3.009277343750000000e+00
1.683105468750000000e+00 -4.279785156250000000e-01 2.025634765625000000e+00
9.199218750000000000e-01 2.563476562500000000e-02 8.833007812500000000e-01
3.081054687500000000e-01 -5.908203125000000000e-02 8.349609375000000000e-01
-4.821777343750000000e-01 4.326171875000000000e-01 2.590332031250000000e-01
-2.639160156250000000e-01 9.333496093750000000e-01 5.661621093750000000e-01
-6.130371093750000000e-01 7.497558593750000000e-01 4.943847656250000000e-01
-7.219238281250000000e-01 7.644042968750000000e-01 1.150878906250000000e+00
-7.543945312500000000e-01 2.500000000000000000e-01 4.963378906250000000e-01
-3.190917968750000000e-01 2.668457031250000000e-01 1.014892578125000000e+00
-3.918457031250000000e-01 -1.464843750000000000e-02 5.573730468750000000e-01
-4.104003906250000000e-01 4.572753906250000000e-01 1.056152343750000000e+00
-4.997558593750000000e-01 7.519531250000000000e-02 1.167968750000000000e+00
-3.300781250000000000e-01 1.044921875000000000e-01 1.130615234375000000e+00
-2.666015625000000000e-01 2.595214843750000000e-01 9.255371093750000000e-01
4.604492187500000000e-01 -3.366699218750000000e-01 1.197998046875000000e+00
7.211914062500000000e-01 -2.541503906250000000e-01 1.313964843750000000e+00
7.211914062500000000e-01 -2.541503906250000000e-01 1.313964843750000000e+00
-1.408691406250000000e-01 -6.835937500000000000e-03 1.077636718750000000e+00
-3.515625000000000000e-02 -3.784179687500000000e-02 8.996582031250000000e-01
-3.515625000000000000e-02 -3.784179687500000000e-02 8.996582031250000000e-01
-1.511230468750000000e-01 9.497070312500000000e-02 1.058593750000000000e+00
-1.511230468750000000e-01 9.497070312500000000e-02 1.058593750000000000e+00
-1.193847656250000000e-01 1.484375000000000000e-01 1.170166015625000000e+00
-2.138671875000000000e-01 2.055664062500000000e-01 1.106689453125000000e+00
-5.517578125000000000e-02 1.086425781250000000e-01 1.071777343750000000e+00
-8.374023437500000000e-02 4.125976562500000000e-02 1.086425781250000000e+00
-1.708984375000000000e-02 8.300781250000000000e-02 1.053710937500000000e+00
-1.708984375000000000e-02 8.300781250000000000e-02 1.053710937500000000e+00
-1.684570312500000000e-02 8.422851562500000000e-02 1.131591796875000000e+00
-7.983398437500000000e-02 6.420898437500000000e-02 1.129638671875000000e+00
-4.296875000000000000e-02 6.274414062500000000e-02 1.047363281250000000e+00
-1.271972656250000000e-01 8.593750000000000000e-02 1.046630859375000000e+00
-1.250000000000000000e-01 9.130859375000000000e-02 1.133789062500000000e+00
-5.273437500000000000e-02 5.004882812500000000e-02 1.125244140625000000e+00
-4.418945312500000000e-02 5.761718750000000000e-02 1.060058593750000000e+00
-3.833007812500000000e-02 5.297851562500000000e-02 1.055419921875000000e+00
-3.979492187500000000e-02 4.272460937500000000e-02 1.048583984375000000e+00
-4.467773437500000000e-02 3.466796875000000000e-02 1.055908203125000000e+00
-5.419921875000000000e-02 9.106445312500000000e-02 1.053955078125000000e+00
-5.346679687500000000e-02 8.935546875000000000e-02 1.058105468750000000e+00
-5.541992187500000000e-02 9.326171875000000000e-02 1.049560546875000000e+00
-1.250000000000000000e-01 4.321289062500000000e-02 1.059326171875000000e+00
-6.225585937500000000e-02 3.735351562500000000e-02 1.055419921875000000e+00
-5.712890625000000000e-02 3.198242187500000000e-02 1.052001953125000000e+00
-5.712890625000000000e-02 3.198242187500000000e-02 1.052001953125000000e+00
-1.298828125000000000e-01 3.442382812500000000e-02 1.057128906250000000e+00
-6.201171875000000000e-02 3.173828125000000000e-02 1.048339843750000000e+00
-1.289062500000000000e-01 9.228515625000000000e-02 1.057128906250000000e+00
-1.267089843750000000e-01 3.686523437500000000e-02 1.050292968750000000e+00
-6.005859375000000000e-02 3.784179687500000000e-02 1.051269531250000000e+00
-1.267089843750000000e-01 3.613281250000000000e-02 1.055175781250000000e+00
-6.005859375000000000e-02 3.271484375000000000e-02 1.053955078125000000e+00
-5.688476562500000000e-02 9.326171875000000000e-02 1.051269531250000000e+00
-5.712890625000000000e-02 9.204101562500000000e-02 1.056152343750000000e+00
-5.493164062500000000e-02 3.222656250000000000e-02 1.056396484375000000e+00
-5.493164062500000000e-02 3.320312500000000000e-02 1.060791015625000000e+00
-5.175781250000000000e-02 3.759765625000000000e-02 1.051757812500000000e+00
-5.078125000000000000e-02 3.491210937500000000e-02 1.048828125000000000e+00
-5.126953125000000000e-02 3.491210937500000000e-02 1.049560546875000000e+00
-5.273437500000000000e-02 3.417968750000000000e-02 1.052490234375000000e+00
-5.468750000000000000e-02 3.491210937500000000e-02 1.052978515625000000e+00
-4.931640625000000000e-02 3.247070312500000000e-02 1.052734375000000000e+00
-5.224609375000000000e-02 9.277343750000000000e-02 1.048828125000000000e+00
-5.810546875000000000e-02 8.715820312500000000e-02 1.039794921875000000e+00
-1.320800781250000000e-01 3.417968750000000000e-02 1.057861328125000000e+00
-1.308593750000000000e-01 8.789062500000000000e-02 1.053466796875000000e+00
-1.293945312500000000e-01 3.125000000000000000e-02 1.053710937500000000e+00
-1.289062500000000000e-01 9.082031250000000000e-02 1.056884765625000000e+00
-1.333007812500000000e-01 8.862304687500000000e-02 1.055908203125000000e+00
-1.333007812500000000e-01 8.862304687500000000e-02 1.055908203125000000e+00
-1.298828125000000000e-01 8.496093750000000000e-02 1.050537109375000000e+00
-1.401367187500000000e-01 8.496093750000000000e-02 1.050537109375000000e+00
-1.435546875000000000e-01 8.959960937500000000e-02 1.054443359375000000e+00
-1.420898437500000000e-01 8.935546875000000000e-02 1.052001953125000000e+00
-1.467285156250000000e-01 8.276367187500000000e-02 1.050537109375000000e+00
-1.442871093750000000e-01 8.813476562500000000e-02 1.053710937500000000e+00
-1.452636718750000000e-01 8.862304687500000000e-02 1.058593750000000000e+00
-1.408691406250000000e-01 8.642578125000000000e-02 1.052490234375000000e+00
-1.418457031250000000e-01 9.155273437500000000e-02 1.053222656250000000e+00
-1.447753906250000000e-01 8.911132812500000000e-02 1.056640625000000000e+00
-1.447753906250000000e-01 8.911132812500000000e-02 1.056640625000000000e+00
-1.413574218750000000e-01 8.813476562500000000e-02 1.049804687500000000e+00
-1.406250000000000000e-01 8.862304687500000000e-02 1.059814453125000000e+00
-1.342773437500000000e-01 8.764648437500000000e-02 1.062255859375000000e+00
-1.359863281250000000e-01 8.984375000000000000e-02 1.047607421875000000e+00
-1.364746093750000000e-01 8.911132812500000000e-02 1.057373046875000000e+00
-1.411132812500000000e-01 8.886718750000000000e-02 1.048095703125000000e+00
-1.337890625000000000e-01 8.813476562500000000e-02 1.061279296875000000e+00
-1.342773437500000000e-01 3.222656250000000000e-02 1.053466796875000000e+00
-1.333007812500000000e-01 9.228515625000000000e-02 1.057861328125000000e+00
-1.340332031250000000e-01 8.911132812500000000e-02 1.045898437500000000e+00
-1.369628906250000000e-01 8.813476562500000000e-02 1.054687500000000000e+00
-1.384277343750000000e-01 9.008789062500000000e-02 1.049560546875000000e+00
-1.374511718750000000e-01 9.130859375000000000e-02 1.056884765625000000e+00
-1.345214843750000000e-01 8.911132812500000000e-02 1.051757812500000000e+00
-1.320800781250000000e-01 9.106445312500000000e-02 1.059814453125000000e+00
-1.386718750000000000e-01 8.837890625000000000e-02 1.054443359375000000e+00
-1.340332031250000000e-01 9.179687500000000000e-02 1.056152343750000000e+00
-1.362304687500000000e-01 8.447265625000000000e-02 1.052978515625000000e+00
-1.374511718750000000e-01 8.837890625000000000e-02 1.053222656250000000e+00
-1.386718750000000000e-01 8.813476562500000000e-02 1.051513671875000000e+00
-1.403808593750000000e-01 8.984375000000000000e-02 1.049316406250000000e+00
-1.318359375000000000e-01 8.398437500000000000e-02 1.054931640625000000e+00
-1.401367187500000000e-01 8.740234375000000000e-02 1.035888671875000000e+00
-1.450195312500000000e-01 8.813476562500000000e-02 1.053955078125000000e+00
-1.452636718750000000e-01 8.715820312500000000e-02 1.052978515625000000e+00
-1.423339843750000000e-01 8.276367187500000000e-02 1.045410156250000000e+00
-1.423339843750000000e-01 8.276367187500000000e-02 1.045410156250000000e+00
-1.501464843750000000e-01 8.544921875000000000e-02 1.050781250000000000e+00
-1.513671875000000000e-01 8.740234375000000000e-02 1.047607421875000000e+00
-1.464843750000000000e-01 8.374023437500000000e-02 1.056396484375000000e+00
-1.464843750000000000e-01 8.374023437500000000e-02 1.056396484375000000e+00
-1.496582031250000000e-01 8.544921875000000000e-02 1.053222656250000000e+00
-1.499023437500000000e-01 8.789062500000000000e-02 1.050781250000000000e+00
-1.486816406250000000e-01 8.691406250000000000e-02 1.054443359375000000e+00
-1.467285156250000000e-01 8.666992187500000000e-02 1.048339843750000000e+00
-1.455078125000000000e-01 8.471679687500000000e-02 1.058105468750000000e+00
-1.467285156250000000e-01 8.496093750000000000e-02 1.050781250000000000e+00
-1.440429687500000000e-01 8.886718750000000000e-02 1.052246093750000000e+00
-1.408691406250000000e-01 8.715820312500000000e-02 1.056640625000000000e+00
-1.418457031250000000e-01 8.789062500000000000e-02 1.051269531250000000e+00
-1.403808593750000000e-01 8.935546875000000000e-02 1.053222656250000000e+00
