9.289550781250000000e-01 -1.877441406250000000e-01 -2.731933593750000000e-01
9.289550781250000000e-01 -1.877441406250000000e-01 -2.731933593750000000e-01
9.235839843750000000e-01 -1.899414062500000000e-01 -2.731933593750000000e-01
9.235839843750000000e-01 -1.899414062500000000e-01 -2.731933593750000000e-01
9.208984375000000000e-01 -2.011718750000000000e-01 -2.797851562500000000e-01
9.267578125000000000e-01 -1.972656250000000000e-01 -2.790527343750000000e-01
9.228515625000000000e-01 -1.989746093750000000e-01 -2.312011718750000000e-01
9.262695312500000000e-01 -1.972656250000000000e-01 -2.785644531250000000e-01
9.270019531250000000e-01 -1.977539062500000000e-01 -2.219238281250000000e-01
9.250488281250000000e-01 -2.011718750000000000e-01 -2.211914062500000000e-01
9.260253906250000000e-01 -1.247558593750000000e-01 -2.805175781250000000e-01
9.267578125000000000e-01 -1.218261718750000000e-01 -2.211914062500000000e-01
9.211425781250000000e-01 -1.918945312500000000e-01 -2.216796875000000000e-01
9.262695312500000000e-01 -1.235351562500000000e-01 -2.207031250000000000e-01
9.252929687500000000e-01 -1.933593750000000000e-01 -2.204589843750000000e-01
9.238281250000000000e-01 -1.926269531250000000e-01 -2.272949218750000000e-01
9.252929687500000000e-01 -1.914062500000000000e-01 -2.238769531250000000e-01
9.265136718750000000e-01 -1.945800781250000000e-01 -2.258300781250000000e-01
9.199218750000000000e-01 -1.906738281250000000e-01 -2.263183593750000000e-01
9.309082031250000000e-01 -1.894531250000000000e-01 -2.258300781250000000e-01
9.267578125000000000e-01 -1.926269531250000000e-01 -2.329101562500000000e-01
9.206542968750000000e-01 -1.889648437500000000e-01 -2.299804687500000000e-01
9.182128906250000000e-01 -1.953125000000000000e-01 -2.280273437500000000e-01
9.216308593750000000e-01 -1.901855468750000000e-01 -2.194824218750000000e-01
9.289550781250000000e-01 -1.894531250000000000e-01 -2.229003906250000000e-01
9.287109375000000000e-01 -1.911621093750000000e-01 -2.802734375000000000e-01
9.267578125000000000e-01 -1.228027343750000000e-01 -2.805175781250000000e-01
9.316406250000000000e-01 -1.210937500000000000e-01 -2.751464843750000000e-01
9.284667968750000000e-01 -1.218261718750000000e-01 -2.697753906250000000e-01
1.019531250000000000e+00 -1.140136718750000000e-01 -2.785644531250000000e-01
9.592285156250000000e-01 -1.047363281250000000e-01 -2.548828125000000000e-01
1.007324218750000000e+00 -1.032714843750000000e-01 -2.739257812500000000e-01
9.782714843750000000e-01 -2.045898437500000000e-01 -1.801757812500000000e-01
9.299316406250000000e-01 -1.533203125000000000e-01 -1.767578125000000000e-01
1.006835937500000000e+00 -9.912109375000000000e-02 -1.691894531250000000e-01
9.362792968750000000e-01 -1.230468750000000000e-01 -1.718750000000000000e-01
1.017822265625000000e+00 -1.103515625000000000e-01 -2.104492187500000000e-01
1.006103515625000000e+00 -1.015625000000000000e-01 -1.811523437500000000e-01
1.008056640625000000e+00 -1.118164062500000000e-01 -1.613769531250000000e-01
1.004150390625000000e+00 -9.814453125000000000e-02 -1.799316406250000000e-01
1.004150390625000000e+00 -9.814453125000000000e-02 -1.799316406250000000e-01
1.018066406250000000e+00 -9.960937500000000000e-02 -2.177734375000000000e-01
1.018066406250000000e+00 -9.960937500000000000e-02 -2.177734375000000000e-01
1.019287109375000000e+00 -1.108398437500000000e-01 -2.185058593750000000e-01
1.017333984375000000e+00 -9.545898437500000000e-02 -1.945800781250000000e-01
9.335937500000000000e-01 -1.013183593750000000e-01 -2.170410156250000000e-01
1.015136718750000000e+00 -1.088867187500000000e-01 -1.572265625000000000e-01
1.014160156250000000e+00 -1.066894531250000000e-01 -2.106933593750000000e-01
1.007568359375000000e+00 -1.020507812500000000e-01 -1.672363281250000000e-01
9.147949218750000000e-01 -1.044921875000000000e-01 -1.591796875000000000e-01
1.020507812500000000e+00 -9.423828125000000000e-02 -1.872558593750000000e-01
9.221191406250000000e-01 -1.083984375000000000e-01 -2.700195312500000000e-01
8.652343750000000000e-01 -1.123046875000000000e-01 -2.416992187500000000e-01
6.818847656250000000e-01 -1.218261718750000000e-01 -3.059082031250000000e-01
4.519042968750000000e-01 -1.533203125000000000e-01 -1.235351562500000000e-01
2.402343750000000000e-01 -3.759765625000000000e-02 3.833007812500000000e-02
4.841308593750000000e-01 8.789062500000000000e-03 2.124023437500000000e-01
8.115234375000000000e-01 -7.617187500000000000e-02 -2.397460937500000000e-01
1.325927734375000000e+00 -1.013183593750000000e-01 -3.137207031250000000e-01
8.671875000000000000e-01 -1.950683593750000000e-01 -7.495117187500000000e-02
9.501953125000000000e-01 -3.100585937500000000e-02 2.246093750000000000e-02
1.065673828125000000e+00 -8.496093750000000000e-02 1.201171875000000000e-01
6.987304687500000000e-01 -9.643554687500000000e-02 1.035156250000000000e-01
3.747558593750000000e-01 -9.008789062500000000e-02 4.165039062500000000e-01
1.065917968750000000e+00 2.866210937500000000e-01 1.299072265625000000e+00
2.383056640625000000e+00 8.305664062500000000e-01 3.629882812500000000e+00
3.144531250000000000e-01 3.911132812500000000e-01 1.654052734375000000e+00
2.014160156250000000e-01 -3.393554687500000000e-02 9.238281250000000000e-01
1.701660156250000000e-01 2.478027343750000000e-01 7.360839843750000000e-01
-5.263671875000000000e-01 4.970703125000000000e-01 7.812500000000000000e-01
-6.201171875000000000e-01 1.586914062500000000e-01 1.063720703125000000e+00
-8.791503906250000000e-01 1.630859375000000000e-01 1.208496093750000000e+00
-2.255859375000000000e-01 -2.294921875000000000e-02 1.017578125000000000e+00
-3.083496093750000000e-01 3.906250000000000000e-03 8.872070312500000000e-01
-1.472167968750000000e-01 -8.276367187500000000e-02 8.039550781250000000e-01
6.884765625000000000e-02 1.455078125000000000e-01 1.139648437500000000e+00
1.608886718750000000e-01 4.345703125000000000e-02 1.167968750000000000e+00
1.691894531250000000e-01 5.346679687500000000e-02 1.305664062500000000e+00
2.414550781250000000e-01 -4.882812500000000000e-04 1.017822265625000000e+00
2.414550781250000000e-01 -4.882812500000000000e-04 1.017822265625000000e+00
1.154785156250000000e+00 3.227539062500000000e-01 8.125000000000000000e-01
1.154785156250000000e+00 3.227539062500000000e-01 8.125000000000000000e-01
4.279785156250000000e-01 4.294433593750000000e-01 9.855957031250000000e-01
2.534179687500000000e-01 2.734375000000000000e-02 6.696777343750000000e-01
3.605957031250000000e-01 2.360839843750000000e-01 8.605957031250000000e-01
1.833496093750000000e-01 1.533203125000000000e-01 1.052734375000000000e+00
3.889160156250000000e-01 1.586914062500000000e-01 1.289306640625000000e+00
8.251953125000000000e-02 1.457519531250000000e-01 1.216796875000000000e+00
2.243652343750000000e-01 8.496093750000000000e-02 9.155273437500000000e-01
4.680175781250000000e-01 3.417968750000000000e-02 9.211425781250000000e-01
4.978027343750000000e-01 7.299804687500000000e-02 9.074707031250000000e-01
5.017089843750000000e-01 1.535644531250000000e-01 1.014648437500000000e+00
3.679199218750000000e-01 2.583007812500000000e-01 9.877929687500000000e-01
3.088378906250000000e-01 1.796875000000000000e-01 1.085937500000000000e+00
2.854003906250000000e-01 2.163085937500000000e-01 1.137939453125000000e+00
3.032226562500000000e-01 1.472167968750000000e-01 1.072753906250000000e+00
4.504394531250000000e-01 1.306152343750000000e-01 9.846191406250000000e-01
4.216308593750000000e-01 5.273437500000000000e-02 9.738769531250000000e-01
4.477539062500000000e-01 1.372070312500000000e-01 1.031250000000000000e+00
3.559570312500000000e-01 1.008300781250000000e-01 9.794921875000000000e-01
3.459472656250000000e-01 1.127929687500000000e-01 9.943847656250000000e-01
4.062500000000000000e-01 1.027832031250000000e-01 1.080322265625000000e+00
3.627929687500000000e-01 9.863281250000000000e-02 9.934082031250000000e-01
4.379882812500000000e-01 9.570312500000000000e-02 9.709472656250000000e-01
3.728027343750000000e-01 9.887695312500000000e-02 9.721679687500000000e-01
3.603515625000000000e-01 9.643554687500000000e-02 9.831542968750000000e-01
3.579101562500000000e-01 1.533203125000000000e-01 9.868164062500000000e-01
3.540039062500000000e-01 1.547851562500000000e-01 9.902343750000000000e-01
3.596191406250000000e-01 1.538085937500000000e-01 9.809570312500000000e-01
3.654785156250000000e-01 9.692382812500000000e-02 9.741210937500000000e-01
3.613281250000000000e-01 1.533203125000000000e-01 9.973144531250000000e-01
3.549804687500000000e-01 1.096191406250000000e-01 1.065429687500000000e+00
3.513183593750000000e-01 1.047363281250000000e-01 9.953613281250000000e-01
4.440917968750000000e-01 1.552734375000000000e-01 1.021484375000000000e+00
3.479003906250000000e-01 9.814453125000000000e-02 9.746093750000000000e-01
3.645019531250000000e-01 1.533203125000000000e-01 9.960937500000000000e-01
3.723144531250000000e-01 1.484375000000000000e-01 9.780273437500000000e-01
3.549804687500000000e-01 1.057128906250000000e-01 9.865722656250000000e-01
3.549804687500000000e-01 1.057128906250000000e-01 9.865722656250000000e-01
3.666992187500000000e-01 1.076660156250000000e-01 9.819335937500000000e-01
3.666992187500000000e-01 1.076660156250000000e-01 9.819335937500000000e-01
3.688964843750000000e-01 9.960937500000000000e-02 9.812011718750000000e-01
3.571777343750000000e-01 9.741210937500000000e-02 9.875488281250000000e-01
3.637695312500000000e-01 1.538085937500000000e-01 9.914550781250000000e-01
3.637695312500000000e-01 1.538085937500000000e-01 9.914550781250000000e-01
3.713378906250000000e-01 9.570312500000000000e-02 9.873046875000000000e-01
3.720703125000000000e-01 1.010742187500000000e-01 9.914550781250000000e-01
3.715820312500000000e-01 1.535644531250000000e-01 9.838867187500000000e-01
3.559570312500000000e-01 9.863281250000000000e-02 9.797363281250000000e-01
3.659667968750000000e-01 9.887695312500000000e-02 9.938964843750000000e-01
4.272460937500000000e-01 1.059570312500000000e-01 1.137207031250000000e+00
3.811035156250000000e-01 1.030273437500000000e-01 1.023193359375000000e+00
3.835449218750000000e-01 9.399414062500000000e-02 9.074707031250000000e-01
3.937988281250000000e-01 1.147460937500000000e-01 9.970703125000000000e-01
3.742675781250000000e-01 1.008300781250000000e-01 1.063232421875000000e+00
3.554687500000000000e-01 9.741210937500000000e-02 1.068603515625000000e+00
3.471679687500000000e-01 1.555175781250000000e-01 9.958496093750000000e-01
3.588867187500000000e-01 1.530761718750000000e-01 9.792480468750000000e-01
3.623046875000000000e-01 1.491699218750000000e-01 9.819335937500000000e-01
3.635253906250000000e-01 9.667968750000000000e-02 9.875488281250000000e-01
3.562011718750000000e-01 1.064453125000000000e-01 9.875488281250000000e-01
3.710937500000000000e-01 9.814453125000000000e-02 9.826660156250000000e-01
3.645019531250000000e-01 9.619140625000000000e-02 9.821777343750000000e-01
3.657226562500000000e-01 1.511230468750000000e-01 9.833984375000000000e-01
3.676757812500000000e-01 1.479492187500000000e-01 9.860839843750000000e-01
3.645019531250000000e-01 1.479492187500000000e-01 9.855957031250000000e-01
3.696289062500000000e-01 1.533203125000000000e-01 9.824218750000000000e-01
3.620605468750000000e-01 9.448242187500000000e-02 1.065673828125000000e+00
3.728027343750000000e-01 9.570312500000000000e-02 9.836425781250000000e-01
3.647460937500000000e-01 9.594726562500000000e-02 9.951171875000000000e-01
3.723144531250000000e-01 1.545410156250000000e-01 9.892578125000000000e-01
3.706054687500000000e-01 1.486816406250000000e-01 9.780273437500000000e-01
3.693847656250000000e-01 1.499023437500000000e-01 9.833984375000000000e-01
3.698730468750000000e-01 1.479492187500000000e-01 9.826660156250000000e-01
3.625488281250000000e-01 9.375000000000000000e-02 9.746093750000000000e-01
3.659667968750000000e-01 1.538085937500000000e-01 9.819335937500000000e-01
3.713378906250000000e-01 1.557617187500000000e-01 9.785156250000000000e-01
3.713378906250000000e-01 1.557617187500000000e-01 9.785156250000000000e-01
3.671875000000000000e-01 1.520996093750000000e-01 9.838867187500000000e-01
3.671875000000000000e-01 1.520996093750000000e-01 9.838867187500000000e-01
3.723144531250000000e-01 1.511230468750000000e-01 9.760742187500000000e-01
3.696289062500000000e-01 1.503906250000000000e-01 9.816894531250000000e-01
3.732910156250000000e-01 1.511230468750000000e-01 9.838867187500000000e-01
3.740234375000000000e-01 1.545410156250000000e-01 9.819335937500000000e-01
4.377441406250000000e-01 1.535644531250000000e-01 9.887695312500000000e-01
3.710937500000000000e-01 1.508789062500000000e-01 9.838867187500000000e-01
3.747558593750000000e-01 1.481933593750000000e-01 9.882812500000000000e-01
3.737792968750000000e-01 1.503906250000000000e-01 9.831542968750000000e-01
3.718261718750000000e-01 1.486816406250000000e-01 9.855957031250000000e-01
3.696289062500000000e-01 1.550292968750000000e-01 9.895019531250000000e-01
3.750000000000000000e-01 1.469726562500000000e-01 9.782714843750000000e-01
3.715820312500000000e-01 1.535644531250000000e-01 9.860839843750000000e-01
4.431152343750000000e-01 1.506347656250000000e-01 9.877929687500000000e-01
3.688964843750000000e-01 1.533203125000000000e-01 9.770507812500000000e-01
3.708496093750000000e-01 1.489257812500000000e-01 9.838867187500000000e-01
3.715820312500000000e-01 1.538085937500000000e-01 9.812011718750000000e-01
3.732910156250000000e-01 1.496582031250000000e-01 9.782714843750000000e-01
3.688964843750000000e-01 1.552734375000000000e-01 9.787597656250000000e-01
3.718261718750000000e-01 1.533203125000000000e-01 9.824218750000000000e-01
3.698730468750000000e-01 1.540527343750000000e-01 9.846191406250000000e-01
3.730468750000000000e-01 1.520996093750000000e-01 9.895019531250000000e-01
4.382324218750000000e-01 1.472167968750000000e-01 9.836425781250000000e-01
3.732910156250000000e-01 1.530761718750000000e-01 9.816894531250000000e-01
3.735351562500000000e-01 1.486816406250000000e-01 9.838867187500000000e-01
3.720703125000000000e-01 1.511230468750000000e-01 9.931640625000000000e-01
3.735351562500000000e-01 1.508789062500000000e-01 9.855957031250000000e-01
3.718261718750000000e-01 1.525878906250000000e-01 9.809570312500000000e-01
3.732910156250000000e-01 1.508789062500000000e-01 9.804687500000000000e-01
3.681640625000000000e-01 1.506347656250000000e-01 9.895019531250000000e-01
4.392089843750000000e-01 1.494140625000000000e-01 9.799804687500000000e-01
3.671875000000000000e-01 1.459960937500000000e-01 9.829101562500000000e-01
3.715820312500000000e-01 1.489257812500000000e-01 9.865722656250000000e-01
4.409179687500000000e-01 1.491699218750000000e-01 9.851074218750000000e-01
3.725585937500000000e-01 1.477050781250000000e-01 9.807128906250000000e-01
3.718261718750000000e-01 1.489257812500000000e-01 9.826660156250000000e-01
3.696289062500000000e-01 1.528320312500000000e-01 9.829101562500000000e-01
3.696289062500000000e-01 1.528320312500000000e-01 9.829101562500000000e-01
3.730468750000000000e-01 1.484375000000000000e-01 9.782714843750000000e-01
3.730468750000000000e-01 1.484375000000000000e-01 9.782714843750000000e-01
3.742675781250000000e-01 1.511230468750000000e-01 9.904785156250000000e-01
