1.030517577999999990e+00 -1.030273440000000068e-01 -1.965332029999999897e-01
1.030517577999999990e+00 -1.030273440000000068e-01 -1.965332029999999897e-01
1.030517577999999990e+00 -1.030273440000000068e-01 -1.965332029999999897e-01
9.951171880000000414e-01 -1.406250000000000000e-01 -2.104492189999999929e-01
1.020263672000000010e+00 -1.035156250000000000e-01 -1.955566410000000033e-01
1.020263672000000010e+00 -1.035156250000000000e-01 -1.955566410000000033e-01
1.022705077999999990e+00 -1.408691410000000033e-01 -2.045898439999999929e-01
1.012451172000000010e+00 -1.381835939999999929e-01 -2.172851560000000071e-01
1.016113280999999979e+00 -1.455078130000000136e-01 -1.579589839999999967e-01
1.016113280999999979e+00 -1.455078130000000136e-01 -1.579589839999999967e-01
1.014160155999999979e+00 -9.594726600000000327e-02 -2.182617189999999929e-01
1.007568358999999969e+00 -1.025390629999999997e-01 -2.050781250000000000e-01
9.785156250000000000e-01 -1.406250000000000000e-01 -1.738281250000000000e-01
9.367675779999999897e-01 -1.501464839999999967e-01 -2.082519529999999897e-01
9.323730470000000103e-01 -1.423339839999999967e-01 -2.519531250000000000e-01
1.021728516000000031e+00 -9.936523399999999673e-02 -1.872558589999999967e-01
9.206542970000000103e-01 -1.545410160000000033e-01 -1.728515630000000136e-01
9.304199220000000103e-01 -1.433105470000000103e-01 -1.831054689999999929e-01
1.028076172000000010e+00 -1.101074219999999965e-01 -2.062988279999999897e-01
1.016113280999999979e+00 -1.035156250000000000e-01 -1.716308589999999967e-01
9.345703130000000414e-01 -1.882324220000000103e-01 -2.597656250000000000e-01
1.012451172000000010e+00 -1.191406250000000000e-01 -1.635742189999999929e-01
1.018310547000000010e+00 -1.086425780000000035e-01 -2.512207029999999897e-01
9.355468750000000000e-01 -9.521484400000000681e-02 -2.800292970000000103e-01
9.274902339999999690e-01 -1.950683589999999967e-01 -2.258300779999999897e-01
9.145507809999999793e-01 -1.389160160000000033e-01 -2.373046880000000136e-01
9.145507809999999793e-01 -1.389160160000000033e-01 -2.373046880000000136e-01
9.572753910000000310e-01 -2.067871089999999967e-01 -2.248535160000000033e-01
9.572753910000000310e-01 -2.067871089999999967e-01 -2.248535160000000033e-01
9.174804690000000207e-01 -1.145019530000000035e-01 -2.453613279999999897e-01
1.077880858999999969e+00 -1.206054690000000068e-01 -1.711425779999999897e-01
9.345703130000000414e-01 -1.184082030000000035e-01 -1.596679689999999929e-01
9.729003910000000310e-01 -1.137695309999999932e-01 -1.098632809999999932e-01
9.814453130000000414e-01 -4.028320299999999660e-02 -1.967773439999999929e-01
1.008056641000000031e+00 -9.448242199999999646e-02 -1.682128910000000033e-01
9.506835940000000207e-01 -1.962890630000000136e-01 -2.299804689999999929e-01
1.004882813000000041e+00 -7.592773399999999673e-02 -2.770996090000000245e-01
8.674316410000000310e-01 -2.021484380000000136e-01 -2.128906250000000000e-01
9.245605470000000103e-01 -1.357421880000000136e-01 -4.160156250000000000e-01
1.064453125000000000e+00 -4.296875000000000000e-02 -3.488769529999999897e-01
1.064453125000000000e+00 -4.296875000000000000e-02 -3.488769529999999897e-01
1.064453125000000000e+00 -4.296875000000000000e-02 -3.488769529999999897e-01
8.525390630000000414e-01 -1.979980470000000103e-01 -1.623535160000000033e-01
1.034912108999999969e+00 -9.399414100000000327e-02 -2.355957029999999897e-01
8.488769529999999897e-01 -2.050781299999999974e-02 -1.643066410000000033e-01
8.867187500000000000e-01 -1.345214839999999967e-01 -7.543945300000000354e-02
7.939453130000000414e-01 -2.922363279999999897e-01 -3.303222659999999755e-01
9.321289059999999793e-01 1.447753910000000033e-01 -3.737792970000000103e-01
2.690429690000000207e-01 -3.635253909999999755e-01 -6.591796900000000681e-02
1.003662108999999969e+00 9.838867199999999646e-02 -1.967773439999999929e-01
4.934082029999999897e-01 1.364746089999999967e-01 -5.200195299999999660e-02
4.934082029999999897e-01 1.364746089999999967e-01 -5.200195299999999660e-02
6.140136720000000103e-01 -1.879882800000000007e-02 -2.270507800000000007e-02
4.870605470000000103e-01 6.274414100000000327e-02 1.193847660000000033e-01
5.671386720000000103e-01 -6.250000000000000000e-02 2.131347660000000033e-01
1.086425780000000035e-01 -1.628417970000000103e-01 2.531738279999999897e-01
2.629394529999999897e-01 8.715820300000000354e-02 1.298828130000000136e-01
2.832031299999999974e-02 -2.807617199999999993e-02 1.437988279999999897e-01
2.062988280999999979e+00 1.026123047000000010e+00 1.354003905999999979e+00
4.008300780999999979e+00 2.498779297000000010e+00 2.989990233999999969e+00
1.598144530999999979e+00 -1.750488279999999897e-01 3.758544922000000010e+00
1.762939452999999990e+00 -2.331542970000000103e-01 9.375000000000000000e-01
-6.518554690000000207e-01 5.168457029999999897e-01 2.626953129999999859e-01
-7.263183589999999690e-01 7.243652339999999690e-01 3.330078129999999859e-01
2.504882809999999793e-01 -9.497070300000000354e-02 1.318359380000000136e-01
-6.987304690000000207e-01 3.955078129999999859e-01 8.549804690000000207e-01
-5.458984380000000414e-01 1.401367189999999929e-01 1.387207030999999979e+00
-2.192382810000000071e-01 -7.094726559999999793e-01 1.410400391000000031e+00
-6.567382800000000354e-02 -3.215332029999999897e-01 1.310302733999999969e+00
4.177246090000000245e-01 -1.799316410000000033e-01 1.047851563000000041e+00
2.863769529999999897e-01 -4.294433590000000245e-01 9.416503910000000310e-01
3.918457029999999897e-01 -2.448730470000000103e-01 8.549804690000000207e-01
4.624023440000000207e-01 9.770000000000000039e-04 9.899902339999999690e-01
3.569335940000000207e-01 -4.565429700000000340e-02 1.031005858999999969e+00
3.835449220000000103e-01 2.197265600000000013e-02 9.729003910000000310e-01
4.018554690000000207e-01 1.967773439999999929e-01 1.060791016000000031e+00
2.766113279999999897e-01 1.958007810000000071e-01 1.134277344000000021e+00
1.638183589999999967e-01 5.444335899999999673e-02 1.127929688000000041e+00
2.590332029999999897e-01 6.323242199999999646e-02 1.076660155999999979e+00
1.708984380000000136e-01 1.416015600000000013e-02 1.031494141000000031e+00
2.150878910000000033e-01 -4.003906299999999974e-02 1.052001952999999990e+00
1.684570310000000071e-01 -5.957031299999999974e-02 1.135986327999999990e+00
1.723632810000000071e-01 -5.932617200000000340e-02 1.105957030999999979e+00
1.691894529999999897e-01 -3.247070299999999660e-02 1.085937500000000000e+00
1.572265630000000136e-01 1.586914099999999980e-02 1.040283202999999990e+00
1.718750000000000000e-01 -2.954101599999999980e-02 1.042724608999999969e+00
1.813964839999999967e-01 -2.709960900000000020e-02 1.059814452999999990e+00
1.774902339999999967e-01 -1.196289099999999980e-02 1.046142577999999990e+00
1.750488279999999897e-01 -2.172851599999999980e-02 1.035888672000000010e+00
1.694335939999999929e-01 2.172851599999999980e-02 1.041015625000000000e+00
1.643066410000000033e-01 4.882812999999999737e-03 1.060791016000000031e+00
1.643066410000000033e-01 1.464844000000000085e-03 1.046142577999999990e+00
1.755371089999999967e-01 2.929688000000000171e-03 1.050048827999999990e+00
1.804199220000000103e-01 9.033203000000000066e-03 1.048828125000000000e+00
2.521972659999999755e-01 1.733398400000000020e-02 1.055908202999999990e+00
1.796875000000000000e-01 2.587890600000000013e-02 1.034179688000000041e+00
1.755371089999999967e-01 2.172851599999999980e-02 1.062255858999999969e+00
1.745605470000000103e-01 1.269531299999999974e-02 1.040527344000000021e+00
1.647949220000000103e-01 1.269531299999999974e-02 1.047119141000000031e+00
2.185058589999999967e-01 1.049804699999999993e-02 1.055664063000000041e+00
2.124023439999999929e-01 1.342773400000000020e-02 1.049804688000000041e+00
2.080078130000000136e-01 1.782226599999999980e-02 1.054687500000000000e+00
2.050781250000000000e-01 2.270507800000000007e-02 1.050292969000000021e+00
2.050781250000000000e-01 2.270507800000000007e-02 1.050292969000000021e+00
2.050781250000000000e-01 2.270507800000000007e-02 1.050292969000000021e+00
2.038574220000000103e-01 2.124023400000000020e-02 1.061767577999999990e+00
2.009277339999999967e-01 2.075195300000000007e-02 1.052246094000000021e+00
2.114257810000000071e-01 1.391601599999999980e-02 1.057373047000000010e+00
2.009277339999999967e-01 1.904296899999999987e-02 1.049072266000000031e+00
1.979980470000000103e-01 1.660156299999999974e-02 1.057373047000000010e+00
1.953125000000000000e-01 1.977539099999999980e-02 1.054931641000000031e+00
1.975097660000000033e-01 1.660156299999999974e-02 1.061279297000000010e+00
1.894531250000000000e-01 2.539062500000000000e-02 1.131591797000000010e+00
1.906738279999999897e-01 1.855468799999999974e-02 1.059082030999999979e+00
1.936035160000000033e-01 1.708984399999999987e-02 1.059570313000000041e+00
1.953125000000000000e-01 1.733398400000000020e-02 1.053466797000000010e+00
1.975097660000000033e-01 1.733398400000000020e-02 1.055664063000000041e+00
1.989746089999999967e-01 2.368164099999999980e-02 1.058593750000000000e+00
1.999511720000000103e-01 1.782226599999999980e-02 1.125976563000000041e+00
2.033691410000000033e-01 2.099609399999999987e-02 1.059082030999999979e+00
2.075195310000000071e-01 2.124023400000000020e-02 1.051757813000000041e+00
2.106933589999999967e-01 2.270507800000000007e-02 1.062011719000000021e+00
2.104492189999999929e-01 1.977539099999999980e-02 1.055419922000000010e+00
1.586914060000000071e-01 2.270507800000000007e-02 1.052734375000000000e+00
1.574707029999999897e-01 1.684570300000000007e-02 1.057861327999999990e+00
1.601562500000000000e-01 1.977539099999999980e-02 1.044921875000000000e+00
1.582031250000000000e-01 1.391601599999999980e-02 1.056884766000000031e+00
1.691894529999999897e-01 2.148437500000000000e-02 1.055419922000000010e+00
2.131347660000000033e-01 1.953125000000000000e-02 1.042968750000000000e+00
2.092285160000000033e-01 2.319335900000000020e-02 1.058105469000000021e+00
2.116699220000000103e-01 1.416015600000000013e-02 1.053710938000000041e+00
2.116699220000000103e-01 1.416015600000000013e-02 1.053710938000000041e+00
2.062988279999999897e-01 1.757812500000000000e-02 1.050537108999999969e+00
2.062988279999999897e-01 1.757812500000000000e-02 1.050537108999999969e+00
1.987304689999999929e-01 2.050781299999999974e-02 1.060058594000000021e+00
1.926269529999999897e-01 1.855468799999999974e-02 1.052734375000000000e+00
1.931152339999999967e-01 1.855468799999999974e-02 1.059082030999999979e+00
1.152343750000000000e-01 1.318359399999999987e-02 1.060546875000000000e+00
1.152343750000000000e-01 1.806640600000000013e-02 1.059082030999999979e+00
1.057128910000000033e-01 8.789062999999999737e-03 1.127685547000000010e+00
1.159667969999999965e-01 1.538085900000000020e-02 1.128906250000000000e+00
1.064453129999999997e-01 1.904296899999999987e-02 1.061523438000000041e+00
1.093750000000000000e-01 1.147460900000000020e-02 1.057128905999999979e+00
1.030273440000000068e-01 1.391601599999999980e-02 1.060302733999999969e+00
1.003417969999999965e-01 9.765625000000000000e-03 1.125976563000000041e+00
1.027832030000000035e-01 1.611328100000000013e-02 1.060302733999999969e+00
1.047363280000000035e-01 1.855468799999999974e-02 1.125244141000000031e+00
1.059570309999999932e-01 1.513671899999999987e-02 1.055175780999999979e+00
1.047363280000000035e-01 1.342773400000000020e-02 1.125732422000000010e+00
1.118164059999999932e-01 1.684570300000000007e-02 1.060546875000000000e+00
1.069335940000000068e-01 1.660156299999999974e-02 1.126953125000000000e+00
1.064453129999999997e-01 1.977539099999999980e-02 1.053222655999999979e+00
1.091308589999999967e-01 1.977539099999999980e-02 1.129394530999999979e+00
1.186523440000000068e-01 2.075195300000000007e-02 1.060058594000000021e+00
1.206054690000000068e-01 2.392578100000000013e-02 1.055908202999999990e+00
1.223144530000000035e-01 2.026367199999999993e-02 1.048828125000000000e+00
1.230468750000000000e-01 1.879882800000000007e-02 1.127929688000000041e+00
1.899414060000000071e-01 2.148437500000000000e-02 1.055908202999999990e+00
1.936035160000000033e-01 2.392578100000000013e-02 1.051269530999999979e+00
1.987304689999999929e-01 2.587890600000000013e-02 1.049560547000000010e+00
2.038574220000000103e-01 2.416992199999999993e-02 1.050781250000000000e+00
2.038574220000000103e-01 2.416992199999999993e-02 1.050781250000000000e+00
2.048339839999999967e-01 2.441406299999999974e-02 1.049072266000000031e+00
2.104492189999999929e-01 2.001953100000000013e-02 1.047851563000000041e+00
2.038574220000000103e-01 2.124023400000000020e-02 1.049072266000000031e+00
2.045898439999999929e-01 2.441406299999999974e-02 1.059814452999999990e+00
1.992187500000000000e-01 2.343750000000000000e-02 1.058837891000000031e+00
1.979980470000000103e-01 2.441406299999999974e-02 1.126953125000000000e+00
2.004394529999999897e-01 2.441406299999999974e-02 1.049316405999999979e+00
1.967773439999999929e-01 2.636718799999999974e-02 1.059326172000000010e+00
1.894531250000000000e-01 2.099609399999999987e-02 1.060302733999999969e+00
1.208496089999999967e-01 1.977539099999999980e-02 1.052734375000000000e+00
1.169433589999999967e-01 1.708984399999999987e-02 1.128173827999999990e+00
1.169433589999999967e-01 1.708984399999999987e-02 1.128173827999999990e+00
1.140136719999999965e-01 2.075195300000000007e-02 1.058837891000000031e+00
1.108398440000000068e-01 1.855468799999999974e-02 1.054199219000000021e+00
1.115722660000000033e-01 1.538085900000000020e-02 1.054687500000000000e+00
1.049804690000000068e-01 1.391601599999999980e-02 1.131347655999999979e+00
1.083984379999999997e-01 9.765625000000000000e-03 1.054687500000000000e+00
1.008300780000000035e-01 1.416015600000000013e-02 1.060058594000000021e+00
9.741210899999999673e-02 1.562500000000000000e-02 1.127197266000000031e+00
9.472656299999999974e-02 1.318359399999999987e-02 1.129150391000000031e+00
1.000976559999999932e-01 1.074218799999999974e-02 1.061035155999999979e+00
9.960937500000000000e-02 1.708984399999999987e-02 1.056884766000000031e+00
9.521484400000000681e-02 1.074218799999999974e-02 1.125976563000000041e+00
1.555175779999999897e-01 1.000976599999999980e-02 1.053466797000000010e+00
1.557617189999999929e-01 1.342773400000000020e-02 1.128662108999999969e+00
9.619140599999999319e-02 1.293945300000000007e-02 1.061523438000000041e+00
9.741210899999999673e-02 1.440429699999999993e-02 1.128662108999999969e+00
1.030273440000000068e-01 2.075195300000000007e-02 1.061279297000000010e+00
1.030273440000000068e-01 2.075195300000000007e-02 1.061279297000000010e+00
1.086425780000000035e-01 1.782226599999999980e-02 1.056640625000000000e+00
1.086425780000000035e-01 1.782226599999999980e-02 1.056640625000000000e+00
9.863281299999999974e-02 2.246093799999999974e-02 1.058837891000000031e+00
9.887695300000000354e-02 2.319335900000000020e-02 1.052001952999999990e+00
1.081542969999999965e-01 1.708984399999999987e-02 1.129150391000000031e+00
1.162109379999999997e-01 1.977539099999999980e-02 1.125488280999999979e+00
1.174316410000000033e-01 2.197265600000000013e-02 1.054931641000000031e+00
1.987304689999999929e-01 2.758789099999999980e-02 1.054199219000000021e+00
1.977539060000000071e-01 2.270507800000000007e-02 1.049804688000000041e+00
