1.018798828125000000e+00 2.197265625000000000e-02 -1.667480468750000000e-01
1.018798828125000000e+00 2.197265625000000000e-02 -1.667480468750000000e-01
1.018798828125000000e+00 2.197265625000000000e-02 -1.667480468750000000e-01
1.018554687500000000e+00 2.783203125000000000e-02 -1.623535156250000000e-01
1.020996093750000000e+00 2.587890625000000000e-02 -1.684570312500000000e-01
1.017333984375000000e+00 -2.294921875000000000e-02 -1.652832031250000000e-01
1.017333984375000000e+00 -2.294921875000000000e-02 -1.652832031250000000e-01
1.024902343750000000e+00 -1.977539062500000000e-02 -2.167968750000000000e-01
1.024902343750000000e+00 -1.977539062500000000e-02 -2.167968750000000000e-01
1.013671875000000000e+00 -2.709960937500000000e-02 -2.124023437500000000e-01
1.021728515625000000e+00 -2.172851562500000000e-02 -2.141113281250000000e-01
1.025634765625000000e+00 -2.343750000000000000e-02 -2.175292968750000000e-01
1.016113281250000000e+00 -2.294921875000000000e-02 -2.136230468750000000e-01
1.009521484375000000e+00 -2.978515625000000000e-02 -1.672363281250000000e-01
1.017578125000000000e+00 -2.124023437500000000e-02 -1.582031250000000000e-01
1.016113281250000000e+00 -2.368164062500000000e-02 -2.177734375000000000e-01
1.017333984375000000e+00 -1.831054687500000000e-02 -1.660156250000000000e-01
1.014404296875000000e+00 -1.684570312500000000e-02 -1.611328125000000000e-01
1.015136718750000000e+00 -2.026367187500000000e-02 -1.606445312500000000e-01
1.008300781250000000e+00 -1.586914062500000000e-02 -1.784667968750000000e-01
1.020507812500000000e+00 -2.099609375000000000e-02 -1.699218750000000000e-01
1.017822265625000000e+00 -2.734375000000000000e-02 -1.789550781250000000e-01
1.015380859375000000e+00 -1.831054687500000000e-02 -1.850585937500000000e-01
1.013916015625000000e+00 -2.539062500000000000e-02 -2.502441406250000000e-01
1.014160156250000000e+00 -1.416015625000000000e-02 -2.568359375000000000e-01
1.007812500000000000e+00 -2.832031250000000000e-02 -1.813964843750000000e-01
1.017822265625000000e+00 2.636718750000000000e-02 -1.872558593750000000e-01
1.013916015625000000e+00 -2.026367187500000000e-02 -1.860351562500000000e-01
9.697265625000000000e-01 -1.757812500000000000e-02 -2.729492187500000000e-01
1.014160156250000000e+00 -1.245117187500000000e-02 -2.751464843750000000e-01
1.007812500000000000e+00 -9.033203125000000000e-03 -2.207031250000000000e-01
9.316406250000000000e-01 -4.638671875000000000e-03 -2.607421875000000000e-01
9.309082031250000000e-01 6.713867187500000000e-02 -1.755371093750000000e-01
1.018066406250000000e+00 7.373046875000000000e-02 -1.643066406250000000e-01
1.030029296875000000e+00 -2.441406250000000000e-03 -2.551269531250000000e-01
1.020996093750000000e+00 -1.440429687500000000e-02 -2.709960937500000000e-01
9.257812500000000000e-01 -8.300781250000000000e-03 -1.823730468750000000e-01
1.005615234375000000e+00 5.859375000000000000e-03 -2.536621093750000000e-01
9.201660156250000000e-01 1.611328125000000000e-02 -2.255859375000000000e-01
8.725585937500000000e-01 1.049804687500000000e-02 -2.763671875000000000e-01
8.872070312500000000e-01 -7.153320312500000000e-02 -1.723632812500000000e-01
8.891601562500000000e-01 -7.812500000000000000e-02 -1.416015625000000000e-01
8.427734375000000000e-01 -8.422851562500000000e-02 -1.169433593750000000e-01
6.843261718750000000e-01 4.882812500000000000e-04 -3.222656250000000000e-02
4.707031250000000000e-01 -7.275390625000000000e-02 1.879882812500000000e-02
4.707031250000000000e-01 -7.275390625000000000e-02 1.879882812500000000e-02
4.113769531250000000e-01 -5.102539062500000000e-02 1.506347656250000000e-01
4.113769531250000000e-01 -5.102539062500000000e-02 1.506347656250000000e-01
8.374023437500000000e-02 -3.295898437500000000e-02 -3.857421875000000000e-02
8.259277343750000000e-01 1.884765625000000000e-01 1.318359375000000000e-01
8.835449218750000000e-01 -9.985351562500000000e-02 -7.214355468750000000e-01
7.104492187500000000e-01 -3.474121093750000000e-01 5.288085937500000000e-01
3.883544921875000000e+00 -7.272949218750000000e-01 2.410400390625000000e+00
3.121582031250000000e+00 -1.945800781250000000e-01 -2.890625000000000000e-01
-4.111328125000000000e-01 1.503906250000000000e-01 3.686523437500000000e-02
7.893066406250000000e-01 1.154785156250000000e-01 2.387695312500000000e-01
-5.581054687500000000e-01 3.833007812500000000e-01 9.375000000000000000e-01
-7.275390625000000000e-02 1.186523437500000000e-01 1.469482421875000000e+00
-7.221679687500000000e-01 1.877441406250000000e-01 1.403076171875000000e+00
1.735839843750000000e-01 2.041015625000000000e-01 1.890136718750000000e+00
3.393554687500000000e-02 -2.197265625000000000e-03 5.839843750000000000e-01
7.861328125000000000e-02 -1.459960937500000000e-01 8.952636718750000000e-01
-3.217773437500000000e-01 -1.855468750000000000e-01 8.039550781250000000e-01
1.479492187500000000e-01 1.538085937500000000e-02 8.605957031250000000e-01
2.214355468750000000e-01 6.445312500000000000e-02 1.255615234375000000e+00
3.815917968750000000e-01 7.617187500000000000e-02 1.419677734375000000e+00
3.750000000000000000e-01 -4.516601562500000000e-02 1.319091796875000000e+00
7.470703125000000000e-01 3.059082031250000000e-01 1.228515625000000000e+00
5.273437500000000000e-01 -6.347656250000000000e-02 8.395996093750000000e-01
6.499023437500000000e-01 -1.765136718750000000e-01 9.099121093750000000e-01
4.282226562500000000e-01 1.916503906250000000e-01 7.805175781250000000e-01
2.631835937500000000e-01 -3.259277343750000000e-01 9.606933593750000000e-01
2.521972656250000000e-01 -1.564941406250000000e-01 9.516601562500000000e-01
1.130371093750000000e-01 -6.176757812500000000e-02 1.122802734375000000e+00
1.025390625000000000e-02 -6.054687500000000000e-02 1.068603515625000000e+00
3.330078125000000000e-01 -3.247070312500000000e-02 1.192626953125000000e+00
2.019042968750000000e-01 1.298828125000000000e-01 1.035400390625000000e+00
2.749023437500000000e-01 3.002929687500000000e-02 1.091308593750000000e+00
1.728515625000000000e-01 1.171875000000000000e-02 1.077392578125000000e+00
5.224609375000000000e-02 -4.443359375000000000e-02 1.086669921875000000e+00
1.281738281250000000e-01 -9.155273437500000000e-02 1.201171875000000000e+00
1.162109375000000000e-01 9.033203125000000000e-03 1.212646484375000000e+00
1.105957031250000000e-01 -2.490234375000000000e-02 1.077880859375000000e+00
1.906738281250000000e-01 1.464843750000000000e-02 1.058837890625000000e+00
1.906738281250000000e-01 1.464843750000000000e-02 1.058837890625000000e+00
1.975097656250000000e-01 -6.274414062500000000e-02 1.118164062500000000e+00
1.975097656250000000e-01 -6.274414062500000000e-02 1.118164062500000000e+00
1.066894531250000000e-01 2.661132812500000000e-02 1.111572265625000000e+00
1.455078125000000000e-01 7.568359375000000000e-03 9.172363281250000000e-01
2.099609375000000000e-01 5.371093750000000000e-03 1.102050781250000000e+00
1.943359375000000000e-01 1.000976562500000000e-02 1.059570312500000000e+00
2.102050781250000000e-01 1.391601562500000000e-02 1.146972656250000000e+00
1.159667968750000000e-01 -2.929687500000000000e-02 1.114013671875000000e+00
1.467285156250000000e-01 1.318359375000000000e-02 9.670410156250000000e-01
2.106933593750000000e-01 9.033203125000000000e-03 1.103759765625000000e+00
1.997070312500000000e-01 2.197265625000000000e-03 1.145019531250000000e+00
1.611328125000000000e-01 1.171875000000000000e-02 1.156005859375000000e+00
9.643554687500000000e-02 2.172851562500000000e-02 1.095703125000000000e+00
1.464843750000000000e-01 1.879882812500000000e-02 9.155273437500000000e-01
2.053222656250000000e-01 1.611328125000000000e-02 1.190185546875000000e+00
2.060546875000000000e-01 7.324218750000000000e-03 1.125976562500000000e+00
2.028808593750000000e-01 1.611328125000000000e-02 1.153320312500000000e+00
1.169433593750000000e-01 2.246093750000000000e-02 1.124267578125000000e+00
1.057128906250000000e-01 1.000976562500000000e-02 9.904785156250000000e-01
1.923828125000000000e-01 1.513671875000000000e-02 1.047363281250000000e+00
1.928710937500000000e-01 6.835937500000000000e-03 1.150390625000000000e+00
2.060546875000000000e-01 1.049804687500000000e-02 1.060302734375000000e+00
1.152343750000000000e-01 1.806640625000000000e-02 1.116210937500000000e+00
1.022949218750000000e-01 2.343750000000000000e-02 1.066894531250000000e+00
1.879882812500000000e-01 1.757812500000000000e-02 1.089843750000000000e+00
2.092285156250000000e-01 1.977539062500000000e-02 1.094970703125000000e+00
2.004394531250000000e-01 8.056640625000000000e-03 1.138916015625000000e+00
1.059570312500000000e-01 2.050781250000000000e-02 1.107177734375000000e+00
1.049804687500000000e-01 7.812500000000000000e-03 1.002685546875000000e+00
1.892089843750000000e-01 9.765625000000000000e-03 1.152587890625000000e+00
1.940917968750000000e-01 2.026367187500000000e-02 1.155273437500000000e+00
1.992187500000000000e-01 1.513671875000000000e-02 1.153564453125000000e+00
1.008300781250000000e-01 1.660156250000000000e-02 1.038330078125000000e+00
1.145019531250000000e-01 1.708984375000000000e-02 9.865722656250000000e-01
1.225585937500000000e-01 1.904296875000000000e-02 1.119384765625000000e+00
2.094726562500000000e-01 6.835937500000000000e-03 1.060058593750000000e+00
1.899414062500000000e-01 2.099609375000000000e-02 1.095947265625000000e+00
1.914062500000000000e-01 1.245117187500000000e-02 1.138427734375000000e+00
1.914062500000000000e-01 1.245117187500000000e-02 1.138427734375000000e+00
1.975097656250000000e-01 1.635742187500000000e-02 1.053955078125000000e+00
1.975097656250000000e-01 1.635742187500000000e-02 1.053955078125000000e+00
1.235351562500000000e-01 1.293945312500000000e-02 1.150146484375000000e+00
9.545898437500000000e-02 1.416015625000000000e-02 1.047851562500000000e+00
1.911621093750000000e-01 8.300781250000000000e-03 1.072265625000000000e+00
1.147460937500000000e-01 1.416015625000000000e-02 1.115234375000000000e+00
1.997070312500000000e-01 6.591796875000000000e-03 1.038085937500000000e+00
1.887207031250000000e-01 1.684570312500000000e-02 1.127197265625000000e+00
9.692382812500000000e-02 1.684570312500000000e-02 1.128173828125000000e+00
1.894531250000000000e-01 1.049804687500000000e-02 1.071777343750000000e+00
1.110839843750000000e-01 1.879882812500000000e-02 1.098632812500000000e+00
2.011718750000000000e-01 1.098632812500000000e-02 1.050537109375000000e+00
1.245117187500000000e-01 1.196289062500000000e-02 1.061523437500000000e+00
1.130371093750000000e-01 6.591796875000000000e-03 1.058349609375000000e+00
1.157226562500000000e-01 1.049804687500000000e-02 1.132080078125000000e+00
1.118164062500000000e-01 1.635742187500000000e-02 1.127929687500000000e+00
1.899414062500000000e-01 7.080078125000000000e-03 1.138916015625000000e+00
1.179199218750000000e-01 7.080078125000000000e-03 1.043701171875000000e+00
1.076660156250000000e-01 5.126953125000000000e-03 1.133056640625000000e+00
1.088867187500000000e-01 5.126953125000000000e-03 1.059814453125000000e+00
1.225585937500000000e-01 5.126953125000000000e-03 1.059814453125000000e+00
1.115722656250000000e-01 7.568359375000000000e-03 1.134033203125000000e+00
1.135253906250000000e-01 -6.445312500000000000e-02 1.057617187500000000e+00
1.037597656250000000e-01 -6.469726562500000000e-02 1.129150390625000000e+00
1.035156250000000000e-01 4.638671875000000000e-03 1.061035156250000000e+00
1.132812500000000000e-01 5.126953125000000000e-03 1.132080078125000000e+00
1.213378906250000000e-01 3.173828125000000000e-03 1.127929687500000000e+00
1.157226562500000000e-01 1.074218750000000000e-02 1.128417968750000000e+00
1.064453125000000000e-01 2.441406250000000000e-03 1.055419921875000000e+00
1.096191406250000000e-01 5.615234375000000000e-03 1.061279296875000000e+00
1.149902343750000000e-01 3.173828125000000000e-03 1.125244140625000000e+00
1.098632812500000000e-01 4.150390625000000000e-03 1.061279296875000000e+00
1.137695312500000000e-01 0.000000000000000000e+00 1.056640625000000000e+00
1.020507812500000000e-01 2.441406250000000000e-04 1.125976562500000000e+00
1.083984375000000000e-01 5.126953125000000000e-03 1.059814453125000000e+00
1.096191406250000000e-01 6.591796875000000000e-03 1.061523437500000000e+00
1.074218750000000000e-01 2.929687500000000000e-03 1.061523437500000000e+00
1.042480468750000000e-01 2.685546875000000000e-03 1.055419921875000000e+00
1.042480468750000000e-01 2.685546875000000000e-03 1.055419921875000000e+00
1.169433593750000000e-01 3.173828125000000000e-03 1.061523437500000000e+00
1.169433593750000000e-01 3.173828125000000000e-03 1.061523437500000000e+00
1.162109375000000000e-01 -6.909179687500000000e-02 1.053222656250000000e+00
1.145019531250000000e-01 1.953125000000000000e-03 1.057617187500000000e+00
1.557617187500000000e-01 -6.909179687500000000e-02 1.140625000000000000e+00
1.037597656250000000e-01 2.441406250000000000e-04 1.138671875000000000e+00
1.203613281250000000e-01 4.394531250000000000e-03 1.130371093750000000e+00
1.589355468750000000e-01 1.245117187500000000e-02 1.128417968750000000e+00
1.611328125000000000e-01 2.685546875000000000e-03 1.064208984375000000e+00
2.170410156250000000e-01 -7.055664062500000000e-02 1.047607421875000000e+00
1.232910156250000000e-01 -7.543945312500000000e-02 1.052978515625000000e+00
1.115722656250000000e-01 3.173828125000000000e-03 1.149658203125000000e+00
1.884765625000000000e-01 5.859375000000000000e-03 1.059326171875000000e+00
1.208496093750000000e-01 9.033203125000000000e-03 1.130126953125000000e+00
1.938476562500000000e-01 9.277343750000000000e-03 1.059082031250000000e+00
1.938476562500000000e-01 3.417968750000000000e-03 1.054199218750000000e+00
1.196289062500000000e-01 -6.396484375000000000e-02 1.131103515625000000e+00
1.931152343750000000e-01 -6.640625000000000000e-02 1.127441406250000000e+00
2.050781250000000000e-01 4.394531250000000000e-03 1.061523437500000000e+00
1.970214843750000000e-01 6.347656250000000000e-03 1.055664062500000000e+00
1.647949218750000000e-01 9.033203125000000000e-03 1.139892578125000000e+00
2.094726562500000000e-01 9.765625000000000000e-03 1.076660156250000000e+00
2.111816406250000000e-01 9.277343750000000000e-03 1.048339843750000000e+00
2.094726562500000000e-01 -6.323242187500000000e-02 1.045654296875000000e+00
2.011718750000000000e-01 -6.469726562500000000e-02 1.151367187500000000e+00
2.001953125000000000e-01 4.882812500000000000e-04 1.152832031250000000e+00
1.577148437500000000e-01 1.489257812500000000e-02 1.049316406250000000e+00
2.045898437500000000e-01 9.521484375000000000e-03 1.051513671875000000e+00
1.791992187500000000e-01 1.757812500000000000e-02 1.050537109375000000e+00
1.889648437500000000e-01 2.880859375000000000e-02 1.035400390625000000e+00
1.091308593750000000e-01 2.612304687500000000e-02 1.045410156250000000e+00
1.953125000000000000e-01 2.709960937500000000e-02 1.125976562500000000e+00
1.997070312500000000e-01 2.978515625000000000e-02 1.058837890625000000e+00
1.911621093750000000e-01 2.368164062500000000e-02 1.126220703125000000e+00
1.577148437500000000e-01 2.563476562500000000e-02 1.129150390625000000e+00
1.918945312500000000e-01 2.368164062500000000e-02 1.060058593750000000e+00
1.247558593750000000e-01 2.954101562500000000e-02 1.135009765625000000e+00
