1.071777343750000000e+00 3.979492187500000000e-02 1.804199218750000000e-01
1.030517578125000000e+00 -5.371093750000000000e-03 2.578125000000000000e-01
1.030517578125000000e+00 -5.371093750000000000e-03 2.578125000000000000e-01
9.831542968750000000e-01 -1.245117187500000000e-02 1.867675781250000000e-01
9.831542968750000000e-01 -1.245117187500000000e-02 1.867675781250000000e-01
9.909667968750000000e-01 6.933593750000000000e-02 1.853027343750000000e-01
9.790039062500000000e-01 7.348632812500000000e-02 1.811523437500000000e-01
1.065185546875000000e+00 7.836914062500000000e-02 1.733398437500000000e-01
9.921875000000000000e-01 3.417968750000000000e-02 1.718750000000000000e-01
1.028076171875000000e+00 8.422851562500000000e-02 1.845703125000000000e-01
9.819335937500000000e-01 8.764648437500000000e-02 2.619628906250000000e-01
9.880371093750000000e-01 8.959960937500000000e-02 1.872558593750000000e-01
1.069580078125000000e+00 1.250000000000000000e-01 2.536621093750000000e-01
9.902343750000000000e-01 8.715820312500000000e-02 1.745605468750000000e-01
1.029052734375000000e+00 4.052734375000000000e-02 1.767578125000000000e-01
9.934082031250000000e-01 7.055664062500000000e-02 2.658691406250000000e-01
9.794921875000000000e-01 4.663085937500000000e-02 2.656250000000000000e-01
9.963378906250000000e-01 7.763671875000000000e-02 1.745605468750000000e-01
1.067138671875000000e+00 3.002929687500000000e-02 1.921386718750000000e-01
9.750976562500000000e-01 1.953125000000000000e-02 2.387695312500000000e-01
9.851074218750000000e-01 8.569335937500000000e-02 2.556152343750000000e-01
9.980468750000000000e-01 8.105468750000000000e-02 2.907714843750000000e-01
9.826660156250000000e-01 -1.464843750000000000e-02 1.569824218750000000e-01
9.758300781250000000e-01 -1.855468750000000000e-02 2.678222656250000000e-01
9.160156250000000000e-01 4.077148437500000000e-02 2.780761718750000000e-01
9.196777343750000000e-01 -9.521484375000000000e-03 2.048339843750000000e-01
1.214355468750000000e+00 7.324218750000000000e-04 3.264160156250000000e-01
9.953613281250000000e-01 2.832031250000000000e-02 2.465820312500000000e-01
9.147949218750000000e-01 2.612304687500000000e-02 2.023925781250000000e-01
1.005126953125000000e+00 -2.197265625000000000e-02 1.574707031250000000e-01
9.721679687500000000e-01 6.640625000000000000e-02 2.128906250000000000e-01
9.912109375000000000e-01 3.735351562500000000e-02 1.745605468750000000e-01
1.027832031250000000e+00 3.979492187500000000e-02 2.644042968750000000e-01
1.053222656250000000e+00 7.421875000000000000e-02 2.280273437500000000e-01
1.081054687500000000e+00 8.374023437500000000e-02 3.188476562500000000e-01
1.004882812500000000e+00 3.222656250000000000e-02 2.258300781250000000e-01
1.020263671875000000e+00 2.246093750000000000e-02 2.531738281250000000e-01
1.018066406250000000e+00 2.197265625000000000e-03 1.679687500000000000e-01
9.345703125000000000e-01 1.562500000000000000e-02 1.662597656250000000e-01
9.367675781250000000e-01 5.737304687500000000e-02 1.059570312500000000e-01
9.174804687500000000e-01 7.568359375000000000e-02 4.638671875000000000e-02
8.103027343750000000e-01 8.496093750000000000e-02 1.496582031250000000e-01
1.027832031250000000e+00 5.029296875000000000e-02 -3.906250000000000000e-03
8.684082031250000000e-01 6.420898437500000000e-02 3.149414062500000000e-02
9.196777343750000000e-01 -1.904296875000000000e-02 -2.124023437500000000e-02
8.403320312500000000e-01 -3.540039062500000000e-02 1.430664062500000000e-01
8.347167968750000000e-01 -9.082031250000000000e-02 3.491210937500000000e-02
6.640625000000000000e-01 8.544921875000000000e-03 1.384277343750000000e-01
7.917480468750000000e-01 -1.440429687500000000e-02 1.501464843750000000e-01
7.629394531250000000e-01 2.368164062500000000e-02 5.908203125000000000e-02
6.032714843750000000e-01 1.706542968750000000e-01 5.834960937500000000e-02
4.331054687500000000e-01 2.287597656250000000e-01 3.881835937500000000e-02
6.982421875000000000e-01 -3.212890625000000000e-01 1.613769531250000000e-01
3.547363281250000000e-01 -3.168945312500000000e-01 -8.129882812500000000e-02
1.080078125000000000e+00 6.706542968750000000e-01 1.340576171875000000e+00
3.418701171875000000e+00 4.968750000000000000e+00 -1.459960937500000000e+00
3.588867187500000000e-01 -5.161132812500000000e-01 2.140136718750000000e+00
9.272460937500000000e-01 -1.271972656250000000e-01 5.063476562500000000e-01
-4.531250000000000000e-01 9.650878906250000000e-01 5.471191406250000000e-01
-4.155273437500000000e-01 2.263183593750000000e-01 5.471191406250000000e-01
-1.503906250000000000e-01 5.590820312500000000e-01 2.492675781250000000e-01
-4.030761718750000000e-01 7.949218750000000000e-01 7.028808593750000000e-01
-6.809082031250000000e-01 1.088134765625000000e+00 1.099365234375000000e+00
-4.028320312500000000e-01 8.422851562500000000e-01 6.645507812500000000e-01
-4.587402343750000000e-01 6.437988281250000000e-01 7.929687500000000000e-01
-3.742675781250000000e-01 6.782226562500000000e-01 5.773925781250000000e-01
-1.757812500000000000e-02 6.145019531250000000e-01 6.467285156250000000e-01
-2.761230468750000000e-01 8.088378906250000000e-01 5.705566406250000000e-01
-1.079101562500000000e-01 8.269042968750000000e-01 4.843750000000000000e-01
-1.950683593750000000e-01 8.496093750000000000e-01 6.918945312500000000e-01
-9.985351562500000000e-02 1.003662109375000000e+00 4.230957031250000000e-01
1.762695312500000000e-01 9.035644531250000000e-01 3.833007812500000000e-01
-0.000000000000000000e+00 1.019531250000000000e+00 3.811035156250000000e-01
-1.298828125000000000e-01 8.500976562500000000e-01 3.867187500000000000e-01
-2.160644531250000000e-01 9.858398437500000000e-01 1.567382812500000000e-01
-1.459960937500000000e-01 1.002685546875000000e+00 1.005859375000000000e-01
-1.948242187500000000e-01 1.007080078125000000e+00 1.491699218750000000e-01
-2.053222656250000000e-01 1.019531250000000000e+00 9.350585937500000000e-02
-1.582031250000000000e-01 9.746093750000000000e-01 6.713867187500000000e-02
-1.647949218750000000e-01 9.912109375000000000e-01 3.369140625000000000e-02
-1.230468750000000000e-01 9.689941406250000000e-01 -1.464843750000000000e-03
-6.225585937500000000e-02 1.006835937500000000e+00 -2.685546875000000000e-02
-1.289062500000000000e-01 1.015625000000000000e+00 2.661132812500000000e-02
-1.970214843750000000e-01 1.016357421875000000e+00 -1.269531250000000000e-02
-1.223144531250000000e-01 1.016357421875000000e+00 8.154296875000000000e-02
-1.196289062500000000e-01 9.365234375000000000e-01 1.252441406250000000e-01
-1.767578125000000000e-01 1.007080078125000000e+00 1.511230468750000000e-01
-1.813964843750000000e-01 1.026123046875000000e+00 9.863281250000000000e-02
-1.223144531250000000e-01 9.086914062500000000e-01 2.143554687500000000e-01
-2.175292968750000000e-01 9.606933593750000000e-01 1.704101562500000000e-01
-1.149902343750000000e-01 9.426269531250000000e-01 2.646484375000000000e-01
-1.242675781250000000e-01 9.636230468750000000e-01 2.270507812500000000e-01
-1.601562500000000000e-01 9.353027343750000000e-01 2.797851562500000000e-01
-1.154785156250000000e-01 9.162597656250000000e-01 2.202148437500000000e-01
-1.879882812500000000e-01 9.077148437500000000e-01 2.412109375000000000e-01
-1.923828125000000000e-01 9.250488281250000000e-01 3.186035156250000000e-01
-2.014160156250000000e-01 9.582519531250000000e-01 2.829589843750000000e-01
-2.006835937500000000e-01 9.394531250000000000e-01 3.354492187500000000e-01
-2.182617187500000000e-01 9.587402343750000000e-01 2.905273437500000000e-01
-2.160644531250000000e-01 9.631347656250000000e-01 3.083496093750000000e-01
-2.075195312500000000e-01 9.575195312500000000e-01 3.051757812500000000e-01
-2.062988281250000000e-01 9.421386718750000000e-01 3.808593750000000000e-01
-2.009277343750000000e-01 9.501953125000000000e-01 3.825683593750000000e-01
-2.065429687500000000e-01 9.548339843750000000e-01 3.852539062500000000e-01
-2.014160156250000000e-01 9.570312500000000000e-01 3.847656250000000000e-01
-2.001953125000000000e-01 9.528808593750000000e-01 3.820800781250000000e-01
-1.948242187500000000e-01 9.523925781250000000e-01 3.908691406250000000e-01
-2.021484375000000000e-01 9.511718750000000000e-01 3.869628906250000000e-01
-2.011718750000000000e-01 9.506835937500000000e-01 3.847656250000000000e-01
-2.001953125000000000e-01 9.580078125000000000e-01 3.107910156250000000e-01
-2.026367187500000000e-01 9.572753906250000000e-01 3.833007812500000000e-01
-2.009277343750000000e-01 9.543457031250000000e-01 3.813476562500000000e-01
-1.977539062500000000e-01 9.521484375000000000e-01 3.823242187500000000e-01
-2.028808593750000000e-01 9.570312500000000000e-01 3.115234375000000000e-01
-2.104492187500000000e-01 9.614257812500000000e-01 3.779296875000000000e-01
-2.089843750000000000e-01 9.580078125000000000e-01 3.928222656250000000e-01
-2.050781250000000000e-01 9.479980468750000000e-01 3.906250000000000000e-01
-2.041015625000000000e-01 9.504394531250000000e-01 3.850097656250000000e-01
-2.021484375000000000e-01 9.541015625000000000e-01 3.916015625000000000e-01
-1.958007812500000000e-01 9.489746093750000000e-01 3.933105468750000000e-01
-2.026367187500000000e-01 9.497070312500000000e-01 3.969726562500000000e-01
-2.055664062500000000e-01 9.528808593750000000e-01 3.959960937500000000e-01
-2.097167968750000000e-01 9.509277343750000000e-01 3.984375000000000000e-01
-2.016601562500000000e-01 9.509277343750000000e-01 3.955078125000000000e-01
-2.033691406250000000e-01 9.477539062500000000e-01 4.016113281250000000e-01
-2.031250000000000000e-01 9.506835937500000000e-01 3.947753906250000000e-01
-2.119140625000000000e-01 9.504394531250000000e-01 3.928222656250000000e-01
-2.026367187500000000e-01 9.514160156250000000e-01 4.018554687500000000e-01
-2.097167968750000000e-01 9.479980468750000000e-01 3.637695312500000000e-01
-1.950683593750000000e-01 9.501953125000000000e-01 3.081054687500000000e-01
-1.982421875000000000e-01 9.475097656250000000e-01 3.857421875000000000e-01
-2.065429687500000000e-01 9.458007812500000000e-01 3.461914062500000000e-01
-1.997070312500000000e-01 9.426269531250000000e-01 3.442382812500000000e-01
-1.921386718750000000e-01 9.428710937500000000e-01 3.916015625000000000e-01
-2.048339843750000000e-01 9.519042968750000000e-01 3.901367187500000000e-01
-2.133789062500000000e-01 9.550781250000000000e-01 3.979492187500000000e-01
-2.165527343750000000e-01 9.521484375000000000e-01 4.047851562500000000e-01
-2.138671875000000000e-01 9.533691406250000000e-01 3.940429687500000000e-01
-2.058105468750000000e-01 9.533691406250000000e-01 3.518066406250000000e-01
-2.111816406250000000e-01 9.482421875000000000e-01 3.613281250000000000e-01
-2.136230468750000000e-01 9.414062500000000000e-01 3.447265625000000000e-01
-2.087402343750000000e-01 9.404296875000000000e-01 3.483886718750000000e-01
-2.126464843750000000e-01 9.411621093750000000e-01 3.503417968750000000e-01
-2.126464843750000000e-01 9.396972656250000000e-01 3.576660156250000000e-01
-2.026367187500000000e-01 9.445800781250000000e-01 3.505859375000000000e-01
-2.092285156250000000e-01 9.399414062500000000e-01 3.481445312500000000e-01
-2.028808593750000000e-01 9.475097656250000000e-01 3.532714843750000000e-01
-2.038574218750000000e-01 9.458007812500000000e-01 4.057617187500000000e-01
-2.104492187500000000e-01 9.409179687500000000e-01 4.052734375000000000e-01
-2.097167968750000000e-01 9.458007812500000000e-01 3.486328125000000000e-01
-2.116699218750000000e-01 9.458007812500000000e-01 3.559570312500000000e-01
-2.075195312500000000e-01 9.470214843750000000e-01 4.016113281250000000e-01
-2.080078125000000000e-01 9.436035156250000000e-01 3.530273437500000000e-01
-2.036132812500000000e-01 9.460449218750000000e-01 3.508300781250000000e-01
-2.136230468750000000e-01 9.460449218750000000e-01 3.520507812500000000e-01
-2.021484375000000000e-01 9.526367187500000000e-01 4.057617187500000000e-01
-2.070312500000000000e-01 9.460449218750000000e-01 3.544921875000000000e-01
-2.062988281250000000e-01 9.379882812500000000e-01 3.527832031250000000e-01
-2.143554687500000000e-01 9.450683593750000000e-01 3.559570312500000000e-01
-2.038574218750000000e-01 9.440917968750000000e-01 3.518066406250000000e-01
-2.075195312500000000e-01 9.423828125000000000e-01 3.500976562500000000e-01
-2.070312500000000000e-01 9.428710937500000000e-01 3.552246093750000000e-01
-1.970214843750000000e-01 9.428710937500000000e-01 3.491210937500000000e-01
-2.077636718750000000e-01 9.414062500000000000e-01 3.493652343750000000e-01
-2.116699218750000000e-01 9.416503906250000000e-01 3.474121093750000000e-01
-1.589355468750000000e-01 9.460449218750000000e-01 3.530273437500000000e-01
-2.177734375000000000e-01 9.414062500000000000e-01 3.532714843750000000e-01
-2.106933593750000000e-01 8.674316406250000000e-01 3.566894531250000000e-01
-1.574707031250000000e-01 8.684082031250000000e-01 3.645019531250000000e-01
-1.723632812500000000e-01 9.426269531250000000e-01 3.681640625000000000e-01
-1.579589843750000000e-01 9.460449218750000000e-01 3.537597656250000000e-01
-1.655273437500000000e-01 8.740234375000000000e-01 3.520507812500000000e-01
-1.669921875000000000e-01 9.477539062500000000e-01 3.574218750000000000e-01
-1.726074218750000000e-01 9.394531250000000000e-01 3.474121093750000000e-01
-1.716308593750000000e-01 9.375000000000000000e-01 3.522949218750000000e-01
-1.735839843750000000e-01 9.382324218750000000e-01 3.488769531250000000e-01
-1.674804687500000000e-01 9.396972656250000000e-01 4.055175781250000000e-01
-1.745605468750000000e-01 9.418945312500000000e-01 3.481445312500000000e-01
-1.662597656250000000e-01 9.406738281250000000e-01 4.052734375000000000e-01
-1.694335937500000000e-01 9.396972656250000000e-01 3.522949218750000000e-01
-1.699218750000000000e-01 9.477539062500000000e-01 3.486328125000000000e-01
-1.674804687500000000e-01 9.453125000000000000e-01 3.498535156250000000e-01
-1.579589843750000000e-01 9.409179687500000000e-01 3.530273437500000000e-01
-2.170410156250000000e-01 9.379882812500000000e-01 3.559570312500000000e-01
-2.097167968750000000e-01 9.387207031250000000e-01 3.552246093750000000e-01
-2.089843750000000000e-01 9.418945312500000000e-01 3.554687500000000000e-01
-2.087402343750000000e-01 9.453125000000000000e-01 3.632812500000000000e-01
-2.060546875000000000e-01 9.401855468750000000e-01 3.640136718750000000e-01
-1.953125000000000000e-01 9.460449218750000000e-01 4.057617187500000000e-01
-1.955566406250000000e-01 9.428710937500000000e-01 3.493652343750000000e-01
-1.965332031250000000e-01 9.414062500000000000e-01 3.518066406250000000e-01
-1.906738281250000000e-01 9.375000000000000000e-01 3.522949218750000000e-01
-2.048339843750000000e-01 9.440917968750000000e-01 3.574218750000000000e-01
-2.016601562500000000e-01 9.453125000000000000e-01 3.688964843750000000e-01
-2.136230468750000000e-01 9.455566406250000000e-01 3.439941406250000000e-01
-2.175292968750000000e-01 9.416503906250000000e-01 3.505859375000000000e-01
-1.582031250000000000e-01 9.396972656250000000e-01 3.515625000000000000e-01
-1.586914062500000000e-01 9.421386718750000000e-01 3.637695312500000000e-01
-2.172851562500000000e-01 9.384765625000000000e-01 3.596191406250000000e-01
-2.114257812500000000e-01 9.392089843750000000e-01 3.574218750000000000e-01
