9.440917968750000000e-01 -2.019042968750000000e-01 -2.907714843750000000e-01
9.440917968750000000e-01 -2.019042968750000000e-01 -2.907714843750000000e-01
9.440917968750000000e-01 -2.019042968750000000e-01 -2.907714843750000000e-01
9.440917968750000000e-01 -2.019042968750000000e-01 -2.907714843750000000e-01
9.587402343750000000e-01 -2.172851562500000000e-01 -2.917480468750000000e-01
9.484863281250000000e-01 -2.155761718750000000e-01 -3.029785156250000000e-01
9.560546875000000000e-01 -1.577148437500000000e-01 -3.093261718750000000e-01
9.465332031250000000e-01 -2.124023437500000000e-01 -3.068847656250000000e-01
9.506835937500000000e-01 -1.606445312500000000e-01 -2.976074218750000000e-01
9.404296875000000000e-01 -1.574707031250000000e-01 -3.095703125000000000e-01
9.431152343750000000e-01 -2.121582031250000000e-01 -3.120117187500000000e-01
9.465332031250000000e-01 -1.591796875000000000e-01 -3.041992187500000000e-01
9.436035156250000000e-01 -1.579589843750000000e-01 -3.095703125000000000e-01
9.528808593750000000e-01 -1.613769531250000000e-01 -3.767089843750000000e-01
9.431152343750000000e-01 -2.180175781250000000e-01 -3.122558593750000000e-01
9.453125000000000000e-01 -2.170410156250000000e-01 -3.784179687500000000e-01
9.499511718750000000e-01 -2.150878906250000000e-01 -3.837890625000000000e-01
9.377441406250000000e-01 -2.116699218750000000e-01 -3.815917968750000000e-01
9.433593750000000000e-01 -2.185058593750000000e-01 -3.757324218750000000e-01
8.745117187500000000e-01 -2.177734375000000000e-01 -3.764648437500000000e-01
9.489746093750000000e-01 -2.109375000000000000e-01 -3.044433593750000000e-01
9.509277343750000000e-01 -2.145996093750000000e-01 -3.085937500000000000e-01
8.708496093750000000e-01 -2.167968750000000000e-01 -3.063964843750000000e-01
9.541015625000000000e-01 -1.616210937500000000e-01 -3.859863281250000000e-01
8.647460937500000000e-01 -2.126464843750000000e-01 -3.095703125000000000e-01
9.536132812500000000e-01 -1.616210937500000000e-01 -3.762207031250000000e-01
9.392089843750000000e-01 -1.569824218750000000e-01 -3.750000000000000000e-01
9.514160156250000000e-01 -1.586914062500000000e-01 -3.850097656250000000e-01
8.725585937500000000e-01 -1.604003906250000000e-01 -3.894042968750000000e-01
8.684082031250000000e-01 -1.677246093750000000e-01 -4.030761718750000000e-01
8.542480468750000000e-01 -1.613769531250000000e-01 -3.942871093750000000e-01
8.637695312500000000e-01 -1.621093750000000000e-01 -4.030761718750000000e-01
8.664550781250000000e-01 -1.701660156250000000e-01 -4.030761718750000000e-01
9.426269531250000000e-01 -1.672363281250000000e-01 -3.676757812500000000e-01
8.535156250000000000e-01 -1.726074218750000000e-01 -3.464355468750000000e-01
8.449707031250000000e-01 -1.672363281250000000e-01 -3.503417968750000000e-01
8.510742187500000000e-01 -1.640625000000000000e-01 -3.488769531250000000e-01
8.552246093750000000e-01 -1.691894531250000000e-01 -3.500976562500000000e-01
8.637695312500000000e-01 -2.111816406250000000e-01 -3.554687500000000000e-01
8.625488281250000000e-01 -1.738281250000000000e-01 -3.447265625000000000e-01
8.625488281250000000e-01 -1.738281250000000000e-01 -3.447265625000000000e-01
8.718261718750000000e-01 -1.765136718750000000e-01 -3.583984375000000000e-01
8.999023437500000000e-01 -1.691894531250000000e-01 -3.535156250000000000e-01
8.564453125000000000e-01 -1.699218750000000000e-01 -3.493652343750000000e-01
9.042968750000000000e-01 -1.706542968750000000e-01 -4.045410156250000000e-01
8.547363281250000000e-01 -1.630859375000000000e-01 -3.598632812500000000e-01
8.554687500000000000e-01 -1.711425781250000000e-01 -4.018554687500000000e-01
8.439941406250000000e-01 -1.694335937500000000e-01 -4.045410156250000000e-01
8.471679687500000000e-01 -1.677246093750000000e-01 -4.018554687500000000e-01
9.050292968750000000e-01 -1.599121093750000000e-01 -3.972167968750000000e-01
8.486328125000000000e-01 -1.611328125000000000e-01 -3.955078125000000000e-01
8.493652343750000000e-01 -2.062988281250000000e-01 -3.781738281250000000e-01
9.680175781250000000e-01 -2.092285156250000000e-01 -2.968750000000000000e-01
9.558105468750000000e-01 -2.028808593750000000e-01 -2.912597656250000000e-01
8.933105468750000000e-01 -2.045898437500000000e-01 -2.988281250000000000e-01
8.505859375000000000e-01 -1.843261718750000000e-01 -2.937011718750000000e-01
8.996582031250000000e-01 -1.584472656250000000e-01 -3.032226562500000000e-01
8.491210937500000000e-01 -1.784667968750000000e-01 -2.817382812500000000e-01
8.098144531250000000e-01 -1.901855468750000000e-01 -2.575683593750000000e-01
6.032714843750000000e-01 -8.447265625000000000e-02 -1.757812500000000000e-01
6.958007812500000000e-01 -1.025390625000000000e-02 7.104492187500000000e-02
4.084472656250000000e-01 -2.182617187500000000e-01 5.566406250000000000e-02
2.985839843750000000e-01 -9.448242187500000000e-02 7.250976562500000000e-02
5.107421875000000000e-01 -1.955566406250000000e-01 -3.107910156250000000e-01
1.032714843750000000e+00 -1.352539062500000000e-01 -7.092285156250000000e-01
1.258056640625000000e+00 -4.443359375000000000e-01 -7.924804687500000000e-01
1.891845703125000000e+00 -5.229492187500000000e-01 -1.273437500000000000e+00
3.913574218750000000e-01 -1.643066406250000000e-01 -4.125976562500000000e-01
3.913574218750000000e-01 -1.643066406250000000e-01 -4.125976562500000000e-01
3.916015625000000000e-01 -2.109375000000000000e-01 -2.700195312500000000e-01
3.271484375000000000e-02 -2.929687500000000000e-02 -1.992187500000000000e-01
2.880859375000000000e-02 -1.198730468750000000e-01 2.661132812500000000e-02
-4.992675781250000000e-01 -1.210937500000000000e-01 -5.402832031250000000e-01
-1.121093750000000000e+00 -2.534179687500000000e-01 -4.282226562500000000e-01
-4.418945312500000000e-02 -1.013183593750000000e-01 -1.579589843750000000e-01
-1.042968750000000000e+00 -4.855957031250000000e-01 -2.181152343750000000e+00
-1.010253906250000000e+00 -5.085449218750000000e-01 -1.928466796875000000e+00
-5.671386718750000000e-01 -2.546386718750000000e-01 -8.452148437500000000e-01
-3.244628906250000000e-01 -1.076660156250000000e-01 -4.309082031250000000e-01
-2.993164062500000000e-01 -1.928710937500000000e-01 -6.291503906250000000e-01
-2.993164062500000000e-01 -1.928710937500000000e-01 -6.291503906250000000e-01
-4.138183593750000000e-01 -2.441406250000000000e-01 -9.355468750000000000e-01
-4.138183593750000000e-01 -2.441406250000000000e-01 -9.355468750000000000e-01
-4.592285156250000000e-01 -2.634277343750000000e-01 -8.730468750000000000e-01
-4.035644531250000000e-01 -1.645507812500000000e-01 -8.222656250000000000e-01
-3.764648437500000000e-01 -1.574707031250000000e-01 -7.214355468750000000e-01
-3.881835937500000000e-01 -1.931152343750000000e-01 -8.142089843750000000e-01
-2.871093750000000000e-01 -2.038574218750000000e-01 -8.122558593750000000e-01
-3.100585937500000000e-01 -1.713867187500000000e-01 -8.098144531250000000e-01
-3.486328125000000000e-01 -2.172851562500000000e-01 -8.542480468750000000e-01
-3.537597656250000000e-01 -2.014160156250000000e-01 -8.764648437500000000e-01
-3.461914062500000000e-01 -2.116699218750000000e-01 -8.300781250000000000e-01
-3.557128906250000000e-01 -2.072753906250000000e-01 -7.993164062500000000e-01
-3.596191406250000000e-01 -2.128906250000000000e-01 -7.978515625000000000e-01
-3.974609375000000000e-01 -2.143554687500000000e-01 -8.215332031250000000e-01
-3.466796875000000000e-01 -2.126464843750000000e-01 -7.861328125000000000e-01
-3.461914062500000000e-01 -2.172851562500000000e-01 -7.944335937500000000e-01
-3.527832031250000000e-01 -2.128906250000000000e-01 -8.015136718750000000e-01
-3.554687500000000000e-01 -2.177734375000000000e-01 -7.990722656250000000e-01
-3.469238281250000000e-01 -2.099609375000000000e-01 -7.846679687500000000e-01
-4.047851562500000000e-01 -2.097167968750000000e-01 -7.822265625000000000e-01
-3.461914062500000000e-01 -2.116699218750000000e-01 -7.895507812500000000e-01
-3.474121093750000000e-01 -2.097167968750000000e-01 -7.983398437500000000e-01
-3.491210937500000000e-01 -2.167968750000000000e-01 -8.095703125000000000e-01
-3.479003906250000000e-01 -2.084960937500000000e-01 -7.827148437500000000e-01
-4.052734375000000000e-01 -2.089843750000000000e-01 -7.875976562500000000e-01
-3.442382812500000000e-01 -2.133789062500000000e-01 -7.966308593750000000e-01
-4.040527343750000000e-01 -2.145996093750000000e-01 -7.941894531250000000e-01
-3.483886718750000000e-01 -2.106933593750000000e-01 -7.915039062500000000e-01
-3.469238281250000000e-01 -2.111816406250000000e-01 -7.944335937500000000e-01
-3.461914062500000000e-01 -2.099609375000000000e-01 -7.905273437500000000e-01
-4.055175781250000000e-01 -2.089843750000000000e-01 -7.932128906250000000e-01
-3.471679687500000000e-01 -2.114257812500000000e-01 -7.961425781250000000e-01
-4.057617187500000000e-01 -2.109375000000000000e-01 -7.888183593750000000e-01
-3.457031250000000000e-01 -2.106933593750000000e-01 -7.919921875000000000e-01
-4.055175781250000000e-01 -2.121582031250000000e-01 -7.893066406250000000e-01
-3.442382812500000000e-01 -2.092285156250000000e-01 -7.905273437500000000e-01
-3.461914062500000000e-01 -2.116699218750000000e-01 -7.824707031250000000e-01
-3.457031250000000000e-01 -2.075195312500000000e-01 -7.941894531250000000e-01
-3.457031250000000000e-01 -2.075195312500000000e-01 -7.941894531250000000e-01
-3.457031250000000000e-01 -2.109375000000000000e-01 -7.885742187500000000e-01
-3.444824218750000000e-01 -2.111816406250000000e-01 -7.856445312500000000e-01
-3.459472656250000000e-01 -2.124023437500000000e-01 -7.924804687500000000e-01
-3.437500000000000000e-01 -2.072753906250000000e-01 -7.929687500000000000e-01
-3.474121093750000000e-01 -2.111816406250000000e-01 -7.917480468750000000e-01
-3.479003906250000000e-01 -2.097167968750000000e-01 -7.900390625000000000e-01
-4.052734375000000000e-01 -2.075195312500000000e-01 -7.937011718750000000e-01
-3.457031250000000000e-01 -2.084960937500000000e-01 -7.917480468750000000e-01
-3.491210937500000000e-01 -2.058105468750000000e-01 -7.958984375000000000e-01
-3.437500000000000000e-01 -2.082519531250000000e-01 -7.902832031250000000e-01
-3.464355468750000000e-01 -2.070312500000000000e-01 -7.922363281250000000e-01
-4.045410156250000000e-01 -2.092285156250000000e-01 -8.417968750000000000e-01
-3.454589843750000000e-01 -2.084960937500000000e-01 -8.420410156250000000e-01
-4.057617187500000000e-01 -2.053222656250000000e-01 -7.890625000000000000e-01
-3.447265625000000000e-01 -2.082519531250000000e-01 -7.944335937500000000e-01
-3.449707031250000000e-01 -2.092285156250000000e-01 -7.907714843750000000e-01
-4.038085937500000000e-01 -2.102050781250000000e-01 -7.922363281250000000e-01
-4.047851562500000000e-01 -2.102050781250000000e-01 -7.929687500000000000e-01
-3.449707031250000000e-01 -2.119140625000000000e-01 -7.902832031250000000e-01
-3.459472656250000000e-01 -2.087402343750000000e-01 -7.958984375000000000e-01
-3.464355468750000000e-01 -2.075195312500000000e-01 -7.910156250000000000e-01
-3.439941406250000000e-01 -2.084960937500000000e-01 -7.966308593750000000e-01
-3.469238281250000000e-01 -2.136230468750000000e-01 -7.902832031250000000e-01
-4.042968750000000000e-01 -2.089843750000000000e-01 -7.919921875000000000e-01
-3.454589843750000000e-01 -2.109375000000000000e-01 -7.880859375000000000e-01
-3.488769531250000000e-01 -2.111816406250000000e-01 -7.934570312500000000e-01
-3.454589843750000000e-01 -2.092285156250000000e-01 -7.893066406250000000e-01
-3.461914062500000000e-01 -2.089843750000000000e-01 -7.924804687500000000e-01
-3.471679687500000000e-01 -2.075195312500000000e-01 -7.961425781250000000e-01
-3.476562500000000000e-01 -2.104492187500000000e-01 -7.973632812500000000e-01
-3.476562500000000000e-01 -2.092285156250000000e-01 -7.934570312500000000e-01
-3.481445312500000000e-01 -2.104492187500000000e-01 -7.890625000000000000e-01
-3.469238281250000000e-01 -2.104492187500000000e-01 -7.888183593750000000e-01
-3.493652343750000000e-01 -2.097167968750000000e-01 -7.910156250000000000e-01
-3.505859375000000000e-01 -2.062988281250000000e-01 -7.937011718750000000e-01
-3.479003906250000000e-01 -2.094726562500000000e-01 -7.824707031250000000e-01
-3.469238281250000000e-01 -2.109375000000000000e-01 -7.924804687500000000e-01
-3.471679687500000000e-01 -2.114257812500000000e-01 -7.907714843750000000e-01
-3.471679687500000000e-01 -2.114257812500000000e-01 -7.907714843750000000e-01
-3.449707031250000000e-01 -2.094726562500000000e-01 -7.871093750000000000e-01
-3.449707031250000000e-01 -2.094726562500000000e-01 -7.871093750000000000e-01
-3.461914062500000000e-01 -2.082519531250000000e-01 -7.873535156250000000e-01
-4.042968750000000000e-01 -2.106933593750000000e-01 -7.866210937500000000e-01
-3.449707031250000000e-01 -2.092285156250000000e-01 -7.851562500000000000e-01
-3.479003906250000000e-01 -2.082519531250000000e-01 -7.897949218750000000e-01
-3.486328125000000000e-01 -2.128906250000000000e-01 -7.954101562500000000e-01
-3.461914062500000000e-01 -2.084960937500000000e-01 -7.929687500000000000e-01
-3.444824218750000000e-01 -2.114257812500000000e-01 -7.966308593750000000e-01
-3.444824218750000000e-01 -2.087402343750000000e-01 -7.880859375000000000e-01
-3.476562500000000000e-01 -2.089843750000000000e-01 -7.932128906250000000e-01
-3.464355468750000000e-01 -2.094726562500000000e-01 -7.963867187500000000e-01
-3.444824218750000000e-01 -2.106933593750000000e-01 -7.917480468750000000e-01
-3.439941406250000000e-01 -2.060546875000000000e-01 -7.883300781250000000e-01
-3.454589843750000000e-01 -2.097167968750000000e-01 -7.851562500000000000e-01
-3.457031250000000000e-01 -2.121582031250000000e-01 -7.902832031250000000e-01
-3.474121093750000000e-01 -2.099609375000000000e-01 -7.910156250000000000e-01
-3.479003906250000000e-01 -2.080078125000000000e-01 -7.924804687500000000e-01
-3.449707031250000000e-01 -2.116699218750000000e-01 -7.854003906250000000e-01
-3.466796875000000000e-01 -2.077636718750000000e-01 -7.934570312500000000e-01
-4.040527343750000000e-01 -2.099609375000000000e-01 -7.839355468750000000e-01
-3.466796875000000000e-01 -2.119140625000000000e-01 -7.861328125000000000e-01
-3.469238281250000000e-01 -2.075195312500000000e-01 -7.917480468750000000e-01
-3.471679687500000000e-01 -2.114257812500000000e-01 -7.919921875000000000e-01
-3.457031250000000000e-01 -2.082519531250000000e-01 -7.902832031250000000e-01
-4.035644531250000000e-01 -2.053222656250000000e-01 -7.968750000000000000e-01
-4.052734375000000000e-01 -2.089843750000000000e-01 -8.430175781250000000e-01
-3.442382812500000000e-01 -2.089843750000000000e-01 -7.915039062500000000e-01
-3.474121093750000000e-01 -2.121582031250000000e-01 -7.900390625000000000e-01
-3.500976562500000000e-01 -2.119140625000000000e-01 -7.895507812500000000e-01
-3.510742187500000000e-01 -2.104492187500000000e-01 -7.963867187500000000e-01
-3.437500000000000000e-01 -2.104492187500000000e-01 -7.902832031250000000e-01
-3.466796875000000000e-01 -2.102050781250000000e-01 -7.902832031250000000e-01
-3.486328125000000000e-01 -2.131347656250000000e-01 -7.915039062500000000e-01
-3.459472656250000000e-01 -2.109375000000000000e-01 -7.929687500000000000e-01
-3.488769531250000000e-01 -2.102050781250000000e-01 -7.961425781250000000e-01
-3.476562500000000000e-01 -2.092285156250000000e-01 -7.893066406250000000e-01
-3.447265625000000000e-01 -2.104492187500000000e-01 -7.871093750000000000e-01
-3.447265625000000000e-01 -2.104492187500000000e-01 -7.871093750000000000e-01
-3.483886718750000000e-01 -2.094726562500000000e-01 -7.951660156250000000e-01
-3.483886718750000000e-01 -2.094726562500000000e-01 -7.951660156250000000e-01
