9.760742187500000000e-01 -6.762695312500000000e-02 -2.041015625000000000e-01
9.831542968750000000e-01 2.294921875000000000e-02 -1.687011718750000000e-01
9.831542968750000000e-01 2.294921875000000000e-02 -1.687011718750000000e-01
9.816894531250000000e-01 2.026367187500000000e-02 -2.175292968750000000e-01
9.790039062500000000e-01 9.765625000000000000e-03 -1.892089843750000000e-01
1.022949218750000000e+00 1.611328125000000000e-02 -1.962890625000000000e-01
1.011230468750000000e+00 2.246093750000000000e-02 -2.094726562500000000e-01
1.005126953125000000e+00 -6.494140625000000000e-02 -1.865234375000000000e-01
9.277343750000000000e-01 -8.544921875000000000e-02 -2.500000000000000000e-01
1.002929687500000000e+00 -7.446289062500000000e-02 -2.617187500000000000e-01
1.015625000000000000e+00 2.685546875000000000e-03 -2.617187500000000000e-01
1.010253906250000000e+00 1.562500000000000000e-02 -1.811523437500000000e-01
1.020019531250000000e+00 -2.514648437500000000e-02 -1.594238281250000000e-01
1.030517578125000000e+00 -1.245117187500000000e-02 -1.618652343750000000e-01
1.016601562500000000e+00 -1.220703125000000000e-02 -1.564941406250000000e-01
1.015136718750000000e+00 -2.954101562500000000e-02 -1.809082031250000000e-01
1.014892578125000000e+00 1.586914062500000000e-02 -2.600097656250000000e-01
9.365234375000000000e-01 8.056640625000000000e-03 -2.766113281250000000e-01
9.279785156250000000e-01 7.568359375000000000e-03 -2.199707031250000000e-01
9.267578125000000000e-01 1.831054687500000000e-02 -2.373046875000000000e-01
9.138183593750000000e-01 1.831054687500000000e-02 -3.212890625000000000e-01
9.667968750000000000e-01 1.464843750000000000e-02 -2.976074218750000000e-01
9.653320312500000000e-01 1.416015625000000000e-02 -3.940429687500000000e-01
8.645019531250000000e-01 -7.299804687500000000e-02 -3.066406250000000000e-01
9.431152343750000000e-01 4.882812500000000000e-04 -3.710937500000000000e-01
8.647460937500000000e-01 -8.081054687500000000e-02 -5.173339843750000000e-01
7.995605468750000000e-01 -7.885742187500000000e-02 -4.714355468750000000e-01
6.601562500000000000e-01 -4.199218750000000000e-02 -6.379394531250000000e-01
5.258789062500000000e-01 -4.516601562500000000e-02 -5.256347656250000000e-01
5.246582031250000000e-01 -3.515625000000000000e-02 -4.584960937500000000e-01
6.704101562500000000e-01 -1.770019531250000000e-01 -5.324707031250000000e-01
6.486816406250000000e-01 -4.443359375000000000e-02 -8.122558593750000000e-01
2.045898437500000000e-01 1.513671875000000000e-02 -9.973144531250000000e-01
1.552734375000000000e-01 -2.600097656250000000e-01 -7.841796875000000000e-01
-1.198730468750000000e-01 -2.207031250000000000e-01 -8.256835937500000000e-01
-2.270507812500000000e-01 -1.914062500000000000e-01 -6.069335937500000000e-01
-3.513183593750000000e-01 -3.393554687500000000e-02 -5.913085937500000000e-01
-1.284179687500000000e-01 7.470703125000000000e-02 -2.441406250000000000e-01
-1.035156250000000000e-01 1.196289062500000000e-02 -1.923828125000000000e-01
-2.365722656250000000e-01 -2.314453125000000000e-01 -4.428710937500000000e-01
-1.877441406250000000e-01 -5.541992187500000000e-02 -4.062500000000000000e-01
-1.418457031250000000e-01 -7.592773437500000000e-02 -8.327636718750000000e-01
-1.660156250000000000e-02 -9.838867187500000000e-02 -9.028320312500000000e-01
5.671386718750000000e-01 -4.565429687500000000e-02 -8.010253906250000000e-01
3.181152343750000000e-01 -1.257324218750000000e-01 -3.357177734375000000e+00
1.295654296875000000e+00 -9.082031250000000000e-02 -2.926269531250000000e+00
5.173339843750000000e-01 2.187500000000000000e-01 -1.054199218750000000e+00
1.499023437500000000e-01 2.980957031250000000e-01 1.772460937500000000e-01
4.194335937500000000e-01 5.107421875000000000e-01 4.819335937500000000e-01
3.457031250000000000e-01 5.004882812500000000e-01 1.297851562500000000e+00
3.850097656250000000e-01 1.865234375000000000e-01 1.371826171875000000e+00
5.908203125000000000e-02 2.580566406250000000e-01 1.022705078125000000e+00
-1.023925781250000000e+00 2.770996093750000000e-01 1.075927734375000000e+00
-3.457031250000000000e-01 2.351074218750000000e-01 7.407226562500000000e-01
-4.931640625000000000e-02 2.736816406250000000e-01 9.270019531250000000e-01
-1.289062500000000000e-01 -1.459960937500000000e-01 8.566894531250000000e-01
-1.745605468750000000e-01 3.391113281250000000e-01 1.118164062500000000e+00
5.004882812500000000e-02 4.152832031250000000e-01 1.306396484375000000e+00
8.203125000000000000e-02 2.878417968750000000e-01 1.119140625000000000e+00
8.618164062500000000e-01 -3.176269531250000000e-01 1.275146484375000000e+00
4.326171875000000000e-01 1.884765625000000000e-01 8.464355468750000000e-01
1.875000000000000000e-01 8.129882812500000000e-02 8.093261718750000000e-01
2.570800781250000000e-01 3.564453125000000000e-02 9.602050781250000000e-01
2.905273437500000000e-01 1.552734375000000000e-01 1.086181640625000000e+00
3.613281250000000000e-01 -6.347656250000000000e-03 1.054687500000000000e+00
3.886718750000000000e-01 -5.517578125000000000e-02 1.120117187500000000e+00
1.171875000000000000e-01 -3.442382812500000000e-02 1.146484375000000000e+00
8.300781250000000000e-03 8.447265625000000000e-02 1.135498046875000000e+00
5.639648437500000000e-02 1.528320312500000000e-01 1.083740234375000000e+00
1.904296875000000000e-01 1.174316406250000000e-01 1.040771484375000000e+00
1.606445312500000000e-01 1.279296875000000000e-01 1.135498046875000000e+00
2.524414062500000000e-01 7.275390625000000000e-02 1.135009765625000000e+00
2.639160156250000000e-01 7.910156250000000000e-02 1.128417968750000000e+00
1.708984375000000000e-01 3.759765625000000000e-02 1.088867187500000000e+00
1.728515625000000000e-01 9.106445312500000000e-02 1.089111328125000000e+00
1.640625000000000000e-01 6.909179687500000000e-02 1.125488281250000000e+00
2.028808593750000000e-01 6.640625000000000000e-02 1.131103515625000000e+00
1.884765625000000000e-01 8.154296875000000000e-02 1.125976562500000000e+00
1.977539062500000000e-01 8.569335937500000000e-02 1.051269531250000000e+00
2.163085937500000000e-01 9.155273437500000000e-02 1.037841796875000000e+00
1.638183593750000000e-01 8.911132812500000000e-02 1.129638671875000000e+00
1.674804687500000000e-01 8.837890625000000000e-02 1.048095703125000000e+00
2.175292968750000000e-01 8.691406250000000000e-02 1.048583984375000000e+00
1.645507812500000000e-01 7.519531250000000000e-02 1.049316406250000000e+00
1.633300781250000000e-01 7.421875000000000000e-02 1.044433593750000000e+00
1.584472656250000000e-01 7.958984375000000000e-02 1.047119140625000000e+00
2.150878906250000000e-01 8.300781250000000000e-02 1.051757812500000000e+00
2.094726562500000000e-01 7.568359375000000000e-02 1.046630859375000000e+00
2.097167968750000000e-01 7.836914062500000000e-02 1.053222656250000000e+00
2.104492187500000000e-01 7.934570312500000000e-02 1.051269531250000000e+00
2.121582031250000000e-01 7.885742187500000000e-02 1.048583984375000000e+00
2.099609375000000000e-01 8.471679687500000000e-02 1.060058593750000000e+00
2.124023437500000000e-01 8.691406250000000000e-02 1.046875000000000000e+00
2.104492187500000000e-01 8.227539062500000000e-02 1.045898437500000000e+00
2.126464843750000000e-01 7.861328125000000000e-02 1.125244140625000000e+00
2.028808593750000000e-01 8.105468750000000000e-02 1.050048828125000000e+00
1.965332031250000000e-01 8.105468750000000000e-02 1.128906250000000000e+00
1.999511718750000000e-01 8.398437500000000000e-02 1.055175781250000000e+00
1.923828125000000000e-01 7.836914062500000000e-02 1.057617187500000000e+00
2.026367187500000000e-01 8.227539062500000000e-02 1.052978515625000000e+00
2.019042968750000000e-01 7.934570312500000000e-02 1.061767578125000000e+00
1.909179687500000000e-01 7.788085937500000000e-02 1.060791015625000000e+00
1.975097656250000000e-01 8.203125000000000000e-02 1.054443359375000000e+00
1.958007812500000000e-01 8.276367187500000000e-02 1.060058593750000000e+00
2.001953125000000000e-01 8.056640625000000000e-02 1.053710937500000000e+00
2.023925781250000000e-01 8.154296875000000000e-02 1.153076171875000000e+00
1.584472656250000000e-01 -1.171875000000000000e-02 1.167480468750000000e+00
1.887207031250000000e-01 4.931640625000000000e-02 8.671875000000000000e-01
-5.859375000000000000e-03 5.419921875000000000e-02 1.089355468750000000e+00
1.496582031250000000e-01 4.638671875000000000e-02 1.134521484375000000e+00
1.540527343750000000e-01 9.179687500000000000e-02 1.141113281250000000e+00
5.395507812500000000e-02 9.179687500000000000e-02 1.052734375000000000e+00
9.130859375000000000e-02 4.589843750000000000e-02 1.059082031250000000e+00
3.637695312500000000e-02 4.638671875000000000e-02 1.058593750000000000e+00
8.544921875000000000e-02 4.003906250000000000e-02 1.129882812500000000e+00
9.252929687500000000e-02 9.277343750000000000e-02 1.147949218750000000e+00
8.837890625000000000e-02 3.637695312500000000e-02 1.055908203125000000e+00
7.641601562500000000e-02 3.613281250000000000e-02 1.035644531250000000e+00
3.979492187500000000e-02 4.003906250000000000e-02 1.035400390625000000e+00
9.521484375000000000e-02 3.198242187500000000e-02 1.055175781250000000e+00
1.040039062500000000e-01 8.520507812500000000e-02 1.129638671875000000e+00
9.960937500000000000e-02 8.349609375000000000e-02 1.144287109375000000e+00
1.015625000000000000e-01 8.276367187500000000e-02 1.135009765625000000e+00
1.057128906250000000e-01 7.617187500000000000e-02 1.062255859375000000e+00
1.020507812500000000e-01 8.056640625000000000e-02 1.058593750000000000e+00
1.123046875000000000e-01 8.032226562500000000e-02 1.133056640625000000e+00
1.914062500000000000e-01 8.593750000000000000e-02 1.056884765625000000e+00
1.069335937500000000e-01 7.861328125000000000e-02 1.052490234375000000e+00
1.093750000000000000e-01 8.203125000000000000e-02 1.060546875000000000e+00
1.101074218750000000e-01 8.081054687500000000e-02 1.054687500000000000e+00
1.130371093750000000e-01 8.471679687500000000e-02 1.057617187500000000e+00
1.193847656250000000e-01 8.178710937500000000e-02 1.056640625000000000e+00
1.186523437500000000e-01 8.178710937500000000e-02 1.059570312500000000e+00
1.171875000000000000e-01 7.812500000000000000e-02 1.058837890625000000e+00
1.198730468750000000e-01 8.374023437500000000e-02 1.058349609375000000e+00
1.152343750000000000e-01 8.618164062500000000e-02 1.055664062500000000e+00
1.247558593750000000e-01 8.300781250000000000e-02 1.125976562500000000e+00
1.230468750000000000e-01 8.251953125000000000e-02 1.058593750000000000e+00
1.918945312500000000e-01 7.958984375000000000e-02 1.054443359375000000e+00
1.953125000000000000e-01 7.958984375000000000e-02 1.057373046875000000e+00
1.967773437500000000e-01 7.958984375000000000e-02 1.050292968750000000e+00
1.962890625000000000e-01 8.374023437500000000e-02 1.058105468750000000e+00
2.031250000000000000e-01 7.885742187500000000e-02 1.052246093750000000e+00
1.967773437500000000e-01 8.105468750000000000e-02 1.036376953125000000e+00
1.953125000000000000e-01 8.129882812500000000e-02 1.125976562500000000e+00
1.911621093750000000e-01 7.788085937500000000e-02 1.057617187500000000e+00
1.235351562500000000e-01 8.081054687500000000e-02 1.055664062500000000e+00
1.240234375000000000e-01 7.885742187500000000e-02 1.056640625000000000e+00
1.884765625000000000e-01 8.374023437500000000e-02 1.060546875000000000e+00
1.218261718750000000e-01 7.666015625000000000e-02 1.053955078125000000e+00
1.208496093750000000e-01 7.910156250000000000e-02 1.055908203125000000e+00
1.193847656250000000e-01 8.666992187500000000e-02 1.057373046875000000e+00
1.179199218750000000e-01 8.349609375000000000e-02 1.060058593750000000e+00
1.135253906250000000e-01 8.398437500000000000e-02 1.125732421875000000e+00
1.149902343750000000e-01 7.958984375000000000e-02 1.059326171875000000e+00
1.147460937500000000e-01 7.958984375000000000e-02 1.061035156250000000e+00
1.196289062500000000e-01 7.885742187500000000e-02 1.060546875000000000e+00
1.159667968750000000e-01 8.227539062500000000e-02 1.058105468750000000e+00
1.210937500000000000e-01 8.837890625000000000e-02 1.061523437500000000e+00
1.894531250000000000e-01 8.520507812500000000e-02 1.056884765625000000e+00
1.965332031250000000e-01 8.666992187500000000e-02 1.057617187500000000e+00
1.242675781250000000e-01 8.398437500000000000e-02 1.033691406250000000e+00
1.879882812500000000e-01 8.349609375000000000e-02 1.129882812500000000e+00
1.926269531250000000e-01 7.958984375000000000e-02 1.047851562500000000e+00
1.972656250000000000e-01 8.471679687500000000e-02 1.060791015625000000e+00
1.962890625000000000e-01 8.349609375000000000e-02 1.055908203125000000e+00
2.026367187500000000e-01 8.105468750000000000e-02 1.055419921875000000e+00
1.948242187500000000e-01 8.007812500000000000e-02 1.052001953125000000e+00
1.882324218750000000e-01 7.958984375000000000e-02 1.056152343750000000e+00
1.882324218750000000e-01 8.666992187500000000e-02 1.058593750000000000e+00
1.931152343750000000e-01 8.422851562500000000e-02 1.051757812500000000e+00
1.914062500000000000e-01 8.422851562500000000e-02 1.055175781250000000e+00
1.899414062500000000e-01 8.178710937500000000e-02 1.051757812500000000e+00
1.250000000000000000e-01 8.374023437500000000e-02 1.058349609375000000e+00
1.242675781250000000e-01 8.789062500000000000e-02 1.059570312500000000e+00
1.247558593750000000e-01 8.813476562500000000e-02 1.057373046875000000e+00
1.210937500000000000e-01 8.666992187500000000e-02 1.062500000000000000e+00
1.882324218750000000e-01 8.569335937500000000e-02 1.055908203125000000e+00
1.154785156250000000e-01 9.033203125000000000e-02 1.049804687500000000e+00
1.938476562500000000e-01 8.789062500000000000e-02 1.133789062500000000e+00
1.953125000000000000e-01 9.033203125000000000e-02 1.048339843750000000e+00
1.157226562500000000e-01 8.374023437500000000e-02 1.135253906250000000e+00
1.179199218750000000e-01 8.471679687500000000e-02 1.054443359375000000e+00
1.879882812500000000e-01 8.666992187500000000e-02 1.060791015625000000e+00
1.186523437500000000e-01 8.959960937500000000e-02 1.058837890625000000e+00
1.904296875000000000e-01 8.374023437500000000e-02 1.056152343750000000e+00
1.240234375000000000e-01 8.715820312500000000e-02 1.046875000000000000e+00
1.909179687500000000e-01 8.325195312500000000e-02 1.057128906250000000e+00
1.242675781250000000e-01 8.813476562500000000e-02 1.051757812500000000e+00
1.232910156250000000e-01 8.862304687500000000e-02 1.060302734375000000e+00
1.921386718750000000e-01 8.618164062500000000e-02 1.055419921875000000e+00
1.906738281250000000e-01 8.471679687500000000e-02 1.055419921875000000e+00
1.228027343750000000e-01 8.813476562500000000e-02 1.050537109375000000e+00
1.247558593750000000e-01 9.008789062500000000e-02 1.052246093750000000e+00
1.228027343750000000e-01 8.740234375000000000e-02 1.055664062500000000e+00
1.191406250000000000e-01 9.130859375000000000e-02 1.059814453125000000e+00
1.240234375000000000e-01 9.057617187500000000e-02 1.055908203125000000e+00
1.218261718750000000e-01 8.813476562500000000e-02 1.054199218750000000e+00
1.208496093750000000e-01 8.911132812500000000e-02 1.055664062500000000e+00
1.135253906250000000e-01 9.301757812500000000e-02 1.060058593750000000e+00
