9.953613281250000000e-01 -1.220703125000000000e-03 1.938476562500000000e-01
9.953613281250000000e-01 -1.220703125000000000e-03 1.938476562500000000e-01
1.068603515625000000e+00 5.590820312500000000e-02 1.040039062500000000e-01
1.068603515625000000e+00 5.590820312500000000e-02 1.040039062500000000e-01
1.032958984375000000e+00 -1.464843750000000000e-02 1.115722656250000000e-01
1.080078125000000000e+00 3.173828125000000000e-02 9.570312500000000000e-02
8.930664062500000000e-01 1.162109375000000000e-01 1.303710937500000000e-01
9.274902343750000000e-01 1.936035156250000000e-01 1.950683593750000000e-01
1.109130859375000000e+00 5.712890625000000000e-02 1.752929687500000000e-01
1.007568359375000000e+00 1.960449218750000000e-01 1.938476562500000000e-01
9.655761718750000000e-01 9.912109375000000000e-02 1.892089843750000000e-01
1.145263671875000000e+00 6.713867187500000000e-02 2.136230468750000000e-01
1.257568359375000000e+00 -4.785156250000000000e-02 1.972656250000000000e-01
8.330078125000000000e-01 9.252929687500000000e-02 1.552734375000000000e-01
1.013916015625000000e+00 -6.445312500000000000e-02 1.191406250000000000e-01
1.165771484375000000e+00 -4.150390625000000000e-03 1.789550781250000000e-01
9.372558593750000000e-01 5.249023437500000000e-02 1.564941406250000000e-01
9.638671875000000000e-01 -1.269531250000000000e-02 1.694335937500000000e-01
1.059326171875000000e+00 -2.514648437500000000e-02 1.567382812500000000e-01
9.792480468750000000e-01 1.660156250000000000e-02 1.601562500000000000e-01
1.022949218750000000e+00 1.171875000000000000e-02 1.613769531250000000e-01
1.091552734375000000e+00 6.250000000000000000e-02 2.026367187500000000e-01
9.877929687500000000e-01 -1.977539062500000000e-02 2.053222656250000000e-01
9.770507812500000000e-01 -2.416992187500000000e-02 2.072753906250000000e-01
1.065673828125000000e+00 -1.416015625000000000e-02 2.116699218750000000e-01
1.064208984375000000e+00 -1.684570312500000000e-02 2.067871093750000000e-01
9.802246093750000000e-01 -1.635742187500000000e-02 1.638183593750000000e-01
9.965820312500000000e-01 -2.807617187500000000e-02 1.975097656250000000e-01
9.770507812500000000e-01 1.269531250000000000e-02 1.250000000000000000e-01
9.919433593750000000e-01 -2.050781250000000000e-02 1.230468750000000000e-01
1.000000000000000000e+00 -2.148437500000000000e-02 1.962890625000000000e-01
1.064697265625000000e+00 1.953125000000000000e-03 1.931152343750000000e-01
9.948730468750000000e-01 5.371093750000000000e-03 1.923828125000000000e-01
1.066650390625000000e+00 2.246093750000000000e-02 1.188964843750000000e-01
1.020263671875000000e+00 2.856445312500000000e-02 1.098632812500000000e-01
9.780273437500000000e-01 1.586914062500000000e-02 1.103515625000000000e-01
9.860839843750000000e-01 -6.445312500000000000e-02 1.044921875000000000e-01
9.694824218750000000e-01 -8.447265625000000000e-02 1.442871093750000000e-01
9.768066406250000000e-01 -1.057128906250000000e-01 1.938476562500000000e-01
9.768066406250000000e-01 -1.057128906250000000e-01 1.938476562500000000e-01
1.004394531250000000e+00 -8.178710937500000000e-02 2.014160156250000000e-01
1.004394531250000000e+00 -8.178710937500000000e-02 2.014160156250000000e-01
9.096679687500000000e-01 1.220703125000000000e-03 1.906738281250000000e-01
9.721679687500000000e-01 -4.809570312500000000e-02 1.179199218750000000e-01
9.550781250000000000e-01 -1.467285156250000000e-01 1.323242187500000000e-01
9.020996093750000000e-01 -1.186523437500000000e-01 4.809570312500000000e-02
7.141113281250000000e-01 -1.401367187500000000e-01 7.934570312500000000e-02
6.159667968750000000e-01 -2.331542968750000000e-01 1.979980468750000000e-01
7.465820312500000000e-01 -1.179199218750000000e-01 4.418945312500000000e-02
9.262695312500000000e-01 -2.880859375000000000e-02 5.615234375000000000e-03
8.830566406250000000e-01 -2.226562500000000000e-01 1.025390625000000000e-02
1.787109375000000000e-01 -1.896972656250000000e-01 3.417968750000000000e-02
-3.266601562500000000e-01 5.273437500000000000e-02 7.397460937500000000e-02
-3.613281250000000000e-01 4.467773437500000000e-01 3.444824218750000000e-01
-8.032226562500000000e-02 1.865234375000000000e-01 -9.790039062500000000e-02
4.943847656250000000e-01 1.481201171875000000e+00 1.894531250000000000e-01
7.732421875000000000e+00 7.937255859375000000e+00 -7.937255859375000000e+00
1.296142578125000000e+00 4.296875000000000000e-01 -4.125976562500000000e-01
5.603027343750000000e-01 1.130859375000000000e+00 1.955566406250000000e-01
-2.512207031250000000e-01 -5.817871093750000000e-01 -2.016601562500000000e-01
-1.275634765625000000e+00 8.527832031250000000e-01 -1.416015625000000000e-01
1.005859375000000000e-01 1.090820312500000000e+00 -1.175048828125000000e+00
-5.661621093750000000e-01 4.675292968750000000e-01 1.977539062500000000e-02
-7.219238281250000000e-01 8.310546875000000000e-01 -2.202148437500000000e-01
-2.536621093750000000e-01 8.359375000000000000e-01 2.424316406250000000e-01
-3.691406250000000000e-01 1.050781250000000000e+00 4.462890625000000000e-01
-6.445312500000000000e-02 1.086425781250000000e+00 6.840820312500000000e-01
-1.406250000000000000e-01 1.145507812500000000e+00 -3.430175781250000000e-01
-1.074218750000000000e-02 6.813964843750000000e-01 3.291015625000000000e-01
3.845214843750000000e-01 7.934570312500000000e-01 4.802246093750000000e-01
3.320312500000000000e-02 1.145751953125000000e+00 -1.166992187500000000e-01
4.980468750000000000e-02 9.218750000000000000e-01 4.431152343750000000e-01
-2.490234375000000000e-02 9.406738281250000000e-01 -1.391601562500000000e-01
-7.031250000000000000e-02 1.032714843750000000e+00 -3.515625000000000000e-02
-1.574707031250000000e-01 9.353027343750000000e-01 1.357421875000000000e-01
-2.746582031250000000e-01 9.223632812500000000e-01 -3.125000000000000000e-02
-1.625976562500000000e-01 9.272460937500000000e-01 -1.320800781250000000e-01
-5.224609375000000000e-02 9.370117187500000000e-01 -4.101562500000000000e-02
-5.224609375000000000e-02 9.370117187500000000e-01 -4.101562500000000000e-02
-4.711914062500000000e-02 1.027587890625000000e+00 1.733398437500000000e-02
-4.711914062500000000e-02 1.027587890625000000e+00 1.733398437500000000e-02
-5.200195312500000000e-02 9.138183593750000000e-01 -1.733398437500000000e-02
-1.389160156250000000e-01 9.121093750000000000e-01 4.052734375000000000e-02
-1.003417968750000000e-01 9.167480468750000000e-01 4.565429687500000000e-02
-1.003417968750000000e-01 9.226074218750000000e-01 8.715820312500000000e-02
-1.064453125000000000e-01 9.262695312500000000e-01 8.935546875000000000e-02
-1.027832031250000000e-01 9.257812500000000000e-01 4.321289062500000000e-02
-9.375000000000000000e-02 9.321289062500000000e-01 5.200195312500000000e-02
-1.411132812500000000e-01 9.257812500000000000e-01 4.882812500000000000e-02
-9.375000000000000000e-02 9.294433593750000000e-01 5.175781250000000000e-02
-1.474609375000000000e-01 1.000488281250000000e+00 3.247070312500000000e-02
-1.437988281250000000e-01 9.357910156250000000e-01 1.320800781250000000e-01
-9.448242187500000000e-02 1.009033203125000000e+00 4.077148437500000000e-02
-9.765625000000000000e-02 1.003173828125000000e+00 1.403808593750000000e-01
-1.533203125000000000e-01 9.252929687500000000e-01 1.293945312500000000e-01
-9.716796875000000000e-02 9.331054687500000000e-01 1.362304687500000000e-01
-1.523437500000000000e-01 9.318847656250000000e-01 1.035156250000000000e-01
-1.538085937500000000e-01 9.262695312500000000e-01 1.472167968750000000e-01
-1.525878906250000000e-01 9.277343750000000000e-01 1.008300781250000000e-01
-1.533203125000000000e-01 9.316406250000000000e-01 1.218261718750000000e-01
-1.472167968750000000e-01 9.270019531250000000e-01 1.130371093750000000e-01
-1.516113281250000000e-01 9.267578125000000000e-01 1.208496093750000000e-01
-1.452636718750000000e-01 9.304199218750000000e-01 1.242675781250000000e-01
-1.442871093750000000e-01 9.243164062500000000e-01 1.892089843750000000e-01
-9.741210937500000000e-02 9.340820312500000000e-01 1.022949218750000000e-01
-1.484375000000000000e-01 9.313964843750000000e-01 1.154785156250000000e-01
-1.516113281250000000e-01 9.299316406250000000e-01 1.103515625000000000e-01
-1.516113281250000000e-01 9.304199218750000000e-01 1.132812500000000000e-01
-1.472167968750000000e-01 9.318847656250000000e-01 1.965332031250000000e-01
-1.542968750000000000e-01 9.326171875000000000e-01 1.201171875000000000e-01
-1.506347656250000000e-01 9.291992187500000000e-01 1.186523437500000000e-01
-1.518554687500000000e-01 9.304199218750000000e-01 1.206054687500000000e-01
-1.491699218750000000e-01 9.272460937500000000e-01 1.191406250000000000e-01
-1.499023437500000000e-01 9.316406250000000000e-01 1.901855468750000000e-01
-1.511230468750000000e-01 9.321289062500000000e-01 2.016601562500000000e-01
-1.508789062500000000e-01 9.289550781250000000e-01 1.879882812500000000e-01
-9.838867187500000000e-02 9.304199218750000000e-01 1.176757812500000000e-01
-9.838867187500000000e-02 9.304199218750000000e-01 1.176757812500000000e-01
-9.448242187500000000e-02 9.282226562500000000e-01 1.984863281250000000e-01
-1.538085937500000000e-01 9.282226562500000000e-01 1.879882812500000000e-01
-9.619140625000000000e-02 9.304199218750000000e-01 2.087402343750000000e-01
-1.518554687500000000e-01 9.270019531250000000e-01 2.058105468750000000e-01
-9.716796875000000000e-02 9.250488281250000000e-01 2.048339843750000000e-01
-9.472656250000000000e-02 9.311523437500000000e-01 1.989746093750000000e-01
-9.448242187500000000e-02 9.284667968750000000e-01 2.072753906250000000e-01
-1.540527343750000000e-01 9.333496093750000000e-01 2.111816406250000000e-01
-1.538085937500000000e-01 9.250488281250000000e-01 2.031250000000000000e-01
-1.552734375000000000e-01 9.301757812500000000e-01 1.975097656250000000e-01
-1.557617187500000000e-01 9.265136718750000000e-01 2.062988281250000000e-01
-1.496582031250000000e-01 9.287109375000000000e-01 2.048339843750000000e-01
-1.523437500000000000e-01 9.257812500000000000e-01 2.080078125000000000e-01
-9.790039062500000000e-02 9.331054687500000000e-01 2.050781250000000000e-01
-1.486816406250000000e-01 9.240722656250000000e-01 2.104492187500000000e-01
-1.530761718750000000e-01 9.248046875000000000e-01 2.080078125000000000e-01
-9.399414062500000000e-02 9.277343750000000000e-01 2.009277343750000000e-01
-1.430664062500000000e-01 9.191894531250000000e-01 2.109375000000000000e-01
-1.560058593750000000e-01 9.282226562500000000e-01 2.021484375000000000e-01
-1.518554687500000000e-01 9.316406250000000000e-01 2.094726562500000000e-01
-9.375000000000000000e-02 9.289550781250000000e-01 2.087402343750000000e-01
-9.375000000000000000e-02 9.299316406250000000e-01 2.126464843750000000e-01
-1.555175781250000000e-01 9.277343750000000000e-01 2.141113281250000000e-01
-9.790039062500000000e-02 9.277343750000000000e-01 2.116699218750000000e-01
-1.540527343750000000e-01 9.313964843750000000e-01 2.114257812500000000e-01
-1.547851562500000000e-01 9.238281250000000000e-01 1.594238281250000000e-01
-1.530761718750000000e-01 9.252929687500000000e-01 2.121582031250000000e-01
-1.535644531250000000e-01 9.233398437500000000e-01 2.158203125000000000e-01
-1.059570312500000000e-01 9.316406250000000000e-01 1.606445312500000000e-01
-9.497070312500000000e-02 9.289550781250000000e-01 2.182617187500000000e-01
-1.550292968750000000e-01 9.248046875000000000e-01 1.564941406250000000e-01
-9.497070312500000000e-02 9.277343750000000000e-01 1.608886718750000000e-01
-9.570312500000000000e-02 9.216308593750000000e-01 1.704101562500000000e-01
-9.497070312500000000e-02 9.299316406250000000e-01 1.564941406250000000e-01
-1.538085937500000000e-01 9.174804687500000000e-01 1.589355468750000000e-01
-9.448242187500000000e-02 9.240722656250000000e-01 2.099609375000000000e-01
-1.523437500000000000e-01 9.255371093750000000e-01 1.623535156250000000e-01
-9.838867187500000000e-02 9.245605468750000000e-01 1.230468750000000000e-01
-9.838867187500000000e-02 9.245605468750000000e-01 1.230468750000000000e-01
-1.091308593750000000e-01 1.000000000000000000e+00 1.518554687500000000e-01
-1.091308593750000000e-01 1.000000000000000000e+00 1.518554687500000000e-01
-1.103515625000000000e-01 9.321289062500000000e-01 1.135253906250000000e-01
-9.619140625000000000e-02 9.340820312500000000e-01 1.179199218750000000e-01
-1.538085937500000000e-01 9.182128906250000000e-01 1.889648437500000000e-01
-9.863281250000000000e-02 9.230957031250000000e-01 1.059570312500000000e-01
-9.716796875000000000e-02 9.245605468750000000e-01 1.892089843750000000e-01
-1.560058593750000000e-01 9.255371093750000000e-01 1.166992187500000000e-01
-9.399414062500000000e-02 9.299316406250000000e-01 1.247558593750000000e-01
-9.643554687500000000e-02 9.191894531250000000e-01 1.914062500000000000e-01
-9.594726562500000000e-02 9.279785156250000000e-01 1.906738281250000000e-01
-1.000976562500000000e-01 9.318847656250000000e-01 1.887207031250000000e-01
-9.716796875000000000e-02 9.272460937500000000e-01 1.936035156250000000e-01
-9.912109375000000000e-02 9.255371093750000000e-01 1.916503906250000000e-01
-1.535644531250000000e-01 9.267578125000000000e-01 1.997070312500000000e-01
-1.013183593750000000e-01 9.272460937500000000e-01 1.232910156250000000e-01
-1.003417968750000000e-01 9.272460937500000000e-01 1.215820312500000000e-01
-9.765625000000000000e-02 9.333496093750000000e-01 1.965332031250000000e-01
-1.032714843750000000e-01 9.257812500000000000e-01 1.245117187500000000e-01
-1.035156250000000000e-01 9.272460937500000000e-01 2.099609375000000000e-01
-1.557617187500000000e-01 9.323730468750000000e-01 1.953125000000000000e-01
-1.032714843750000000e-01 9.323730468750000000e-01 1.914062500000000000e-01
-1.069335937500000000e-01 9.306640625000000000e-01 2.058105468750000000e-01
-9.643554687500000000e-02 9.250488281250000000e-01 1.918945312500000000e-01
-9.448242187500000000e-02 9.262695312500000000e-01 2.014160156250000000e-01
-9.716796875000000000e-02 9.267578125000000000e-01 1.923828125000000000e-01
-9.570312500000000000e-02 9.262695312500000000e-01 2.009277343750000000e-01
-1.032714843750000000e-01 9.296875000000000000e-01 1.931152343750000000e-01
-9.521484375000000000e-02 9.301757812500000000e-01 1.945800781250000000e-01
-9.521484375000000000e-02 9.296875000000000000e-01 1.928710937500000000e-01
-1.042480468750000000e-01 1.003173828125000000e+00 2.094726562500000000e-01
-1.552734375000000000e-01 9.235839843750000000e-01 1.225585937500000000e-01
-1.528320312500000000e-01 9.238281250000000000e-01 1.967773437500000000e-01
-9.790039062500000000e-02 9.350585937500000000e-01 1.877441406250000000e-01
-1.472167968750000000e-01 9.311523437500000000e-01 1.921386718750000000e-01
-1.535644531250000000e-01 9.221191406250000000e-01 1.232910156250000000e-01
-1.491699218750000000e-01 9.331054687500000000e-01 1.149902343750000000e-01
-1.550292968750000000e-01 9.348144531250000000e-01 1.069335937500000000e-01
-1.550292968750000000e-01 9.348144531250000000e-01 1.069335937500000000e-01
-9.448242187500000000e-02 9.333496093750000000e-01 1.247558593750000000e-01
-9.448242187500000000e-02 9.333496093750000000e-01 1.247558593750000000e-01
-9.570312500000000000e-02 9.328613281250000000e-01 1.208496093750000000e-01
-1.467285156250000000e-01 9.301757812500000000e-01 1.933593750000000000e-01
