9.348144531250000000e-01 -4.882812500000000000e-02 4.853515625000000000e-01
9.348144531250000000e-01 -4.882812500000000000e-02 4.853515625000000000e-01
9.238281250000000000e-01 -5.395507812500000000e-02 5.212402343750000000e-01
9.238281250000000000e-01 -5.395507812500000000e-02 5.212402343750000000e-01
9.421386718750000000e-01 -1.347656250000000000e-01 5.258789062500000000e-01
9.663085937500000000e-01 -1.386718750000000000e-01 5.217285156250000000e-01
9.226074218750000000e-01 -1.352539062500000000e-01 5.266113281250000000e-01
9.506835937500000000e-01 -9.594726562500000000e-02 4.804687500000000000e-01
9.084472656250000000e-01 -1.484375000000000000e-01 4.370117187500000000e-01
1.001953125000000000e+00 -1.337890625000000000e-01 4.118652343750000000e-01
9.338378906250000000e-01 -5.322265625000000000e-02 4.599609375000000000e-01
9.201660156250000000e-01 -1.252441406250000000e-01 4.616699218750000000e-01
9.318847656250000000e-01 -5.859375000000000000e-02 4.509277343750000000e-01
9.282226562500000000e-01 -5.761718750000000000e-02 4.084472656250000000e-01
9.284667968750000000e-01 -4.956054687500000000e-02 4.147949218750000000e-01
1.003906250000000000e+00 -1.333007812500000000e-01 5.246582031250000000e-01
9.130859375000000000e-01 -1.416015625000000000e-01 4.230957031250000000e-01
9.238281250000000000e-01 -1.196289062500000000e-01 4.228515625000000000e-01
9.238281250000000000e-01 -1.196289062500000000e-01 4.228515625000000000e-01
9.614257812500000000e-01 -9.936523437500000000e-02 4.130859375000000000e-01
9.267578125000000000e-01 -1.203613281250000000e-01 4.370117187500000000e-01
9.169921875000000000e-01 -1.120605468750000000e-01 4.677734375000000000e-01
9.580078125000000000e-01 -1.164550781250000000e-01 4.208984375000000000e-01
9.631347656250000000e-01 -2.111816406250000000e-01 4.140625000000000000e-01
9.619140625000000000e-01 -1.613769531250000000e-01 4.287109375000000000e-01
9.189453125000000000e-01 -1.599121093750000000e-01 5.190429687500000000e-01
9.667968750000000000e-01 -2.028808593750000000e-01 4.331054687500000000e-01
1.012207031250000000e+00 -1.816406250000000000e-01 4.265136718750000000e-01
8.718261718750000000e-01 -2.353515625000000000e-01 4.633789062500000000e-01
8.681640625000000000e-01 -2.463378906250000000e-01 4.260253906250000000e-01
1.009765625000000000e+00 -1.582031250000000000e-01 3.613281250000000000e-01
1.008300781250000000e+00 -2.016601562500000000e-01 3.530273437500000000e-01
8.454589843750000000e-01 -1.230468750000000000e-01 4.414062500000000000e-01
9.611816406250000000e-01 -1.555175781250000000e-01 3.786621093750000000e-01
9.138183593750000000e-01 -4.125976562500000000e-02 2.270507812500000000e-01
9.101562500000000000e-01 -1.513671875000000000e-02 3.710937500000000000e-02
1.030029296875000000e+00 1.284179687500000000e-01 1.025390625000000000e-02
9.355468750000000000e-01 8.789062500000000000e-02 7.177734375000000000e-02
9.448242187500000000e-01 -3.735351562500000000e-02 1.945800781250000000e-01
8.676757812500000000e-01 -8.032226562500000000e-02 1.052246093750000000e-01
8.459472656250000000e-01 7.446289062500000000e-02 1.174316406250000000e-01
9.670410156250000000e-01 1.560058593750000000e-01 2.587890625000000000e-01
1.016845703125000000e+00 1.218261718750000000e-01 1.667480468750000000e-01
9.750976562500000000e-01 5.053710937500000000e-02 1.613769531250000000e-01
1.009765625000000000e+00 7.592773437500000000e-02 2.045898437500000000e-01
7.326660156250000000e-01 2.368164062500000000e-02 9.472656250000000000e-02
6.901855468750000000e-01 1.025390625000000000e-02 9.692382812500000000e-02
4.084472656250000000e-01 -1.684570312500000000e-02 9.838867187500000000e-02
5.900878906250000000e-01 6.567382812500000000e-02 -1.386718750000000000e-01
4.538574218750000000e-01 2.595214843750000000e-01 -1.215820312500000000e-01
2.321777343750000000e-01 -5.859375000000000000e-03 -1.550292968750000000e-01
5.686035156250000000e-01 5.471191406250000000e-01 1.953125000000000000e-02
1.794677734375000000e+00 1.870849609375000000e+00 8.728027343750000000e-01
2.714599609375000000e+00 2.300292968750000000e+00 -4.799804687500000000e-01
1.339843750000000000e+00 6.096191406250000000e-01 1.379394531250000000e+00
2.607421875000000000e-01 -1.826171875000000000e-01 6.262207031250000000e-01
-2.521972656250000000e-01 5.781250000000000000e-01 7.009277343750000000e-01
-1.754394531250000000e+00 7.819824218750000000e-01 1.345703125000000000e+00
-6.945800781250000000e-01 6.484375000000000000e-01 4.663085937500000000e-01
-3.649902343750000000e-01 3.339843750000000000e-01 5.800781250000000000e-01
9.765625000000000000e-02 -3.010253906250000000e-01 9.306640625000000000e-01
1.547851562500000000e-01 -1.022949218750000000e-01 1.201416015625000000e+00
-2.429199218750000000e-01 2.001953125000000000e-01 1.082519531250000000e+00
-1.218261718750000000e-01 1.831054687500000000e-01 1.097412109375000000e+00
1.376953125000000000e-01 1.821289062500000000e-01 1.134277343750000000e+00
1.181640625000000000e-01 2.995605468750000000e-01 1.166015625000000000e+00
1.086425781250000000e-01 2.990722656250000000e-01 9.948730468750000000e-01
1.445312500000000000e-01 2.568359375000000000e-01 9.270019531250000000e-01
3.071289062500000000e-01 3.034667968750000000e-01 1.086914062500000000e+00
2.041015625000000000e-01 3.916015625000000000e-01 1.093750000000000000e+00
2.026367187500000000e-02 5.102539062500000000e-01 8.811035156250000000e-01
-2.465820312500000000e-02 5.966796875000000000e-01 1.025634765625000000e+00
1.296386718750000000e-01 7.463378906250000000e-01 8.886718750000000000e-01
1.936035156250000000e-01 7.661132812500000000e-01 7.539062500000000000e-01
2.651367187500000000e-01 6.022949218750000000e-01 7.219238281250000000e-01
2.929687500000000000e-01 7.333984375000000000e-01 8.852539062500000000e-01
2.473144531250000000e-01 5.556640625000000000e-01 7.416992187500000000e-01
3.193359375000000000e-01 3.994140625000000000e-01 9.316406250000000000e-01
2.790527343750000000e-01 2.814941406250000000e-01 1.085693359375000000e+00
1.135253906250000000e-01 3.347167968750000000e-01 9.975585937500000000e-01
9.863281250000000000e-02 2.795410156250000000e-01 9.792480468750000000e-01
1.906738281250000000e-01 3.400878906250000000e-01 1.064941406250000000e+00
1.047363281250000000e-01 3.090820312500000000e-01 1.079833984375000000e+00
1.108398437500000000e-01 3.879394531250000000e-01 1.010498046875000000e+00
2.075195312500000000e-01 2.814941406250000000e-01 1.017578125000000000e+00
2.573242187500000000e-01 3.442382812500000000e-01 9.799804687500000000e-01
1.599121093750000000e-01 4.677734375000000000e-01 1.004638671875000000e+00
1.660156250000000000e-01 4.602050781250000000e-01 9.785156250000000000e-01
2.097167968750000000e-01 3.964843750000000000e-01 9.716796875000000000e-01
1.586914062500000000e-01 3.063964843750000000e-01 1.005126953125000000e+00
2.221679687500000000e-01 3.840332031250000000e-01 9.797363281250000000e-01
2.561035156250000000e-01 2.927246093750000000e-01 9.802246093750000000e-01
1.796875000000000000e-01 3.242187500000000000e-01 9.780273437500000000e-01
1.711425781250000000e-01 3.408203125000000000e-01 1.071777343750000000e+00
2.807617187500000000e-01 2.248535156250000000e-01 1.071533203125000000e+00
1.618652343750000000e-01 2.770996093750000000e-01 1.093017578125000000e+00
2.109375000000000000e-01 2.460937500000000000e-01 1.025878906250000000e+00
1.684570312500000000e-01 3.415527343750000000e-01 9.956054687500000000e-01
2.514648437500000000e-01 2.885742187500000000e-01 1.036132812500000000e+00
1.787109375000000000e-01 2.978515625000000000e-01 9.929199218750000000e-01
1.706542968750000000e-01 3.046875000000000000e-01 9.704589843750000000e-01
2.519531250000000000e-01 2.907714843750000000e-01 9.804687500000000000e-01
1.760253906250000000e-01 2.846679687500000000e-01 9.882812500000000000e-01
1.657714843750000000e-01 3.374023437500000000e-01 9.777832031250000000e-01
1.669921875000000000e-01 3.422851562500000000e-01 1.029541015625000000e+00
1.782226562500000000e-01 3.327636718750000000e-01 9.958496093750000000e-01
1.872558593750000000e-01 3.125000000000000000e-01 1.063720703125000000e+00
1.845703125000000000e-01 3.181152343750000000e-01 9.968261718750000000e-01
2.509765625000000000e-01 2.497558593750000000e-01 1.073730468750000000e+00
1.799316406250000000e-01 3.220214843750000000e-01 1.065185546875000000e+00
1.735839843750000000e-01 3.208007812500000000e-01 9.941406250000000000e-01
2.509765625000000000e-01 2.434082031250000000e-01 9.829101562500000000e-01
2.573242187500000000e-01 3.156738281250000000e-01 1.066162109375000000e+00
2.521972656250000000e-01 3.200683593750000000e-01 1.083984375000000000e+00
1.672363281250000000e-01 3.337402343750000000e-01 9.973144531250000000e-01
1.835937500000000000e-01 3.220214843750000000e-01 1.064941406250000000e+00
1.857910156250000000e-01 3.281250000000000000e-01 1.069335937500000000e+00
1.843261718750000000e-01 3.276367187500000000e-01 1.064453125000000000e+00
1.679687500000000000e-01 3.125000000000000000e-01 9.948730468750000000e-01
1.596679687500000000e-01 3.227539062500000000e-01 9.875488281250000000e-01
1.791992187500000000e-01 3.229980468750000000e-01 9.812011718750000000e-01
2.138671875000000000e-01 3.374023437500000000e-01 1.009521484375000000e+00
1.748046875000000000e-01 3.283691406250000000e-01 9.970703125000000000e-01
2.585449218750000000e-01 2.915039062500000000e-01 1.073730468750000000e+00
2.504882812500000000e-01 2.954101562500000000e-01 1.067138671875000000e+00
1.728515625000000000e-01 2.875976562500000000e-01 9.929199218750000000e-01
1.711425781250000000e-01 3.415527343750000000e-01 9.904785156250000000e-01
2.155761718750000000e-01 2.822265625000000000e-01 1.074218750000000000e+00
1.564941406250000000e-01 3.286132812500000000e-01 9.074707031250000000e-01
2.111816406250000000e-01 2.871093750000000000e-01 9.958496093750000000e-01
2.595214843750000000e-01 3.388671875000000000e-01 1.092041015625000000e+00
1.567382812500000000e-01 3.007812500000000000e-01 9.980468750000000000e-01
1.655273437500000000e-01 2.966308593750000000e-01 9.902343750000000000e-01
1.591796875000000000e-01 2.827148437500000000e-01 9.812011718750000000e-01
2.145996093750000000e-01 3.161621093750000000e-01 9.909667968750000000e-01
2.104492187500000000e-01 2.868652343750000000e-01 9.858398437500000000e-01
1.682128906250000000e-01 2.883300781250000000e-01 9.790039062500000000e-01
2.067871093750000000e-01 3.381347656250000000e-01 1.013183593750000000e+00
1.696777343750000000e-01 2.888183593750000000e-01 1.085449218750000000e+00
1.679687500000000000e-01 3.400878906250000000e-01 1.062988281250000000e+00
1.579589843750000000e-01 2.856445312500000000e-01 9.895019531250000000e-01
1.662597656250000000e-01 3.386230468750000000e-01 1.079345703125000000e+00
2.145996093750000000e-01 3.225097656250000000e-01 9.860839843750000000e-01
2.153320312500000000e-01 3.300781250000000000e-01 9.909667968750000000e-01
1.652832031250000000e-01 3.132324218750000000e-01 1.062744140625000000e+00
1.625976562500000000e-01 3.339843750000000000e-01 9.860839843750000000e-01
2.060546875000000000e-01 3.234863281250000000e-01 1.073974609375000000e+00
1.638183593750000000e-01 3.269042968750000000e-01 9.992675781250000000e-01
1.582031250000000000e-01 2.480468750000000000e-01 9.997558593750000000e-01
2.167968750000000000e-01 3.247070312500000000e-01 1.074462890625000000e+00
2.172851562500000000e-01 3.203125000000000000e-01 9.968261718750000000e-01
1.687011718750000000e-01 3.156738281250000000e-01 1.062744140625000000e+00
1.630859375000000000e-01 2.475585937500000000e-01 1.069824218750000000e+00
1.662597656250000000e-01 3.139648437500000000e-01 1.066894531250000000e+00
1.604003906250000000e-01 3.278808593750000000e-01 1.071777343750000000e+00
1.716308593750000000e-01 3.247070312500000000e-01 9.819335937500000000e-01
1.794433593750000000e-01 3.334960937500000000e-01 9.790039062500000000e-01
1.794433593750000000e-01 3.249511718750000000e-01 1.081787109375000000e+00
1.738281250000000000e-01 3.232421875000000000e-01 9.887695312500000000e-01
1.794433593750000000e-01 3.332519531250000000e-01 1.071289062500000000e+00
1.647949218750000000e-01 3.325195312500000000e-01 9.985351562500000000e-01
1.660156250000000000e-01 3.203125000000000000e-01 1.069091796875000000e+00
1.672363281250000000e-01 3.225097656250000000e-01 1.000000000000000000e+00
1.647949218750000000e-01 3.422851562500000000e-01 9.890136718750000000e-01
1.621093750000000000e-01 3.432617187500000000e-01 9.956054687500000000e-01
1.679687500000000000e-01 3.410644531250000000e-01 9.943847656250000000e-01
1.684570312500000000e-01 2.858886718750000000e-01 9.890136718750000000e-01
2.055664062500000000e-01 3.425292968750000000e-01 9.885253906250000000e-01
1.687011718750000000e-01 3.371582031250000000e-01 9.936523437500000000e-01
2.133789062500000000e-01 3.427734375000000000e-01 9.736328125000000000e-01
2.072753906250000000e-01 2.822265625000000000e-01 1.063476562500000000e+00
2.128906250000000000e-01 3.435058593750000000e-01 9.904785156250000000e-01
2.163085937500000000e-01 3.371582031250000000e-01 9.956054687500000000e-01
2.111816406250000000e-01 2.814941406250000000e-01 9.997558593750000000e-01
1.604003906250000000e-01 3.342285156250000000e-01 9.965820312500000000e-01
1.577148437500000000e-01 3.395996093750000000e-01 1.074951171875000000e+00
2.111816406250000000e-01 3.432617187500000000e-01 9.819335937500000000e-01
2.165527343750000000e-01 3.400878906250000000e-01 1.063476562500000000e+00
2.153320312500000000e-01 3.417968750000000000e-01 9.958496093750000000e-01
2.082519531250000000e-01 3.427734375000000000e-01 9.848632812500000000e-01
1.567382812500000000e-01 3.317871093750000000e-01 9.897460937500000000e-01
2.124023437500000000e-01 3.359375000000000000e-01 9.938964843750000000e-01
2.143554687500000000e-01 3.425292968750000000e-01 1.068847656250000000e+00
2.163085937500000000e-01 3.369140625000000000e-01 9.943847656250000000e-01
2.124023437500000000e-01 2.849121093750000000e-01 9.870605468750000000e-01
2.180175781250000000e-01 3.386230468750000000e-01 1.065917968750000000e+00
1.582031250000000000e-01 3.278808593750000000e-01 9.760742187500000000e-01
1.567382812500000000e-01 3.405761718750000000e-01 9.992675781250000000e-01
2.036132812500000000e-01 3.413085937500000000e-01 1.067871093750000000e+00
2.060546875000000000e-01 3.322753906250000000e-01 9.909667968750000000e-01
2.102050781250000000e-01 3.256835937500000000e-01 1.065673828125000000e+00
2.177734375000000000e-01 3.374023437500000000e-01 1.068847656250000000e+00
2.138671875000000000e-01 3.312988281250000000e-01 9.885253906250000000e-01
2.048339843750000000e-01 3.225097656250000000e-01 9.797363281250000000e-01
1.584472656250000000e-01 3.278808593750000000e-01 9.968261718750000000e-01
2.109375000000000000e-01 3.283691406250000000e-01 9.980468750000000000e-01
2.170410156250000000e-01 3.320312500000000000e-01 9.953613281250000000e-01
2.180175781250000000e-01 3.198242187500000000e-01 9.978027343750000000e-01
2.175292968750000000e-01 3.249511718750000000e-01 9.985351562500000000e-01
1.616210937500000000e-01 3.208007812500000000e-01 1.068603515625000000e+00
