9.895019531250000000e-01 2.929687500000000000e-03 -1.162109375000000000e-01
9.895019531250000000e-01 2.929687500000000000e-03 -1.162109375000000000e-01
9.819335937500000000e-01 -1.708984375000000000e-02 -1.499023437500000000e-01
9.819335937500000000e-01 -1.708984375000000000e-02 -1.499023437500000000e-01
1.064208984375000000e+00 6.518554687500000000e-02 -1.369628906250000000e-01
9.897460937500000000e-01 2.270507812500000000e-02 -5.761718750000000000e-02
1.018310546875000000e+00 8.544921875000000000e-03 -6.054687500000000000e-02
9.780273437500000000e-01 2.978515625000000000e-02 -1.286621093750000000e-01
9.802246093750000000e-01 7.080078125000000000e-03 -1.062011718750000000e-01
9.743652343750000000e-01 -1.367187500000000000e-02 -1.308593750000000000e-01
9.704589843750000000e-01 -8.471679687500000000e-02 -8.544921875000000000e-02
9.758300781250000000e-01 -2.905273437500000000e-02 -4.956054687500000000e-02
9.882812500000000000e-01 -2.294921875000000000e-02 -4.565429687500000000e-02
9.697265625000000000e-01 9.765625000000000000e-04 -4.687500000000000000e-02
1.004394531250000000e+00 1.708984375000000000e-03 -5.786132812500000000e-02
9.807128906250000000e-01 1.684570312500000000e-02 -4.809570312500000000e-02
9.836425781250000000e-01 1.025390625000000000e-02 -1.071777343750000000e-01
1.100585937500000000e+00 -1.979980468750000000e-01 -1.347656250000000000e-01
9.113769531250000000e-01 -1.542968750000000000e-01 -1.372070312500000000e-01
9.787597656250000000e-01 -1.284179687500000000e-01 7.324218750000000000e-03
1.036132812500000000e+00 -4.565429687500000000e-02 6.591796875000000000e-02
1.055908203125000000e+00 -6.787109375000000000e-02 6.738281250000000000e-02
1.031250000000000000e+00 -3.955078125000000000e-02 6.860351562500000000e-02
9.318847656250000000e-01 -1.171875000000000000e-01 6.274414062500000000e-02
1.021240234375000000e+00 -1.030273437500000000e-01 8.325195312500000000e-02
9.182128906250000000e-01 -1.403808593750000000e-01 6.518554687500000000e-02
9.863281250000000000e-01 -1.706542968750000000e-01 2.221679687500000000e-02
1.074707031250000000e+00 -1.662597656250000000e-01 -2.045898437500000000e-01
1.153076171875000000e+00 8.789062500000000000e-03 -3.103027343750000000e-01
9.562988281250000000e-01 -1.496582031250000000e-01 4.687500000000000000e-02
9.787597656250000000e-01 1.430664062500000000e-01 1.464843750000000000e-01
1.023681640625000000e+00 4.589843750000000000e-02 1.899414062500000000e-01
1.023681640625000000e+00 4.589843750000000000e-02 1.899414062500000000e-01
1.018798828125000000e+00 9.082031250000000000e-02 2.238769531250000000e-01
1.122314453125000000e+00 6.152343750000000000e-02 8.959960937500000000e-02
1.122314453125000000e+00 6.152343750000000000e-02 8.959960937500000000e-02
9.216308593750000000e-01 2.023925781250000000e-01 -2.104492187500000000e-01
8.801269531250000000e-01 5.322265625000000000e-02 1.997070312500000000e-01
7.453613281250000000e-01 2.561035156250000000e-01 -3.808593750000000000e-01
8.439941406250000000e-01 -1.127929687500000000e-01 -2.790527343750000000e-01
8.542480468750000000e-01 -2.827148437500000000e-01 -1.523437500000000000e-01
8.493652343750000000e-01 -1.203613281250000000e-01 4.443359375000000000e-02
6.472167968750000000e-01 -1.164550781250000000e-01 -2.614746093750000000e-01
2.915039062500000000e-01 9.350585937500000000e-02 3.249511718750000000e-01
1.464843750000000000e-02 2.009277343750000000e-01 -6.594238281250000000e-01
6.108398437500000000e-01 8.911132812500000000e-02 -6.982421875000000000e-01
1.056640625000000000e+00 -1.684570312500000000e-02 -1.365722656250000000e+00
1.331542968750000000e+00 -5.981445312500000000e-02 -1.052246093750000000e+00
9.833984375000000000e-01 4.018554687500000000e-01 7.275390625000000000e-02
1.459472656250000000e+00 8.771972656250000000e-01 2.036132812500000000e-01
1.027587890625000000e+00 -3.381347656250000000e-01 5.288085937500000000e-01
6.516113281250000000e-01 1.689453125000000000e+00 -2.399902343750000000e-01
-4.592285156250000000e-01 2.584716796875000000e+00 -8.051757812500000000e-01
9.521484375000000000e-02 2.125976562500000000e+00 -1.005126953125000000e+00
-2.524414062500000000e-01 2.209472656250000000e-01 -7.177734375000000000e-02
6.811523437500000000e-02 -4.252929687500000000e-01 -5.349121093750000000e-01
-1.012695312500000000e+00 1.628417968750000000e-01 7.275390625000000000e-02
-9.904785156250000000e-01 8.398437500000000000e-02 -8.029785156250000000e-01
-3.862304687500000000e-01 3.208007812500000000e-01 -3.510742187500000000e-01
-1.091552734375000000e+00 -1.674804687500000000e-01 -1.647705078125000000e+00
-4.079589843750000000e-01 -9.814453125000000000e-02 -1.421875000000000000e+00
-5.385742187500000000e-01 -1.457519531250000000e-01 -3.957519531250000000e-01
-5.385742187500000000e-01 -1.457519531250000000e-01 -3.957519531250000000e-01
1.254882812500000000e-01 -6.979980468750000000e-01 -1.079101562500000000e-01
1.706542968750000000e-01 -1.023925781250000000e+00 -2.097167968750000000e-01
1.379394531250000000e-01 -8.132324218750000000e-01 -3.898925781250000000e-01
3.051757812500000000e-02 -5.263671875000000000e-01 -9.548339843750000000e-01
-1.337890625000000000e-01 -5.244140625000000000e-01 -1.072998046875000000e+00
-4.321289062500000000e-02 -3.850097656250000000e-01 -9.689941406250000000e-01
-4.321289062500000000e-02 -3.850097656250000000e-01 -9.689941406250000000e-01
-6.127929687500000000e-02 -3.251953125000000000e-01 -1.025878906250000000e+00
-1.330566406250000000e-01 -1.687011718750000000e-01 -8.574218750000000000e-01
-1.328125000000000000e-01 -1.237792968750000000e-01 -9.531250000000000000e-01
-1.328125000000000000e-01 -1.354980468750000000e-01 -8.696289062500000000e-01
-5.761718750000000000e-02 -1.069335937500000000e-01 -8.659667968750000000e-01
4.394531250000000000e-03 -1.162109375000000000e-01 -8.598632812500000000e-01
-9.130859375000000000e-02 -2.072753906250000000e-01 -9.440917968750000000e-01
-4.077148437500000000e-02 -1.870117187500000000e-01 -9.487304687500000000e-01
-4.223632812500000000e-02 -1.865234375000000000e-01 -8.557128906250000000e-01
-9.106445312500000000e-02 -2.656250000000000000e-01 -8.452148437500000000e-01
-9.326171875000000000e-02 -2.607421875000000000e-01 -8.933105468750000000e-01
-9.350585937500000000e-02 -2.590332031250000000e-01 -8.591308593750000000e-01
-9.326171875000000000e-02 -1.833496093750000000e-01 -8.657226562500000000e-01
-8.837890625000000000e-02 -1.743164062500000000e-01 -8.591308593750000000e-01
-3.247070312500000000e-02 -1.684570312500000000e-01 -8.681640625000000000e-01
-9.155273437500000000e-02 -1.672363281250000000e-01 -8.666992187500000000e-01
-8.715820312500000000e-02 -1.728515625000000000e-01 -8.684082031250000000e-01
-8.300781250000000000e-02 -1.801757812500000000e-01 -8.640136718750000000e-01
-8.203125000000000000e-02 -1.826171875000000000e-01 -8.554687500000000000e-01
-7.958984375000000000e-02 -1.789550781250000000e-01 -8.581542968750000000e-01
-8.203125000000000000e-02 -1.765136718750000000e-01 -8.635253906250000000e-01
-8.276367187500000000e-02 -1.723632812500000000e-01 -8.659667968750000000e-01
-8.618164062500000000e-02 -1.711425781250000000e-01 -8.652343750000000000e-01
-8.569335937500000000e-02 -1.716308593750000000e-01 -8.657226562500000000e-01
-7.958984375000000000e-02 -1.723632812500000000e-01 -8.666992187500000000e-01
-7.934570312500000000e-02 -1.765136718750000000e-01 -8.637695312500000000e-01
-8.203125000000000000e-02 -1.745605468750000000e-01 -8.630371093750000000e-01
-7.983398437500000000e-02 -1.777343750000000000e-01 -8.613281250000000000e-01
-8.349609375000000000e-02 -1.711425781250000000e-01 -8.615722656250000000e-01
-8.740234375000000000e-02 -1.708984375000000000e-01 -8.640136718750000000e-01
-8.471679687500000000e-02 -1.684570312500000000e-01 -8.645019531250000000e-01
-8.837890625000000000e-02 -1.716308593750000000e-01 -8.588867187500000000e-01
-8.837890625000000000e-02 -1.716308593750000000e-01 -8.588867187500000000e-01
-8.837890625000000000e-02 -1.706542968750000000e-01 -8.645019531250000000e-01
-8.715820312500000000e-02 -1.760253906250000000e-01 -8.662109375000000000e-01
-8.715820312500000000e-02 -1.760253906250000000e-01 -8.662109375000000000e-01
-8.691406250000000000e-02 -1.730957031250000000e-01 -8.579101562500000000e-01
-8.618164062500000000e-02 -1.726074218750000000e-01 -8.618164062500000000e-01
-9.350585937500000000e-02 -1.704101562500000000e-01 -8.718261718750000000e-01
-8.374023437500000000e-02 -1.733398437500000000e-01 -8.540039062500000000e-01
-8.837890625000000000e-02 -1.716308593750000000e-01 -8.701171875000000000e-01
-8.666992187500000000e-02 -1.740722656250000000e-01 -8.720703125000000000e-01
-8.886718750000000000e-02 -1.748046875000000000e-01 -8.669433593750000000e-01
-8.471679687500000000e-02 -1.740722656250000000e-01 -8.652343750000000000e-01
-8.593750000000000000e-02 -1.743164062500000000e-01 -8.640136718750000000e-01
-8.496093750000000000e-02 -1.755371093750000000e-01 -8.603515625000000000e-01
-8.544921875000000000e-02 -1.706542968750000000e-01 -8.674316406250000000e-01
-7.836914062500000000e-02 -1.691894531250000000e-01 -8.642578125000000000e-01
-8.374023437500000000e-02 -1.689453125000000000e-01 -9.377441406250000000e-01
-8.007812500000000000e-02 -1.728515625000000000e-01 -8.601074218750000000e-01
-7.958984375000000000e-02 -1.706542968750000000e-01 -8.652343750000000000e-01
-7.934570312500000000e-02 -1.674804687500000000e-01 -8.645019531250000000e-01
-7.983398437500000000e-02 -1.662597656250000000e-01 -8.637695312500000000e-01
-7.812500000000000000e-02 -1.733398437500000000e-01 -8.647460937500000000e-01
-7.666015625000000000e-02 -1.674804687500000000e-01 -8.693847656250000000e-01
-7.543945312500000000e-02 -1.682128906250000000e-01 -8.593750000000000000e-01
-7.739257812500000000e-02 -1.625976562500000000e-01 -8.637695312500000000e-01
-7.641601562500000000e-02 -1.660156250000000000e-01 -8.745117187500000000e-01
-7.324218750000000000e-02 -1.740722656250000000e-01 -8.603515625000000000e-01
-7.470703125000000000e-02 -1.657714843750000000e-01 -8.686523437500000000e-01
-7.299804687500000000e-02 -1.647949218750000000e-01 -8.623046875000000000e-01
-7.250976562500000000e-02 -1.665039062500000000e-01 -8.618164062500000000e-01
-7.299804687500000000e-02 -1.657714843750000000e-01 -8.637695312500000000e-01
-7.641601562500000000e-02 -1.665039062500000000e-01 -8.676757812500000000e-01
-7.568359375000000000e-02 -1.684570312500000000e-01 -8.688964843750000000e-01
-7.421875000000000000e-02 -1.669921875000000000e-01 -8.649902343750000000e-01
-7.861328125000000000e-02 -1.682128906250000000e-01 -8.605957031250000000e-01
-7.666015625000000000e-02 -1.633300781250000000e-01 -8.662109375000000000e-01
-8.007812500000000000e-02 -1.665039062500000000e-01 -8.635253906250000000e-01
-8.129882812500000000e-02 -1.718750000000000000e-01 -8.645019531250000000e-01
-7.470703125000000000e-02 -1.672363281250000000e-01 -8.627929687500000000e-01
-7.861328125000000000e-02 -1.723632812500000000e-01 -8.669433593750000000e-01
-7.983398437500000000e-02 -1.713867187500000000e-01 -8.637695312500000000e-01
-7.885742187500000000e-02 -1.735839843750000000e-01 -8.708496093750000000e-01
-8.837890625000000000e-02 -1.730957031250000000e-01 -8.657226562500000000e-01
-7.324218750000000000e-02 -1.677246093750000000e-01 -8.564453125000000000e-01
-8.203125000000000000e-02 -1.699218750000000000e-01 -8.698730468750000000e-01
-8.666992187500000000e-02 -1.691894531250000000e-01 -8.691406250000000000e-01
-7.983398437500000000e-02 -1.721191406250000000e-01 -8.662109375000000000e-01
-7.861328125000000000e-02 -1.669921875000000000e-01 -8.613281250000000000e-01
-7.861328125000000000e-02 -1.669921875000000000e-01 -8.613281250000000000e-01
-8.032226562500000000e-02 -1.684570312500000000e-01 -8.664550781250000000e-01
-7.812500000000000000e-02 -1.691894531250000000e-01 -8.725585937500000000e-01
-8.154296875000000000e-02 -1.674804687500000000e-01 -8.701171875000000000e-01
-8.300781250000000000e-02 -1.684570312500000000e-01 -8.659667968750000000e-01
-7.641601562500000000e-02 -1.643066406250000000e-01 -8.686523437500000000e-01
-7.470703125000000000e-02 -1.694335937500000000e-01 -8.681640625000000000e-01
-7.812500000000000000e-02 -1.660156250000000000e-01 -8.593750000000000000e-01
-7.568359375000000000e-02 -1.677246093750000000e-01 -8.686523437500000000e-01
-7.739257812500000000e-02 -1.660156250000000000e-01 -8.615722656250000000e-01
-7.910156250000000000e-02 -1.699218750000000000e-01 -8.603515625000000000e-01
-7.641601562500000000e-02 -1.696777343750000000e-01 -8.632812500000000000e-01
-7.666015625000000000e-02 -1.689453125000000000e-01 -8.684082031250000000e-01
-7.739257812500000000e-02 -1.718750000000000000e-01 -8.684082031250000000e-01
-7.177734375000000000e-02 -1.662597656250000000e-01 -8.596191406250000000e-01
-7.543945312500000000e-02 -1.647949218750000000e-01 -8.637695312500000000e-01
-7.495117187500000000e-02 -1.699218750000000000e-01 -8.708496093750000000e-01
-7.275390625000000000e-02 -1.674804687500000000e-01 -8.649902343750000000e-01
-7.446289062500000000e-02 -1.682128906250000000e-01 -8.645019531250000000e-01
-7.373046875000000000e-02 -1.665039062500000000e-01 -8.657226562500000000e-01
-7.421875000000000000e-02 -1.691894531250000000e-01 -8.598632812500000000e-01
-7.568359375000000000e-02 -1.643066406250000000e-01 -8.657226562500000000e-01
-7.177734375000000000e-02 -1.638183593750000000e-01 -8.623046875000000000e-01
-7.348632812500000000e-02 -1.638183593750000000e-01 -8.613281250000000000e-01
-7.275390625000000000e-02 -1.667480468750000000e-01 -8.684082031250000000e-01
-7.812500000000000000e-02 -1.694335937500000000e-01 -8.688964843750000000e-01
-7.934570312500000000e-02 -1.665039062500000000e-01 -8.615722656250000000e-01
-7.788085937500000000e-02 -1.645507812500000000e-01 -8.701171875000000000e-01
-7.763671875000000000e-02 -1.643066406250000000e-01 -8.684082031250000000e-01
-7.934570312500000000e-02 -1.694335937500000000e-01 -8.671875000000000000e-01
-7.739257812500000000e-02 -1.652832031250000000e-01 -8.625488281250000000e-01
-8.056640625000000000e-02 -1.704101562500000000e-01 -8.630371093750000000e-01
-7.812500000000000000e-02 -1.711425781250000000e-01 -8.669433593750000000e-01
-8.227539062500000000e-02 -1.655273437500000000e-01 -8.676757812500000000e-01
-8.666992187500000000e-02 -1.662597656250000000e-01 -8.540039062500000000e-01
-8.691406250000000000e-02 -1.669921875000000000e-01 -8.642578125000000000e-01
-8.398437500000000000e-02 -1.708984375000000000e-01 -8.715820312500000000e-01
-8.032226562500000000e-02 -1.672363281250000000e-01 -8.696289062500000000e-01
-8.203125000000000000e-02 -1.672363281250000000e-01 -8.627929687500000000e-01
-8.349609375000000000e-02 -1.687011718750000000e-01 -8.693847656250000000e-01
-7.861328125000000000e-02 -1.613769531250000000e-01 -8.649902343750000000e-01
-8.056640625000000000e-02 -1.652832031250000000e-01 -8.686523437500000000e-01
-8.056640625000000000e-02 -1.652832031250000000e-01 -8.686523437500000000e-01
-7.861328125000000000e-02 -1.645507812500000000e-01 -8.620605468750000000e-01
-8.227539062500000000e-02 -1.616210937500000000e-01 -8.662109375000000000e-01
-7.495117187500000000e-02 -1.628417968750000000e-01 -8.647460937500000000e-01
-7.690429687500000000e-02 -1.650390625000000000e-01 -8.664550781250000000e-01
-7.739257812500000000e-02 -1.665039062500000000e-01 -8.620605468750000000e-01
-7.470703125000000000e-02 -1.613769531250000000e-01 -8.603515625000000000e-01
-7.299804687500000000e-02 -1.604003906250000000e-01 -8.666992187500000000e-01
