9.807128906250000000e-01 -1.196289062500000000e-02 -5.395507812500000000e-02
9.807128906250000000e-01 -1.196289062500000000e-02 -5.395507812500000000e-02
9.807128906250000000e-01 -1.196289062500000000e-02 -5.395507812500000000e-02
9.777832031250000000e-01 -2.124023437500000000e-02 -5.712890625000000000e-02
9.777832031250000000e-01 -2.124023437500000000e-02 -5.712890625000000000e-02
9.814453125000000000e-01 -2.001953125000000000e-02 -5.395507812500000000e-02
9.782714843750000000e-01 -1.879882812500000000e-02 -5.712890625000000000e-02
9.868164062500000000e-01 -1.416015625000000000e-02 -5.078125000000000000e-02
9.733886718750000000e-01 -2.001953125000000000e-02 -4.785156250000000000e-02
9.755859375000000000e-01 -2.001953125000000000e-02 -5.175781250000000000e-02
9.755859375000000000e-01 -2.001953125000000000e-02 -5.175781250000000000e-02
9.863281250000000000e-01 -1.684570312500000000e-02 -5.346679687500000000e-02
9.863281250000000000e-01 -1.684570312500000000e-02 -5.346679687500000000e-02
9.702148437500000000e-01 -2.563476562500000000e-02 -9.350585937500000000e-02
9.902343750000000000e-01 -8.300781250000000000e-03 -3.808593750000000000e-02
9.858398437500000000e-01 -1.098632812500000000e-02 1.904296875000000000e-02
9.794921875000000000e-01 -1.855468750000000000e-02 1.708984375000000000e-02
9.736328125000000000e-01 -1.660156250000000000e-02 -8.691406250000000000e-02
1.003417968750000000e+00 1.904296875000000000e-02 -1.257324218750000000e-01
1.077636718750000000e+00 -8.544921875000000000e-03 -1.262207031250000000e-01
9.218750000000000000e-01 -3.662109375000000000e-03 -3.735351562500000000e-02
1.135253906250000000e+00 6.274414062500000000e-02 -6.738281250000000000e-02
9.645996093750000000e-01 2.709960937500000000e-02 1.489257812500000000e-02
1.090087890625000000e+00 -2.392578125000000000e-02 -3.759765625000000000e-02
9.743652343750000000e-01 -1.171875000000000000e-02 -4.663085937500000000e-02
9.375000000000000000e-01 -8.789062500000000000e-03 -1.042480468750000000e-01
1.028808593750000000e+00 -1.562500000000000000e-02 -1.938476562500000000e-01
1.008789062500000000e+00 3.051757812500000000e-02 -1.694335937500000000e-01
9.736328125000000000e-01 -4.150390625000000000e-03 -1.982421875000000000e-01
1.017089843750000000e+00 -2.075195312500000000e-02 -2.038574218750000000e-01
9.543457031250000000e-01 2.319335937500000000e-02 -1.882324218750000000e-01
9.575195312500000000e-01 8.105468750000000000e-02 -1.108398437500000000e-01
9.843750000000000000e-01 -6.958007812500000000e-02 -1.110839843750000000e-01
1.140136718750000000e+00 -2.490234375000000000e-02 -9.619140625000000000e-02
9.543457031250000000e-01 4.370117187500000000e-02 -1.450195312500000000e-01
1.000488281250000000e+00 7.910156250000000000e-02 -1.372070312500000000e-01
9.938964843750000000e-01 1.953125000000000000e-02 -1.032714843750000000e-01
1.007812500000000000e+00 1.269531250000000000e-02 -1.276855468750000000e-01
9.296875000000000000e-01 -9.765625000000000000e-03 -1.423339843750000000e-01
9.562988281250000000e-01 -2.319335937500000000e-02 -1.091308593750000000e-01
9.223632812500000000e-01 1.416015625000000000e-02 -1.618652343750000000e-01
9.616699218750000000e-01 2.954101562500000000e-02 -1.572265625000000000e-01
9.475097656250000000e-01 1.318359375000000000e-02 -2.121582031250000000e-01
8.469238281250000000e-01 1.831054687500000000e-02 -1.774902343750000000e-01
8.542480468750000000e-01 2.880859375000000000e-02 -2.749023437500000000e-01
8.908691406250000000e-01 1.928710937500000000e-02 -2.607421875000000000e-01
7.705078125000000000e-01 -2.880859375000000000e-02 -1.201171875000000000e-01
6.755371093750000000e-01 -2.978515625000000000e-02 -1.276855468750000000e-01
7.045898437500000000e-01 2.148437500000000000e-02 -2.880859375000000000e-01
7.045898437500000000e-01 2.148437500000000000e-02 -2.880859375000000000e-01
4.841308593750000000e-01 2.685546875000000000e-03 -2.458496093750000000e-01
4.841308593750000000e-01 2.685546875000000000e-03 -2.458496093750000000e-01
2.666015625000000000e-01 -1.459960937500000000e-01 -3.220214843750000000e-01
6.860351562500000000e-02 -6.518554687500000000e-02 -1.828613281250000000e-01
-1.059570312500000000e-01 -6.420898437500000000e-02 3.857421875000000000e-02
-1.786621093750000000e+00 1.509033203125000000e+00 -5.522460937500000000e+00
-1.770019531250000000e-01 6.228027343750000000e-01 -6.552734375000000000e+00
-3.366699218750000000e-01 3.273925781250000000e-01 -2.293457031250000000e+00
-1.960449218750000000e-01 1.428222656250000000e-01 -9.497070312500000000e-01
4.743652343750000000e-01 7.128906250000000000e-02 -4.558105468750000000e-01
-5.258789062500000000e-01 3.686523437500000000e-02 -3.283691406250000000e-01
-3.359375000000000000e-01 -2.927246093750000000e-01 1.372070312500000000e-01
-3.540039062500000000e-02 -1.186523437500000000e-01 -2.485351562500000000e-01
-1.899414062500000000e-01 -2.709960937500000000e-01 -1.529785156250000000e+00
4.516601562500000000e-02 -3.315429687500000000e-01 -1.593017578125000000e+00
-7.836914062500000000e-02 -1.977539062500000000e-01 -1.277099609375000000e+00
-7.250976562500000000e-02 -1.367187500000000000e-01 -7.470703125000000000e-01
5.126953125000000000e-03 -8.471679687500000000e-02 -5.839843750000000000e-01
1.220703125000000000e-03 -3.637695312500000000e-02 -7.622070312500000000e-01
8.056640625000000000e-03 -5.151367187500000000e-02 -8.708496093750000000e-01
-8.666992187500000000e-02 -4.223632812500000000e-02 -1.152587890625000000e+00
-9.008789062500000000e-02 -5.297851562500000000e-02 -9.875488281250000000e-01
-8.471679687500000000e-02 -4.492187500000000000e-02 -8.481445312500000000e-01
-6.274414062500000000e-02 -5.126953125000000000e-02 -8.820800781250000000e-01
-6.372070312500000000e-02 -5.981445312500000000e-02 -8.999023437500000000e-01
-6.933593750000000000e-02 -1.254882812500000000e-01 -9.680175781250000000e-01
-7.080078125000000000e-02 -1.252441406250000000e-01 -9.677734375000000000e-01
-6.445312500000000000e-02 -1.267089843750000000e-01 -9.621582031250000000e-01
3.417968750000000000e-03 -5.688476562500000000e-02 -8.652343750000000000e-01
7.324218750000000000e-04 -5.493164062500000000e-02 -8.642578125000000000e-01
-6.640625000000000000e-02 -5.297851562500000000e-02 -9.421386718750000000e-01
-6.591796875000000000e-02 -5.810546875000000000e-02 -8.742675781250000000e-01
-7.226562500000000000e-02 -5.590820312500000000e-02 -9.382324218750000000e-01
-7.202148437500000000e-02 -5.957031250000000000e-02 -9.541015625000000000e-01
4.882812500000000000e-04 -6.176757812500000000e-02 -9.536132812500000000e-01
-6.518554687500000000e-02 -6.127929687500000000e-02 -9.453125000000000000e-01
3.662109375000000000e-03 -6.030273437500000000e-02 -9.433593750000000000e-01
1.464843750000000000e-03 -5.712890625000000000e-02 -9.423828125000000000e-01
9.521484375000000000e-03 -1.259765625000000000e-01 -9.567871093750000000e-01
6.103515625000000000e-03 -5.810546875000000000e-02 -9.460449218750000000e-01
5.371093750000000000e-03 -1.276855468750000000e-01 -9.475097656250000000e-01
1.098632812500000000e-02 -6.127929687500000000e-02 -8.737792968750000000e-01
7.324218750000000000e-04 -5.786132812500000000e-02 -9.506835937500000000e-01
7.324218750000000000e-03 -5.664062500000000000e-02 -9.533691406250000000e-01
-6.420898437500000000e-02 -6.152343750000000000e-02 -8.747558593750000000e-01
-6.542968750000000000e-02 -5.981445312500000000e-02 -9.492187500000000000e-01
-6.274414062500000000e-02 -5.737304687500000000e-02 -9.379882812500000000e-01
4.638671875000000000e-03 -5.712890625000000000e-02 -9.394531250000000000e-01
7.812500000000000000e-03 -1.254882812500000000e-01 -9.394531250000000000e-01
2.685546875000000000e-03 -6.127929687500000000e-02 -9.606933593750000000e-01
4.394531250000000000e-03 -6.103515625000000000e-02 -9.611816406250000000e-01
3.906250000000000000e-03 -6.225585937500000000e-02 -9.431152343750000000e-01
7.080078125000000000e-03 -6.250000000000000000e-02 -8.718261718750000000e-01
5.126953125000000000e-03 -5.981445312500000000e-02 -9.504394531250000000e-01
3.417968750000000000e-03 -5.761718750000000000e-02 -9.440917968750000000e-01
6.103515625000000000e-03 -1.279296875000000000e-01 -9.465332031250000000e-01
4.882812500000000000e-03 -1.259765625000000000e-01 -9.465332031250000000e-01
5.859375000000000000e-03 -5.908203125000000000e-02 -9.453125000000000000e-01
5.126953125000000000e-03 -1.274414062500000000e-01 -9.450683593750000000e-01
5.126953125000000000e-03 -1.279296875000000000e-01 -9.426269531250000000e-01
8.544921875000000000e-03 -1.267089843750000000e-01 -9.438476562500000000e-01
8.056640625000000000e-03 -6.103515625000000000e-02 -9.409179687500000000e-01
7.080078125000000000e-03 -1.254882812500000000e-01 -9.487304687500000000e-01
2.441406250000000000e-04 -6.225585937500000000e-02 -9.382324218750000000e-01
9.277343750000000000e-03 -6.127929687500000000e-02 -9.482421875000000000e-01
7.812500000000000000e-03 -5.957031250000000000e-02 -9.418945312500000000e-01
1.220703125000000000e-02 -1.264648437500000000e-01 -9.401855468750000000e-01
2.929687500000000000e-03 -1.271972656250000000e-01 -9.443359375000000000e-01
1.171875000000000000e-02 -6.005859375000000000e-02 -9.406738281250000000e-01
1.123046875000000000e-02 -1.276855468750000000e-01 -9.428710937500000000e-01
8.300781250000000000e-03 -1.254882812500000000e-01 -9.416503906250000000e-01
1.098632812500000000e-02 -1.252441406250000000e-01 -9.396972656250000000e-01
1.074218750000000000e-02 -6.225585937500000000e-02 -9.382324218750000000e-01
1.538085937500000000e-02 -6.201171875000000000e-02 -9.431152343750000000e-01
8.544921875000000000e-03 -1.289062500000000000e-01 -9.501953125000000000e-01
7.568359375000000000e-03 -1.267089843750000000e-01 -9.375000000000000000e-01
7.568359375000000000e-03 -1.264648437500000000e-01 -9.423828125000000000e-01
7.568359375000000000e-03 -1.264648437500000000e-01 -9.423828125000000000e-01
9.765625000000000000e-03 -5.737304687500000000e-02 -9.450683593750000000e-01
9.765625000000000000e-03 -5.737304687500000000e-02 -9.450683593750000000e-01
1.245117187500000000e-02 -6.250000000000000000e-02 -9.450683593750000000e-01
8.544921875000000000e-03 -5.859375000000000000e-02 -9.470214843750000000e-01
1.635742187500000000e-02 -1.252441406250000000e-01 -9.462890625000000000e-01
8.300781250000000000e-03 -1.274414062500000000e-01 -9.382324218750000000e-01
1.147460937500000000e-02 -5.981445312500000000e-02 -9.443359375000000000e-01
1.318359375000000000e-02 -6.127929687500000000e-02 -9.401855468750000000e-01
1.586914062500000000e-02 -6.030273437500000000e-02 -9.399414062500000000e-01
1.464843750000000000e-02 -6.103515625000000000e-02 -9.438476562500000000e-01
1.464843750000000000e-02 -6.079101562500000000e-02 -9.465332031250000000e-01
1.562500000000000000e-02 -6.103515625000000000e-02 -9.472656250000000000e-01
1.416015625000000000e-02 -6.176757812500000000e-02 -9.399414062500000000e-01
1.782226562500000000e-02 -1.276855468750000000e-01 -9.475097656250000000e-01
1.806640625000000000e-02 -6.201171875000000000e-02 -9.433593750000000000e-01
2.294921875000000000e-02 -5.908203125000000000e-02 -9.514160156250000000e-01
1.855468750000000000e-02 -1.267089843750000000e-01 -9.404296875000000000e-01
2.075195312500000000e-02 -5.981445312500000000e-02 -9.428710937500000000e-01
1.977539062500000000e-02 -6.152343750000000000e-02 -9.455566406250000000e-01
1.757812500000000000e-02 -5.981445312500000000e-02 -9.460449218750000000e-01
2.270507812500000000e-02 -6.054687500000000000e-02 -9.414062500000000000e-01
1.928710937500000000e-02 -6.103515625000000000e-02 -9.504394531250000000e-01
2.075195312500000000e-02 -6.005859375000000000e-02 -9.453125000000000000e-01
2.221679687500000000e-02 -5.664062500000000000e-02 -9.487304687500000000e-01
1.953125000000000000e-02 -5.664062500000000000e-02 -9.526367187500000000e-01
2.197265625000000000e-02 -1.252441406250000000e-01 -9.445800781250000000e-01
1.953125000000000000e-02 -6.201171875000000000e-02 -9.423828125000000000e-01
1.977539062500000000e-02 -1.259765625000000000e-01 -9.414062500000000000e-01
2.099609375000000000e-02 -1.262207031250000000e-01 -9.462890625000000000e-01
1.953125000000000000e-02 -5.834960937500000000e-02 -9.416503906250000000e-01
1.684570312500000000e-02 -5.834960937500000000e-02 -9.404296875000000000e-01
1.635742187500000000e-02 -6.201171875000000000e-02 -9.392089843750000000e-01
1.171875000000000000e-02 -1.289062500000000000e-01 -9.428710937500000000e-01
1.440429687500000000e-02 -6.030273437500000000e-02 -9.433593750000000000e-01
1.220703125000000000e-02 -1.289062500000000000e-01 -9.387207031250000000e-01
1.245117187500000000e-02 -1.291503906250000000e-01 -9.401855468750000000e-01
1.025390625000000000e-02 -6.176757812500000000e-02 -9.453125000000000000e-01
1.074218750000000000e-02 -1.259765625000000000e-01 -9.497070312500000000e-01
1.074218750000000000e-02 -1.259765625000000000e-01 -9.497070312500000000e-01
6.835937500000000000e-03 -1.306152343750000000e-01 -9.558105468750000000e-01
6.835937500000000000e-03 -1.306152343750000000e-01 -9.558105468750000000e-01
6.835937500000000000e-03 -1.289062500000000000e-01 -9.479980468750000000e-01
6.835937500000000000e-03 -1.306152343750000000e-01 -9.458007812500000000e-01
4.882812500000000000e-04 -1.308593750000000000e-01 -9.445800781250000000e-01
7.324218750000000000e-04 -6.201171875000000000e-02 -9.379882812500000000e-01
7.324218750000000000e-03 -1.276855468750000000e-01 -9.411621093750000000e-01
2.929687500000000000e-03 -1.320800781250000000e-01 -9.426269531250000000e-01
-6.274414062500000000e-02 -1.276855468750000000e-01 -9.389648437500000000e-01
-6.469726562500000000e-02 -1.286621093750000000e-01 -9.448242187500000000e-01
2.197265625000000000e-03 -1.293945312500000000e-01 -9.448242187500000000e-01
1.708984375000000000e-03 -1.264648437500000000e-01 -9.411621093750000000e-01
3.417968750000000000e-03 -1.296386718750000000e-01 -9.440917968750000000e-01
4.638671875000000000e-03 -1.318359375000000000e-01 -9.460449218750000000e-01
3.662109375000000000e-03 -1.281738281250000000e-01 -9.387207031250000000e-01
4.638671875000000000e-03 -1.284179687500000000e-01 -9.475097656250000000e-01
7.812500000000000000e-03 -1.318359375000000000e-01 -9.531250000000000000e-01
3.906250000000000000e-03 -1.281738281250000000e-01 -9.426269531250000000e-01
4.882812500000000000e-03 -1.271972656250000000e-01 -8.730468750000000000e-01
2.197265625000000000e-03 -1.291503906250000000e-01 -9.450683593750000000e-01
2.197265625000000000e-03 -1.257324218750000000e-01 -9.440917968750000000e-01
9.765625000000000000e-03 -1.267089843750000000e-01 -9.404296875000000000e-01
6.103515625000000000e-03 -1.301269531250000000e-01 -9.382324218750000000e-01
9.033203125000000000e-03 -1.284179687500000000e-01 -9.426269531250000000e-01
4.150390625000000000e-03 -1.313476562500000000e-01 -9.443359375000000000e-01
9.033203125000000000e-03 -1.281738281250000000e-01 -9.448242187500000000e-01
8.789062500000000000e-03 -1.259765625000000000e-01 -9.460449218750000000e-01
1.196289062500000000e-02 -1.279296875000000000e-01 -9.428710937500000000e-01
8.544921875000000000e-03 -1.281738281250000000e-01 -9.377441406250000000e-01
5.371093750000000000e-03 -1.298828125000000000e-01 -9.377441406250000000e-01
1.123046875000000000e-02 -1.289062500000000000e-01 -9.445800781250000000e-01
8.544921875000000000e-03 -6.225585937500000000e-02 -9.411621093750000000e-01
9.765625000000000000e-03 -1.284179687500000000e-01 -9.445800781250000000e-01
