9.116210937500000000e-01 1.650390625000000000e-01 -2.919921875000000000e-01
1.015380859375000000e+00 4.467773437500000000e-02 -2.875976562500000000e-01
1.015380859375000000e+00 4.467773437500000000e-02 -2.875976562500000000e-01
1.015380859375000000e+00 4.467773437500000000e-02 -2.875976562500000000e-01
1.015380859375000000e+00 4.467773437500000000e-02 -2.875976562500000000e-01
9.592285156250000000e-01 1.186523437500000000e-01 -3.269042968750000000e-01
9.592285156250000000e-01 1.186523437500000000e-01 -3.269042968750000000e-01
9.592285156250000000e-01 1.186523437500000000e-01 -3.269042968750000000e-01
9.592285156250000000e-01 1.186523437500000000e-01 -3.269042968750000000e-01
9.836425781250000000e-01 9.326171875000000000e-02 -2.792968750000000000e-01
9.643554687500000000e-01 1.269531250000000000e-02 -2.041015625000000000e-01
9.567871093750000000e-01 -9.521484375000000000e-03 -1.242675781250000000e-01
1.099365234375000000e+00 -2.587890625000000000e-02 -3.332519531250000000e-01
8.693847656250000000e-01 5.273437500000000000e-02 -3.171386718750000000e-01
9.604492187500000000e-01 -8.569335937500000000e-02 -1.701660156250000000e-01
1.006591796875000000e+00 -1.181640625000000000e-01 -2.697753906250000000e-01
9.824218750000000000e-01 -1.547851562500000000e-01 -2.250976562500000000e-01
1.073974609375000000e+00 -8.251953125000000000e-02 -1.689453125000000000e-01
9.257812500000000000e-01 -1.499023437500000000e-01 -2.111816406250000000e-01
9.326171875000000000e-01 -1.025390625000000000e-01 -2.043457031250000000e-01
1.009521484375000000e+00 -7.714843750000000000e-02 -1.130371093750000000e-01
1.010009765625000000e+00 -6.518554687500000000e-02 -1.193847656250000000e-01
9.809570312500000000e-01 -8.715820312500000000e-02 -2.075195312500000000e-01
9.853515625000000000e-01 -1.445312500000000000e-01 -2.775878906250000000e-01
9.079589843750000000e-01 -7.788085937500000000e-02 -1.923828125000000000e-01
1.008789062500000000e+00 2.441406250000000000e-02 -1.655273437500000000e-01
1.019287109375000000e+00 -6.713867187500000000e-02 -2.570800781250000000e-01
9.738769531250000000e-01 0.000000000000000000e+00 -1.706542968750000000e-01
9.375000000000000000e-01 0.000000000000000000e+00 -2.028808593750000000e-01
1.018554687500000000e+00 -6.640625000000000000e-02 -2.011718750000000000e-01
1.009277343750000000e+00 1.123046875000000000e-02 -2.163085937500000000e-01
1.023925781250000000e+00 2.416992187500000000e-02 -1.230468750000000000e-01
9.736328125000000000e-01 1.464843750000000000e-02 -1.174316406250000000e-01
1.017333984375000000e+00 3.417968750000000000e-03 -1.052246093750000000e-01
1.022705078125000000e+00 -2.612304687500000000e-02 -1.906738281250000000e-01
1.022705078125000000e+00 -2.612304687500000000e-02 -1.906738281250000000e-01
1.025634765625000000e+00 2.197265625000000000e-02 -1.154785156250000000e-01
1.025634765625000000e+00 2.197265625000000000e-02 -1.154785156250000000e-01
1.002685546875000000e+00 1.928710937500000000e-02 -1.909179687500000000e-01
1.020019531250000000e+00 2.978515625000000000e-02 -1.137695312500000000e-01
9.375000000000000000e-01 3.076171875000000000e-02 -1.242675781250000000e-01
9.323730468750000000e-01 1.538085937500000000e-02 -2.111816406250000000e-01
9.326171875000000000e-01 -3.051757812500000000e-02 -2.009277343750000000e-01
9.069824218750000000e-01 3.076171875000000000e-02 -2.175292968750000000e-01
9.638671875000000000e-01 2.197265625000000000e-02 -1.679687500000000000e-01
9.650878906250000000e-01 1.782226562500000000e-02 -1.687011718750000000e-01
8.718261718750000000e-01 4.638671875000000000e-03 -2.570800781250000000e-01
8.681640625000000000e-01 9.765625000000000000e-04 -1.765136718750000000e-01
8.564453125000000000e-01 1.171875000000000000e-02 -2.553710937500000000e-01
8.083496093750000000e-01 -8.398437500000000000e-02 -1.586914062500000000e-01
9.038085937500000000e-01 1.000976562500000000e-02 -1.687011718750000000e-01
7.956542968750000000e-01 9.765625000000000000e-04 -1.965332031250000000e-01
8.112792968750000000e-01 -2.368164062500000000e-02 -9.887695312500000000e-02
7.575683593750000000e-01 -6.396484375000000000e-02 -2.089843750000000000e-01
6.203613281250000000e-01 8.569335937500000000e-02 -1.040039062500000000e-01
5.925292968750000000e-01 1.123046875000000000e-02 -1.127929687500000000e-01
3.723144531250000000e-01 -1.259765625000000000e-01 -4.016113281250000000e-01
2.468261718750000000e-01 -6.762695312500000000e-02 -3.796386718750000000e-01
-1.025390625000000000e-02 -1.103515625000000000e-01 -4.558105468750000000e-01
1.096191406250000000e-01 -3.881835937500000000e-02 -7.546386718750000000e-01
-1.418457031250000000e-01 -1.076660156250000000e-01 -5.224609375000000000e-01
-4.653320312500000000e-01 1.247558593750000000e-01 -2.764648437500000000e+00
-3.498535156250000000e-01 4.589843750000000000e-02 -4.750732421875000000e+00
-4.995117187500000000e-01 1.962890625000000000e-01 -1.348876953125000000e+00
-3.442382812500000000e-02 5.737304687500000000e-02 -8.266601562500000000e-01
1.616210937500000000e-01 -1.123046875000000000e-02 -4.794921875000000000e-01
-4.465332031250000000e-01 5.737304687500000000e-02 -1.589355468750000000e-01
-2.443847656250000000e-01 -5.151367187500000000e-02 -3.977050781250000000e-01
-1.184082031250000000e-01 -7.080078125000000000e-02 -4.614257812500000000e-01
-2.524414062500000000e-01 -7.763671875000000000e-02 -1.268310546875000000e+00
-5.224609375000000000e-02 -1.340332031250000000e-01 -1.416748046875000000e+00
-2.612304687500000000e-02 -1.635742187500000000e-02 -1.319580078125000000e+00
-1.330566406250000000e-01 -6.494140625000000000e-02 -9.621582031250000000e-01
-1.425781250000000000e-01 6.347656250000000000e-03 -7.102050781250000000e-01
-1.425781250000000000e-01 6.347656250000000000e-03 -7.102050781250000000e-01
-1.345214843750000000e-01 -7.128906250000000000e-02 -9.372558593750000000e-01
-1.345214843750000000e-01 -7.128906250000000000e-02 -9.372558593750000000e-01
-1.401367187500000000e-01 -8.325195312500000000e-02 -1.038085937500000000e+00
-1.547851562500000000e-01 7.324218750000000000e-04 -9.287109375000000000e-01
-1.406250000000000000e-01 7.080078125000000000e-03 -8.789062500000000000e-01
-5.834960937500000000e-02 -6.396484375000000000e-02 -8.850097656250000000e-01
-1.257324218750000000e-01 -6.811523437500000000e-02 -9.414062500000000000e-01
-1.374511718750000000e-01 -6.420898437500000000e-02 -9.152832031250000000e-01
-1.376953125000000000e-01 -6.787109375000000000e-02 -9.145507812500000000e-01
-1.306152343750000000e-01 -6.469726562500000000e-02 -8.747558593750000000e-01
-1.301269531250000000e-01 -6.713867187500000000e-02 -8.461914062500000000e-01
-1.291503906250000000e-01 -6.445312500000000000e-02 -9.453125000000000000e-01
-1.340332031250000000e-01 -6.323242187500000000e-02 -9.458007812500000000e-01
-1.325683593750000000e-01 -6.787109375000000000e-02 -9.504394531250000000e-01
-1.281738281250000000e-01 7.324218750000000000e-04 -8.530273437500000000e-01
-1.311035156250000000e-01 -6.860351562500000000e-02 -8.730468750000000000e-01
-1.340332031250000000e-01 -6.835937500000000000e-02 -8.713378906250000000e-01
-1.362304687500000000e-01 -6.933593750000000000e-02 -9.477539062500000000e-01
-1.369628906250000000e-01 -6.445312500000000000e-02 -9.377441406250000000e-01
-1.347656250000000000e-01 -6.665039062500000000e-02 -9.392089843750000000e-01
-1.330566406250000000e-01 -6.860351562500000000e-02 -9.511718750000000000e-01
-1.281738281250000000e-01 -7.690429687500000000e-02 -9.421386718750000000e-01
-1.301269531250000000e-01 -7.275390625000000000e-02 -9.467773437500000000e-01
-1.291503906250000000e-01 -7.714843750000000000e-02 -9.431152343750000000e-01
-1.352539062500000000e-01 -7.714843750000000000e-02 -8.740234375000000000e-01
-1.281738281250000000e-01 -7.446289062500000000e-02 -8.723144531250000000e-01
-1.289062500000000000e-01 -7.421875000000000000e-02 -8.500976562500000000e-01
-1.374511718750000000e-01 -7.495117187500000000e-02 -8.740234375000000000e-01
-1.479492187500000000e-01 -7.006835937500000000e-02 -9.680175781250000000e-01
-1.364746093750000000e-01 -7.006835937500000000e-02 -9.394531250000000000e-01
-1.352539062500000000e-01 -7.421875000000000000e-02 -8.632812500000000000e-01
-1.401367187500000000e-01 -7.397460937500000000e-02 -9.392089843750000000e-01
-1.381835937500000000e-01 -7.006835937500000000e-02 -9.470214843750000000e-01
-1.381835937500000000e-01 -7.519531250000000000e-02 -9.455566406250000000e-01
-1.362304687500000000e-01 -7.617187500000000000e-02 -8.723144531250000000e-01
-1.408691406250000000e-01 -7.128906250000000000e-02 -9.406738281250000000e-01
-1.340332031250000000e-01 -7.250976562500000000e-02 -9.479980468750000000e-01
-1.391601562500000000e-01 -6.958007812500000000e-02 -9.416503906250000000e-01
-1.374511718750000000e-01 -7.470703125000000000e-02 -8.728027343750000000e-01
-1.381835937500000000e-01 -7.470703125000000000e-02 -8.725585937500000000e-01
-1.381835937500000000e-01 -7.470703125000000000e-02 -8.725585937500000000e-01
-1.379394531250000000e-01 -7.104492187500000000e-02 -8.725585937500000000e-01
-1.413574218750000000e-01 -7.324218750000000000e-02 -9.479980468750000000e-01
-1.386718750000000000e-01 -7.519531250000000000e-02 -9.404296875000000000e-01
-1.337890625000000000e-01 -6.884765625000000000e-02 -9.379882812500000000e-01
-1.359863281250000000e-01 -7.373046875000000000e-02 -9.404296875000000000e-01
-1.384277343750000000e-01 -7.348632812500000000e-02 -8.735351562500000000e-01
-1.423339843750000000e-01 -7.250976562500000000e-02 -9.436035156250000000e-01
-1.413574218750000000e-01 -7.226562500000000000e-02 -8.742675781250000000e-01
-1.403808593750000000e-01 -7.202148437500000000e-02 -8.735351562500000000e-01
-1.328125000000000000e-01 -7.714843750000000000e-02 -9.436035156250000000e-01
-1.347656250000000000e-01 -7.666015625000000000e-02 -9.384765625000000000e-01
-1.386718750000000000e-01 -7.666015625000000000e-02 -8.681640625000000000e-01
-1.411132812500000000e-01 -7.202148437500000000e-02 -9.448242187500000000e-01
-1.416015625000000000e-01 -7.373046875000000000e-02 -9.404296875000000000e-01
-1.381835937500000000e-01 -7.495117187500000000e-02 -9.384765625000000000e-01
-1.401367187500000000e-01 -7.446289062500000000e-02 -8.740234375000000000e-01
-1.376953125000000000e-01 -7.226562500000000000e-02 -8.735351562500000000e-01
-1.430664062500000000e-01 -7.324218750000000000e-02 -9.387207031250000000e-01
-1.396484375000000000e-01 -7.275390625000000000e-02 -8.710937500000000000e-01
-1.362304687500000000e-01 -7.543945312500000000e-02 -8.632812500000000000e-01
-1.538085937500000000e-01 -8.154296875000000000e-02 -8.769531250000000000e-01
-1.455078125000000000e-01 -7.153320312500000000e-02 -9.487304687500000000e-01
-1.401367187500000000e-01 -7.031250000000000000e-02 -9.489746093750000000e-01
-1.555175781250000000e-01 -7.055664062500000000e-02 -8.686523437500000000e-01
-1.533203125000000000e-01 -6.591796875000000000e-02 -8.710937500000000000e-01
-1.506347656250000000e-01 -6.909179687500000000e-02 -9.414062500000000000e-01
-1.486816406250000000e-01 -7.128906250000000000e-02 -9.426269531250000000e-01
-1.513671875000000000e-01 -6.811523437500000000e-02 -9.445800781250000000e-01
-1.555175781250000000e-01 -6.787109375000000000e-02 -9.453125000000000000e-01
-1.437988281250000000e-01 -7.202148437500000000e-02 -8.862304687500000000e-01
-1.098632812500000000e-01 2.441406250000000000e-04 -1.000976562500000000e+00
-1.452636718750000000e-01 5.371093750000000000e-03 -9.528808593750000000e-01
-1.457519531250000000e-01 -6.323242187500000000e-02 -9.426269531250000000e-01
-1.352539062500000000e-01 1.464843750000000000e-03 -9.006347656250000000e-01
-1.284179687500000000e-01 -7.519531250000000000e-02 -8.322753906250000000e-01
-1.538085937500000000e-01 9.033203125000000000e-03 -8.464355468750000000e-01
-1.538085937500000000e-01 9.033203125000000000e-03 -8.464355468750000000e-01
-1.489257812500000000e-01 -7.373046875000000000e-02 -8.859863281250000000e-01
-1.489257812500000000e-01 -7.373046875000000000e-02 -8.859863281250000000e-01
-1.477050781250000000e-01 -7.080078125000000000e-02 -8.447265625000000000e-01
-1.152343750000000000e-01 -6.860351562500000000e-02 -1.081054687500000000e+00
-9.838867187500000000e-02 2.441406250000000000e-03 -9.443359375000000000e-01
-1.376953125000000000e-01 -7.519531250000000000e-02 -8.896484375000000000e-01
-1.506347656250000000e-01 -6.494140625000000000e-02 -8.562011718750000000e-01
-1.044921875000000000e-01 -6.689453125000000000e-02 -9.653320312500000000e-01
-1.022949218750000000e-01 -6.567382812500000000e-02 -9.440917968750000000e-01
-9.863281250000000000e-02 1.953125000000000000e-03 -9.411621093750000000e-01
-9.106445312500000000e-02 -7.666015625000000000e-02 -7.600097656250000000e-01
-1.530761718750000000e-01 2.587890625000000000e-02 -1.267089843750000000e+00
-1.381835937500000000e-01 -6.347656250000000000e-02 -8.671875000000000000e-01
-5.908203125000000000e-02 4.150390625000000000e-03 -8.752441406250000000e-01
-1.313476562500000000e-01 -6.518554687500000000e-02 -8.630371093750000000e-01
-1.069335937500000000e-01 -6.640625000000000000e-02 -9.682617187500000000e-01
-1.110839843750000000e-01 -6.323242187500000000e-02 -9.233398437500000000e-01
-1.325683593750000000e-01 8.300781250000000000e-03 -8.457031250000000000e-01
-5.957031250000000000e-02 -7.226562500000000000e-02 -7.978515625000000000e-01
-1.086425781250000000e-01 1.123046875000000000e-02 -1.076904296875000000e+00
-1.264648437500000000e-01 4.394531250000000000e-03 -9.443359375000000000e-01
-1.403808593750000000e-01 -6.787109375000000000e-02 -8.496093750000000000e-01
-1.044921875000000000e-01 6.103515625000000000e-03 -9.536132812500000000e-01
-1.520996093750000000e-01 3.173828125000000000e-03 -9.531250000000000000e-01
-5.761718750000000000e-02 -6.689453125000000000e-02 -8.894042968750000000e-01
-1.333007812500000000e-01 -6.909179687500000000e-02 -9.516601562500000000e-01
-1.350097656250000000e-01 -6.396484375000000000e-02 -9.079589843750000000e-01
-1.259765625000000000e-01 1.464843750000000000e-03 -9.042968750000000000e-01
-1.042480468750000000e-01 3.173828125000000000e-03 -9.421386718750000000e-01
-1.550292968750000000e-01 4.394531250000000000e-03 -9.396972656250000000e-01
-1.459960937500000000e-01 4.882812500000000000e-04 -8.728027343750000000e-01
-1.293945312500000000e-01 2.197265625000000000e-03 -8.715820312500000000e-01
-1.420898437500000000e-01 -6.616210937500000000e-02 -9.521484375000000000e-01
-1.274414062500000000e-01 -6.298828125000000000e-02 -8.505859375000000000e-01
-9.448242187500000000e-02 -7.177734375000000000e-02 -9.399414062500000000e-01
-1.076660156250000000e-01 4.882812500000000000e-03 -9.489746093750000000e-01
-1.499023437500000000e-01 -6.518554687500000000e-02 -8.745117187500000000e-01
-1.347656250000000000e-01 -6.787109375000000000e-02 -8.669433593750000000e-01
-1.362304687500000000e-01 -7.055664062500000000e-02 -9.584960937500000000e-01
-1.362304687500000000e-01 -7.055664062500000000e-02 -9.584960937500000000e-01
-9.570312500000000000e-02 -6.787109375000000000e-02 -9.619140625000000000e-01
-9.570312500000000000e-02 -6.787109375000000000e-02 -9.619140625000000000e-01
-1.433105468750000000e-01 -7.104492187500000000e-02 -8.742675781250000000e-01
-1.345214843750000000e-01 -6.811523437500000000e-02 -8.740234375000000000e-01
-1.276855468750000000e-01 1.220703125000000000e-03 -9.536132812500000000e-01
-1.430664062500000000e-01 -7.812500000000000000e-02 -9.472656250000000000e-01
-1.528320312500000000e-01 -6.909179687500000000e-02 -9.514160156250000000e-01
