9.814453125000000000e-01 -1.286621093750000000e-01 -4.931640625000000000e-02
9.787597656250000000e-01 -6.030273437500000000e-02 -4.101562500000000000e-02
9.819335937500000000e-01 -1.306152343750000000e-01 -4.736328125000000000e-02
9.792480468750000000e-01 -1.262207031250000000e-01 -5.322265625000000000e-02
9.792480468750000000e-01 -1.262207031250000000e-01 -5.322265625000000000e-02
9.807128906250000000e-01 -5.737304687500000000e-02 -1.252441406250000000e-01
9.797363281250000000e-01 -1.252441406250000000e-01 -5.273437500000000000e-02
9.870605468750000000e-01 -5.957031250000000000e-02 -5.175781250000000000e-02
9.846191406250000000e-01 -5.419921875000000000e-02 -5.126953125000000000e-02
9.824218750000000000e-01 -5.957031250000000000e-02 -4.907226562500000000e-02
9.812011718750000000e-01 -4.711914062500000000e-02 -5.639648437500000000e-02
9.824218750000000000e-01 -4.833984375000000000e-02 -5.200195312500000000e-02
9.807128906250000000e-01 -8.691406250000000000e-02 -5.322265625000000000e-02
9.814453125000000000e-01 -4.565429687500000000e-02 -4.541015625000000000e-02
9.851074218750000000e-01 -3.295898437500000000e-02 -5.126953125000000000e-02
9.807128906250000000e-01 -8.813476562500000000e-02 -5.371093750000000000e-02
9.819335937500000000e-01 -4.565429687500000000e-02 -4.199218750000000000e-02
9.802246093750000000e-01 -4.150390625000000000e-02 -3.735351562500000000e-02
9.848632812500000000e-01 -4.760742187500000000e-02 -4.174804687500000000e-02
9.836425781250000000e-01 -4.858398437500000000e-02 -3.735351562500000000e-02
9.848632812500000000e-01 -5.102539062500000000e-02 -3.491210937500000000e-02
9.772949218750000000e-01 -5.444335937500000000e-02 -3.198242187500000000e-02
9.909667968750000000e-01 -1.254882812500000000e-01 -3.906250000000000000e-02
9.777832031250000000e-01 -5.419921875000000000e-02 -3.149414062500000000e-02
9.831542968750000000e-01 -1.479492187500000000e-01 -8.789062500000000000e-02
9.702148437500000000e-01 -1.481933593750000000e-01 -3.491210937500000000e-02
9.855957031250000000e-01 -1.606445312500000000e-01 -9.008789062500000000e-02
1.069824218750000000e+00 -1.206054687500000000e-01 4.394531250000000000e-03
1.084960937500000000e+00 -5.737304687500000000e-02 8.593750000000000000e-02
9.890136718750000000e-01 -9.448242187500000000e-02 1.252441406250000000e-01
9.694824218750000000e-01 -2.001953125000000000e-01 4.125976562500000000e-02
1.011230468750000000e+00 -1.860351562500000000e-01 9.301757812500000000e-02
1.068359375000000000e+00 -1.743164062500000000e-01 7.299804687500000000e-02
9.868164062500000000e-01 -1.586914062500000000e-01 -8.544921875000000000e-03
9.785156250000000000e-01 -2.106933593750000000e-01 6.738281250000000000e-02
9.868164062500000000e-01 -2.145996093750000000e-01 6.811523437500000000e-02
9.697265625000000000e-01 -1.169433593750000000e-01 2.465820312500000000e-02
9.763183593750000000e-01 -1.040039062500000000e-01 -2.539062500000000000e-02
9.770507812500000000e-01 -1.577148437500000000e-01 2.001953125000000000e-02
9.963378906250000000e-01 -1.188964843750000000e-01 -2.929687500000000000e-02
9.770507812500000000e-01 -1.674804687500000000e-01 -1.953125000000000000e-03
1.008300781250000000e+00 -1.665039062500000000e-01 7.299804687500000000e-02
9.143066406250000000e-01 -2.167968750000000000e-01 4.052734375000000000e-02
9.296875000000000000e-01 -1.020507812500000000e-01 1.391601562500000000e-02
8.903808593750000000e-01 -5.883789062500000000e-02 -5.322265625000000000e-02
6.037597656250000000e-01 -5.078125000000000000e-02 -1.086425781250000000e-01
4.677734375000000000e-01 -1.037597656250000000e-01 -3.789062500000000000e-01
9.152832031250000000e-01 -2.478027343750000000e-01 7.324218750000000000e-02
2.519531250000000000e-01 8.886718750000000000e-02 -3.413085937500000000e-01
1.070800781250000000e+00 -4.042968750000000000e-01 1.501464843750000000e-01
8.134765625000000000e-01 3.264160156250000000e-01 1.196289062500000000e-02
1.201171875000000000e+00 -4.057617187500000000e-01 -1.044921875000000000e-01
7.775878906250000000e-01 5.366210937500000000e-01 -1.491699218750000000e-01
5.161132812500000000e-01 8.911132812500000000e-02 1.975097656250000000e-01
1.052001953125000000e+00 1.069335937500000000e+00 4.614257812500000000e-02
1.731201171875000000e+00 2.988281250000000000e+00 5.703125000000000000e-01
3.293457031250000000e-01 3.415527343750000000e-01 5.505371093750000000e-01
-3.078613281250000000e-01 3.432617187500000000e-01 3.044433593750000000e-01
-3.078613281250000000e-01 3.432617187500000000e-01 3.044433593750000000e-01
-3.078613281250000000e-01 3.432617187500000000e-01 3.044433593750000000e-01
-8.352050781250000000e-01 8.796386718750000000e-01 -2.111816406250000000e-01
-5.725097656250000000e-01 8.930664062500000000e-01 -1.279296875000000000e-01
-5.725097656250000000e-01 8.930664062500000000e-01 -1.279296875000000000e-01
-4.736328125000000000e-01 5.673828125000000000e-01 1.433105468750000000e-01
-6.691894531250000000e-01 4.274902343750000000e-01 1.123046875000000000e-02
-4.985351562500000000e-01 4.958496093750000000e-01 -1.943359375000000000e-01
-5.620117187500000000e-01 1.091552734375000000e+00 -1.958007812500000000e-01
-1.791992187500000000e-01 1.570068359375000000e+00 -1.997070312500000000e-01
-2.773437500000000000e-01 1.130615234375000000e+00 -1.931152343750000000e-01
-1.831054687500000000e-02 9.296875000000000000e-01 -2.609863281250000000e-01
1.145019531250000000e-01 1.059082031250000000e+00 -1.979980468750000000e-01
1.713867187500000000e-01 1.085937500000000000e+00 1.506347656250000000e-01
9.594726562500000000e-02 9.941406250000000000e-01 1.730957031250000000e-01
9.594726562500000000e-02 9.941406250000000000e-01 1.730957031250000000e-01
5.786132812500000000e-02 9.565429687500000000e-01 3.073730468750000000e-01
5.786132812500000000e-02 9.565429687500000000e-01 3.073730468750000000e-01
1.513671875000000000e-01 1.007568359375000000e+00 3.195800781250000000e-01
1.513671875000000000e-01 1.007568359375000000e+00 3.195800781250000000e-01
5.810546875000000000e-02 9.479980468750000000e-01 2.407226562500000000e-01
5.200195312500000000e-02 1.004150390625000000e+00 1.672363281250000000e-01
1.367187500000000000e-01 1.018798828125000000e+00 2.180175781250000000e-01
1.325683593750000000e-01 1.001708984375000000e+00 1.586914062500000000e-01
1.354980468750000000e-01 9.335937500000000000e-01 2.177734375000000000e-01
1.293945312500000000e-01 9.287109375000000000e-01 2.153320312500000000e-01
1.271972656250000000e-01 1.007080078125000000e+00 2.006835937500000000e-01
1.318359375000000000e-01 1.007324218750000000e+00 1.977539062500000000e-01
1.298828125000000000e-01 1.025634765625000000e+00 2.077636718750000000e-01
5.615234375000000000e-02 1.007568359375000000e+00 2.048339843750000000e-01
1.279296875000000000e-01 9.301757812500000000e-01 1.586914062500000000e-01
1.276855468750000000e-01 1.005126953125000000e+00 1.594238281250000000e-01
1.320800781250000000e-01 1.009033203125000000e+00 1.623535156250000000e-01
1.374511718750000000e-01 1.001464843750000000e+00 2.055664062500000000e-01
1.398925781250000000e-01 1.005615234375000000e+00 2.116699218750000000e-01
1.386718750000000000e-01 9.345703125000000000e-01 2.023925781250000000e-01
1.357421875000000000e-01 1.008056640625000000e+00 1.889648437500000000e-01
1.293945312500000000e-01 1.004394531250000000e+00 1.953125000000000000e-01
1.362304687500000000e-01 1.000976562500000000e+00 1.933593750000000000e-01
1.323242187500000000e-01 1.008789062500000000e+00 2.016601562500000000e-01
1.420898437500000000e-01 1.002929687500000000e+00 1.936035156250000000e-01
1.379394531250000000e-01 9.345703125000000000e-01 1.936035156250000000e-01
1.411132812500000000e-01 9.357910156250000000e-01 1.979980468750000000e-01
1.381835937500000000e-01 1.001464843750000000e+00 1.899414062500000000e-01
1.347656250000000000e-01 1.005859375000000000e+00 1.987304687500000000e-01
1.325683593750000000e-01 1.006347656250000000e+00 2.041015625000000000e-01
1.315917968750000000e-01 1.003662109375000000e+00 2.077636718750000000e-01
1.293945312500000000e-01 1.003662109375000000e+00 2.041015625000000000e-01
1.337890625000000000e-01 1.000488281250000000e+00 2.153320312500000000e-01
1.391601562500000000e-01 1.001708984375000000e+00 2.131347656250000000e-01
1.269531250000000000e-01 1.000244140625000000e+00 2.163085937500000000e-01
1.318359375000000000e-01 1.006591796875000000e+00 1.572265625000000000e-01
1.303710937500000000e-01 1.001708984375000000e+00 1.594238281250000000e-01
1.313476562500000000e-01 9.328613281250000000e-01 1.577148437500000000e-01
1.330566406250000000e-01 1.002685546875000000e+00 1.621093750000000000e-01
1.262207031250000000e-01 1.000000000000000000e+00 2.172851562500000000e-01
1.323242187500000000e-01 9.357910156250000000e-01 1.613769531250000000e-01
1.298828125000000000e-01 1.006591796875000000e+00 1.601562500000000000e-01
1.320800781250000000e-01 1.006103515625000000e+00 1.633300781250000000e-01
1.330566406250000000e-01 1.000000000000000000e+00 1.623535156250000000e-01
1.286621093750000000e-01 1.000976562500000000e+00 1.621093750000000000e-01
1.354980468750000000e-01 1.002929687500000000e+00 1.735839843750000000e-01
1.318359375000000000e-01 9.370117187500000000e-01 1.611328125000000000e-01
1.274414062500000000e-01 9.367675781250000000e-01 1.601562500000000000e-01
1.333007812500000000e-01 9.365234375000000000e-01 1.684570312500000000e-01
1.328125000000000000e-01 9.367675781250000000e-01 1.628417968750000000e-01
6.201171875000000000e-02 1.003417968750000000e+00 1.728515625000000000e-01
1.276855468750000000e-01 9.370117187500000000e-01 1.760253906250000000e-01
1.262207031250000000e-01 9.370117187500000000e-01 1.730957031250000000e-01
1.291503906250000000e-01 9.357910156250000000e-01 1.721191406250000000e-01
1.320800781250000000e-01 1.002929687500000000e+00 1.831054687500000000e-01
1.354980468750000000e-01 9.326171875000000000e-01 1.787109375000000000e-01
1.264648437500000000e-01 1.002441406250000000e+00 1.723632812500000000e-01
1.274414062500000000e-01 1.002929687500000000e+00 1.635742187500000000e-01
1.291503906250000000e-01 1.000488281250000000e+00 1.616210937500000000e-01
1.291503906250000000e-01 9.345703125000000000e-01 1.669921875000000000e-01
1.289062500000000000e-01 1.000976562500000000e+00 1.606445312500000000e-01
1.342773437500000000e-01 1.001953125000000000e+00 1.586914062500000000e-01
1.337890625000000000e-01 1.000488281250000000e+00 1.611328125000000000e-01
1.315917968750000000e-01 1.002441406250000000e+00 2.094726562500000000e-01
1.313476562500000000e-01 1.008544921875000000e+00 2.092285156250000000e-01
1.311035156250000000e-01 9.357910156250000000e-01 2.133789062500000000e-01
1.350097656250000000e-01 1.003906250000000000e+00 1.569824218750000000e-01
1.342773437500000000e-01 1.002929687500000000e+00 1.577148437500000000e-01
1.342773437500000000e-01 1.003417968750000000e+00 1.591796875000000000e-01
1.298828125000000000e-01 1.001953125000000000e+00 1.613769531250000000e-01
1.337890625000000000e-01 1.000488281250000000e+00 2.167968750000000000e-01
1.337890625000000000e-01 1.000488281250000000e+00 2.167968750000000000e-01
5.859375000000000000e-02 1.000000000000000000e+00 1.630859375000000000e-01
1.264648437500000000e-01 1.004150390625000000e+00 1.762695312500000000e-01
1.311035156250000000e-01 9.348144531250000000e-01 1.762695312500000000e-01
1.318359375000000000e-01 1.000000000000000000e+00 1.748046875000000000e-01
1.281738281250000000e-01 9.365234375000000000e-01 1.794433593750000000e-01
1.335449218750000000e-01 9.318847656250000000e-01 1.735839843750000000e-01
1.252441406250000000e-01 9.372558593750000000e-01 1.823730468750000000e-01
1.301269531250000000e-01 1.000244140625000000e+00 1.811523437500000000e-01
1.308593750000000000e-01 9.328613281250000000e-01 1.816406250000000000e-01
1.376953125000000000e-01 9.316406250000000000e-01 1.835937500000000000e-01
1.318359375000000000e-01 9.357910156250000000e-01 1.828613281250000000e-01
1.306152343750000000e-01 1.004394531250000000e+00 1.789550781250000000e-01
1.298828125000000000e-01 1.000000000000000000e+00 1.821289062500000000e-01
1.337890625000000000e-01 9.357910156250000000e-01 1.833496093750000000e-01
1.284179687500000000e-01 1.002441406250000000e+00 1.806640625000000000e-01
1.345214843750000000e-01 1.001220703125000000e+00 1.818847656250000000e-01
1.320800781250000000e-01 9.333496093750000000e-01 2.519531250000000000e-01
1.330566406250000000e-01 1.001953125000000000e+00 1.860351562500000000e-01
1.271972656250000000e-01 9.323730468750000000e-01 1.870117187500000000e-01
1.311035156250000000e-01 1.005371093750000000e+00 1.784667968750000000e-01
1.367187500000000000e-01 1.001220703125000000e+00 2.502441406250000000e-01
1.286621093750000000e-01 9.370117187500000000e-01 2.536621093750000000e-01
1.315917968750000000e-01 1.000488281250000000e+00 2.536621093750000000e-01
1.271972656250000000e-01 9.357910156250000000e-01 2.504882812500000000e-01
1.311035156250000000e-01 9.360351562500000000e-01 1.840820312500000000e-01
1.315917968750000000e-01 1.004150390625000000e+00 1.757812500000000000e-01
1.279296875000000000e-01 1.001708984375000000e+00 1.779785156250000000e-01
6.225585937500000000e-02 1.000244140625000000e+00 1.760253906250000000e-01
1.328125000000000000e-01 9.367675781250000000e-01 1.801757812500000000e-01
1.293945312500000000e-01 9.360351562500000000e-01 1.711425781250000000e-01
1.311035156250000000e-01 1.003173828125000000e+00 1.691894531250000000e-01
1.306152343750000000e-01 1.001220703125000000e+00 1.633300781250000000e-01
1.364746093750000000e-01 9.372558593750000000e-01 1.716308593750000000e-01
1.296386718750000000e-01 1.002685546875000000e+00 1.647949218750000000e-01
1.369628906250000000e-01 1.004882812500000000e+00 1.586914062500000000e-01
1.347656250000000000e-01 1.004638671875000000e+00 1.606445312500000000e-01
1.291503906250000000e-01 1.000244140625000000e+00 1.594238281250000000e-01
1.328125000000000000e-01 1.004150390625000000e+00 1.579589843750000000e-01
1.342773437500000000e-01 1.000976562500000000e+00 2.126464843750000000e-01
1.306152343750000000e-01 1.002441406250000000e+00 1.579589843750000000e-01
1.357421875000000000e-01 9.350585937500000000e-01 1.721191406250000000e-01
1.320800781250000000e-01 1.000244140625000000e+00 1.599121093750000000e-01
1.267089843750000000e-01 1.003417968750000000e+00 1.701660156250000000e-01
1.269531250000000000e-01 9.333496093750000000e-01 1.787109375000000000e-01
1.315917968750000000e-01 1.002685546875000000e+00 1.728515625000000000e-01
1.303710937500000000e-01 9.357910156250000000e-01 1.752929687500000000e-01
1.335449218750000000e-01 1.001953125000000000e+00 1.867675781250000000e-01
1.281738281250000000e-01 9.353027343750000000e-01 1.789550781250000000e-01
6.103515625000000000e-02 9.326171875000000000e-01 1.826171875000000000e-01
1.271972656250000000e-01 9.362792968750000000e-01 1.821289062500000000e-01
1.284179687500000000e-01 1.000244140625000000e+00 1.818847656250000000e-01
1.259765625000000000e-01 1.002929687500000000e+00 2.502441406250000000e-01
1.306152343750000000e-01 9.343261718750000000e-01 2.519531250000000000e-01
1.311035156250000000e-01 9.370117187500000000e-01 1.838378906250000000e-01
