9.570312500000000000e-01 -1.923828130000000136e-01 -2.119140630000000136e-01
9.570312500000000000e-01 -1.923828130000000136e-01 -2.119140630000000136e-01
1.068603516000000031e+00 -2.485351560000000071e-01 -1.899414060000000071e-01
1.020996094000000021e+00 -2.006835939999999929e-01 -2.001953130000000136e-01
9.284667970000000103e-01 -1.113281250000000000e-01 -2.500000000000000000e-01
9.853515630000000414e-01 -1.582031250000000000e-01 -1.645507810000000071e-01
9.196777339999999690e-01 -2.597656250000000000e-01 -1.616210939999999929e-01
9.345703130000000414e-01 -1.745605470000000103e-01 -1.667480470000000103e-01
9.284667970000000103e-01 -1.640625000000000000e-01 -1.823730470000000103e-01
9.265136720000000103e-01 -2.712402340000000245e-01 -1.840820310000000071e-01
1.014160155999999979e+00 -1.640625000000000000e-01 -1.630859380000000136e-01
1.003906250000000000e+00 -1.157226559999999932e-01 -2.719726559999999793e-01
9.069824220000000103e-01 -2.089843750000000000e-01 -2.221679689999999929e-01
1.010742188000000041e+00 -1.740722660000000033e-01 -1.806640630000000136e-01
9.211425779999999897e-01 -1.701660160000000033e-01 -1.994628910000000033e-01
9.768066410000000310e-01 -1.748046880000000136e-01 -1.396484380000000136e-01
1.072753905999999979e+00 -1.711425779999999897e-01 -8.935546900000000681e-02
9.873046880000000414e-01 -1.372070310000000071e-01 -7.739257800000000354e-02
9.785156250000000000e-01 -1.955566410000000033e-01 -4.248046899999999987e-02
1.000976563000000041e+00 -2.565917970000000103e-01 -1.149902339999999967e-01
1.013671875000000000e+00 -1.689453130000000136e-01 -1.616210939999999929e-01
9.189453130000000414e-01 -1.625976560000000071e-01 -1.591796880000000136e-01
1.007568358999999969e+00 -1.611328130000000136e-01 -1.865234380000000136e-01
1.009033202999999990e+00 -2.724609379999999859e-01 -2.514648440000000207e-01
1.004638672000000010e+00 -2.600097659999999755e-01 -1.621093750000000000e-01
1.004882813000000041e+00 -2.109375000000000000e-01 -1.704101560000000071e-01
1.001708983999999969e+00 -1.994628910000000033e-01 -1.853027339999999967e-01
9.309082029999999897e-01 -1.569824220000000103e-01 -1.650390630000000136e-01
1.030029297000000010e+00 -1.748046880000000136e-01 -1.611328130000000136e-01
9.262695309999999793e-01 -2.138671880000000136e-01 -1.638183589999999967e-01
9.333496089999999690e-01 -1.901855470000000103e-01 -1.679687500000000000e-01
1.022216797000000010e+00 -1.906738279999999897e-01 -1.833496089999999967e-01
1.000244141000000031e+00 -1.655273439999999929e-01 -2.526855470000000103e-01
9.152832029999999897e-01 -1.193847660000000033e-01 -1.872558589999999967e-01
9.343261720000000103e-01 -1.782226560000000071e-01 -1.838378910000000033e-01
9.252929690000000207e-01 -2.575683590000000245e-01 -1.855468750000000000e-01
1.023193358999999969e+00 -1.647949220000000103e-01 -1.694335939999999929e-01
1.011474608999999969e+00 -1.696777339999999967e-01 -2.619628909999999755e-01
9.260253910000000310e-01 -1.572265630000000136e-01 -2.653808590000000245e-01
9.621582029999999897e-01 -2.124023439999999929e-01 -2.700195309999999793e-01
1.008789063000000041e+00 -1.599121089999999967e-01 -2.624511720000000103e-01
9.155273440000000207e-01 -1.782226560000000071e-01 -2.741699220000000103e-01
9.550781250000000000e-01 -1.762695310000000071e-01 -2.587890629999999859e-01
9.294433589999999690e-01 -1.735839839999999967e-01 -1.853027339999999967e-01
9.091796880000000414e-01 -1.596679689999999929e-01 -2.524414059999999793e-01
1.004150391000000031e+00 -1.752929689999999929e-01 -1.599121089999999967e-01
9.113769529999999897e-01 -2.314453130000000136e-01 -2.612304690000000207e-01
1.013427733999999969e+00 -1.760253910000000033e-01 -1.799316410000000033e-01
9.338378910000000310e-01 -1.774902339999999967e-01 -2.558593750000000000e-01
1.025390625000000000e+00 -1.604003910000000033e-01 -2.646484379999999859e-01
1.014892577999999990e+00 -2.075195310000000071e-01 -1.828613279999999897e-01
9.553222660000000310e-01 -1.008300780000000035e-01 -2.707519529999999897e-01
8.618164059999999793e-01 -1.962890630000000136e-01 -2.346191410000000033e-01
8.603515630000000414e-01 -2.656250000000000000e-01 -2.309570310000000071e-01
9.123535160000000310e-01 -1.962890630000000136e-01 -3.339843750000000000e-01
8.613281250000000000e-01 -2.001953130000000136e-01 -3.073730470000000103e-01
8.576660160000000310e-01 -1.635742189999999929e-01 -2.817382809999999793e-01
8.610839839999999690e-01 -2.055664060000000071e-01 -3.833007809999999793e-01
8.991699220000000103e-01 -1.667480470000000103e-01 -2.412109380000000136e-01
8.530273440000000207e-01 -1.154785160000000033e-01 -2.963867190000000207e-01
8.979492190000000207e-01 -1.882324220000000103e-01 -2.399902339999999967e-01
9.282226559999999793e-01 -1.223144530000000035e-01 -4.562988279999999897e-01
7.739257809999999793e-01 -1.542968750000000000e-01 -2.707519529999999897e-01
7.016601559999999793e-01 -2.534179690000000207e-01 -3.754882809999999793e-01
7.211914059999999793e-01 -2.561035159999999755e-01 -2.983398440000000207e-01
7.246093750000000000e-01 4.589843799999999974e-02 -2.985839840000000245e-01
7.194824220000000103e-01 -4.365234379999999859e-01 -2.680664059999999793e-01
6.103515630000000414e-01 -5.932617200000000340e-02 -3.588867200000000340e-02
5.385742190000000207e-01 2.148437500000000000e-02 1.677246089999999967e-01
7.714843750000000000e-01 -6.616210899999999673e-02 5.375976559999999793e-01
6.716308589999999690e-01 -2.722167970000000103e-01 -4.106445309999999793e-01
4.904785159999999755e-01 -8.081054699999999646e-02 -9.277343999999999868e-03
-1.035156250000000000e-01 -7.250976600000000327e-02 3.940429690000000207e-01
2.187500000000000000e-01 -1.079101559999999932e-01 -2.368164099999999980e-02
1.527832030999999979e+00 -6.362304690000000207e-01 1.282470702999999990e+00
2.825683594000000021e+00 1.455810547000000010e+00 4.518798828000000434e+00
2.900390629999999859e-01 6.931152339999999690e-01 2.631347655999999979e+00
3.930664100000000327e-02 5.190429690000000207e-01 2.609863279999999897e-01
-7.832031250000000000e-01 1.049804699999999993e-02 8.073730470000000103e-01
-3.181152340000000245e-01 -2.963867190000000207e-01 1.126708983999999969e+00
7.714843799999999974e-02 -3.752441409999999755e-01 2.175292970000000103e-01
-5.402832029999999897e-01 -3.610839840000000245e-01 3.774414059999999793e-01
-1.418457029999999897e-01 -3.154296879999999859e-01 8.583984380000000414e-01
-2.065429689999999929e-01 -5.583496089999999690e-01 1.086181641000000031e+00
1.806640630000000136e-01 -6.450195309999999793e-01 1.306640625000000000e+00
4.414062500000000000e-01 -5.307617190000000207e-01 1.116943358999999969e+00
5.344238279999999897e-01 -3.710937500000000000e-02 1.221679688000000041e+00
4.663085940000000207e-01 -6.030273399999999673e-02 1.026855469000000021e+00
3.039550779999999897e-01 2.768554690000000207e-01 9.548339839999999690e-01
3.081054690000000207e-01 3.432617190000000207e-01 8.557128910000000310e-01
3.310546879999999859e-01 2.626953129999999859e-01 1.020019530999999979e+00
2.338867189999999929e-01 3.515625000000000000e-02 1.153076172000000010e+00
2.709960940000000207e-01 -9.252929699999999646e-02 1.104980469000000021e+00
1.811523439999999929e-01 -5.615234399999999987e-02 1.130859375000000000e+00
2.094726560000000071e-01 -1.481933589999999967e-01 1.033935547000000010e+00
2.502441409999999755e-01 -2.143554689999999929e-01 9.870605470000000103e-01
2.302246089999999967e-01 -9.936523399999999673e-02 1.068603516000000031e+00
2.443847660000000033e-01 -8.911132800000000354e-02 1.052001952999999990e+00
2.783203129999999859e-01 1.220703000000000066e-03 1.044677733999999969e+00
1.796875000000000000e-01 1.098632800000000007e-02 1.040283202999999990e+00
1.635742189999999929e-01 -6.933593799999999974e-02 1.126708983999999969e+00
2.131347660000000033e-01 -6.762695300000000354e-02 1.035644530999999979e+00
2.131347660000000033e-01 -6.762695300000000354e-02 1.035644530999999979e+00
1.245117190000000068e-01 -6.909179699999999646e-02 1.050048827999999990e+00
1.245117190000000068e-01 -6.909179699999999646e-02 1.050048827999999990e+00
1.142578129999999997e-01 3.906250000000000000e-03 1.056640625000000000e+00
1.142578129999999997e-01 3.906250000000000000e-03 1.056640625000000000e+00
1.499023439999999929e-01 1.708984399999999987e-02 1.128173827999999990e+00
1.499023439999999929e-01 1.708984399999999987e-02 1.128173827999999990e+00
1.123046879999999997e-01 1.562500000000000000e-02 1.137695313000000041e+00
1.020507809999999932e-01 1.757812500000000000e-02 1.125244141000000031e+00
1.506347660000000033e-01 1.855468799999999974e-02 1.127685547000000010e+00
1.481933589999999967e-01 1.733398400000000020e-02 1.058105469000000021e+00
1.403808589999999967e-01 8.056640999999999803e-03 1.130126952999999990e+00
1.362304689999999929e-01 1.293945300000000007e-02 1.136718750000000000e+00
1.347656250000000000e-01 4.638671999999999934e-03 1.128906250000000000e+00
1.379394529999999897e-01 6.347656000000000132e-03 1.128417969000000021e+00
1.494140630000000136e-01 1.171875000000000000e-02 1.060302733999999969e+00
1.416015630000000136e-01 1.733398400000000020e-02 1.126220702999999990e+00
9.741210899999999673e-02 2.099609399999999987e-02 1.132080077999999990e+00
1.516113279999999897e-01 2.294921899999999987e-02 1.061767577999999990e+00
1.562500000000000000e-01 2.954101599999999980e-02 1.128173827999999990e+00
1.555175779999999897e-01 1.855468799999999974e-02 1.136962891000000031e+00
1.086425780000000035e-01 1.489257800000000007e-02 1.057861327999999990e+00
1.152343750000000000e-01 1.513671899999999987e-02 1.046386719000000021e+00
1.237792969999999965e-01 1.538085900000000020e-02 1.050781250000000000e+00
1.206054690000000068e-01 1.928710900000000020e-02 1.046142577999999990e+00
1.162109379999999997e-01 1.708984399999999987e-02 1.052978516000000031e+00
1.181640629999999997e-01 1.660156299999999974e-02 1.048583983999999969e+00
1.154785160000000033e-01 2.197265600000000013e-02 1.125244141000000031e+00
1.181640629999999997e-01 1.660156299999999974e-02 1.126220702999999990e+00
1.127929690000000068e-01 1.440429699999999993e-02 1.058105469000000021e+00
1.086425780000000035e-01 1.684570300000000007e-02 1.054443358999999969e+00
1.152343750000000000e-01 1.586914099999999980e-02 1.046875000000000000e+00
1.064453129999999997e-01 1.342773400000000020e-02 1.058837891000000031e+00
1.091308589999999967e-01 1.928710900000000020e-02 1.061523438000000041e+00
1.071777339999999967e-01 1.660156299999999974e-02 1.061523438000000041e+00
1.076660160000000033e-01 1.904296899999999987e-02 1.057861327999999990e+00
1.079101559999999932e-01 1.464843799999999974e-02 1.058105469000000021e+00
1.035156250000000000e-01 1.733398400000000020e-02 1.053710938000000041e+00
1.040039059999999932e-01 1.245117199999999993e-02 1.056396483999999969e+00
1.008300780000000035e-01 1.171875000000000000e-02 1.057861327999999990e+00
9.985351600000000327e-02 2.001953100000000013e-02 1.061767577999999990e+00
1.018066410000000033e-01 1.220703100000000013e-02 1.055175780999999979e+00
1.086425780000000035e-01 2.075195300000000007e-02 1.059082030999999979e+00
1.083984379999999997e-01 1.245117199999999993e-02 1.060791016000000031e+00
1.010742190000000068e-01 1.391601599999999980e-02 1.060302733999999969e+00
1.123046879999999997e-01 1.489257800000000007e-02 1.052490233999999969e+00
1.044921879999999997e-01 9.033203000000000066e-03 1.060058594000000021e+00
1.032714839999999967e-01 1.196289099999999980e-02 1.050781250000000000e+00
1.066894530000000035e-01 8.544921999999999934e-03 1.058593750000000000e+00
1.020507809999999932e-01 9.277343999999999868e-03 1.059082030999999979e+00
1.064453129999999997e-01 9.521484000000000197e-03 1.062500000000000000e+00
1.083984379999999997e-01 8.544921999999999934e-03 1.056396483999999969e+00
1.074218750000000000e-01 1.171875000000000000e-02 1.060791016000000031e+00
1.032714839999999967e-01 8.544921999999999934e-03 1.057373047000000010e+00
9.936523399999999673e-02 1.269531299999999974e-02 1.051757813000000041e+00
9.472656299999999974e-02 8.056640999999999803e-03 1.037841797000000010e+00
1.523437500000000000e-01 8.056640999999999803e-03 1.134521483999999969e+00
1.445312500000000000e-01 9.033203000000000066e-03 1.125244141000000031e+00
1.318359380000000136e-01 5.859375000000000000e-03 1.129394530999999979e+00
1.274414060000000071e-01 5.615234000000000197e-03 1.132080077999999990e+00
5.151367200000000340e-02 1.684570300000000007e-02 1.125976563000000041e+00
1.311035160000000033e-01 1.123046899999999987e-02 1.041259766000000031e+00
3.271484399999999987e-02 3.173828000000000066e-03 1.138183594000000021e+00
3.759765600000000013e-02 -6.469726600000000327e-02 1.055664063000000041e+00
9.228515599999999319e-02 -6.469726600000000327e-02 1.133789063000000041e+00
9.326171900000000681e-02 2.441406000000000132e-03 1.058837891000000031e+00
3.247070299999999660e-02 -6.469726600000000327e-02 1.129638672000000010e+00
8.520507800000000354e-02 -6.787109400000000681e-02 1.128906250000000000e+00
9.033203099999999319e-02 1.953125000000000000e-03 1.059326172000000010e+00
9.033203099999999319e-02 4.882812999999999737e-03 1.129394530999999979e+00
9.375000000000000000e-02 6.347656000000000132e-03 1.132324219000000021e+00
3.491210899999999673e-02 2.929688000000000171e-03 1.127685547000000010e+00
4.003906299999999974e-02 4.394531000000000132e-03 1.129638672000000010e+00
4.589843799999999974e-02 7.812500000000000000e-03 1.126953125000000000e+00
5.395507799999999660e-02 8.544921999999999934e-03 1.060058594000000021e+00
1.279296880000000136e-01 1.977539099999999980e-02 1.062500000000000000e+00
1.328125000000000000e-01 2.172851599999999980e-02 1.129394530999999979e+00
1.401367189999999929e-01 1.879882800000000007e-02 1.060546875000000000e+00
1.467285160000000033e-01 2.075195300000000007e-02 1.056152344000000021e+00
1.477050779999999897e-01 1.977539099999999980e-02 1.053955077999999990e+00
1.423339839999999967e-01 2.124023400000000020e-02 1.061523438000000041e+00
1.015625000000000000e-01 1.733398400000000020e-02 1.129882813000000041e+00
1.508789060000000071e-01 2.026367199999999993e-02 1.050048827999999990e+00
1.435546880000000136e-01 1.953125000000000000e-02 1.128173827999999990e+00
1.433105470000000103e-01 1.489257800000000007e-02 1.059570313000000041e+00
1.440429689999999929e-01 1.757812500000000000e-02 1.130859375000000000e+00
1.315917970000000103e-01 2.075195300000000007e-02 1.056396483999999969e+00
1.318359380000000136e-01 1.708984399999999987e-02 1.054687500000000000e+00
5.810546899999999987e-02 1.391601599999999980e-02 1.127197266000000031e+00
4.541015600000000013e-02 6.103515999999999803e-03 1.130859375000000000e+00
4.541015600000000013e-02 6.103515999999999803e-03 1.130859375000000000e+00
4.541015600000000013e-02 1.000976599999999980e-02 1.058837891000000031e+00
3.881835899999999673e-02 1.123046899999999987e-02 1.131103516000000031e+00
4.272460899999999673e-02 8.544921999999999934e-03 1.060058594000000021e+00
3.540039100000000327e-02 1.708983999999999981e-03 1.131103516000000031e+00
4.052734399999999987e-02 1.953125000000000000e-03 1.127441405999999979e+00
3.735351600000000327e-02 4.638671999999999934e-03 1.128662108999999969e+00
3.735351600000000327e-02 9.033203000000000066e-03 1.130859375000000000e+00
