8.552246093750000000e-01 -7.031250000000000000e-02 -4.423828125000000000e-01
8.562011718750000000e-01 -7.324218750000000000e-02 -4.487304687500000000e-01
8.562011718750000000e-01 -7.324218750000000000e-02 -4.487304687500000000e-01
8.515625000000000000e-01 3.173828125000000000e-03 -4.387207031250000000e-01
8.557128906250000000e-01 1.684570312500000000e-02 -4.511718750000000000e-01
8.593750000000000000e-01 1.586914062500000000e-02 -4.506835937500000000e-01
8.530273437500000000e-01 1.342773437500000000e-02 -4.643554687500000000e-01
8.505859375000000000e-01 7.080078125000000000e-03 -4.489746093750000000e-01
8.530273437500000000e-01 4.394531250000000000e-03 -4.570312500000000000e-01
8.493652343750000000e-01 1.147460937500000000e-02 -4.663085937500000000e-01
8.500976562500000000e-01 1.855468750000000000e-02 -4.633789062500000000e-01
9.060058593750000000e-01 1.513671875000000000e-02 -4.113769531250000000e-01
8.554687500000000000e-01 2.197265625000000000e-02 -4.172363281250000000e-01
8.483886718750000000e-01 1.367187500000000000e-02 -4.121093750000000000e-01
9.453125000000000000e-01 -7.958984375000000000e-02 -4.167480468750000000e-01
8.454589843750000000e-01 -8.520507812500000000e-02 -4.436035156250000000e-01
8.867187500000000000e-01 -7.153320312500000000e-02 -4.453125000000000000e-01
8.972167968750000000e-01 -7.958984375000000000e-02 -4.414062500000000000e-01
8.920898437500000000e-01 -3.442382812500000000e-02 -4.553222656250000000e-01
9.023437500000000000e-01 -5.737304687500000000e-02 -4.206542968750000000e-01
8.640136718750000000e-01 -5.834960937500000000e-02 -4.367675781250000000e-01
9.003906250000000000e-01 -1.323242187500000000e-01 -4.455566406250000000e-01
8.967285156250000000e-01 -1.276855468750000000e-01 -4.663085937500000000e-01
8.898925781250000000e-01 -5.493164062500000000e-02 -4.509277343750000000e-01
8.840332031250000000e-01 -1.481933593750000000e-01 -4.621582031250000000e-01
8.945312500000000000e-01 -5.712890625000000000e-02 -4.348144531250000000e-01
7.985839843750000000e-01 -8.789062500000000000e-02 -4.365234375000000000e-01
7.954101562500000000e-01 -7.763671875000000000e-02 -3.796386718750000000e-01
9.421386718750000000e-01 -4.858398437500000000e-02 -5.251464843750000000e-01
8.745117187500000000e-01 -5.224609375000000000e-02 -4.604492187500000000e-01
8.950195312500000000e-01 1.318359375000000000e-02 -2.988281250000000000e-01
7.631835937500000000e-01 -8.105468750000000000e-02 -3.776855468750000000e-01
6.567382812500000000e-01 -1.257324218750000000e-01 -3.413085937500000000e-01
7.006835937500000000e-01 3.222656250000000000e-02 -5.107421875000000000e-01
6.748046875000000000e-01 1.804199218750000000e-01 -5.644531250000000000e-01
6.254882812500000000e-01 7.299804687500000000e-02 -4.255371093750000000e-01
5.273437500000000000e-01 1.889648437500000000e-01 -6.228027343750000000e-01
6.894531250000000000e-01 5.517578125000000000e-02 -8.068847656250000000e-01
5.722656250000000000e-01 -1.062011718750000000e-01 -4.792480468750000000e-01
3.142089843750000000e-01 -1.367187500000000000e-01 -1.596679687500000000e-01
1.608886718750000000e-01 1.872558593750000000e-01 -4.826660156250000000e-01
5.312500000000000000e-01 -8.007812500000000000e-02 -1.464843750000000000e-02
3.413085937500000000e-01 -6.054687500000000000e-01 -5.686035156250000000e-01
-5.668945312500000000e-01 -2.163085937500000000e-01 -5.371093750000000000e-01
1.860351562500000000e-01 6.030273437500000000e-02 3.190917968750000000e-01
-6.081298828125000000e+00 -2.215820312500000000e+00 2.544189453125000000e+00
-1.743164062500000000e-01 -7.993164062500000000e-01 -9.277343750000000000e-01
-6.440429687500000000e-01 -1.770019531250000000e-01 -5.915527343750000000e-01
-6.440429687500000000e-01 -1.770019531250000000e-01 -5.915527343750000000e-01
-6.440429687500000000e-01 -1.770019531250000000e-01 -5.915527343750000000e-01
-6.440429687500000000e-01 -1.770019531250000000e-01 -5.915527343750000000e-01
-3.642578125000000000e-01 -1.889648437500000000e-01 -6.044921875000000000e-01
-3.642578125000000000e-01 -1.889648437500000000e-01 -6.044921875000000000e-01
-3.083496093750000000e-01 -2.246093750000000000e-01 -5.458984375000000000e-01
-5.266113281250000000e-01 -3.547363281250000000e-01 -5.346679687500000000e-01
-3.479003906250000000e-01 -3.164062500000000000e-01 -9.052734375000000000e-01
-5.908203125000000000e-01 -7.006835937500000000e-01 -1.408935546875000000e+00
-3.171386718750000000e-01 -3.378906250000000000e-01 -1.039794921875000000e+00
-1.633300781250000000e-01 -2.011718750000000000e-01 -6.242675781250000000e-01
-1.079101562500000000e-01 -1.298828125000000000e-01 -6.948242187500000000e-01
-2.053222656250000000e-01 -1.481933593750000000e-01 -8.276367187500000000e-01
-2.795410156250000000e-01 -1.428222656250000000e-01 -9.020996093750000000e-01
-2.268066406250000000e-01 -1.101074218750000000e-01 -1.017089843750000000e+00
-2.282714843750000000e-01 -1.374511718750000000e-01 -9.128417968750000000e-01
-2.292480468750000000e-01 -9.594726562500000000e-02 -9.396972656250000000e-01
-2.717285156250000000e-01 -1.428222656250000000e-01 -8.161621093750000000e-01
-2.260742187500000000e-01 -1.357421875000000000e-01 -9.379882812500000000e-01
-2.734375000000000000e-01 -1.523437500000000000e-01 -8.901367187500000000e-01
-2.238769531250000000e-01 -1.530761718750000000e-01 -9.584960937500000000e-01
-2.702636718750000000e-01 -1.342773437500000000e-01 -8.754882812500000000e-01
-2.705078125000000000e-01 -1.362304687500000000e-01 -9.089355468750000000e-01
-2.736816406250000000e-01 -1.350097656250000000e-01 -8.911132812500000000e-01
-2.197265625000000000e-01 -1.389160156250000000e-01 -8.540039062500000000e-01
-2.741699218750000000e-01 -1.381835937500000000e-01 -8.105468750000000000e-01
-2.189941406250000000e-01 -1.447753906250000000e-01 -9.580078125000000000e-01
-2.260742187500000000e-01 -1.413574218750000000e-01 -8.615722656250000000e-01
-2.229003906250000000e-01 -1.342773437500000000e-01 -8.925781250000000000e-01
-2.751464843750000000e-01 -1.411132812500000000e-01 -7.985839843750000000e-01
-2.768554687500000000e-01 -1.445312500000000000e-01 -9.619140625000000000e-01
-2.202148437500000000e-01 -1.369628906250000000e-01 -8.630371093750000000e-01
-2.216796875000000000e-01 -1.057128906250000000e-01 -8.488769531250000000e-01
-2.204589843750000000e-01 -5.639648437500000000e-02 -8.945312500000000000e-01
-2.263183593750000000e-01 -1.391601562500000000e-01 -8.732910156250000000e-01
-2.189941406250000000e-01 -1.347656250000000000e-01 -8.977050781250000000e-01
-2.243652343750000000e-01 -1.362304687500000000e-01 -8.698730468750000000e-01
-2.194824218750000000e-01 -1.364746093750000000e-01 -9.013671875000000000e-01
-2.770996093750000000e-01 -1.389160156250000000e-01 -9.025878906250000000e-01
-2.758789062500000000e-01 -1.379394531250000000e-01 -8.940429687500000000e-01
-2.192382812500000000e-01 -1.403808593750000000e-01 -8.745117187500000000e-01
-2.783203125000000000e-01 -1.423339843750000000e-01 -8.479003906250000000e-01
-2.744140625000000000e-01 -1.420898437500000000e-01 -8.461914062500000000e-01
-2.753906250000000000e-01 -1.386718750000000000e-01 -8.818359375000000000e-01
-2.807617187500000000e-01 -1.459960937500000000e-01 -8.710937500000000000e-01
-2.785644531250000000e-01 -1.416015625000000000e-01 -8.525390625000000000e-01
-2.714843750000000000e-01 -1.408691406250000000e-01 -8.957519531250000000e-01
-2.680664062500000000e-01 -1.440429687500000000e-01 -8.784179687500000000e-01
-2.785644531250000000e-01 -1.477050781250000000e-01 -9.392089843750000000e-01
-2.758789062500000000e-01 -1.486816406250000000e-01 -8.454589843750000000e-01
-2.780761718750000000e-01 -1.437988281250000000e-01 -8.645019531250000000e-01
-2.619628906250000000e-01 -9.912109375000000000e-02 -8.996582031250000000e-01
-2.709960937500000000e-01 -1.484375000000000000e-01 -8.996582031250000000e-01
-2.685546875000000000e-01 -1.533203125000000000e-01 -9.050292968750000000e-01
-2.670898437500000000e-01 -1.423339843750000000e-01 -9.018554687500000000e-01
-2.768554687500000000e-01 -9.423828125000000000e-02 -9.438476562500000000e-01
-2.690429687500000000e-01 -1.423339843750000000e-01 -8.937988281250000000e-01
-2.687988281250000000e-01 -1.499023437500000000e-01 -8.508300781250000000e-01
-2.617187500000000000e-01 -1.423339843750000000e-01 -8.999023437500000000e-01
-2.634277343750000000e-01 -1.445312500000000000e-01 -8.525390625000000000e-01
-2.573242187500000000e-01 -1.408691406250000000e-01 -8.479003906250000000e-01
-2.685546875000000000e-01 -1.364746093750000000e-01 -8.525390625000000000e-01
-2.617187500000000000e-01 -1.394042968750000000e-01 -8.500976562500000000e-01
-2.607421875000000000e-01 -1.374511718750000000e-01 -9.057617187500000000e-01
-2.648925781250000000e-01 -1.394042968750000000e-01 -8.554687500000000000e-01
-2.648925781250000000e-01 -1.394042968750000000e-01 -8.554687500000000000e-01
-2.648925781250000000e-01 -1.394042968750000000e-01 -8.554687500000000000e-01
-2.648925781250000000e-01 -1.394042968750000000e-01 -8.554687500000000000e-01
-2.648925781250000000e-01 -1.394042968750000000e-01 -8.554687500000000000e-01
-2.648925781250000000e-01 -1.394042968750000000e-01 -8.554687500000000000e-01
-2.648925781250000000e-01 -1.394042968750000000e-01 -8.554687500000000000e-01
-2.648925781250000000e-01 -1.394042968750000000e-01 -8.554687500000000000e-01
-2.622070312500000000e-01 -1.374511718750000000e-01 -8.493652343750000000e-01
-2.622070312500000000e-01 -1.374511718750000000e-01 -8.493652343750000000e-01
-2.622070312500000000e-01 -1.374511718750000000e-01 -8.493652343750000000e-01
-2.622070312500000000e-01 -1.374511718750000000e-01 -8.493652343750000000e-01
-2.622070312500000000e-01 -1.374511718750000000e-01 -8.493652343750000000e-01
-2.622070312500000000e-01 -1.374511718750000000e-01 -8.493652343750000000e-01
-2.622070312500000000e-01 -1.374511718750000000e-01 -8.493652343750000000e-01
-2.622070312500000000e-01 -1.374511718750000000e-01 -8.493652343750000000e-01
-2.622070312500000000e-01 -1.374511718750000000e-01 -8.493652343750000000e-01
-2.622070312500000000e-01 -1.374511718750000000e-01 -8.493652343750000000e-01
-2.622070312500000000e-01 -1.374511718750000000e-01 -8.493652343750000000e-01
-2.622070312500000000e-01 -1.374511718750000000e-01 -8.493652343750000000e-01
-2.622070312500000000e-01 -1.374511718750000000e-01 -8.493652343750000000e-01
-2.626953125000000000e-01 -1.416015625000000000e-01 -8.510742187500000000e-01
-2.626953125000000000e-01 -1.416015625000000000e-01 -8.510742187500000000e-01
-2.626953125000000000e-01 -1.416015625000000000e-01 -8.510742187500000000e-01
-2.626953125000000000e-01 -1.416015625000000000e-01 -8.510742187500000000e-01
-2.626953125000000000e-01 -1.416015625000000000e-01 -8.510742187500000000e-01
-2.626953125000000000e-01 -1.416015625000000000e-01 -8.510742187500000000e-01
-2.626953125000000000e-01 -1.416015625000000000e-01 -8.510742187500000000e-01
-2.626953125000000000e-01 -1.416015625000000000e-01 -8.510742187500000000e-01
-2.626953125000000000e-01 -1.416015625000000000e-01 -8.510742187500000000e-01
-2.626953125000000000e-01 -1.416015625000000000e-01 -8.510742187500000000e-01
-2.626953125000000000e-01 -1.416015625000000000e-01 -8.510742187500000000e-01
-2.629394531250000000e-01 -1.411132812500000000e-01 -9.040527343750000000e-01
-2.629394531250000000e-01 -1.411132812500000000e-01 -9.040527343750000000e-01
-2.629394531250000000e-01 -1.411132812500000000e-01 -9.040527343750000000e-01
-2.629394531250000000e-01 -1.411132812500000000e-01 -9.040527343750000000e-01
-2.629394531250000000e-01 -1.411132812500000000e-01 -9.040527343750000000e-01
-2.629394531250000000e-01 -1.411132812500000000e-01 -9.040527343750000000e-01
-2.629394531250000000e-01 -1.411132812500000000e-01 -9.040527343750000000e-01
-2.629394531250000000e-01 -1.411132812500000000e-01 -9.040527343750000000e-01
-2.629394531250000000e-01 -1.411132812500000000e-01 -9.040527343750000000e-01
-2.629394531250000000e-01 -1.411132812500000000e-01 -9.040527343750000000e-01
-2.629394531250000000e-01 -1.411132812500000000e-01 -9.040527343750000000e-01
-2.622070312500000000e-01 -1.391601562500000000e-01 -8.520507812500000000e-01
-2.622070312500000000e-01 -1.391601562500000000e-01 -8.520507812500000000e-01
-2.622070312500000000e-01 -1.391601562500000000e-01 -8.520507812500000000e-01
-2.622070312500000000e-01 -1.391601562500000000e-01 -8.520507812500000000e-01
-2.622070312500000000e-01 -1.391601562500000000e-01 -8.520507812500000000e-01
-2.622070312500000000e-01 -1.391601562500000000e-01 -8.520507812500000000e-01
-2.617187500000000000e-01 -1.386718750000000000e-01 -8.532714843750000000e-01
-2.580566406250000000e-01 -1.394042968750000000e-01 -9.047851562500000000e-01
-2.561035156250000000e-01 -1.406250000000000000e-01 -8.535156250000000000e-01
-2.558593750000000000e-01 -1.391601562500000000e-01 -8.498535156250000000e-01
-2.583007812500000000e-01 -1.423339843750000000e-01 -8.488769531250000000e-01
-2.539062500000000000e-01 -1.416015625000000000e-01 -8.559570312500000000e-01
-2.592773437500000000e-01 -1.411132812500000000e-01 -8.544921875000000000e-01
-2.568359375000000000e-01 -1.406250000000000000e-01 -9.060058593750000000e-01
-1.867675781250000000e-01 -1.452636718750000000e-01 -8.798828125000000000e-01
-2.666015625000000000e-01 -1.354980468750000000e-01 -9.399414062500000000e-01
-2.580566406250000000e-01 -1.413574218750000000e-01 -8.559570312500000000e-01
-2.590332031250000000e-01 -1.354980468750000000e-01 -9.028320312500000000e-01
-2.587890625000000000e-01 -1.406250000000000000e-01 -8.439941406250000000e-01
-2.583007812500000000e-01 -1.401367187500000000e-01 -8.103027343750000000e-01
-2.719726562500000000e-01 -1.396484375000000000e-01 -9.086914062500000000e-01
-2.626953125000000000e-01 -1.357421875000000000e-01 -8.498535156250000000e-01
-2.578125000000000000e-01 -1.391601562500000000e-01 -9.016113281250000000e-01
-2.580566406250000000e-01 -1.389160156250000000e-01 -8.808593750000000000e-01
-2.629394531250000000e-01 -1.428222656250000000e-01 -8.574218750000000000e-01
-2.683105468750000000e-01 -1.447753906250000000e-01 -9.448242187500000000e-01
-2.556152343750000000e-01 -1.381835937500000000e-01 -8.957519531250000000e-01
-2.602539062500000000e-01 -1.420898437500000000e-01 -9.020996093750000000e-01
-2.592773437500000000e-01 -1.437988281250000000e-01 -8.439941406250000000e-01
-2.595214843750000000e-01 -1.423339843750000000e-01 -8.569335937500000000e-01
-2.604980468750000000e-01 -1.437988281250000000e-01 -8.532714843750000000e-01
-2.590332031250000000e-01 -1.411132812500000000e-01 -8.493652343750000000e-01
-2.570800781250000000e-01 -1.401367187500000000e-01 -8.566894531250000000e-01
-2.548828125000000000e-01 -1.435546875000000000e-01 -8.488769531250000000e-01
-2.563476562500000000e-01 -1.396484375000000000e-01 -9.060058593750000000e-01
-2.624511718750000000e-01 -1.442871093750000000e-01 -8.552246093750000000e-01
-2.639160156250000000e-01 -1.396484375000000000e-01 -8.508300781250000000e-01
-2.600097656250000000e-01 -1.435546875000000000e-01 -8.442382812500000000e-01
-2.636718750000000000e-01 -1.386718750000000000e-01 -8.498535156250000000e-01
-2.639160156250000000e-01 -1.367187500000000000e-01 -8.457031250000000000e-01
-2.658691406250000000e-01 -1.411132812500000000e-01 -8.513183593750000000e-01
-2.634277343750000000e-01 -1.350097656250000000e-01 -8.540039062500000000e-01
-2.656250000000000000e-01 -1.389160156250000000e-01 -8.457031250000000000e-01
-2.644042968750000000e-01 -1.418457031250000000e-01 -9.060058593750000000e-01
-2.680664062500000000e-01 -1.403808593750000000e-01 -8.491210937500000000e-01
