1.003417968750000000e+00 -4.150390625000000000e-02 -8.496093750000000000e-02
1.078125000000000000e+00 3.662109375000000000e-03 -3.344726562500000000e-02
1.078125000000000000e+00 3.662109375000000000e-03 -3.344726562500000000e-02
1.065673828125000000e+00 -1.882324218750000000e-01 -6.640625000000000000e-02
1.031005859375000000e+00 -1.118164062500000000e-01 -1.347656250000000000e-01
1.031005859375000000e+00 -1.118164062500000000e-01 -1.347656250000000000e-01
9.914550781250000000e-01 -2.031250000000000000e-01 -1.328125000000000000e-01
9.714355468750000000e-01 -1.506347656250000000e-01 -2.514648437500000000e-02
9.714355468750000000e-01 -1.506347656250000000e-01 -2.514648437500000000e-02
9.785156250000000000e-01 -4.614257812500000000e-02 2.124023437500000000e-02
1.006591796875000000e+00 -1.958007812500000000e-01 3.662109375000000000e-03
9.958496093750000000e-01 -1.674804687500000000e-01 -8.984375000000000000e-02
9.770507812500000000e-01 -1.120605468750000000e-01 -8.764648437500000000e-02
1.022949218750000000e+00 -1.669921875000000000e-01 -5.908203125000000000e-02
9.965820312500000000e-01 -2.038574218750000000e-01 -8.837890625000000000e-02
1.027832031250000000e+00 -1.938476562500000000e-01 -5.322265625000000000e-02
9.838867187500000000e-01 -1.149902343750000000e-01 -8.935546875000000000e-02
9.824218750000000000e-01 -9.423828125000000000e-02 -4.296875000000000000e-02
9.887695312500000000e-01 -1.103515625000000000e-01 -5.541992187500000000e-02
9.772949218750000000e-01 -1.074218750000000000e-01 -3.881835937500000000e-02
9.770507812500000000e-01 -1.113281250000000000e-01 -4.931640625000000000e-02
9.814453125000000000e-01 -1.074218750000000000e-01 -5.664062500000000000e-02
9.697265625000000000e-01 -1.884765625000000000e-01 -1.298828125000000000e-01
9.697265625000000000e-01 -1.184082031250000000e-01 -1.254882812500000000e-01
9.719238281250000000e-01 -1.103515625000000000e-01 -1.279296875000000000e-01
9.746093750000000000e-01 -1.096191406250000000e-01 -5.590820312500000000e-02
9.689941406250000000e-01 -9.399414062500000000e-02 -1.318359375000000000e-01
9.736328125000000000e-01 -9.619140625000000000e-02 -5.590820312500000000e-02
9.790039062500000000e-01 -1.347656250000000000e-01 -5.688476562500000000e-02
9.851074218750000000e-01 -1.308593750000000000e-01 -9.619140625000000000e-02
9.851074218750000000e-01 -9.326171875000000000e-02 -1.093750000000000000e-01
9.892578125000000000e-01 -8.081054687500000000e-02 -1.428222656250000000e-01
1.022460937500000000e+00 -5.395507812500000000e-02 2.807617187500000000e-02
1.066894531250000000e+00 -3.295898437500000000e-02 -3.881835937500000000e-02
1.003173828125000000e+00 -6.494140625000000000e-02 2.368164062500000000e-02
1.038330078125000000e+00 -8.154296875000000000e-02 -3.222656250000000000e-02
1.073486328125000000e+00 -1.259765625000000000e-01 -4.711914062500000000e-02
9.729003906250000000e-01 -1.499023437500000000e-01 -1.982421875000000000e-01
9.506835937500000000e-01 -1.899414062500000000e-01 -1.875000000000000000e-01
1.065185546875000000e+00 -2.087402343750000000e-01 2.221679687500000000e-02
1.050048828125000000e+00 -1.259765625000000000e-01 -1.879882812500000000e-02
1.050048828125000000e+00 -1.259765625000000000e-01 -1.879882812500000000e-02
1.001464843750000000e+00 -1.933593750000000000e-01 -3.417968750000000000e-02
1.013427734375000000e+00 -1.494140625000000000e-01 1.879882812500000000e-02
9.262695312500000000e-01 -1.972656250000000000e-01 -5.786132812500000000e-02
1.134033203125000000e+00 -2.592773437500000000e-01 -1.464843750000000000e-01
9.306640625000000000e-01 -1.003417968750000000e-01 -1.469726562500000000e-01
9.248046875000000000e-01 -1.479492187500000000e-01 -1.328125000000000000e-01
1.085693359375000000e+00 -1.210937500000000000e-01 -1.567382812500000000e-01
9.208984375000000000e-01 -6.005859375000000000e-02 -2.709960937500000000e-01
9.433593750000000000e-01 -1.196289062500000000e-01 -2.302246093750000000e-01
8.457031250000000000e-01 -1.000976562500000000e-01 -2.331542968750000000e-01
8.535156250000000000e-01 -1.074218750000000000e-01 -2.866210937500000000e-01
8.649902343750000000e-01 -6.225585937500000000e-02 -1.274414062500000000e-01
8.513183593750000000e-01 -1.433105468750000000e-01 -2.399902343750000000e-01
1.017578125000000000e+00 6.469726562500000000e-02 -1.682128906250000000e-01
1.051757812500000000e+00 -2.644042968750000000e-01 -2.243652343750000000e-01
1.154541015625000000e+00 -8.715820312500000000e-02 -2.929687500000000000e-01
1.040771484375000000e+00 -1.018066406250000000e-01 -2.622070312500000000e-01
8.613281250000000000e-01 7.568359375000000000e-03 -1.689453125000000000e-01
9.838867187500000000e-01 -1.440429687500000000e-01 -3.217773437500000000e-01
9.477539062500000000e-01 -8.911132812500000000e-02 -2.163085937500000000e-01
8.581542968750000000e-01 -1.271972656250000000e-01 -3.398437500000000000e-01
9.169921875000000000e-01 -4.296875000000000000e-02 -2.238769531250000000e-01
9.443359375000000000e-01 -5.322265625000000000e-02 -1.689453125000000000e-01
1.002685546875000000e+00 -1.877441406250000000e-01 -3.601074218750000000e-01
8.122558593750000000e-01 -2.575683593750000000e-01 -3.046875000000000000e-01
8.122558593750000000e-01 -2.575683593750000000e-01 -3.046875000000000000e-01
1.013916015625000000e+00 -1.328125000000000000e-01 -3.977050781250000000e-01
8.083496093750000000e-01 -8.300781250000000000e-03 -5.727539062500000000e-01
8.486328125000000000e-01 -3.234863281250000000e-01 -3.881835937500000000e-01
9.509277343750000000e-01 -2.148437500000000000e-01 -4.086914062500000000e-01
1.086914062500000000e+00 -3.198242187500000000e-02 -3.552246093750000000e-01
1.086914062500000000e+00 -3.198242187500000000e-02 -3.552246093750000000e-01
7.453613281250000000e-01 -1.123046875000000000e-02 -2.495117187500000000e-01
8.640136718750000000e-01 -2.565917968750000000e-01 -4.692382812500000000e-01
5.490722656250000000e-01 -2.141113281250000000e-01 6.591796875000000000e-03
4.929199218750000000e-01 -1.196289062500000000e-02 -3.952636718750000000e-01
3.583984375000000000e-01 -5.810546875000000000e-02 3.269042968750000000e-01
4.531250000000000000e-01 3.122558593750000000e-01 6.718750000000000000e-01
-4.824218750000000000e-01 -1.328125000000000000e-01 2.685546875000000000e-01
1.176757812500000000e-01 -1.623535156250000000e-01 -7.839355468750000000e-01
7.609863281250000000e-01 3.237304687500000000e-01 -3.012695312500000000e-01
-2.248535156250000000e-01 4.577636718750000000e-01 -1.240966796875000000e+00
-3.909423828125000000e+00 5.444335937500000000e-01 -7.319335937500000000e+00
7.690429687500000000e-02 3.229980468750000000e-01 -5.322998046875000000e+00
-6.958007812500000000e-02 2.932128906250000000e-01 -1.728515625000000000e+00
-1.066894531250000000e-01 2.700195312500000000e-01 -1.493164062500000000e+00
-1.394042968750000000e-01 -1.286621093750000000e-01 -6.899414062500000000e-01
-5.881347656250000000e-01 4.904785156250000000e-01 -8.505859375000000000e-01
-7.373046875000000000e-01 -2.504882812500000000e-01 -4.001464843750000000e-01
3.188476562500000000e-01 6.347656250000000000e-03 -6.640625000000000000e-02
-1.014160156250000000e+00 4.487304687500000000e-01 -8.483886718750000000e-01
1.760253906250000000e-01 -6.396484375000000000e-02 -7.670898437500000000e-01
-6.027832031250000000e-01 1.977539062500000000e-01 -1.307128906250000000e+00
-6.020507812500000000e-01 2.563476562500000000e-02 -1.711669921875000000e+00
-1.884765625000000000e-01 2.075195312500000000e-02 -1.164794921875000000e+00
-1.889648437500000000e-01 4.394531250000000000e-03 -9.047851562500000000e-01
-2.055664062500000000e-01 -1.262207031250000000e-01 -7.236328125000000000e-01
-8.666992187500000000e-02 -6.518554687500000000e-02 -7.104492187500000000e-01
-1.037597656250000000e-01 -1.486816406250000000e-01 -8.845214843750000000e-01
-9.863281250000000000e-02 -1.108398437500000000e-01 -9.638671875000000000e-01
-2.019042968750000000e-01 -1.401367187500000000e-01 -1.010253906250000000e+00
-2.094726562500000000e-01 -1.430664062500000000e-01 -9.545898437500000000e-01
-2.023925781250000000e-01 -1.276855468750000000e-01 -8.981933593750000000e-01
-1.984863281250000000e-01 -1.352539062500000000e-01 -8.784179687500000000e-01
-2.004394531250000000e-01 -1.384277343750000000e-01 -8.552246093750000000e-01
-2.021484375000000000e-01 -5.615234375000000000e-02 -8.657226562500000000e-01
-1.979980468750000000e-01 -6.079101562500000000e-02 -8.696289062500000000e-01
-1.955566406250000000e-01 -1.347656250000000000e-01 -8.703613281250000000e-01
-1.889648437500000000e-01 -1.340332031250000000e-01 -8.623046875000000000e-01
-1.914062500000000000e-01 -1.384277343750000000e-01 -8.559570312500000000e-01
-1.953125000000000000e-01 -1.416015625000000000e-01 -8.640136718750000000e-01
-1.953125000000000000e-01 -1.372070312500000000e-01 -8.676757812500000000e-01
-1.896972656250000000e-01 -1.284179687500000000e-01 -8.640136718750000000e-01
-1.894531250000000000e-01 -1.313476562500000000e-01 -8.630371093750000000e-01
-1.884765625000000000e-01 -1.318359375000000000e-01 -8.654785156250000000e-01
-1.896972656250000000e-01 -1.362304687500000000e-01 -8.652343750000000000e-01
-1.904296875000000000e-01 -1.394042968750000000e-01 -8.708496093750000000e-01
-1.901855468750000000e-01 -1.352539062500000000e-01 -8.698730468750000000e-01
-1.242675781250000000e-01 -1.320800781250000000e-01 -8.586425781250000000e-01
-1.921386718750000000e-01 -1.318359375000000000e-01 -8.603515625000000000e-01
-1.948242187500000000e-01 -1.364746093750000000e-01 -8.637695312500000000e-01
-1.972656250000000000e-01 -1.367187500000000000e-01 -8.608398437500000000e-01
-1.972656250000000000e-01 -1.367187500000000000e-01 -8.608398437500000000e-01
-1.899414062500000000e-01 -1.369628906250000000e-01 -8.618164062500000000e-01
-1.933593750000000000e-01 -1.369628906250000000e-01 -8.610839843750000000e-01
-1.921386718750000000e-01 -1.394042968750000000e-01 -8.664550781250000000e-01
-1.972656250000000000e-01 -1.401367187500000000e-01 -8.647460937500000000e-01
-1.950683593750000000e-01 -1.406250000000000000e-01 -9.375000000000000000e-01
-1.975097656250000000e-01 -1.406250000000000000e-01 -8.579101562500000000e-01
-1.987304687500000000e-01 -1.411132812500000000e-01 -8.691406250000000000e-01
-2.014160156250000000e-01 -1.391601562500000000e-01 -8.647460937500000000e-01
-1.987304687500000000e-01 -1.440429687500000000e-01 -8.576660156250000000e-01
-1.987304687500000000e-01 -1.379394531250000000e-01 -8.635253906250000000e-01
-2.004394531250000000e-01 -1.403808593750000000e-01 -8.601074218750000000e-01
-1.989746093750000000e-01 -1.381835937500000000e-01 -8.701171875000000000e-01
-1.992187500000000000e-01 -1.413574218750000000e-01 -8.657226562500000000e-01
-2.004394531250000000e-01 -1.423339843750000000e-01 -8.713378906250000000e-01
-1.955566406250000000e-01 -1.372070312500000000e-01 -8.637695312500000000e-01
-1.994628906250000000e-01 -1.391601562500000000e-01 -8.679199218750000000e-01
-1.958007812500000000e-01 -1.384277343750000000e-01 -8.645019531250000000e-01
-1.955566406250000000e-01 -1.384277343750000000e-01 -8.557128906250000000e-01
-1.926269531250000000e-01 -1.394042968750000000e-01 -8.642578125000000000e-01
-1.926269531250000000e-01 -1.394042968750000000e-01 -8.642578125000000000e-01
-1.909179687500000000e-01 -1.406250000000000000e-01 -8.605957031250000000e-01
-1.906738281250000000e-01 -1.369628906250000000e-01 -8.657226562500000000e-01
-1.940917968750000000e-01 -1.389160156250000000e-01 -8.613281250000000000e-01
-1.940917968750000000e-01 -1.384277343750000000e-01 -8.605957031250000000e-01
-1.938476562500000000e-01 -1.384277343750000000e-01 -8.686523437500000000e-01
-1.245117187500000000e-01 -1.376953125000000000e-01 -8.669433593750000000e-01
-1.906738281250000000e-01 -1.359863281250000000e-01 -8.574218750000000000e-01
-1.911621093750000000e-01 -1.340332031250000000e-01 -8.591308593750000000e-01
-1.916503906250000000e-01 -1.408691406250000000e-01 -8.630371093750000000e-01
-1.916503906250000000e-01 -1.408691406250000000e-01 -8.630371093750000000e-01
-1.875000000000000000e-01 -1.340332031250000000e-01 -8.593750000000000000e-01
-1.909179687500000000e-01 -1.354980468750000000e-01 -8.662109375000000000e-01
-1.923828125000000000e-01 -1.345214843750000000e-01 -8.730468750000000000e-01
-1.955566406250000000e-01 -1.418457031250000000e-01 -8.637695312500000000e-01
-1.894531250000000000e-01 -1.335449218750000000e-01 -8.591308593750000000e-01
-1.987304687500000000e-01 -1.337890625000000000e-01 -8.649902343750000000e-01
-1.936035156250000000e-01 -1.386718750000000000e-01 -8.649902343750000000e-01
-1.936035156250000000e-01 -1.345214843750000000e-01 -8.635253906250000000e-01
-1.911621093750000000e-01 -1.416015625000000000e-01 -8.635253906250000000e-01
-1.936035156250000000e-01 -1.374511718750000000e-01 -8.630371093750000000e-01
-1.943359375000000000e-01 -1.408691406250000000e-01 -8.647460937500000000e-01
-1.982421875000000000e-01 -1.389160156250000000e-01 -8.613281250000000000e-01
-2.006835937500000000e-01 -1.401367187500000000e-01 -8.652343750000000000e-01
-2.001953125000000000e-01 -1.394042968750000000e-01 -8.669433593750000000e-01
-2.021484375000000000e-01 -1.391601562500000000e-01 -8.669433593750000000e-01
-2.021484375000000000e-01 -1.391601562500000000e-01 -8.669433593750000000e-01
-1.997070312500000000e-01 -1.452636718750000000e-01 -8.693847656250000000e-01
-1.982421875000000000e-01 -1.367187500000000000e-01 -8.666992187500000000e-01
-1.987304687500000000e-01 -1.416015625000000000e-01 -8.735351562500000000e-01
-1.984863281250000000e-01 -1.352539062500000000e-01 -8.615722656250000000e-01
-1.965332031250000000e-01 -1.379394531250000000e-01 -8.645019531250000000e-01
-1.940917968750000000e-01 -1.391601562500000000e-01 -8.566894531250000000e-01
-1.970214843750000000e-01 -1.413574218750000000e-01 -8.649902343750000000e-01
-1.916503906250000000e-01 -1.401367187500000000e-01 -8.625488281250000000e-01
-1.950683593750000000e-01 -1.394042968750000000e-01 -8.657226562500000000e-01
-1.928710937500000000e-01 -1.376953125000000000e-01 -8.583984375000000000e-01
-1.914062500000000000e-01 -1.357421875000000000e-01 -8.605957031250000000e-01
-1.916503906250000000e-01 -1.369628906250000000e-01 -8.608398437500000000e-01
-1.926269531250000000e-01 -1.391601562500000000e-01 -8.645019531250000000e-01
-1.894531250000000000e-01 -1.335449218750000000e-01 -8.608398437500000000e-01
-1.914062500000000000e-01 -1.408691406250000000e-01 -8.637695312500000000e-01
-1.948242187500000000e-01 -1.340332031250000000e-01 -8.610839843750000000e-01
-1.904296875000000000e-01 -1.384277343750000000e-01 -8.605957031250000000e-01
-1.923828125000000000e-01 -1.362304687500000000e-01 -8.647460937500000000e-01
-1.945800781250000000e-01 -1.384277343750000000e-01 -8.598632812500000000e-01
-1.928710937500000000e-01 -1.350097656250000000e-01 -8.662109375000000000e-01
-1.896972656250000000e-01 -1.372070312500000000e-01 -8.583984375000000000e-01
-1.931152343750000000e-01 -1.391601562500000000e-01 -8.671875000000000000e-01
-1.899414062500000000e-01 -1.401367187500000000e-01 -8.466796875000000000e-01
-1.982421875000000000e-01 -1.394042968750000000e-01 -8.640136718750000000e-01
-1.970214843750000000e-01 -1.381835937500000000e-01 -8.669433593750000000e-01
-1.950683593750000000e-01 -1.369628906250000000e-01 -8.559570312500000000e-01
-1.955566406250000000e-01 -1.376953125000000000e-01 -8.623046875000000000e-01
-1.982421875000000000e-01 -1.386718750000000000e-01 -8.620605468750000000e-01
-1.970214843750000000e-01 -1.394042968750000000e-01 -8.601074218750000000e-01
