7.482910156250000000e-01 -2.758789062500000000e-02 -5.312500000000000000e-01
8.173828125000000000e-01 2.905273437500000000e-02 -5.366210937500000000e-01
8.173828125000000000e-01 2.905273437500000000e-02 -5.366210937500000000e-01
8.188476562500000000e-01 -2.905273437500000000e-02 -5.327148437500000000e-01
7.487792968750000000e-01 -3.076171875000000000e-02 -5.344238281250000000e-01
8.161621093750000000e-01 3.027343750000000000e-02 -5.371093750000000000e-01
8.151855468750000000e-01 -2.465820312500000000e-02 -5.324707031250000000e-01
7.500000000000000000e-01 -3.100585937500000000e-02 -5.422363281250000000e-01
7.490234375000000000e-01 -2.905273437500000000e-02 -5.378417968750000000e-01
8.142089843750000000e-01 -2.954101562500000000e-02 -5.334472656250000000e-01
7.470703125000000000e-01 -3.125000000000000000e-02 -5.371093750000000000e-01
8.142089843750000000e-01 -2.758789062500000000e-02 -5.473632812500000000e-01
7.490234375000000000e-01 3.076171875000000000e-02 -5.341796875000000000e-01
7.458496093750000000e-01 3.076171875000000000e-02 -5.407714843750000000e-01
8.144531250000000000e-01 -2.514648437500000000e-02 -5.383300781250000000e-01
8.151855468750000000e-01 -2.636718750000000000e-02 -5.368652343750000000e-01
7.436523437500000000e-01 -2.905273437500000000e-02 -5.383300781250000000e-01
8.166503906250000000e-01 -3.076171875000000000e-02 -5.412597656250000000e-01
7.443847656250000000e-01 -2.197265625000000000e-02 -5.439453125000000000e-01
7.399902343750000000e-01 2.685546875000000000e-02 -5.432128906250000000e-01
7.348632812500000000e-01 -6.640625000000000000e-02 -5.593261718750000000e-01
7.277832031250000000e-01 -6.640625000000000000e-02 -5.490722656250000000e-01
7.387695312500000000e-01 8.544921875000000000e-03 -6.252441406250000000e-01
7.363281250000000000e-01 1.733398437500000000e-02 -5.595703125000000000e-01
7.268066406250000000e-01 6.250000000000000000e-02 -5.512695312500000000e-01
7.329101562500000000e-01 -7.568359375000000000e-03 -5.617675781250000000e-01
7.368164062500000000e-01 -1.147460937500000000e-02 -6.313476562500000000e-01
7.189941406250000000e-01 6.713867187500000000e-02 -5.505371093750000000e-01
7.192382812500000000e-01 6.787109375000000000e-02 -5.490722656250000000e-01
7.233886718750000000e-01 7.324218750000000000e-02 -5.529785156250000000e-01
7.226562500000000000e-01 -8.300781250000000000e-03 -6.303710937500000000e-01
7.248535156250000000e-01 -1.269531250000000000e-02 -5.622558593750000000e-01
7.238769531250000000e-01 -2.807617187500000000e-02 -6.269531250000000000e-01
7.255859375000000000e-01 1.147460937500000000e-02 -6.301269531250000000e-01
7.211914062500000000e-01 6.103515625000000000e-03 -6.318359375000000000e-01
7.807617187500000000e-01 1.123046875000000000e-02 -5.600585937500000000e-01
7.292480468750000000e-01 -7.153320312500000000e-02 -5.559082031250000000e-01
8.129882812500000000e-01 -6.762695312500000000e-02 -5.603027343750000000e-01
7.365722656250000000e-01 1.171875000000000000e-02 -5.585937500000000000e-01
7.341308593750000000e-01 1.831054687500000000e-02 -5.605468750000000000e-01
7.358398437500000000e-01 1.953125000000000000e-02 -5.595703125000000000e-01
7.436523437500000000e-01 2.685546875000000000e-02 -6.276855468750000000e-01
7.380371093750000000e-01 -2.856445312500000000e-02 -5.563964843750000000e-01
7.468261718750000000e-01 -2.807617187500000000e-02 -5.502929687500000000e-01
8.134765625000000000e-01 -1.000976562500000000e-02 -5.883789062500000000e-01
7.277832031250000000e-01 8.715820312500000000e-02 -4.770507812500000000e-01
8.020019531250000000e-01 7.470703125000000000e-02 -5.205078125000000000e-01
7.836914062500000000e-01 -2.343750000000000000e-02 -5.280761718750000000e-01
8.251953125000000000e-01 -2.709960937500000000e-02 -4.157714843750000000e-01
8.190917968750000000e-01 6.396484375000000000e-02 -4.099121093750000000e-01
7.368164062500000000e-01 9.057617187500000000e-02 -4.348144531250000000e-01
7.246093750000000000e-01 3.271484375000000000e-02 -5.014648437500000000e-01
7.565917968750000000e-01 4.077148437500000000e-02 -5.695800781250000000e-01
7.656250000000000000e-01 1.291503906250000000e-01 -4.897460937500000000e-01
6.635742187500000000e-01 1.384277343750000000e-01 -5.729980468750000000e-01
6.223144531250000000e-01 4.199218750000000000e-02 -4.304199218750000000e-01
5.954589843750000000e-01 -9.033203125000000000e-03 -5.156250000000000000e-01
5.925292968750000000e-01 9.228515625000000000e-02 -3.854980468750000000e-01
1.599121093750000000e-01 -5.224609375000000000e-02 -1.848144531250000000e-01
3.164062500000000000e-01 2.053222656250000000e-01 -4.040527343750000000e-01
2.045898437500000000e-01 4.345703125000000000e-02 -3.220214843750000000e-01
1.428222656250000000e-01 -2.856445312500000000e-02 -1.936035156250000000e-01
-4.956054687500000000e-02 2.543945312500000000e-01 -7.707519531250000000e-01
4.716796875000000000e-01 -7.250976562500000000e-02 -2.934570312500000000e-01
3.046875000000000000e-01 -5.173339843750000000e-01 -7.263183593750000000e-01
-7.937255859375000000e+00 -2.879882812500000000e+00 -7.937255859375000000e+00
-3.952636718750000000e-01 -5.266113281250000000e-01 -4.667724609375000000e+00
-5.537109375000000000e-01 -3.891601562500000000e-01 -2.460937500000000000e+00
-3.007812500000000000e-01 -1.538085937500000000e-01 -1.321533203125000000e+00
-3.393554687500000000e-01 8.740234375000000000e-02 -6.811523437500000000e-01
-6.296386718750000000e-01 -2.187500000000000000e-01 -4.150390625000000000e-01
-5.617675781250000000e-01 -4.809570312500000000e-02 -6.252441406250000000e-01
-2.556152343750000000e-01 5.322265625000000000e-02 -3.544921875000000000e-01
-4.318847656250000000e-01 2.404785156250000000e-01 -1.518554687500000000e-01
-9.001464843750000000e-01 4.272460937500000000e-01 -2.075195312500000000e-01
-8.464355468750000000e-01 1.606445312500000000e-01 1.367187500000000000e-01
-7.307128906250000000e-01 3.942871093750000000e-01 -1.335449218750000000e-01
-1.012207031250000000e+00 4.521484375000000000e-01 -4.799804687500000000e-01
-1.315429687500000000e+00 5.722656250000000000e-01 -7.773437500000000000e-01
-9.890136718750000000e-01 4.113769531250000000e-01 -8.986816406250000000e-01
-4.667968750000000000e-01 3.471679687500000000e-01 -2.021484375000000000e-01
-3.381347656250000000e-01 2.578125000000000000e-01 -3.581542968750000000e-01
-3.554687500000000000e-01 1.799316406250000000e-01 -5.769042968750000000e-01
-5.656738281250000000e-01 2.275390625000000000e-01 -6.105957031250000000e-01
-5.429687500000000000e-01 2.792968750000000000e-01 -7.687988281250000000e-01
-6.181640625000000000e-01 2.741699218750000000e-01 -8.010253906250000000e-01
-6.706542968750000000e-01 1.853027343750000000e-01 -7.927246093750000000e-01
-5.410156250000000000e-01 2.500000000000000000e-01 -6.179199218750000000e-01
-4.704589843750000000e-01 1.701660156250000000e-01 -6.289062500000000000e-01
-5.668945312500000000e-01 1.784667968750000000e-01 -6.967773437500000000e-01
-5.893554687500000000e-01 2.524414062500000000e-01 -6.723632812500000000e-01
-5.852050781250000000e-01 2.746582031250000000e-01 -7.531738281250000000e-01
-5.820312500000000000e-01 2.680664062500000000e-01 -7.558593750000000000e-01
-5.664062500000000000e-01 2.612304687500000000e-01 -6.706542968750000000e-01
-4.970703125000000000e-01 1.857910156250000000e-01 -7.145996093750000000e-01
-5.693359375000000000e-01 1.794433593750000000e-01 -6.650390625000000000e-01
-5.861816406250000000e-01 1.806640625000000000e-01 -6.721191406250000000e-01
-5.898437500000000000e-01 1.718750000000000000e-01 -6.872558593750000000e-01
-5.832519531250000000e-01 1.774902343750000000e-01 -6.838378906250000000e-01
-5.725097656250000000e-01 1.740722656250000000e-01 -6.760253906250000000e-01
-5.651855468750000000e-01 1.784667968750000000e-01 -6.755371093750000000e-01
-5.661621093750000000e-01 1.799316406250000000e-01 -6.733398437500000000e-01
-5.720214843750000000e-01 1.774902343750000000e-01 -6.784667968750000000e-01
-5.717773437500000000e-01 1.813964843750000000e-01 -6.789550781250000000e-01
-5.678710937500000000e-01 1.740722656250000000e-01 -6.809082031250000000e-01
-5.712890625000000000e-01 1.752929687500000000e-01 -6.779785156250000000e-01
-5.695800781250000000e-01 1.757812500000000000e-01 -6.838378906250000000e-01
-5.742187500000000000e-01 1.740722656250000000e-01 -6.850585937500000000e-01
-5.664062500000000000e-01 1.748046875000000000e-01 -6.760253906250000000e-01
-5.676269531250000000e-01 1.726074218750000000e-01 -6.770019531250000000e-01
-5.649414062500000000e-01 1.735839843750000000e-01 -6.838378906250000000e-01
-5.664062500000000000e-01 1.657714843750000000e-01 -7.509765625000000000e-01
-5.664062500000000000e-01 1.657714843750000000e-01 -7.509765625000000000e-01
-5.654296875000000000e-01 1.645507812500000000e-01 -6.823730468750000000e-01
-4.980468750000000000e-01 1.665039062500000000e-01 -7.529296875000000000e-01
-4.990234375000000000e-01 1.635742187500000000e-01 -7.502441406250000000e-01
-5.644531250000000000e-01 1.699218750000000000e-01 -6.850585937500000000e-01
-4.992675781250000000e-01 1.618652343750000000e-01 -6.806640625000000000e-01
-5.634765625000000000e-01 1.608886718750000000e-01 -7.502441406250000000e-01
-5.634765625000000000e-01 1.608886718750000000e-01 -7.502441406250000000e-01
-5.634765625000000000e-01 1.608886718750000000e-01 -7.502441406250000000e-01
-5.634765625000000000e-01 1.608886718750000000e-01 -7.502441406250000000e-01
-5.634765625000000000e-01 1.608886718750000000e-01 -7.502441406250000000e-01
-5.634765625000000000e-01 1.608886718750000000e-01 -7.502441406250000000e-01
-5.634765625000000000e-01 1.608886718750000000e-01 -7.502441406250000000e-01
-5.634765625000000000e-01 1.608886718750000000e-01 -7.502441406250000000e-01
-4.990234375000000000e-01 1.599121093750000000e-01 -6.860351562500000000e-01
-4.990234375000000000e-01 1.599121093750000000e-01 -6.860351562500000000e-01
-4.990234375000000000e-01 1.599121093750000000e-01 -6.860351562500000000e-01
-4.990234375000000000e-01 1.599121093750000000e-01 -6.860351562500000000e-01
-4.990234375000000000e-01 1.599121093750000000e-01 -6.860351562500000000e-01
-4.990234375000000000e-01 1.599121093750000000e-01 -6.860351562500000000e-01
-4.990234375000000000e-01 1.599121093750000000e-01 -6.860351562500000000e-01
-4.990234375000000000e-01 1.599121093750000000e-01 -6.860351562500000000e-01
-4.990234375000000000e-01 1.599121093750000000e-01 -6.860351562500000000e-01
-4.990234375000000000e-01 1.599121093750000000e-01 -6.860351562500000000e-01
-4.990234375000000000e-01 1.638183593750000000e-01 -6.862792968750000000e-01
-4.990234375000000000e-01 1.638183593750000000e-01 -6.862792968750000000e-01
-4.990234375000000000e-01 1.638183593750000000e-01 -6.862792968750000000e-01
-4.990234375000000000e-01 1.638183593750000000e-01 -6.862792968750000000e-01
-4.990234375000000000e-01 1.638183593750000000e-01 -6.862792968750000000e-01
-4.990234375000000000e-01 1.638183593750000000e-01 -6.862792968750000000e-01
-4.990234375000000000e-01 1.638183593750000000e-01 -6.862792968750000000e-01
-4.990234375000000000e-01 1.638183593750000000e-01 -6.862792968750000000e-01
-4.990234375000000000e-01 1.638183593750000000e-01 -6.862792968750000000e-01
-4.990234375000000000e-01 1.638183593750000000e-01 -6.862792968750000000e-01
-5.649414062500000000e-01 1.606445312500000000e-01 -6.867675781250000000e-01
-5.649414062500000000e-01 1.606445312500000000e-01 -6.867675781250000000e-01
-5.649414062500000000e-01 1.606445312500000000e-01 -6.867675781250000000e-01
-5.649414062500000000e-01 1.606445312500000000e-01 -6.867675781250000000e-01
-5.649414062500000000e-01 1.606445312500000000e-01 -6.867675781250000000e-01
-5.649414062500000000e-01 1.606445312500000000e-01 -6.867675781250000000e-01
-5.649414062500000000e-01 1.606445312500000000e-01 -6.867675781250000000e-01
-5.649414062500000000e-01 1.606445312500000000e-01 -6.867675781250000000e-01
-5.649414062500000000e-01 1.606445312500000000e-01 -6.867675781250000000e-01
-5.649414062500000000e-01 1.606445312500000000e-01 -6.867675781250000000e-01
-5.649414062500000000e-01 1.606445312500000000e-01 -6.867675781250000000e-01
-5.649414062500000000e-01 1.606445312500000000e-01 -6.867675781250000000e-01
-5.649414062500000000e-01 1.606445312500000000e-01 -6.867675781250000000e-01
-5.649414062500000000e-01 1.606445312500000000e-01 -6.867675781250000000e-01
-5.649414062500000000e-01 1.606445312500000000e-01 -6.867675781250000000e-01
-4.963378906250000000e-01 1.623535156250000000e-01 -7.563476562500000000e-01
-4.963378906250000000e-01 1.623535156250000000e-01 -7.563476562500000000e-01
-4.963378906250000000e-01 1.623535156250000000e-01 -7.563476562500000000e-01
-4.963378906250000000e-01 1.623535156250000000e-01 -7.563476562500000000e-01
-5.637207031250000000e-01 1.618652343750000000e-01 -7.504882812500000000e-01
-4.980468750000000000e-01 1.628417968750000000e-01 -7.531738281250000000e-01
-5.625000000000000000e-01 1.579589843750000000e-01 -6.855468750000000000e-01
-4.987792968750000000e-01 1.625976562500000000e-01 -6.855468750000000000e-01
-4.997558593750000000e-01 1.584472656250000000e-01 -7.507324218750000000e-01
-5.627441406250000000e-01 1.608886718750000000e-01 -6.835937500000000000e-01
-4.995117187500000000e-01 1.604003906250000000e-01 -7.514648437500000000e-01
-5.632324218750000000e-01 1.616210937500000000e-01 -7.536621093750000000e-01
-4.956054687500000000e-01 1.630859375000000000e-01 -6.857910156250000000e-01
-4.968261718750000000e-01 1.599121093750000000e-01 -6.870117187500000000e-01
-4.997558593750000000e-01 1.623535156250000000e-01 -7.519531250000000000e-01
-4.985351562500000000e-01 1.616210937500000000e-01 -7.526855468750000000e-01
-4.982910156250000000e-01 1.645507812500000000e-01 -6.867675781250000000e-01
-4.995117187500000000e-01 1.628417968750000000e-01 -7.512207031250000000e-01
-4.985351562500000000e-01 1.625976562500000000e-01 -6.870117187500000000e-01
-4.995117187500000000e-01 1.635742187500000000e-01 -7.521972656250000000e-01
-4.995117187500000000e-01 1.611328125000000000e-01 -6.855468750000000000e-01
-5.644531250000000000e-01 1.657714843750000000e-01 -7.507324218750000000e-01
-4.965820312500000000e-01 1.638183593750000000e-01 -7.507324218750000000e-01
-4.970703125000000000e-01 1.611328125000000000e-01 -7.509765625000000000e-01
-4.997558593750000000e-01 1.621093750000000000e-01 -7.565917968750000000e-01
-4.953613281250000000e-01 1.630859375000000000e-01 -7.524414062500000000e-01
-5.661621093750000000e-01 1.647949218750000000e-01 -6.865234375000000000e-01
-4.951171875000000000e-01 1.633300781250000000e-01 -7.531738281250000000e-01
-5.627441406250000000e-01 1.586914062500000000e-01 -6.867675781250000000e-01
-5.632324218750000000e-01 1.613769531250000000e-01 -7.600097656250000000e-01
-4.985351562500000000e-01 1.618652343750000000e-01 -7.561035156250000000e-01
-4.980468750000000000e-01 1.611328125000000000e-01 -7.529296875000000000e-01
-4.936523437500000000e-01 1.621093750000000000e-01 -7.514648437500000000e-01
-4.960937500000000000e-01 1.625976562500000000e-01 -6.862792968750000000e-01
-4.990234375000000000e-01 1.633300781250000000e-01 -6.862792968750000000e-01
-4.992675781250000000e-01 1.608886718750000000e-01 -7.512207031250000000e-01
-5.625000000000000000e-01 1.633300781250000000e-01 -7.529296875000000000e-01
-4.990234375000000000e-01 1.606445312500000000e-01 -6.840820312500000000e-01
-4.956054687500000000e-01 1.606445312500000000e-01 -7.519531250000000000e-01
