9.992675781250000000e-01 -1.374511718750000000e-01 1.755371093750000000e-01
9.992675781250000000e-01 -1.374511718750000000e-01 1.755371093750000000e-01
9.799804687500000000e-01 -1.313476562500000000e-01 1.704101562500000000e-01
9.799804687500000000e-01 -1.313476562500000000e-01 1.704101562500000000e-01
9.887695312500000000e-01 -1.330566406250000000e-01 1.735839843750000000e-01
9.892578125000000000e-01 -1.315917968750000000e-01 1.645507812500000000e-01
9.855957031250000000e-01 -1.337890625000000000e-01 1.611328125000000000e-01
9.904785156250000000e-01 -1.330566406250000000e-01 1.635742187500000000e-01
9.824218750000000000e-01 -1.291503906250000000e-01 1.645507812500000000e-01
9.897460937500000000e-01 -1.337890625000000000e-01 1.604003906250000000e-01
9.863281250000000000e-01 -1.340332031250000000e-01 1.604003906250000000e-01
9.880371093750000000e-01 -1.315917968750000000e-01 1.567382812500000000e-01
9.865722656250000000e-01 -1.328125000000000000e-01 1.613769531250000000e-01
9.863281250000000000e-01 -1.333007812500000000e-01 2.104492187500000000e-01
9.953613281250000000e-01 -1.333007812500000000e-01 2.050781250000000000e-01
9.821777343750000000e-01 -1.325683593750000000e-01 2.163085937500000000e-01
9.868164062500000000e-01 -1.318359375000000000e-01 2.143554687500000000e-01
9.880371093750000000e-01 -1.354980468750000000e-01 2.111816406250000000e-01
9.943847656250000000e-01 -1.359863281250000000e-01 2.009277343750000000e-01
9.965820312500000000e-01 -1.291503906250000000e-01 2.016601562500000000e-01
1.081054687500000000e+00 -6.127929687500000000e-02 1.962890625000000000e-01
1.085937500000000000e+00 -1.457519531250000000e-01 1.091308593750000000e-01
9.963378906250000000e-01 -5.200195312500000000e-02 1.188964843750000000e-01
1.069335937500000000e+00 -5.297851562500000000e-02 1.547851562500000000e-01
1.082519531250000000e+00 -1.511230468750000000e-01 1.560058593750000000e-01
1.028808593750000000e+00 -1.259765625000000000e-01 1.418457031250000000e-01
9.794921875000000000e-01 -1.062011718750000000e-01 1.203613281250000000e-01
1.080322265625000000e+00 -2.045898437500000000e-01 8.862304687500000000e-02
1.080078125000000000e+00 -2.773437500000000000e-01 5.102539062500000000e-02
1.078857421875000000e+00 -2.556152343750000000e-01 1.264648437500000000e-01
8.864746093750000000e-01 -2.224121093750000000e-01 1.569824218750000000e-01
8.610839843750000000e-01 -3.146972656250000000e-01 3.371582031250000000e-01
1.201171875000000000e+00 -4.443359375000000000e-02 2.375488281250000000e-01
9.426269531250000000e-01 -1.767578125000000000e-01 3.330078125000000000e-01
8.464355468750000000e-01 -2.277832031250000000e-01 2.253417968750000000e-01
1.017822265625000000e+00 -2.421875000000000000e-01 2.558593750000000000e-01
9.758300781250000000e-01 -2.209472656250000000e-01 1.772460937500000000e-01
9.748535156250000000e-01 -2.763671875000000000e-01 1.425781250000000000e-01
9.592285156250000000e-01 -2.902832031250000000e-01 -9.521484375000000000e-03
7.800292968750000000e-01 3.588867187500000000e-02 5.346679687500000000e-02
1.526611328125000000e+00 -5.229492187500000000e-01 -1.801757812500000000e-01
8.374023437500000000e-01 -1.616210937500000000e-01 5.263671875000000000e-01
1.089843750000000000e+00 1.203613281250000000e-01 -6.103515625000000000e-03
9.636230468750000000e-01 -3.027343750000000000e-01 3.776855468750000000e-01
1.070312500000000000e+00 -9.521484375000000000e-02 -2.758789062500000000e-01
8.894042968750000000e-01 -1.748046875000000000e-01 2.431640625000000000e-01
7.514648437500000000e-01 9.448242187500000000e-02 -6.323242187500000000e-02
3.986816406250000000e-01 -2.038574218750000000e-01 -1.943359375000000000e-01
8.610839843750000000e-01 -4.377441406250000000e-01 5.190429687500000000e-01
4.238281250000000000e-01 9.765625000000000000e-04 1.286621093750000000e-01
8.349609375000000000e-01 1.738281250000000000e-01 2.797851562500000000e-01
7.106933593750000000e-01 -2.001953125000000000e-01 3.037109375000000000e-01
8.559570312500000000e-01 -3.701171875000000000e-01 -1.953125000000000000e-01
8.461914062500000000e-01 -8.544921875000000000e-02 1.669921875000000000e-01
2.160644531250000000e-01 4.370117187500000000e-02 4.621582031250000000e-01
9.223632812500000000e-01 1.538085937500000000e-02 8.300781250000000000e-02
2.073974609375000000e+00 8.220214843750000000e-01 2.595947265625000000e+00
2.085693359375000000e+00 -6.640625000000000000e-02 2.540039062500000000e+00
-3.618164062500000000e-01 -1.352539062500000000e-01 1.011474609375000000e+00
-5.590820312500000000e-02 4.614257812500000000e-01 4.763183593750000000e-01
-3.671875000000000000e-01 8.186035156250000000e-01 6.796875000000000000e-01
-3.730468750000000000e-01 6.350097656250000000e-01 1.241210937500000000e+00
-1.219970703125000000e+00 -5.249023437500000000e-02 6.044921875000000000e-01
-9.794921875000000000e-01 1.335449218750000000e-01 1.178710937500000000e+00
-5.151367187500000000e-02 -1.953125000000000000e-03 5.585937500000000000e-01
-5.974121093750000000e-01 -1.638183593750000000e-01 7.841796875000000000e-01
-4.912109375000000000e-01 -1.530761718750000000e-01 2.204589843750000000e-01
-1.000976562500000000e+00 1.750488281250000000e-01 5.729980468750000000e-01
-5.168457031250000000e-01 1.503906250000000000e-01 8.515625000000000000e-01
-5.273437500000000000e-01 -1.220703125000000000e-03 1.100097656250000000e+00
-1.865234375000000000e-01 1.379394531250000000e-01 1.472412109375000000e+00
-1.477050781250000000e-01 2.353515625000000000e-01 1.001464843750000000e+00
-1.572265625000000000e-01 2.910156250000000000e-01 1.193603515625000000e+00
2.480468750000000000e-01 5.742187500000000000e-01 1.100341796875000000e+00
9.326171875000000000e-02 4.221191406250000000e-01 1.439208984375000000e+00
5.444335937500000000e-01 1.213378906250000000e-01 3.332519531250000000e-01
4.467773437500000000e-02 8.569335937500000000e-02 8.151855468750000000e-01
3.369140625000000000e-01 2.016601562500000000e-01 9.055175781250000000e-01
3.742675781250000000e-01 -9.082031250000000000e-02 1.256103515625000000e+00
1.237792968750000000e-01 1.254882812500000000e-01 1.163574218750000000e+00
-1.481933593750000000e-01 1.918945312500000000e-01 1.025878906250000000e+00
-1.008300781250000000e-01 3.273925781250000000e-01 1.138916015625000000e+00
2.497558593750000000e-01 2.612304687500000000e-01 1.185546875000000000e+00
9.985351562500000000e-02 2.402343750000000000e-01 9.165039062500000000e-01
1.157226562500000000e-01 2.194824218750000000e-01 9.733886718750000000e-01
4.157714843750000000e-01 2.121582031250000000e-01 1.148681640625000000e+00
2.238769531250000000e-01 1.015625000000000000e-01 1.140136718750000000e+00
1.433105468750000000e-01 1.491699218750000000e-01 1.026855468750000000e+00
1.101074218750000000e-01 1.083984375000000000e-01 1.068115234375000000e+00
1.904296875000000000e-01 1.938476562500000000e-01 1.141601562500000000e+00
1.140136718750000000e-01 2.062988281250000000e-01 1.135253906250000000e+00
2.119140625000000000e-01 1.684570312500000000e-01 1.052490234375000000e+00
2.075195312500000000e-01 2.119140625000000000e-01 1.083251953125000000e+00
1.682128906250000000e-01 1.958007812500000000e-01 1.072998046875000000e+00
1.647949218750000000e-01 1.140136718750000000e-01 1.039306640625000000e+00
2.033691406250000000e-01 1.115722656250000000e-01 1.129882812500000000e+00
1.232910156250000000e-01 1.101074218750000000e-01 1.045166015625000000e+00
1.247558593750000000e-01 1.230468750000000000e-01 1.043457031250000000e+00
1.987304687500000000e-01 1.933593750000000000e-01 1.034667968750000000e+00
1.245117187500000000e-01 1.887207031250000000e-01 1.060302734375000000e+00
1.909179687500000000e-01 1.909179687500000000e-01 1.043212890625000000e+00
1.921386718750000000e-01 1.162109375000000000e-01 1.039794921875000000e+00
1.928710937500000000e-01 1.130371093750000000e-01 1.041015625000000000e+00
1.215820312500000000e-01 1.105957031250000000e-01 1.046630859375000000e+00
1.188964843750000000e-01 1.091308593750000000e-01 1.045654296875000000e+00
1.105957031250000000e-01 1.137695312500000000e-01 1.053222656250000000e+00
1.162109375000000000e-01 1.088867187500000000e-01 1.051513671875000000e+00
1.140136718750000000e-01 1.171875000000000000e-01 1.054199218750000000e+00
1.145019531250000000e-01 1.179199218750000000e-01 1.055908203125000000e+00
1.240234375000000000e-01 1.113281250000000000e-01 1.044189453125000000e+00
1.198730468750000000e-01 1.152343750000000000e-01 1.044433593750000000e+00
1.215820312500000000e-01 1.079101562500000000e-01 1.043457031250000000e+00
1.218261718750000000e-01 1.213378906250000000e-01 1.042968750000000000e+00
1.235351562500000000e-01 1.198730468750000000e-01 1.037109375000000000e+00
1.931152343750000000e-01 1.176757812500000000e-01 1.047607421875000000e+00
2.023925781250000000e-01 1.198730468750000000e-01 1.054931640625000000e+00
2.031250000000000000e-01 1.213378906250000000e-01 1.047119140625000000e+00
2.031250000000000000e-01 1.191406250000000000e-01 1.041748046875000000e+00
2.121582031250000000e-01 1.228027343750000000e-01 1.038818359375000000e+00
1.711425781250000000e-01 1.179199218750000000e-01 1.055664062500000000e+00
1.748046875000000000e-01 1.174316406250000000e-01 1.080810546875000000e+00
2.009277343750000000e-01 1.198730468750000000e-01 1.047363281250000000e+00
1.994628906250000000e-01 1.118164062500000000e-01 1.051269531250000000e+00
2.043457031250000000e-01 1.123046875000000000e-01 1.046630859375000000e+00
2.067871093750000000e-01 1.130371093750000000e-01 1.043701171875000000e+00
2.124023437500000000e-01 1.142578125000000000e-01 1.043945312500000000e+00
2.119140625000000000e-01 1.054687500000000000e-01 1.034667968750000000e+00
2.006835937500000000e-01 1.091308593750000000e-01 1.048339843750000000e+00
2.055664062500000000e-01 1.098632812500000000e-01 1.041992187500000000e+00
1.982421875000000000e-01 1.093750000000000000e-01 1.048583984375000000e+00
1.923828125000000000e-01 1.083984375000000000e-01 1.053222656250000000e+00
1.945800781250000000e-01 1.115722656250000000e-01 1.055419921875000000e+00
1.965332031250000000e-01 1.015625000000000000e-01 1.052734375000000000e+00
1.943359375000000000e-01 1.042480468750000000e-01 1.046142578125000000e+00
1.948242187500000000e-01 1.076660156250000000e-01 1.043701171875000000e+00
1.911621093750000000e-01 1.093750000000000000e-01 1.049560546875000000e+00
1.174316406250000000e-01 1.047363281250000000e-01 1.048828125000000000e+00
1.250000000000000000e-01 1.037597656250000000e-01 1.055419921875000000e+00
1.215820312500000000e-01 1.079101562500000000e-01 1.048828125000000000e+00
1.220703125000000000e-01 1.118164062500000000e-01 1.042480468750000000e+00
1.884765625000000000e-01 9.497070312500000000e-02 1.128173828125000000e+00
2.045898437500000000e-01 1.062011718750000000e-01 1.091308593750000000e+00
1.069335937500000000e-01 1.076660156250000000e-01 1.051269531250000000e+00
1.179199218750000000e-01 1.003417968750000000e-01 1.048095703125000000e+00
1.223144531250000000e-01 9.985351562500000000e-02 1.044189453125000000e+00
1.184082031250000000e-01 1.040039062500000000e-01 1.052490234375000000e+00
1.882324218750000000e-01 1.035156250000000000e-01 1.045898437500000000e+00
1.884765625000000000e-01 1.010742187500000000e-01 1.045410156250000000e+00
1.896972656250000000e-01 1.000976562500000000e-01 1.053222656250000000e+00
1.938476562500000000e-01 1.037597656250000000e-01 1.038574218750000000e+00
1.931152343750000000e-01 1.042480468750000000e-01 1.046630859375000000e+00
1.950683593750000000e-01 1.079101562500000000e-01 1.046875000000000000e+00
1.997070312500000000e-01 1.030273437500000000e-01 1.050537109375000000e+00
2.021484375000000000e-01 1.064453125000000000e-01 1.047607421875000000e+00
2.060546875000000000e-01 1.086425781250000000e-01 1.048828125000000000e+00
2.036132812500000000e-01 1.098632812500000000e-01 1.043945312500000000e+00
2.060546875000000000e-01 1.091308593750000000e-01 1.047363281250000000e+00
2.082519531250000000e-01 1.110839843750000000e-01 1.045410156250000000e+00
2.058105468750000000e-01 1.110839843750000000e-01 1.042236328125000000e+00
2.043457031250000000e-01 1.120605468750000000e-01 1.041015625000000000e+00
2.043457031250000000e-01 1.159667968750000000e-01 1.039306640625000000e+00
2.041015625000000000e-01 1.086425781250000000e-01 1.041503906250000000e+00
1.926269531250000000e-01 1.113281250000000000e-01 1.043701171875000000e+00
1.911621093750000000e-01 1.022949218750000000e-01 1.050048828125000000e+00
1.921386718750000000e-01 1.083984375000000000e-01 1.050292968750000000e+00
1.904296875000000000e-01 1.020507812500000000e-01 1.048095703125000000e+00
1.215820312500000000e-01 1.071777343750000000e-01 1.043701171875000000e+00
1.232910156250000000e-01 1.025390625000000000e-01 1.045410156250000000e+00
1.105957031250000000e-01 9.716796875000000000e-02 1.052978515625000000e+00
1.188964843750000000e-01 1.069335937500000000e-01 1.054931640625000000e+00
1.115722656250000000e-01 1.018066406250000000e-01 1.048828125000000000e+00
1.149902343750000000e-01 1.047363281250000000e-01 1.049316406250000000e+00
1.132812500000000000e-01 1.022949218750000000e-01 1.054931640625000000e+00
1.169433593750000000e-01 1.025390625000000000e-01 1.052734375000000000e+00
1.147460937500000000e-01 9.985351562500000000e-02 1.049804687500000000e+00
1.181640625000000000e-01 1.088867187500000000e-01 1.050048828125000000e+00
1.140136718750000000e-01 1.066894531250000000e-01 1.046630859375000000e+00
1.135253906250000000e-01 1.071777343750000000e-01 1.051513671875000000e+00
1.130371093750000000e-01 1.047363281250000000e-01 1.053466796875000000e+00
1.125488281250000000e-01 1.076660156250000000e-01 1.055664062500000000e+00
1.166992187500000000e-01 1.120605468750000000e-01 1.045166015625000000e+00
1.911621093750000000e-01 1.083984375000000000e-01 1.059814453125000000e+00
1.960449218750000000e-01 1.113281250000000000e-01 1.093750000000000000e+00
1.179199218750000000e-01 1.108398437500000000e-01 1.051513671875000000e+00
1.210937500000000000e-01 1.069335937500000000e-01 1.046386718750000000e+00
1.210937500000000000e-01 1.096191406250000000e-01 1.052978515625000000e+00
1.191406250000000000e-01 1.135253906250000000e-01 1.043701171875000000e+00
1.923828125000000000e-01 1.103515625000000000e-01 1.052246093750000000e+00
1.933593750000000000e-01 1.098632812500000000e-01 1.043701171875000000e+00
1.962890625000000000e-01 1.069335937500000000e-01 1.041748046875000000e+00
1.232910156250000000e-01 1.113281250000000000e-01 1.046386718750000000e+00
1.977539062500000000e-01 1.152343750000000000e-01 1.047363281250000000e+00
1.945800781250000000e-01 1.135253906250000000e-01 1.047363281250000000e+00
1.970214843750000000e-01 1.123046875000000000e-01 1.042480468750000000e+00
1.979980468750000000e-01 1.135253906250000000e-01 1.038574218750000000e+00
1.987304687500000000e-01 1.154785156250000000e-01 1.041259765625000000e+00
1.979980468750000000e-01 1.184082031250000000e-01 1.044921875000000000e+00
1.938476562500000000e-01 1.174316406250000000e-01 1.047363281250000000e+00
1.955566406250000000e-01 1.162109375000000000e-01 1.045898437500000000e+00
1.894531250000000000e-01 1.142578125000000000e-01 1.046142578125000000e+00
