9.841308593750000000e-01 -9.667968750000000000e-02 9.521484375000000000e-03
9.897460937500000000e-01 -1.428222656250000000e-01 4.394531250000000000e-03
9.897460937500000000e-01 -1.428222656250000000e-01 4.394531250000000000e-03
9.831542968750000000e-01 -9.643554687500000000e-02 1.220703125000000000e-02
9.831542968750000000e-01 -9.643554687500000000e-02 1.220703125000000000e-02
9.963378906250000000e-01 -1.535644531250000000e-01 1.391601562500000000e-02
9.797363281250000000e-01 -1.091308593750000000e-01 2.514648437500000000e-02
9.868164062500000000e-01 -9.521484375000000000e-02 1.586914062500000000e-02
9.907226562500000000e-01 -1.555175781250000000e-01 7.812500000000000000e-03
1.068603515625000000e+00 -5.981445312500000000e-02 1.977539062500000000e-02
1.068603515625000000e+00 -5.981445312500000000e-02 1.977539062500000000e-02
9.929199218750000000e-01 -3.808593750000000000e-02 -6.445312500000000000e-02
9.748535156250000000e-01 -4.980468750000000000e-02 -8.520507812500000000e-02
9.748535156250000000e-01 -4.980468750000000000e-02 -8.520507812500000000e-02
9.924316406250000000e-01 -1.396484375000000000e-01 -8.544921875000000000e-02
9.843750000000000000e-01 -1.384277343750000000e-01 -8.203125000000000000e-02
9.777832031250000000e-01 -1.274414062500000000e-01 -5.419921875000000000e-02
9.797363281250000000e-01 -1.540527343750000000e-01 -4.370117187500000000e-02
9.843750000000000000e-01 -1.455078125000000000e-01 -9.008789062500000000e-02
9.843750000000000000e-01 -1.455078125000000000e-01 -9.008789062500000000e-02
1.063720703125000000e+00 -1.037597656250000000e-01 -8.276367187500000000e-02
1.078369140625000000e+00 -1.149902343750000000e-01 -8.520507812500000000e-02
9.912109375000000000e-01 -1.181640625000000000e-01 7.324218750000000000e-03
9.777832031250000000e-01 -1.013183593750000000e-01 -2.441406250000000000e-02
9.853515625000000000e-01 -1.342773437500000000e-01 -1.220703125000000000e-02
9.926757812500000000e-01 -9.497070312500000000e-02 -6.591796875000000000e-03
1.016113281250000000e+00 -1.965332031250000000e-01 -3.076171875000000000e-02
9.694824218750000000e-01 -1.193847656250000000e-01 1.684570312500000000e-02
9.836425781250000000e-01 -1.696777343750000000e-01 -8.447265625000000000e-02
1.020507812500000000e+00 -1.591796875000000000e-01 -8.447265625000000000e-02
9.799804687500000000e-01 -2.145996093750000000e-01 -9.228515625000000000e-02
1.020263671875000000e+00 -1.667480468750000000e-01 -8.764648437500000000e-02
9.694824218750000000e-01 -1.767578125000000000e-01 -3.784179687500000000e-02
9.765625000000000000e-01 -2.133789062500000000e-01 -8.813476562500000000e-02
9.892578125000000000e-01 -2.543945312500000000e-01 7.080078125000000000e-03
9.807128906250000000e-01 -1.582031250000000000e-01 1.611328125000000000e-02
1.027832031250000000e+00 -1.892089843750000000e-01 8.300781250000000000e-03
9.736328125000000000e-01 -1.159667968750000000e-01 6.835937500000000000e-03
1.028808593750000000e+00 -1.225585937500000000e-01 -7.324218750000000000e-04
1.024414062500000000e+00 -1.818847656250000000e-01 7.202148437500000000e-02
1.010253906250000000e+00 -1.674804687500000000e-01 -6.567382812500000000e-02
1.016357421875000000e+00 -2.121582031250000000e-01 -1.420898437500000000e-01
9.409179687500000000e-01 -1.020507812500000000e-01 -1.108398437500000000e-01
9.409179687500000000e-01 -1.020507812500000000e-01 -1.108398437500000000e-01
8.808593750000000000e-01 -2.609863281250000000e-01 -8.007812500000000000e-02
8.005371093750000000e-01 -2.058105468750000000e-01 -1.611328125000000000e-02
9.670410156250000000e-01 -1.459960937500000000e-01 -5.517578125000000000e-02
1.017822265625000000e+00 -1.367187500000000000e-01 -8.325195312500000000e-02
6.049804687500000000e-01 7.885742187500000000e-02 -2.985839843750000000e-01
6.992187500000000000e-01 -3.193359375000000000e-01 6.884765625000000000e-02
1.923828125000000000e-01 1.867675781250000000e-01 8.032226562500000000e-02
3.500976562500000000e-01 -5.615234375000000000e-02 -2.819824218750000000e-01
3.862304687500000000e-01 2.512207031250000000e-01 2.145996093750000000e-01
4.880371093750000000e-01 1.875000000000000000e-01 -4.096679687500000000e-01
1.277587890625000000e+00 5.571289062500000000e-01 -1.958007812500000000e-01
9.445800781250000000e-01 7.978515625000000000e-01 -4.658203125000000000e-01
1.909179687500000000e+00 2.568359375000000000e+00 1.906738281250000000e-01
1.707031250000000000e+00 2.237792968750000000e+00 4.650878906250000000e-01
1.281005859375000000e+00 1.199707031250000000e+00 6.352539062500000000e-01
-4.450683593750000000e-01 4.775390625000000000e-01 9.155273437500000000e-02
-5.595703125000000000e-01 8.044433593750000000e-01 -9.765625000000000000e-04
-5.595703125000000000e-01 8.044433593750000000e-01 -9.765625000000000000e-04
-6.669921875000000000e-01 6.210937500000000000e-01 2.170410156250000000e-01
-5.546875000000000000e-01 5.510253906250000000e-01 9.472656250000000000e-02
-5.620117187500000000e-01 3.537597656250000000e-01 1.462402343750000000e-01
-4.409179687500000000e-01 7.526855468750000000e-01 1.708984375000000000e-02
1.147460937500000000e-01 1.061523437500000000e+00 -3.420410156250000000e-01
1.147460937500000000e-01 1.061523437500000000e+00 -3.420410156250000000e-01
1.147460937500000000e-01 1.061523437500000000e+00 -3.420410156250000000e-01
3.901367187500000000e-01 9.799804687500000000e-01 -1.267089843750000000e-01
3.901367187500000000e-01 9.799804687500000000e-01 -1.267089843750000000e-01
1.123046875000000000e-01 7.817382812500000000e-01 -3.930664062500000000e-02
1.123046875000000000e-01 7.817382812500000000e-01 -3.930664062500000000e-02
1.123046875000000000e-01 7.817382812500000000e-01 -3.930664062500000000e-02
1.035156250000000000e-01 9.621582031250000000e-01 -4.541015625000000000e-02
7.250976562500000000e-02 1.028808593750000000e+00 -8.447265625000000000e-02
6.835937500000000000e-03 9.997558593750000000e-01 1.879882812500000000e-02
-8.056640625000000000e-02 1.029052734375000000e+00 -9.277343750000000000e-03
-7.324218750000000000e-02 9.287109375000000000e-01 -8.300781250000000000e-03
2.807617187500000000e-02 9.348144531250000000e-01 7.080078125000000000e-03
2.807617187500000000e-02 9.348144531250000000e-01 7.080078125000000000e-03
-2.221679687500000000e-02 9.687500000000000000e-01 -6.420898437500000000e-02
7.885742187500000000e-02 1.010986328125000000e+00 2.416992187500000000e-02
3.198242187500000000e-02 1.003417968750000000e+00 -2.392578125000000000e-02
7.788085937500000000e-02 9.370117187500000000e-01 -2.636718750000000000e-02
6.274414062500000000e-02 1.010498046875000000e+00 -2.709960937500000000e-02
-7.568359375000000000e-03 1.006103515625000000e+00 2.661132812500000000e-02
-1.831054687500000000e-02 1.008300781250000000e+00 -1.391601562500000000e-02
-9.277343750000000000e-03 1.001953125000000000e+00 -1.123046875000000000e-02
-1.367187500000000000e-02 1.003173828125000000e+00 -2.709960937500000000e-02
-1.147460937500000000e-02 1.009521484375000000e+00 2.880859375000000000e-02
6.713867187500000000e-02 1.009033203125000000e+00 1.586914062500000000e-02
-2.685546875000000000e-03 1.007324218750000000e+00 1.123046875000000000e-02
6.274414062500000000e-02 1.002929687500000000e+00 2.148437500000000000e-02
-4.882812500000000000e-03 1.003173828125000000e+00 2.441406250000000000e-02
-6.347656250000000000e-03 1.010253906250000000e+00 2.856445312500000000e-02
-4.394531250000000000e-03 9.365234375000000000e-01 3.051757812500000000e-02
-5.615234375000000000e-03 1.001708984375000000e+00 2.539062500000000000e-02
-4.882812500000000000e-03 1.004394531250000000e+00 1.806640625000000000e-02
-2.929687500000000000e-03 1.009765625000000000e+00 1.489257812500000000e-02
-0.000000000000000000e+00 1.002685546875000000e+00 1.855468750000000000e-02
6.396484375000000000e-02 9.353027343750000000e-01 6.103515625000000000e-03
-5.126953125000000000e-03 1.005126953125000000e+00 1.245117187500000000e-02
-9.765625000000000000e-03 1.002197265625000000e+00 1.977539062500000000e-02
-1.464843750000000000e-03 1.009521484375000000e+00 2.514648437500000000e-02
-4.150390625000000000e-03 1.003417968750000000e+00 1.806640625000000000e-02
6.445312500000000000e-02 1.007080078125000000e+00 -3.076171875000000000e-02
-5.371093750000000000e-03 1.005371093750000000e+00 3.027343750000000000e-02
-1.220703125000000000e-03 1.007568359375000000e+00 2.368164062500000000e-02
-2.685546875000000000e-03 1.005126953125000000e+00 3.051757812500000000e-02
-8.056640625000000000e-03 1.005371093750000000e+00 2.246093750000000000e-02
6.274414062500000000e-02 1.005615234375000000e+00 -2.954101562500000000e-02
-1.953125000000000000e-03 1.002929687500000000e+00 -2.636718750000000000e-02
6.469726562500000000e-02 1.006347656250000000e+00 3.002929687500000000e-02
6.274414062500000000e-02 1.007080078125000000e+00 2.001953125000000000e-02
6.542968750000000000e-02 1.006347656250000000e+00 2.563476562500000000e-02
-2.441406250000000000e-03 1.005859375000000000e+00 1.879882812500000000e-02
6.445312500000000000e-02 1.007324218750000000e+00 -2.636718750000000000e-02
6.396484375000000000e-02 1.006103515625000000e+00 -2.978515625000000000e-02
-3.173828125000000000e-03 1.005859375000000000e+00 2.343750000000000000e-02
-4.638671875000000000e-03 1.003417968750000000e+00 2.929687500000000000e-02
-6.835937500000000000e-03 1.008056640625000000e+00 1.367187500000000000e-02
-9.765625000000000000e-04 1.005371093750000000e+00 2.832031250000000000e-02
6.665039062500000000e-02 1.002929687500000000e+00 2.612304687500000000e-02
6.298828125000000000e-02 9.367675781250000000e-01 -2.124023437500000000e-02
6.298828125000000000e-02 1.004882812500000000e+00 3.100585937500000000e-02
-2.197265625000000000e-03 1.003662109375000000e+00 3.076171875000000000e-02
-4.882812500000000000e-04 1.003417968750000000e+00 2.954101562500000000e-02
-0.000000000000000000e+00 1.011962890625000000e+00 2.734375000000000000e-02
6.347656250000000000e-02 1.003906250000000000e+00 2.661132812500000000e-02
6.469726562500000000e-02 1.004150390625000000e+00 2.343750000000000000e-02
6.469726562500000000e-02 1.004150390625000000e+00 2.343750000000000000e-02
6.665039062500000000e-02 1.003417968750000000e+00 2.563476562500000000e-02
6.298828125000000000e-02 1.002685546875000000e+00 2.148437500000000000e-02
-1.464843750000000000e-03 1.002197265625000000e+00 2.270507812500000000e-02
6.445312500000000000e-02 1.002197265625000000e+00 1.293945312500000000e-02
6.445312500000000000e-02 1.002197265625000000e+00 1.293945312500000000e-02
-1.953125000000000000e-03 1.005615234375000000e+00 1.391601562500000000e-02
-1.953125000000000000e-03 1.002197265625000000e+00 1.538085937500000000e-02
6.616210937500000000e-02 1.002197265625000000e+00 1.440429687500000000e-02
7.421875000000000000e-02 1.000244140625000000e+00 2.026367187500000000e-02
7.421875000000000000e-02 1.000244140625000000e+00 2.026367187500000000e-02
6.396484375000000000e-02 1.004638671875000000e+00 1.904296875000000000e-02
-5.859375000000000000e-03 1.005371093750000000e+00 1.489257812500000000e-02
-2.929687500000000000e-03 9.362792968750000000e-01 2.416992187500000000e-02
6.298828125000000000e-02 1.000732421875000000e+00 1.904296875000000000e-02
6.445312500000000000e-02 1.004638671875000000e+00 2.709960937500000000e-02
6.469726562500000000e-02 1.005371093750000000e+00 2.416992187500000000e-02
6.396484375000000000e-02 1.003173828125000000e+00 -2.636718750000000000e-02
6.420898437500000000e-02 1.008544921875000000e+00 -2.880859375000000000e-02
-4.882812500000000000e-03 1.004394531250000000e+00 -2.758789062500000000e-02
-2.441406250000000000e-04 1.004638671875000000e+00 2.880859375000000000e-02
6.372070312500000000e-02 1.001708984375000000e+00 -2.929687500000000000e-02
-7.324218750000000000e-04 1.003173828125000000e+00 -3.051757812500000000e-02
6.372070312500000000e-02 1.001708984375000000e+00 -2.734375000000000000e-02
-2.441406250000000000e-04 1.004638671875000000e+00 2.221679687500000000e-02
6.494140625000000000e-02 1.003173828125000000e+00 -3.027343750000000000e-02
6.298828125000000000e-02 1.004394531250000000e+00 -2.880859375000000000e-02
6.420898437500000000e-02 1.006835937500000000e+00 2.612304687500000000e-02
6.274414062500000000e-02 1.002441406250000000e+00 2.685546875000000000e-02
-1.708984375000000000e-03 1.006591796875000000e+00 3.027343750000000000e-02
-1.708984375000000000e-03 1.006591796875000000e+00 3.027343750000000000e-02
-2.441406250000000000e-04 1.004150390625000000e+00 2.685546875000000000e-02
6.738281250000000000e-02 1.003173828125000000e+00 2.026367187500000000e-02
-1.953125000000000000e-03 1.008544921875000000e+00 -3.027343750000000000e-02
-1.708984375000000000e-03 1.000488281250000000e+00 -3.076171875000000000e-02
-6.347656250000000000e-03 1.002929687500000000e+00 -3.002929687500000000e-02
6.494140625000000000e-02 1.004150390625000000e+00 -3.002929687500000000e-02
6.347656250000000000e-02 1.006347656250000000e+00 2.905273437500000000e-02
6.469726562500000000e-02 1.003417968750000000e+00 -2.685546875000000000e-02
6.347656250000000000e-02 1.003417968750000000e+00 -3.076171875000000000e-02
-6.103515625000000000e-03 1.002441406250000000e+00 2.734375000000000000e-02
-1.464843750000000000e-03 1.004882812500000000e+00 3.100585937500000000e-02
6.640625000000000000e-02 1.006103515625000000e+00 2.734375000000000000e-02
6.469726562500000000e-02 1.005126953125000000e+00 1.879882812500000000e-02
-1.464843750000000000e-03 1.005126953125000000e+00 1.562500000000000000e-02
6.591796875000000000e-02 1.000488281250000000e+00 1.928710937500000000e-02
6.298828125000000000e-02 1.004394531250000000e+00 1.147460937500000000e-02
6.689453125000000000e-02 9.370117187500000000e-01 1.269531250000000000e-02
-1.953125000000000000e-03 9.367675781250000000e-01 1.855468750000000000e-02
6.396484375000000000e-02 1.000244140625000000e+00 1.733398437500000000e-02
-2.441406250000000000e-04 1.000488281250000000e+00 1.953125000000000000e-02
-5.371093750000000000e-03 1.005126953125000000e+00 1.806640625000000000e-02
6.445312500000000000e-02 9.367675781250000000e-01 -2.661132812500000000e-02
6.396484375000000000e-02 1.009521484375000000e+00 1.879882812500000000e-02
-2.197265625000000000e-03 1.006591796875000000e+00 2.563476562500000000e-02
6.689453125000000000e-02 9.365234375000000000e-01 -2.465820312500000000e-02
6.640625000000000000e-02 1.001953125000000000e+00 2.636718750000000000e-02
-5.371093750000000000e-03 1.005859375000000000e+00 -2.880859375000000000e-02
6.518554687500000000e-02 1.004394531250000000e+00 -2.758789062500000000e-02
-1.953125000000000000e-03 1.002929687500000000e+00 2.783203125000000000e-02
-7.324218750000000000e-04 1.003906250000000000e+00 -2.856445312500000000e-02
-2.929687500000000000e-03 1.005126953125000000e+00 -2.978515625000000000e-02
6.396484375000000000e-02 1.005615234375000000e+00 -2.685546875000000000e-02
6.323242187500000000e-02 1.004638671875000000e+00 -3.100585937500000000e-02
-3.417968750000000000e-03 1.006103515625000000e+00 2.832031250000000000e-02
-1.220703125000000000e-03 1.000000000000000000e+00 -3.100585937500000000e-02
6.274414062500000000e-02 1.003662109375000000e+00 -2.465820312500000000e-02
6.274414062500000000e-02 1.003662109375000000e+00 -2.465820312500000000e-02
-2.441406250000000000e-04 1.006347656250000000e+00 -2.416992187500000000e-02
