9.812011718750000000e-01 -6.542968750000000000e-02 -4.516601562500000000e-02
9.812011718750000000e-01 -6.542968750000000000e-02 -4.516601562500000000e-02
9.731445312500000000e-01 -6.518554687500000000e-02 -4.638671875000000000e-02
9.731445312500000000e-01 -6.518554687500000000e-02 -4.638671875000000000e-02
9.731445312500000000e-01 -6.518554687500000000e-02 -4.638671875000000000e-02
9.841308593750000000e-01 -6.591796875000000000e-02 -5.932617187500000000e-02
9.836425781250000000e-01 -6.835937500000000000e-02 -5.737304687500000000e-02
9.777832031250000000e-01 -6.909179687500000000e-02 -5.493164062500000000e-02
9.799804687500000000e-01 -6.567382812500000000e-02 -4.858398437500000000e-02
9.836425781250000000e-01 -7.446289062500000000e-02 -4.467773437500000000e-02
9.826660156250000000e-01 -6.542968750000000000e-02 -5.297851562500000000e-02
9.824218750000000000e-01 -6.298828125000000000e-02 -5.249023437500000000e-02
9.814453125000000000e-01 -7.202148437500000000e-02 -6.079101562500000000e-02
9.785156250000000000e-01 -6.567382812500000000e-02 -4.711914062500000000e-02
9.750976562500000000e-01 -6.640625000000000000e-02 -5.224609375000000000e-02
9.797363281250000000e-01 7.080078125000000000e-03 -5.078125000000000000e-02
9.941406250000000000e-01 -6.909179687500000000e-02 -8.789062500000000000e-02
9.738769531250000000e-01 -7.397460937500000000e-02 3.662109375000000000e-03
1.027099609375000000e+00 1.489257812500000000e-02 -6.274414062500000000e-02
9.841308593750000000e-01 -6.420898437500000000e-02 -3.686523437500000000e-02
9.724121093750000000e-01 -8.129882812500000000e-02 -3.735351562500000000e-02
9.792480468750000000e-01 -6.811523437500000000e-02 -8.251953125000000000e-02
9.729003906250000000e-01 1.391601562500000000e-02 -7.983398437500000000e-02
9.702148437500000000e-01 -6.518554687500000000e-02 -8.203125000000000000e-02
1.028564453125000000e+00 0.000000000000000000e+00 -3.466796875000000000e-02
1.028564453125000000e+00 6.591796875000000000e-03 -8.544921875000000000e-02
1.009521484375000000e+00 1.660156250000000000e-02 -9.033203125000000000e-02
1.017822265625000000e+00 9.033203125000000000e-03 -8.105468750000000000e-02
1.016845703125000000e+00 2.001953125000000000e-02 -4.101562500000000000e-02
9.343261718750000000e-01 -2.929687500000000000e-02 -7.470703125000000000e-02
9.631347656250000000e-01 -6.469726562500000000e-02 -3.955078125000000000e-02
9.262695312500000000e-01 2.832031250000000000e-02 -8.251953125000000000e-02
8.767089843750000000e-01 -4.345703125000000000e-02 -2.172851562500000000e-02
7.666015625000000000e-01 -8.935546875000000000e-02 8.764648437500000000e-02
7.766113281250000000e-01 1.733398437500000000e-02 -6.884765625000000000e-02
1.021484375000000000e+00 -3.833007812500000000e-02 1.462402343750000000e-01
1.021484375000000000e+00 -3.833007812500000000e-02 1.462402343750000000e-01
6.640625000000000000e-01 2.197265625000000000e-03 1.757812500000000000e-02
6.640625000000000000e-01 2.197265625000000000e-03 1.757812500000000000e-02
3.015136718750000000e-01 -6.103515625000000000e-03 -2.260742187500000000e-01
3.015136718750000000e-01 -6.103515625000000000e-03 -2.260742187500000000e-01
4.868164062500000000e-01 -6.762695312500000000e-02 -6.684570312500000000e-01
3.808593750000000000e-01 1.066894531250000000e-01 -7.797851562500000000e-01
4.956054687500000000e-01 1.303710937500000000e-01 -3.442382812500000000e-01
3.637695312500000000e-01 -9.985351562500000000e-02 -6.484375000000000000e-01
-5.888671875000000000e-01 3.095703125000000000e-01 -1.438720703125000000e+00
-5.847167968750000000e-01 6.201171875000000000e-02 -4.552001953125000000e+00
-2.536621093750000000e-01 2.185058593750000000e-01 -1.726562500000000000e+00
-4.345703125000000000e-02 6.738281250000000000e-02 -5.751953125000000000e-01
-1.364746093750000000e-01 8.789062500000000000e-03 -2.016601562500000000e-01
-2.846679687500000000e-01 -2.038574218750000000e-01 -1.916503906250000000e-01
-2.065429687500000000e-01 -1.447753906250000000e-01 -3.874511718750000000e-01
-5.029296875000000000e-02 -3.168945312500000000e-01 -1.158203125000000000e+00
-1.433105468750000000e-01 -4.497070312500000000e-01 -1.496582031250000000e+00
-1.108398437500000000e-01 -2.390136718750000000e-01 -1.046142578125000000e+00
-4.125976562500000000e-02 -1.713867187500000000e-01 -8.247070312500000000e-01
-5.249023437500000000e-02 -1.887207031250000000e-01 -6.909179687500000000e-01
-5.346679687500000000e-02 -2.163085937500000000e-01 -8.146972656250000000e-01
-1.379394531250000000e-01 -1.567382812500000000e-01 -9.592285156250000000e-01
-9.521484375000000000e-02 -1.757812500000000000e-01 -9.370117187500000000e-01
-1.538085937500000000e-01 -1.770019531250000000e-01 -9.230957031250000000e-01
-1.364746093750000000e-01 -1.667480468750000000e-01 -9.494628906250000000e-01
-1.257324218750000000e-01 -1.630859375000000000e-01 -9.030761718750000000e-01
-1.262207031250000000e-01 -1.672363281250000000e-01 -9.018554687500000000e-01
-1.293945312500000000e-01 -1.735839843750000000e-01 -8.603515625000000000e-01
-1.301269531250000000e-01 -1.818847656250000000e-01 -9.475097656250000000e-01
-1.298828125000000000e-01 -1.757812500000000000e-01 -9.501953125000000000e-01
-1.269531250000000000e-01 -1.757812500000000000e-01 -8.662109375000000000e-01
-1.259765625000000000e-01 -1.740722656250000000e-01 -8.525390625000000000e-01
-6.054687500000000000e-02 -1.723632812500000000e-01 -8.666992187500000000e-01
-1.271972656250000000e-01 -1.743164062500000000e-01 -8.679199218750000000e-01
-6.054687500000000000e-02 -1.713867187500000000e-01 -8.718261718750000000e-01
-1.267089843750000000e-01 -1.740722656250000000e-01 -8.701171875000000000e-01
-6.079101562500000000e-02 -1.730957031250000000e-01 -8.630371093750000000e-01
-1.276855468750000000e-01 -1.789550781250000000e-01 -8.684082031250000000e-01
-1.276855468750000000e-01 -1.789550781250000000e-01 -8.684082031250000000e-01
-1.254882812500000000e-01 -1.738281250000000000e-01 -8.735351562500000000e-01
-1.254882812500000000e-01 -1.738281250000000000e-01 -8.735351562500000000e-01
-1.257324218750000000e-01 -1.745605468750000000e-01 -8.645019531250000000e-01
-6.030273437500000000e-02 -1.743164062500000000e-01 -8.618164062500000000e-01
-5.883789062500000000e-02 -1.728515625000000000e-01 -8.691406250000000000e-01
-1.259765625000000000e-01 -1.726074218750000000e-01 -8.642578125000000000e-01
-1.252441406250000000e-01 -1.762695312500000000e-01 -8.647460937500000000e-01
-5.664062500000000000e-02 -1.745605468750000000e-01 -8.728027343750000000e-01
-5.932617187500000000e-02 -1.772460937500000000e-01 -8.674316406250000000e-01
-6.079101562500000000e-02 -1.748046875000000000e-01 -8.725585937500000000e-01
-6.079101562500000000e-02 -1.748046875000000000e-01 -8.630371093750000000e-01
-1.259765625000000000e-01 -1.684570312500000000e-01 -8.864746093750000000e-01
-1.362304687500000000e-01 -1.696777343750000000e-01 -8.603515625000000000e-01
-1.384277343750000000e-01 -1.772460937500000000e-01 -9.572753906250000000e-01
-1.354980468750000000e-01 -1.708984375000000000e-01 -8.696289062500000000e-01
-1.291503906250000000e-01 -1.733398437500000000e-01 -8.645019531250000000e-01
-1.269531250000000000e-01 -1.718750000000000000e-01 -8.693847656250000000e-01
-1.359863281250000000e-01 -1.765136718750000000e-01 -9.396972656250000000e-01
-1.347656250000000000e-01 -1.801757812500000000e-01 -8.623046875000000000e-01
-1.291503906250000000e-01 -1.809082031250000000e-01 -9.477539062500000000e-01
-1.259765625000000000e-01 -1.735839843750000000e-01 -8.693847656250000000e-01
-1.308593750000000000e-01 -1.730957031250000000e-01 -8.496093750000000000e-01
-1.306152343750000000e-01 -1.755371093750000000e-01 -8.642578125000000000e-01
-5.566406250000000000e-02 -1.762695312500000000e-01 -8.708496093750000000e-01
-5.761718750000000000e-02 -1.745605468750000000e-01 -8.601074218750000000e-01
-1.279296875000000000e-01 -1.760253906250000000e-01 -8.610839843750000000e-01
-1.323242187500000000e-01 -1.799316406250000000e-01 -8.708496093750000000e-01
-1.289062500000000000e-01 -1.745605468750000000e-01 -8.640136718750000000e-01
-1.286621093750000000e-01 -1.782226562500000000e-01 -8.610839843750000000e-01
-1.284179687500000000e-01 -1.794433593750000000e-01 -8.654785156250000000e-01
-1.289062500000000000e-01 -1.791992187500000000e-01 -8.645019531250000000e-01
-1.264648437500000000e-01 -1.782226562500000000e-01 -8.645019531250000000e-01
-1.289062500000000000e-01 -1.794433593750000000e-01 -8.654785156250000000e-01
-1.274414062500000000e-01 -1.799316406250000000e-01 -8.684082031250000000e-01
-1.267089843750000000e-01 -1.762695312500000000e-01 -8.720703125000000000e-01
-1.262207031250000000e-01 -1.762695312500000000e-01 -8.671875000000000000e-01
-6.127929687500000000e-02 -1.789550781250000000e-01 -8.701171875000000000e-01
-6.079101562500000000e-02 -1.779785156250000000e-01 -8.671875000000000000e-01
-6.079101562500000000e-02 -1.779785156250000000e-01 -8.671875000000000000e-01
-1.254882812500000000e-01 -1.777343750000000000e-01 -8.662109375000000000e-01
-5.932617187500000000e-02 -1.755371093750000000e-01 -8.627929687500000000e-01
-5.419921875000000000e-02 -1.784667968750000000e-01 -8.679199218750000000e-01
-5.834960937500000000e-02 -1.750488281250000000e-01 -8.657226562500000000e-01
-5.517578125000000000e-02 -1.784667968750000000e-01 -8.679199218750000000e-01
-5.761718750000000000e-02 -1.757812500000000000e-01 -8.608398437500000000e-01
-5.541992187500000000e-02 -1.772460937500000000e-01 -8.659667968750000000e-01
-5.444335937500000000e-02 -1.777343750000000000e-01 -8.681640625000000000e-01
-5.200195312500000000e-02 -1.738281250000000000e-01 -8.676757812500000000e-01
-5.175781250000000000e-02 -1.784667968750000000e-01 -8.618164062500000000e-01
-5.297851562500000000e-02 -1.757812500000000000e-01 -8.645019531250000000e-01
-5.151367187500000000e-02 -1.743164062500000000e-01 -8.659667968750000000e-01
-5.151367187500000000e-02 -1.760253906250000000e-01 -8.696289062500000000e-01
-5.297851562500000000e-02 -1.718750000000000000e-01 -8.659667968750000000e-01
-5.175781250000000000e-02 -1.782226562500000000e-01 -8.679199218750000000e-01
-5.517578125000000000e-02 -1.777343750000000000e-01 -8.662109375000000000e-01
-5.078125000000000000e-02 -1.835937500000000000e-01 -8.659667968750000000e-01
-5.126953125000000000e-02 -1.782226562500000000e-01 -8.715820312500000000e-01
-5.053710937500000000e-02 -1.782226562500000000e-01 -8.657226562500000000e-01
-5.151367187500000000e-02 -1.757812500000000000e-01 -8.657226562500000000e-01
-5.029296875000000000e-02 -1.787109375000000000e-01 -8.686523437500000000e-01
-4.980468750000000000e-02 -1.774902343750000000e-01 -8.635253906250000000e-01
-5.224609375000000000e-02 -1.784667968750000000e-01 -8.728027343750000000e-01
-5.102539062500000000e-02 -1.796875000000000000e-01 -8.686523437500000000e-01
-5.493164062500000000e-02 -1.804199218750000000e-01 -8.662109375000000000e-01
-5.712890625000000000e-02 -1.806640625000000000e-01 -8.723144531250000000e-01
-5.468750000000000000e-02 -1.733398437500000000e-01 -8.696289062500000000e-01
-5.883789062500000000e-02 -1.811523437500000000e-01 -8.679199218750000000e-01
-5.541992187500000000e-02 -1.799316406250000000e-01 -8.715820312500000000e-01
-5.834960937500000000e-02 -1.784667968750000000e-01 -8.652343750000000000e-01
-6.030273437500000000e-02 -1.794433593750000000e-01 -8.642578125000000000e-01
-1.254882812500000000e-01 -1.809082031250000000e-01 -8.669433593750000000e-01
-5.932617187500000000e-02 -1.799316406250000000e-01 -8.649902343750000000e-01
-1.274414062500000000e-01 -1.823730468750000000e-01 -8.688964843750000000e-01
-1.293945312500000000e-01 -1.826171875000000000e-01 -8.654785156250000000e-01
-1.281738281250000000e-01 -1.835937500000000000e-01 -8.635253906250000000e-01
-1.301269531250000000e-01 -1.862792968750000000e-01 -8.664550781250000000e-01
-1.320800781250000000e-01 -1.813964843750000000e-01 -8.645019531250000000e-01
-1.320800781250000000e-01 -1.813964843750000000e-01 -8.645019531250000000e-01
-1.315917968750000000e-01 -1.818847656250000000e-01 -8.625488281250000000e-01
-1.359863281250000000e-01 -1.853027343750000000e-01 -8.679199218750000000e-01
-1.284179687500000000e-01 -1.818847656250000000e-01 -8.691406250000000000e-01
-1.274414062500000000e-01 -1.855468750000000000e-01 -8.615722656250000000e-01
-1.289062500000000000e-01 -1.828613281250000000e-01 -8.601074218750000000e-01
-1.308593750000000000e-01 -1.838378906250000000e-01 -8.662109375000000000e-01
-1.271972656250000000e-01 -1.772460937500000000e-01 -8.591308593750000000e-01
-1.306152343750000000e-01 -1.838378906250000000e-01 -8.627929687500000000e-01
-1.262207031250000000e-01 -1.828613281250000000e-01 -8.691406250000000000e-01
-1.274414062500000000e-01 -1.862792968750000000e-01 -8.657226562500000000e-01
-6.127929687500000000e-02 -1.809082031250000000e-01 -8.684082031250000000e-01
-1.267089843750000000e-01 -1.796875000000000000e-01 -8.657226562500000000e-01
-1.271972656250000000e-01 -1.782226562500000000e-01 -8.713378906250000000e-01
-1.264648437500000000e-01 -1.835937500000000000e-01 -8.686523437500000000e-01
-5.981445312500000000e-02 -1.765136718750000000e-01 -8.745117187500000000e-01
-5.883789062500000000e-02 -1.826171875000000000e-01 -8.635253906250000000e-01
-5.664062500000000000e-02 -1.806640625000000000e-01 -8.632812500000000000e-01
-5.834960937500000000e-02 -1.789550781250000000e-01 -8.649902343750000000e-01
-5.786132812500000000e-02 -1.828613281250000000e-01 -8.623046875000000000e-01
-5.761718750000000000e-02 -1.801757812500000000e-01 -8.630371093750000000e-01
-5.712890625000000000e-02 -1.774902343750000000e-01 -8.701171875000000000e-01
-5.541992187500000000e-02 -1.804199218750000000e-01 -8.615722656250000000e-01
-5.615234375000000000e-02 -1.823730468750000000e-01 -8.706054687500000000e-01
-5.859375000000000000e-02 -1.770019531250000000e-01 -8.657226562500000000e-01
-5.419921875000000000e-02 -1.816406250000000000e-01 -8.671875000000000000e-01
-5.297851562500000000e-02 -1.831054687500000000e-01 -8.630371093750000000e-01
-5.273437500000000000e-02 -1.811523437500000000e-01 -8.654785156250000000e-01
-5.566406250000000000e-02 -1.791992187500000000e-01 -8.642578125000000000e-01
-5.493164062500000000e-02 -1.779785156250000000e-01 -8.691406250000000000e-01
-5.224609375000000000e-02 -1.801757812500000000e-01 -8.654785156250000000e-01
-5.249023437500000000e-02 -1.765136718750000000e-01 -8.627929687500000000e-01
-5.273437500000000000e-02 -1.809082031250000000e-01 -8.674316406250000000e-01
-5.493164062500000000e-02 -1.796875000000000000e-01 -8.698730468750000000e-01
-5.102539062500000000e-02 -1.779785156250000000e-01 -8.686523437500000000e-01
-4.956054687500000000e-02 -1.809082031250000000e-01 -8.684082031250000000e-01
-5.078125000000000000e-02 -1.782226562500000000e-01 -8.620605468750000000e-01
-5.102539062500000000e-02 -1.804199218750000000e-01 -8.647460937500000000e-01
-4.443359375000000000e-02 -1.794433593750000000e-01 -9.409179687500000000e-01
-4.443359375000000000e-02 -1.794433593750000000e-01 -9.409179687500000000e-01
-4.785156250000000000e-02 -1.804199218750000000e-01 -8.679199218750000000e-01
-4.418945312500000000e-02 -1.770019531250000000e-01 -8.693847656250000000e-01
-4.614257812500000000e-02 -1.789550781250000000e-01 -8.601074218750000000e-01
-4.907226562500000000e-02 -1.816406250000000000e-01 -8.725585937500000000e-01
-4.785156250000000000e-02 -1.760253906250000000e-01 -8.720703125000000000e-01
-4.931640625000000000e-02 -1.789550781250000000e-01 -8.664550781250000000e-01
-4.565429687500000000e-02 -1.777343750000000000e-01 -8.669433593750000000e-01
