1.026123046875000000e+00 -8.862304687500000000e-02 -4.663085937500000000e-02
1.026123046875000000e+00 -8.862304687500000000e-02 -4.663085937500000000e-02
1.026123046875000000e+00 -8.862304687500000000e-02 -4.663085937500000000e-02
1.026123046875000000e+00 -8.862304687500000000e-02 -4.663085937500000000e-02
9.707031250000000000e-01 -8.935546875000000000e-02 -1.308593750000000000e-01
9.707031250000000000e-01 -8.935546875000000000e-02 -1.308593750000000000e-01
9.707031250000000000e-01 -8.935546875000000000e-02 -1.308593750000000000e-01
9.707031250000000000e-01 -8.935546875000000000e-02 -1.308593750000000000e-01
9.707031250000000000e-01 -8.935546875000000000e-02 -1.308593750000000000e-01
9.802246093750000000e-01 -9.228515625000000000e-02 -1.384277343750000000e-01
9.843750000000000000e-01 -8.764648437500000000e-02 -1.416015625000000000e-01
9.826660156250000000e-01 -9.057617187500000000e-02 -1.018066406250000000e-01
9.929199218750000000e-01 -9.033203125000000000e-02 -1.127929687500000000e-01
9.731445312500000000e-01 -8.618164062500000000e-02 -1.118164062500000000e-01
1.029541015625000000e+00 -8.007812500000000000e-02 -1.398925781250000000e-01
1.020507812500000000e+00 -8.056640625000000000e-02 -5.664062500000000000e-02
9.809570312500000000e-01 -7.885742187500000000e-02 -5.029296875000000000e-02
9.829101562500000000e-01 -8.935546875000000000e-02 -1.279296875000000000e-01
9.733886718750000000e-01 -9.155273437500000000e-02 -1.503906250000000000e-01
9.824218750000000000e-01 -9.106445312500000000e-02 -9.887695312500000000e-02
9.770507812500000000e-01 -3.198242187500000000e-02 -1.047363281250000000e-01
1.028076171875000000e+00 -3.222656250000000000e-02 -9.594726562500000000e-02
9.768066406250000000e-01 -4.028320312500000000e-02 -9.472656250000000000e-02
9.113769531250000000e-01 -3.271484375000000000e-02 -1.003417968750000000e-01
9.326171875000000000e-01 -1.005859375000000000e-01 -2.116699218750000000e-01
9.819335937500000000e-01 -1.166992187500000000e-01 -2.055664062500000000e-01
9.914550781250000000e-01 -1.196289062500000000e-01 -1.044921875000000000e-01
1.008056640625000000e+00 -9.985351562500000000e-02 -4.248046875000000000e-02
1.006103515625000000e+00 -1.425781250000000000e-01 -5.908203125000000000e-02
1.016845703125000000e+00 -9.643554687500000000e-02 -9.545898437500000000e-02
9.782714843750000000e-01 -1.430664062500000000e-01 -1.611328125000000000e-01
1.022705078125000000e+00 -1.445312500000000000e-01 -1.218261718750000000e-01
1.018310546875000000e+00 -1.164550781250000000e-01 -1.948242187500000000e-01
1.013427734375000000e+00 -1.206054687500000000e-01 -1.591796875000000000e-01
1.062744140625000000e+00 -1.147460937500000000e-01 -1.596679687500000000e-01
9.711914062500000000e-01 -1.940917968750000000e-01 -2.521972656250000000e-01
8.779296875000000000e-01 -7.666015625000000000e-02 -2.770996093750000000e-01
1.001220703125000000e+00 2.182617187500000000e-01 -1.232910156250000000e-01
1.078125000000000000e+00 6.494140625000000000e-02 -1.130371093750000000e-01
8.688964843750000000e-01 6.982421875000000000e-02 -2.785644531250000000e-01
8.376464843750000000e-01 -4.492187500000000000e-02 -3.771972656250000000e-01
8.835449218750000000e-01 1.508789062500000000e-01 -3.662109375000000000e-01
6.987304687500000000e-01 1.506347656250000000e-01 -4.340820312500000000e-01
7.268066406250000000e-01 1.953125000000000000e-01 -3.024902343750000000e-01
9.426269531250000000e-01 -2.441406250000000000e-02 -1.845703125000000000e-01
9.589843750000000000e-01 -3.662109375000000000e-03 -6.418457031250000000e-01
7.646484375000000000e-01 4.028320312500000000e-01 -6.704101562500000000e-01
5.725097656250000000e-01 1.289062500000000000e-01 -8.435058593750000000e-01
2.019042968750000000e-01 -1.953125000000000000e-03 -3.754882812500000000e-01
7.509765625000000000e-01 -2.441406250000000000e-02 -1.091552734375000000e+00
1.567382812500000000e+00 -4.079589843750000000e-01 -1.007324218750000000e+00
2.111816406250000000e-01 -4.394531250000000000e-01 5.244140625000000000e-01
-7.888183593750000000e-01 -3.149414062500000000e-02 1.653808593750000000e+00
-3.662109375000000000e-01 1.228027343750000000e-01 6.005859375000000000e-02
-4.030761718750000000e-01 9.765625000000000000e-02 -2.243652343750000000e-01
-2.111816406250000000e-01 -9.521484375000000000e-02 -5.065917968750000000e-01
-1.157470703125000000e+00 2.954101562500000000e-02 -1.058593750000000000e+00
-1.082519531250000000e+00 1.808593750000000000e+00 -2.937255859375000000e+00
-6.396484375000000000e-01 1.270751953125000000e+00 -3.655273437500000000e+00
-3.937988281250000000e-01 8.286132812500000000e-01 -4.724121093750000000e-01
1.152343750000000000e-01 2.780761718750000000e-01 -3.933105468750000000e-01
-1.694335937500000000e-01 2.150878906250000000e-01 -7.539062500000000000e-01
-9.179687500000000000e-02 -2.587890625000000000e-02 -6.918945312500000000e-01
-2.153320312500000000e-01 1.516113281250000000e-01 -8.862304687500000000e-01
-1.782226562500000000e-01 1.069335937500000000e-01 -1.009521484375000000e+00
-2.421875000000000000e-01 -2.050781250000000000e-02 -8.583984375000000000e-01
-2.512207031250000000e-01 9.033203125000000000e-02 -9.555664062500000000e-01
-1.772460937500000000e-01 4.907226562500000000e-02 -9.746093750000000000e-01
-2.500000000000000000e-01 -3.173828125000000000e-03 -8.796386718750000000e-01
-1.804199218750000000e-01 8.544921875000000000e-02 -7.307128906250000000e-01
-1.567382812500000000e-01 1.398925781250000000e-01 -9.453125000000000000e-01
-1.840820312500000000e-01 9.594726562500000000e-02 -9.265136718750000000e-01
-1.699218750000000000e-01 1.455078125000000000e-01 -7.878417968750000000e-01
-1.616210937500000000e-01 1.042480468750000000e-01 -8.417968750000000000e-01
-1.708984375000000000e-01 1.950683593750000000e-01 -8.666992187500000000e-01
-1.579589843750000000e-01 1.914062500000000000e-01 -1.030273437500000000e+00
-2.050781250000000000e-01 1.076660156250000000e-01 -9.016113281250000000e-01
-8.300781250000000000e-02 4.492187500000000000e-02 -8.005371093750000000e-01
-2.050781250000000000e-01 1.352539062500000000e-01 -8.103027343750000000e-01
-1.071777343750000000e-01 4.370117187500000000e-02 -8.835449218750000000e-01
-1.914062500000000000e-01 4.907226562500000000e-02 -9.433593750000000000e-01
-2.045898437500000000e-01 4.248046875000000000e-02 -9.550781250000000000e-01
-2.050781250000000000e-01 4.028320312500000000e-02 -9.387207031250000000e-01
-1.591796875000000000e-01 4.003906250000000000e-02 -9.587402343750000000e-01
-2.102050781250000000e-01 5.810546875000000000e-02 -8.686523437500000000e-01
-2.163085937500000000e-01 3.662109375000000000e-02 -9.050292968750000000e-01
-2.058105468750000000e-01 5.395507812500000000e-02 -8.491210937500000000e-01
-2.045898437500000000e-01 4.614257812500000000e-02 -8.513183593750000000e-01
-2.041015625000000000e-01 4.931640625000000000e-02 -8.723144531250000000e-01
-2.099609375000000000e-01 4.345703125000000000e-02 -8.730468750000000000e-01
-2.133789062500000000e-01 5.053710937500000000e-02 -9.465332031250000000e-01
-2.145996093750000000e-01 4.418945312500000000e-02 -8.591308593750000000e-01
-2.070312500000000000e-01 3.906250000000000000e-02 -8.464355468750000000e-01
-2.084960937500000000e-01 4.565429687500000000e-02 -8.659667968750000000e-01
-2.092285156250000000e-01 4.907226562500000000e-02 -9.416503906250000000e-01
-2.106933593750000000e-01 4.687500000000000000e-02 -8.735351562500000000e-01
-2.102050781250000000e-01 4.711914062500000000e-02 -8.581542968750000000e-01
-2.070312500000000000e-01 4.809570312500000000e-02 -8.674316406250000000e-01
-2.116699218750000000e-01 4.589843750000000000e-02 -8.698730468750000000e-01
-2.082519531250000000e-01 4.687500000000000000e-02 -8.657226562500000000e-01
-2.109375000000000000e-01 4.589843750000000000e-02 -8.637695312500000000e-01
-2.111816406250000000e-01 4.541015625000000000e-02 -8.647460937500000000e-01
-2.045898437500000000e-01 4.711914062500000000e-02 -8.654785156250000000e-01
-2.109375000000000000e-01 4.467773437500000000e-02 -8.591308593750000000e-01
-2.124023437500000000e-01 4.687500000000000000e-02 -8.620605468750000000e-01
-2.143554687500000000e-01 4.296875000000000000e-02 -8.652343750000000000e-01
-2.065429687500000000e-01 4.125976562500000000e-02 -8.571777343750000000e-01
-2.116699218750000000e-01 4.785156250000000000e-02 -8.715820312500000000e-01
-2.094726562500000000e-01 4.663085937500000000e-02 -8.686523437500000000e-01
-2.109375000000000000e-01 4.174804687500000000e-02 -8.666992187500000000e-01
-2.060546875000000000e-01 4.052734375000000000e-02 -8.559570312500000000e-01
-2.055664062500000000e-01 4.248046875000000000e-02 -8.566894531250000000e-01
-1.977539062500000000e-01 4.467773437500000000e-02 -8.627929687500000000e-01
-2.104492187500000000e-01 3.833007812500000000e-02 -7.941894531250000000e-01
-1.726074218750000000e-01 3.198242187500000000e-02 -8.112792968750000000e-01
-1.640625000000000000e-01 3.393554687500000000e-02 -8.835449218750000000e-01
-1.943359375000000000e-01 4.003906250000000000e-02 -9.101562500000000000e-01
-1.235351562500000000e-01 3.759765625000000000e-02 -9.291992187500000000e-01
-1.149902343750000000e-01 3.833007812500000000e-02 -9.279785156250000000e-01
-1.037597656250000000e-01 4.248046875000000000e-02 -9.633789062500000000e-01
-9.448242187500000000e-02 3.173828125000000000e-02 -8.608398437500000000e-01
-1.152343750000000000e-01 3.515625000000000000e-02 -8.603515625000000000e-01
-1.899414062500000000e-01 9.301757812500000000e-02 -8.454589843750000000e-01
-1.984863281250000000e-01 4.394531250000000000e-02 -9.548339843750000000e-01
-1.245117187500000000e-01 4.736328125000000000e-02 -9.487304687500000000e-01
-1.130371093750000000e-01 5.200195312500000000e-02 -8.642578125000000000e-01
-1.118164062500000000e-01 4.174804687500000000e-02 -9.565429687500000000e-01
-1.166992187500000000e-01 8.959960937500000000e-02 -8.530273437500000000e-01
-1.176757812500000000e-01 8.984375000000000000e-02 -8.645019531250000000e-01
-1.198730468750000000e-01 3.295898437500000000e-02 -8.645019531250000000e-01
-1.904296875000000000e-01 3.540039062500000000e-02 -9.519042968750000000e-01
-1.889648437500000000e-01 3.686523437500000000e-02 -9.511718750000000000e-01
-1.875000000000000000e-01 3.369140625000000000e-02 -9.399414062500000000e-01
-1.184082031250000000e-01 4.003906250000000000e-02 -8.466796875000000000e-01
-1.909179687500000000e-01 3.588867187500000000e-02 -8.747558593750000000e-01
-1.145019531250000000e-01 3.588867187500000000e-02 -8.715820312500000000e-01
-1.130371093750000000e-01 3.369140625000000000e-02 -8.723144531250000000e-01
-1.162109375000000000e-01 9.252929687500000000e-02 -8.564453125000000000e-01
-1.179199218750000000e-01 4.101562500000000000e-02 -9.626464843750000000e-01
-1.149902343750000000e-01 4.443359375000000000e-02 -9.621582031250000000e-01
-1.132812500000000000e-01 4.125976562500000000e-02 -9.472656250000000000e-01
-1.130371093750000000e-01 3.857421875000000000e-02 -8.635253906250000000e-01
-1.921386718750000000e-01 3.637695312500000000e-02 -9.047851562500000000e-01
-1.999511718750000000e-01 4.516601562500000000e-02 -9.042968750000000000e-01
-1.896972656250000000e-01 5.981445312500000000e-02 -8.647460937500000000e-01
-1.184082031250000000e-01 1.289062500000000000e-01 -9.387207031250000000e-01
-1.181640625000000000e-01 1.279296875000000000e-01 -9.406738281250000000e-01
-1.196289062500000000e-01 5.737304687500000000e-02 -8.725585937500000000e-01
-1.223144531250000000e-01 5.419921875000000000e-02 -9.375000000000000000e-01
-1.931152343750000000e-01 4.785156250000000000e-02 -8.452148437500000000e-01
-2.014160156250000000e-01 4.418945312500000000e-02 -9.047851562500000000e-01
-2.006835937500000000e-01 5.859375000000000000e-02 -8.549804687500000000e-01
-2.014160156250000000e-01 1.286621093750000000e-01 -8.715820312500000000e-01
-1.958007812500000000e-01 1.279296875000000000e-01 -9.428710937500000000e-01
-1.982421875000000000e-01 1.337890625000000000e-01 -9.392089843750000000e-01
-1.970214843750000000e-01 6.176757812500000000e-02 -8.745117187500000000e-01
-1.953125000000000000e-01 5.371093750000000000e-02 -8.454589843750000000e-01
-1.982421875000000000e-01 5.737304687500000000e-02 -8.994140625000000000e-01
-1.979980468750000000e-01 1.284179687500000000e-01 -8.706054687500000000e-01
-1.958007812500000000e-01 6.201171875000000000e-02 -8.666992187500000000e-01
-1.933593750000000000e-01 1.262207031250000000e-01 -8.632812500000000000e-01
-1.950683593750000000e-01 5.883789062500000000e-02 -8.713378906250000000e-01
-1.945800781250000000e-01 5.810546875000000000e-02 -8.486328125000000000e-01
-1.953125000000000000e-01 5.566406250000000000e-02 -8.596191406250000000e-01
-2.004394531250000000e-01 5.786132812500000000e-02 -8.654785156250000000e-01
-1.979980468750000000e-01 6.030273437500000000e-02 -8.623046875000000000e-01
-2.016601562500000000e-01 1.262207031250000000e-01 -8.613281250000000000e-01
-1.955566406250000000e-01 6.054687500000000000e-02 -8.657226562500000000e-01
-1.955566406250000000e-01 5.761718750000000000e-02 -8.708496093750000000e-01
-1.933593750000000000e-01 5.786132812500000000e-02 -8.706054687500000000e-01
-2.006835937500000000e-01 5.468750000000000000e-02 -8.713378906250000000e-01
-1.960449218750000000e-01 5.346679687500000000e-02 -8.659667968750000000e-01
-1.958007812500000000e-01 4.785156250000000000e-02 -8.693847656250000000e-01
-1.989746093750000000e-01 5.297851562500000000e-02 -8.649902343750000000e-01
-1.940917968750000000e-01 5.004882812500000000e-02 -8.496093750000000000e-01
-1.928710937500000000e-01 5.517578125000000000e-02 -8.632812500000000000e-01
-1.987304687500000000e-01 5.371093750000000000e-02 -8.737792968750000000e-01
-1.955566406250000000e-01 5.200195312500000000e-02 -8.703613281250000000e-01
-2.009277343750000000e-01 5.322265625000000000e-02 -8.742675781250000000e-01
-1.926269531250000000e-01 5.175781250000000000e-02 -8.535156250000000000e-01
-1.906738281250000000e-01 5.371093750000000000e-02 -8.652343750000000000e-01
-1.958007812500000000e-01 5.224609375000000000e-02 -8.640136718750000000e-01
-1.970214843750000000e-01 5.639648437500000000e-02 -9.392089843750000000e-01
-1.962890625000000000e-01 4.833984375000000000e-02 -8.710937500000000000e-01
-1.926269531250000000e-01 4.589843750000000000e-02 -9.013671875000000000e-01
-1.889648437500000000e-01 5.224609375000000000e-02 -8.574218750000000000e-01
-1.933593750000000000e-01 5.175781250000000000e-02 -8.681640625000000000e-01
-1.979980468750000000e-01 5.029296875000000000e-02 -9.409179687500000000e-01
-1.945800781250000000e-01 5.029296875000000000e-02 -9.379882812500000000e-01
-1.984863281250000000e-01 4.321289062500000000e-02 -8.571777343750000000e-01
-1.970214843750000000e-01 5.224609375000000000e-02 -8.544921875000000000e-01
-1.977539062500000000e-01 5.102539062500000000e-02 -8.718261718750000000e-01
-1.972656250000000000e-01 5.053710937500000000e-02 -8.708496093750000000e-01
-1.962890625000000000e-01 4.711914062500000000e-02 -8.666992187500000000e-01
-1.955566406250000000e-01 4.467773437500000000e-02 -8.522949218750000000e-01
-1.989746093750000000e-01 4.736328125000000000e-02 -8.605957031250000000e-01
-1.982421875000000000e-01 5.249023437500000000e-02 -8.647460937500000000e-01
-1.982421875000000000e-01 5.004882812500000000e-02 -8.688964843750000000e-01
-1.950683593750000000e-01 4.541015625000000000e-02 -8.522949218750000000e-01
-1.948242187500000000e-01 4.711914062500000000e-02 -8.581542968750000000e-01
