1.063476562500000000e+00 -8.129882812500000000e-02 1.369628906250000000e-01
1.063476562500000000e+00 -8.129882812500000000e-02 1.369628906250000000e-01
1.065673828125000000e+00 -8.862304687500000000e-02 1.357421875000000000e-01
1.065673828125000000e+00 -8.862304687500000000e-02 1.357421875000000000e-01
1.063720703125000000e+00 -8.496093750000000000e-02 1.271972656250000000e-01
9.921875000000000000e-01 -8.349609375000000000e-02 1.416015625000000000e-01
9.934082031250000000e-01 -8.935546875000000000e-02 1.489257812500000000e-01
1.062744140625000000e+00 -8.984375000000000000e-02 1.379394531250000000e-01
1.065917968750000000e+00 -9.326171875000000000e-02 1.315917968750000000e-01
9.904785156250000000e-01 -9.350585937500000000e-02 1.516113281250000000e-01
9.958496093750000000e-01 -8.959960937500000000e-02 1.418457031250000000e-01
9.956054687500000000e-01 -9.130859375000000000e-02 1.437988281250000000e-01
9.916992187500000000e-01 -3.686523437500000000e-02 1.525878906250000000e-01
9.965820312500000000e-01 -3.320312500000000000e-02 1.420898437500000000e-01
9.960937500000000000e-01 -3.662109375000000000e-02 1.437988281250000000e-01
1.069335937500000000e+00 -4.150390625000000000e-02 1.386718750000000000e-01
9.919433593750000000e-01 -3.906250000000000000e-02 1.347656250000000000e-01
9.968261718750000000e-01 -3.198242187500000000e-02 1.467285156250000000e-01
9.960937500000000000e-01 -9.326171875000000000e-02 1.328125000000000000e-01
9.990234375000000000e-01 -9.375000000000000000e-02 1.333007812500000000e-01
9.958496093750000000e-01 -3.149414062500000000e-02 1.359863281250000000e-01
9.987792968750000000e-01 -3.466796875000000000e-02 1.345214843750000000e-01
1.062988281250000000e+00 -3.857421875000000000e-02 1.301269531250000000e-01
9.941406250000000000e-01 -8.959960937500000000e-02 1.306152343750000000e-01
9.941406250000000000e-01 -4.174804687500000000e-02 5.517578125000000000e-02
9.936523437500000000e-01 -4.248046875000000000e-02 5.859375000000000000e-02
9.904785156250000000e-01 -4.907226562500000000e-02 5.541992187500000000e-02
9.892578125000000000e-01 -5.444335937500000000e-02 1.328125000000000000e-01
9.975585937500000000e-01 -4.296875000000000000e-02 4.565429687500000000e-02
9.978027343750000000e-01 -4.150390625000000000e-02 1.264648437500000000e-01
9.916992187500000000e-01 -3.955078125000000000e-02 5.981445312500000000e-02
1.000000000000000000e+00 -3.564453125000000000e-02 6.127929687500000000e-02
9.985351562500000000e-01 -4.614257812500000000e-02 1.269531250000000000e-01
9.951171875000000000e-01 -4.272460937500000000e-02 1.372070312500000000e-01
1.000000000000000000e+00 -9.228515625000000000e-02 5.786132812500000000e-02
9.895019531250000000e-01 -3.173828125000000000e-02 1.359863281250000000e-01
9.975585937500000000e-01 -3.417968750000000000e-02 6.225585937500000000e-02
9.948730468750000000e-01 -3.637695312500000000e-02 1.340332031250000000e-01
9.963378906250000000e-01 -4.394531250000000000e-02 1.320800781250000000e-01
9.960937500000000000e-01 -3.735351562500000000e-02 1.315917968750000000e-01
9.941406250000000000e-01 -3.320312500000000000e-02 1.376953125000000000e-01
9.946289062500000000e-01 -3.686523437500000000e-02 1.335449218750000000e-01
9.946289062500000000e-01 -3.808593750000000000e-02 1.262207031250000000e-01
9.980468750000000000e-01 -3.247070312500000000e-02 1.257324218750000000e-01
9.980468750000000000e-01 -9.033203125000000000e-02 1.384277343750000000e-01
9.873046875000000000e-01 -4.150390625000000000e-02 1.384277343750000000e-01
9.895019531250000000e-01 -4.174804687500000000e-02 1.428222656250000000e-01
9.995117187500000000e-01 -5.249023437500000000e-02 5.859375000000000000e-02
9.907226562500000000e-01 -5.590820312500000000e-02 1.254882812500000000e-01
9.978027343750000000e-01 -3.686523437500000000e-02 1.323242187500000000e-01
9.965820312500000000e-01 -4.565429687500000000e-02 6.127929687500000000e-02
9.973144531250000000e-01 -9.082031250000000000e-02 1.350097656250000000e-01
1.066650390625000000e+00 -3.515625000000000000e-02 1.345214843750000000e-01
9.953613281250000000e-01 -3.271484375000000000e-02 1.394042968750000000e-01
1.073242187500000000e+00 -4.345703125000000000e-02 1.386718750000000000e-01
1.071777343750000000e+00 -3.662109375000000000e-02 1.276855468750000000e-01
1.071777343750000000e+00 -8.325195312500000000e-02 3.564453125000000000e-02
9.870605468750000000e-01 -6.591796875000000000e-02 3.808593750000000000e-02
1.066894531250000000e+00 -4.882812500000000000e-03 7.861328125000000000e-02
1.076904296875000000e+00 6.909179687500000000e-02 8.789062500000000000e-02
1.019531250000000000e+00 1.782226562500000000e-02 7.519531250000000000e-02
1.125244140625000000e+00 -4.541015625000000000e-02 5.468750000000000000e-02
1.004882812500000000e+00 2.954101562500000000e-02 8.276367187500000000e-02
1.076660156250000000e+00 6.542968750000000000e-02 5.273437500000000000e-02
9.880371093750000000e-01 -7.324218750000000000e-03 5.517578125000000000e-02
1.065429687500000000e+00 2.587890625000000000e-02 1.352539062500000000e-01
1.006347656250000000e+00 -5.126953125000000000e-03 1.074218750000000000e-01
9.804687500000000000e-01 7.397460937500000000e-02 1.938476562500000000e-01
1.093261718750000000e+00 -4.150390625000000000e-03 1.967773437500000000e-01
9.274902343750000000e-01 1.953125000000000000e-03 1.025390625000000000e-01
1.084716796875000000e+00 9.130859375000000000e-02 1.911621093750000000e-01
9.948730468750000000e-01 2.832031250000000000e-02 2.045898437500000000e-01
1.026123046875000000e+00 -3.125000000000000000e-02 1.677246093750000000e-01
1.091064453125000000e+00 8.374023437500000000e-02 2.644042968750000000e-01
9.296875000000000000e-01 1.708984375000000000e-03 2.048339843750000000e-01
1.063964843750000000e+00 -2.636718750000000000e-02 1.696777343750000000e-01
9.895019531250000000e-01 2.026367187500000000e-02 2.087402343750000000e-01
9.758300781250000000e-01 2.880859375000000000e-02 1.772460937500000000e-01
1.025634765625000000e+00 -2.709960937500000000e-02 2.077636718750000000e-01
9.899902343750000000e-01 -2.294921875000000000e-02 2.133789062500000000e-01
9.797363281250000000e-01 -7.324218750000000000e-03 2.517089843750000000e-01
9.174804687500000000e-01 3.564453125000000000e-02 2.109375000000000000e-01
1.007812500000000000e+00 2.490234375000000000e-02 2.106933593750000000e-01
8.718261718750000000e-01 1.552734375000000000e-01 1.406250000000000000e-01
9.243164062500000000e-01 6.445312500000000000e-02 1.687011718750000000e-01
9.011230468750000000e-01 3.417968750000000000e-02 1.284179687500000000e-01
8.728027343750000000e-01 6.152343750000000000e-02 6.347656250000000000e-02
7.536621093750000000e-01 2.490234375000000000e-02 5.615234375000000000e-02
8.437500000000000000e-01 1.779785156250000000e-01 6.054687500000000000e-02
6.545410156250000000e-01 -1.298828125000000000e-01 4.370117187500000000e-02
9.470214843750000000e-01 5.273437500000000000e-02 1.000976562500000000e-02
3.745117187500000000e-01 -5.566406250000000000e-02 2.702636718750000000e-01
8.359375000000000000e-01 1.088867187500000000e-01 6.372070312500000000e-02
4.086914062500000000e-01 -7.348632812500000000e-02 3.615722656250000000e-01
5.100097656250000000e-01 3.950195312500000000e-01 -7.236328125000000000e-01
7.597656250000000000e-01 9.033203125000000000e-02 1.286621093750000000e-01
1.272216796875000000e+00 1.000976562500000000e-02 6.860351562500000000e-02
6.545410156250000000e-01 -9.421386718750000000e-01 5.400390625000000000e-01
3.505859375000000000e+00 2.776611328125000000e+00 1.885986328125000000e+00
7.705078125000000000e-01 -1.090087890625000000e+00 1.428955078125000000e+00
3.488769531250000000e-01 -2.001953125000000000e-02 6.367187500000000000e-01
-4.187011718750000000e-01 1.037597656250000000e-01 1.326171875000000000e+00
1.582031250000000000e-01 3.742675781250000000e-01 8.574218750000000000e-01
2.661132812500000000e-02 1.682128906250000000e-01 1.151855468750000000e+00
2.548828125000000000e-01 1.125488281250000000e-01 8.498535156250000000e-01
-1.193847656250000000e-01 3.078613281250000000e-01 9.099121093750000000e-01
-7.348632812500000000e-02 1.530761718750000000e-01 8.027343750000000000e-01
-2.592773437500000000e-01 2.478027343750000000e-01 9.860839843750000000e-01
-3.986816406250000000e-01 2.768554687500000000e-01 8.703613281250000000e-01
-3.425292968750000000e-01 1.906738281250000000e-01 9.133300781250000000e-01
-4.367675781250000000e-01 2.253417968750000000e-01 8.447265625000000000e-01
-3.918457031250000000e-01 6.225585937500000000e-02 9.301757812500000000e-01
-4.426269531250000000e-01 2.626953125000000000e-01 9.033203125000000000e-01
-3.947753906250000000e-01 1.198730468750000000e-01 8.642578125000000000e-01
-2.500000000000000000e-01 2.138671875000000000e-01 9.155273437500000000e-01
-2.734375000000000000e-01 2.307128906250000000e-01 7.468261718750000000e-01
-2.067871093750000000e-01 1.672363281250000000e-01 9.226074218750000000e-01
-2.541503906250000000e-01 2.597656250000000000e-01 1.212158203125000000e+00
-3.002929687500000000e-02 2.773437500000000000e-01 1.268798828125000000e+00
1.784667968750000000e-01 2.421875000000000000e-01 1.102294921875000000e+00
3.098144531250000000e-01 1.572265625000000000e-01 1.115722656250000000e+00
4.426269531250000000e-01 1.865234375000000000e-01 9.208984375000000000e-01
6.608886718750000000e-01 1.564941406250000000e-01 1.024658203125000000e+00
7.280273437500000000e-01 1.911621093750000000e-01 1.035156250000000000e+00
7.722167968750000000e-01 2.023925781250000000e-01 6.760253906250000000e-01
8.657226562500000000e-01 -2.905273437500000000e-02 7.749023437500000000e-01
7.946777343750000000e-01 5.004882812500000000e-02 5.051269531250000000e-01
1.031738281250000000e+00 -7.202148437500000000e-02 7.666015625000000000e-01
9.531250000000000000e-01 3.417968750000000000e-03 3.898925781250000000e-01
9.692382812500000000e-01 -3.173828125000000000e-02 3.818359375000000000e-01
1.084716796875000000e+00 -8.959960937500000000e-02 3.388671875000000000e-01
1.002197265625000000e+00 -1.484375000000000000e-01 3.374023437500000000e-01
9.294433593750000000e-01 3.051757812500000000e-02 1.462402343750000000e-01
9.201660156250000000e-01 -3.759765625000000000e-02 7.055664062500000000e-02
1.086181640625000000e+00 -1.289062500000000000e-01 -1.169433593750000000e-01
9.252929687500000000e-01 -1.511230468750000000e-01 -1.467285156250000000e-01
1.003417968750000000e+00 -2.792968750000000000e-01 -2.114257812500000000e-01
9.504394531250000000e-01 -2.145996093750000000e-01 -1.093750000000000000e-01
1.002685546875000000e+00 -1.723632812500000000e-01 -8.618164062500000000e-02
1.001464843750000000e+00 -2.175292968750000000e-01 -1.755371093750000000e-01
1.018066406250000000e+00 -1.943359375000000000e-01 -1.801757812500000000e-01
9.970703125000000000e-01 -1.220703125000000000e-01 4.052734375000000000e-02
9.704589843750000000e-01 -2.866210937500000000e-01 -2.929687500000000000e-03
1.064941406250000000e+00 -2.666015625000000000e-01 3.540039062500000000e-02
9.892578125000000000e-01 -2.763671875000000000e-01 -4.223632812500000000e-02
1.088867187500000000e+00 -1.013183593750000000e-01 -6.884765625000000000e-02
1.027343750000000000e+00 -3.149414062500000000e-02 -3.750000000000000000e-01
1.047607421875000000e+00 -3.471679687500000000e-01 -2.248535156250000000e-01
1.044921875000000000e+00 -3.361816406250000000e-01 -4.011230468750000000e-01
1.117675781250000000e+00 -3.249511718750000000e-01 -4.575195312500000000e-01
1.020263671875000000e+00 -2.282714843750000000e-01 -4.948730468750000000e-01
7.956542968750000000e-01 -1.452636718750000000e-01 -4.172363281250000000e-01
7.839355468750000000e-01 -2.871093750000000000e-01 -2.915039062500000000e-01
7.524414062500000000e-01 -1.372070312500000000e-01 -2.612304687500000000e-01
7.770996093750000000e-01 -2.785644531250000000e-01 -2.297363281250000000e-01
9.042968750000000000e-01 -1.689453125000000000e-01 -2.050781250000000000e-01
7.888183593750000000e-01 -2.717285156250000000e-01 -2.084960937500000000e-01
9.526367187500000000e-01 -1.767578125000000000e-01 -3.464355468750000000e-01
1.189453125000000000e+00 -3.193359375000000000e-01 -3.671875000000000000e-01
7.468261718750000000e-01 -1.933593750000000000e-01 -2.229003906250000000e-01
1.277099609375000000e+00 8.007812500000000000e-02 -7.502441406250000000e-01
1.050537109375000000e+00 -4.704589843750000000e-01 -6.035156250000000000e-01
9.526367187500000000e-01 -1.240234375000000000e-01 -7.331542968750000000e-01
5.981445312500000000e-01 3.344726562500000000e-02 -6.914062500000000000e-01
5.949707031250000000e-01 -4.833984375000000000e-02 -6.701660156250000000e-01
4.609375000000000000e-01 6.494140625000000000e-02 -7.448730468750000000e-01
3.591308593750000000e-01 0.000000000000000000e+00 -7.160644531250000000e-01
3.630371093750000000e-01 2.636718750000000000e-02 -8.325195312500000000e-01
3.632812500000000000e-01 -8.959960937500000000e-02 -7.260742187500000000e-01
5.273437500000000000e-01 7.885742187500000000e-02 -6.606445312500000000e-01
4.768066406250000000e-01 1.757812500000000000e-02 -7.226562500000000000e-01
5.783691406250000000e-01 -6.787109375000000000e-02 -5.568847656250000000e-01
5.458984375000000000e-01 -3.662109375000000000e-02 -8.781738281250000000e-01
5.966796875000000000e-01 8.789062500000000000e-03 -6.364746093750000000e-01
5.966796875000000000e-01 8.789062500000000000e-03 -6.364746093750000000e-01
6.691894531250000000e-01 -1.203613281250000000e-01 -6.240234375000000000e-01
8.374023437500000000e-01 -6.591796875000000000e-02 -6.318359375000000000e-01
7.946777343750000000e-01 -8.056640625000000000e-03 -4.992675781250000000e-01
8.000488281250000000e-01 -1.315917968750000000e-01 -3.698730468750000000e-01
7.976074218750000000e-01 -5.102539062500000000e-02 -4.638671875000000000e-01
7.385253906250000000e-01 -9.033203125000000000e-02 -2.407226562500000000e-01
9.414062500000000000e-01 -5.712890625000000000e-02 -2.817382812500000000e-01
8.723144531250000000e-01 -3.686523437500000000e-02 -2.487792968750000000e-01
9.472656250000000000e-01 -5.493164062500000000e-02 -3.020019531250000000e-01
8.657226562500000000e-01 -6.054687500000000000e-02 -1.660156250000000000e-01
9.697265625000000000e-01 -1.516113281250000000e-01 -2.907714843750000000e-01
9.455566406250000000e-01 -1.362304687500000000e-01 -2.072753906250000000e-01
9.897460937500000000e-01 -1.467285156250000000e-01 -2.392578125000000000e-01
1.012695312500000000e+00 -1.909179687500000000e-01 -2.026367187500000000e-01
1.005371093750000000e+00 -1.477050781250000000e-01 -1.916503906250000000e-01
8.618164062500000000e-01 -1.557617187500000000e-01 -9.570312500000000000e-02
9.643554687500000000e-01 -1.813964843750000000e-01 -1.132812500000000000e-01
9.509277343750000000e-01 -1.074218750000000000e-01 -1.188964843750000000e-01
1.090087890625000000e+00 -2.529296875000000000e-01 -1.999511718750000000e-01
1.003417968750000000e+00 -1.530761718750000000e-01 -3.149414062500000000e-02
9.458007812500000000e-01 -3.137207031250000000e-01 -3.076171875000000000e-02
1.000000000000000000e+00 -2.753906250000000000e-01 -2.082519531250000000e-01
9.165039062500000000e-01 -1.228027343750000000e-01 -5.273437500000000000e-02
1.015625000000000000e+00 -1.010742187500000000e-01 -2.075195312500000000e-02
1.068603515625000000e+00 -1.989746093750000000e-01 -1.440429687500000000e-02
