1.019531250000000000e+00 -4.663085937500000000e-02 -1.652832031250000000e-01
1.019531250000000000e+00 -4.663085937500000000e-02 -1.652832031250000000e-01
1.007568359375000000e+00 -4.736328125000000000e-02 -1.733398437500000000e-01
1.007568359375000000e+00 -4.736328125000000000e-02 -1.733398437500000000e-01
1.011718750000000000e+00 -5.419921875000000000e-02 -1.738281250000000000e-01
1.019531250000000000e+00 -4.296875000000000000e-02 -1.682128906250000000e-01
1.021240234375000000e+00 -9.204101562500000000e-02 -2.158203125000000000e-01
1.014404296875000000e+00 -3.369140625000000000e-02 -2.094726562500000000e-01
1.020507812500000000e+00 -8.984375000000000000e-02 -2.175292968750000000e-01
1.031005859375000000e+00 -3.491210937500000000e-02 -2.001953125000000000e-01
1.020996093750000000e+00 -8.105468750000000000e-02 -1.977539062500000000e-01
1.024169921875000000e+00 -3.955078125000000000e-02 -1.899414062500000000e-01
1.021972656250000000e+00 -3.515625000000000000e-02 -2.001953125000000000e-01
9.741210937500000000e-01 -3.637695312500000000e-02 -1.186523437500000000e-01
1.023437500000000000e+00 -4.028320312500000000e-02 -1.162109375000000000e-01
9.692382812500000000e-01 -3.955078125000000000e-02 -1.235351562500000000e-01
9.714355468750000000e-01 -3.613281250000000000e-02 -9.667968750000000000e-02
1.013916015625000000e+00 -3.295898437500000000e-02 -1.113281250000000000e-01
1.026855468750000000e+00 -3.466796875000000000e-02 -1.086425781250000000e-01
1.024414062500000000e+00 -4.028320312500000000e-02 -1.154785156250000000e-01
1.022460937500000000e+00 -4.174804687500000000e-02 -1.235351562500000000e-01
1.015869140625000000e+00 -3.759765625000000000e-02 -1.096191406250000000e-01
1.016601562500000000e+00 -4.858398437500000000e-02 -1.240234375000000000e-01
1.030517578125000000e+00 -3.198242187500000000e-02 -2.067871093750000000e-01
1.028808593750000000e+00 -9.350585937500000000e-02 -2.158203125000000000e-01
1.025146484375000000e+00 -4.418945312500000000e-02 -1.582031250000000000e-01
1.024414062500000000e+00 -3.222656250000000000e-02 -2.145996093750000000e-01
1.000488281250000000e+00 -3.491210937500000000e-02 -1.567382812500000000e-01
1.010009765625000000e+00 -4.443359375000000000e-02 -1.730957031250000000e-01
1.019531250000000000e+00 -3.515625000000000000e-02 -1.779785156250000000e-01
1.017578125000000000e+00 -3.271484375000000000e-02 -1.779785156250000000e-01
1.010742187500000000e+00 -8.471679687500000000e-02 -1.625976562500000000e-01
9.741210937500000000e-01 -9.204101562500000000e-02 -2.534179687500000000e-01
1.079589843750000000e+00 -3.662109375000000000e-02 -2.092285156250000000e-01
9.055175781250000000e-01 -9.082031250000000000e-02 -1.264648437500000000e-01
9.299316406250000000e-01 -4.003906250000000000e-02 -1.066894531250000000e-01
1.015136718750000000e+00 -8.886718750000000000e-02 -1.188964843750000000e-01
1.013671875000000000e+00 -3.833007812500000000e-02 -1.225585937500000000e-01
1.013671875000000000e+00 -3.833007812500000000e-02 -1.225585937500000000e-01
1.012207031250000000e+00 -3.662109375000000000e-02 -1.623535156250000000e-01
1.012207031250000000e+00 -3.662109375000000000e-02 -1.623535156250000000e-01
9.245605468750000000e-01 -3.588867187500000000e-02 -1.616210937500000000e-01
9.470214843750000000e-01 -9.204101562500000000e-02 -1.687011718750000000e-01
9.633789062500000000e-01 7.568359375000000000e-03 -2.697753906250000000e-01
9.162597656250000000e-01 4.150390625000000000e-03 -2.231445312500000000e-01
8.647460937500000000e-01 -6.689453125000000000e-02 -2.309570312500000000e-01
8.444824218750000000e-01 -4.467773437500000000e-02 -2.255859375000000000e-01
8.493652343750000000e-01 -4.345703125000000000e-02 -2.377929687500000000e-01
8.479003906250000000e-01 -6.250000000000000000e-02 -2.299804687500000000e-01
8.298339843750000000e-01 -7.543945312500000000e-02 -2.194824218750000000e-01
8.239746093750000000e-01 1.220703125000000000e-02 -2.670898437500000000e-01
8.310546875000000000e-01 -7.299804687500000000e-02 -2.670898437500000000e-01
7.451171875000000000e-01 -1.977539062500000000e-02 -3.195800781250000000e-01
7.602539062500000000e-01 2.099609375000000000e-02 -2.612304687500000000e-01
6.264648437500000000e-01 9.277343750000000000e-03 -1.513671875000000000e-01
3.549804687500000000e-01 -7.299804687500000000e-02 -1.105957031250000000e-01
1.989746093750000000e-01 -2.392578125000000000e-02 -6.567382812500000000e-02
5.712890625000000000e-02 -1.489257812500000000e-02 -4.882812500000000000e-03
2.001953125000000000e-01 4.272460937500000000e-02 -1.269531250000000000e-02
-4.931640625000000000e-01 7.006835937500000000e-02 2.363281250000000000e-01
2.875488281250000000e+00 -6.699218750000000000e-01 -1.142089843750000000e+00
-7.299804687500000000e-01 3.732910156250000000e-01 -4.174560546875000000e+00
-2.722167968750000000e-01 1.662597656250000000e-01 -1.764160156250000000e+00
1.501464843750000000e-01 1.809082031250000000e-01 -1.342285156250000000e+00
-2.192382812500000000e-01 2.084960937500000000e-01 -7.375488281250000000e-01
-1.340332031250000000e-01 4.394531250000000000e-02 -6.706542968750000000e-01
-1.242675781250000000e-01 2.612304687500000000e-02 -6.574707031250000000e-01
-2.761230468750000000e-01 7.763671875000000000e-02 -4.899902343750000000e-01
-3.532714843750000000e-01 5.029296875000000000e-02 -4.846191406250000000e-01
-3.129882812500000000e-01 7.397460937500000000e-02 -5.566406250000000000e-01
-4.060058593750000000e-01 4.809570312500000000e-02 -7.463378906250000000e-01
-3.879394531250000000e-01 1.523437500000000000e-01 -9.165039062500000000e-01
-3.298339843750000000e-01 1.479492187500000000e-01 -1.193359375000000000e+00
-2.355957031250000000e-01 1.086425781250000000e-01 -1.209228515625000000e+00
-2.258300781250000000e-01 4.003906250000000000e-02 -9.621582031250000000e-01
6.591796875000000000e-03 1.899414062500000000e-01 -1.025146484375000000e+00
-8.203125000000000000e-02 1.386718750000000000e-01 -1.204101562500000000e+00
2.978515625000000000e-02 5.151367187500000000e-02 -5.971679687500000000e-01
-6.005859375000000000e-02 4.028320312500000000e-02 -6.481933593750000000e-01
-6.005859375000000000e-02 4.028320312500000000e-02 -6.481933593750000000e-01
-1.281738281250000000e-01 6.176757812500000000e-02 -9.201660156250000000e-01
-1.481933593750000000e-01 1.462402343750000000e-01 -1.135498046875000000e+00
-5.419921875000000000e-02 5.322265625000000000e-02 -8.840332031250000000e-01
-1.425781250000000000e-01 4.614257812500000000e-02 -7.832031250000000000e-01
-9.814453125000000000e-02 5.908203125000000000e-02 -9.418945312500000000e-01
-1.330566406250000000e-01 5.688476562500000000e-02 -9.897460937500000000e-01
-3.662109375000000000e-02 5.249023437500000000e-02 -8.703613281250000000e-01
-3.393554687500000000e-02 9.179687500000000000e-02 -8.337402343750000000e-01
-1.496582031250000000e-01 5.102539062500000000e-02 -7.937011718750000000e-01
-1.066894531250000000e-01 5.346679687500000000e-02 -9.458007812500000000e-01
-1.162109375000000000e-01 1.289062500000000000e-01 -9.150390625000000000e-01
-1.088867187500000000e-01 5.322265625000000000e-02 -9.494628906250000000e-01
-1.054687500000000000e-01 3.955078125000000000e-02 -8.488769531250000000e-01
-1.054687500000000000e-01 3.955078125000000000e-02 -8.488769531250000000e-01
-1.010742187500000000e-01 4.663085937500000000e-02 -8.701171875000000000e-01
-1.003417968750000000e-01 4.687500000000000000e-02 -8.483886718750000000e-01
-1.003417968750000000e-01 4.687500000000000000e-02 -8.483886718750000000e-01
-1.472167968750000000e-01 4.833984375000000000e-02 -9.643554687500000000e-01
-1.386718750000000000e-01 4.980468750000000000e-02 -9.650878906250000000e-01
-1.457519531250000000e-01 4.370117187500000000e-02 -8.461914062500000000e-01
-1.516113281250000000e-01 4.711914062500000000e-02 -8.662109375000000000e-01
-9.497070312500000000e-02 5.175781250000000000e-02 -8.635253906250000000e-01
-9.399414062500000000e-02 5.200195312500000000e-02 -9.147949218750000000e-01
-1.520996093750000000e-01 4.760742187500000000e-02 -8.566894531250000000e-01
-9.472656250000000000e-02 4.418945312500000000e-02 -8.601074218750000000e-01
-1.520996093750000000e-01 4.394531250000000000e-02 -8.605957031250000000e-01
-9.448242187500000000e-02 4.980468750000000000e-02 -9.453125000000000000e-01
-1.508789062500000000e-01 4.638671875000000000e-02 -8.586425781250000000e-01
-9.741210937500000000e-02 4.418945312500000000e-02 -8.549804687500000000e-01
-1.047363281250000000e-01 4.516601562500000000e-02 -8.732910156250000000e-01
-1.044921875000000000e-01 4.296875000000000000e-02 -9.411621093750000000e-01
-1.047363281250000000e-01 4.418945312500000000e-02 -8.728027343750000000e-01
-1.037597656250000000e-01 4.492187500000000000e-02 -8.708496093750000000e-01
-1.003417968750000000e-01 4.223632812500000000e-02 -8.686523437500000000e-01
-1.035156250000000000e-01 4.345703125000000000e-02 -8.691406250000000000e-01
-9.643554687500000000e-02 4.467773437500000000e-02 -8.713378906250000000e-01
-9.643554687500000000e-02 4.467773437500000000e-02 -8.713378906250000000e-01
-1.005859375000000000e-01 4.296875000000000000e-02 -8.723144531250000000e-01
-1.005859375000000000e-01 4.296875000000000000e-02 -8.723144531250000000e-01
-1.030273437500000000e-01 3.930664062500000000e-02 -9.399414062500000000e-01
-1.071777343750000000e-01 4.443359375000000000e-02 -8.654785156250000000e-01
-1.511230468750000000e-01 4.785156250000000000e-02 -9.296875000000000000e-01
-1.386718750000000000e-01 4.492187500000000000e-02 -8.630371093750000000e-01
-1.518554687500000000e-01 4.443359375000000000e-02 -8.471679687500000000e-01
-1.508789062500000000e-01 4.760742187500000000e-02 -9.482421875000000000e-01
-1.479492187500000000e-01 5.297851562500000000e-02 -9.626464843750000000e-01
-1.413574218750000000e-01 5.273437500000000000e-02 -8.706054687500000000e-01
-1.542968750000000000e-01 4.418945312500000000e-02 -9.030761718750000000e-01
-1.533203125000000000e-01 4.467773437500000000e-02 -9.086914062500000000e-01
-1.533203125000000000e-01 4.467773437500000000e-02 -9.086914062500000000e-01
-1.418457031250000000e-01 4.345703125000000000e-02 -8.527832031250000000e-01
-1.481933593750000000e-01 4.492187500000000000e-02 -8.635253906250000000e-01
-1.503906250000000000e-01 4.980468750000000000e-02 -8.532714843750000000e-01
-9.692382812500000000e-02 4.736328125000000000e-02 -9.399414062500000000e-01
-1.030273437500000000e-01 5.761718750000000000e-02 -9.472656250000000000e-01
-1.032714843750000000e-01 5.200195312500000000e-02 -9.394531250000000000e-01
-9.863281250000000000e-02 4.663085937500000000e-02 -8.564453125000000000e-01
-1.037597656250000000e-01 4.614257812500000000e-02 -9.375000000000000000e-01
-1.030273437500000000e-01 4.443359375000000000e-02 -8.540039062500000000e-01
-1.047363281250000000e-01 4.882812500000000000e-02 -8.745117187500000000e-01
-9.545898437500000000e-02 4.223632812500000000e-02 -8.444824218750000000e-01
-1.079101562500000000e-01 5.664062500000000000e-02 -9.665527343750000000e-01
-1.484375000000000000e-01 5.883789062500000000e-02 -9.357910156250000000e-01
-1.394042968750000000e-01 4.980468750000000000e-02 -8.937988281250000000e-01
-1.547851562500000000e-01 4.833984375000000000e-02 -8.481445312500000000e-01
-9.619140625000000000e-02 1.291503906250000000e-01 -1.017822265625000000e+00
-1.469726562500000000e-01 5.053710937500000000e-02 -8.576660156250000000e-01
-1.503906250000000000e-01 5.395507812500000000e-02 -8.583984375000000000e-01
-9.765625000000000000e-02 4.907226562500000000e-02 -8.603515625000000000e-01
-9.790039062500000000e-02 5.200195312500000000e-02 -9.414062500000000000e-01
-9.887695312500000000e-02 5.493164062500000000e-02 -9.443359375000000000e-01
-9.521484375000000000e-02 4.858398437500000000e-02 -8.500976562500000000e-01
-1.538085937500000000e-01 5.590820312500000000e-02 -9.128417968750000000e-01
-1.420898437500000000e-01 4.956054687500000000e-02 -9.038085937500000000e-01
-1.540527343750000000e-01 4.711914062500000000e-02 -8.513183593750000000e-01
-1.503906250000000000e-01 4.345703125000000000e-02 -8.068847656250000000e-01
-1.044921875000000000e-01 5.834960937500000000e-02 -9.301757812500000000e-01
-1.394042968750000000e-01 5.761718750000000000e-02 -1.024902343750000000e+00
-1.296386718750000000e-01 4.565429687500000000e-02 -7.995605468750000000e-01
-1.486816406250000000e-01 9.301757812500000000e-02 -7.834472656250000000e-01
-1.525878906250000000e-01 5.712890625000000000e-02 -1.029785156250000000e+00
-1.354980468750000000e-01 5.249023437500000000e-02 -9.526367187500000000e-01
-1.325683593750000000e-01 4.150390625000000000e-02 -8.776855468750000000e-01
-9.399414062500000000e-02 3.662109375000000000e-02 -8.762207031250000000e-01
-1.125488281250000000e-01 4.614257812500000000e-02 -9.133300781250000000e-01
-1.101074218750000000e-01 5.224609375000000000e-02 -9.091796875000000000e-01
-9.985351562500000000e-02 4.516601562500000000e-02 -8.476562500000000000e-01
-1.054687500000000000e-01 4.565429687500000000e-02 -9.467773437500000000e-01
-1.535644531250000000e-01 5.419921875000000000e-02 -1.000000000000000000e+00
-1.428222656250000000e-01 4.687500000000000000e-02 -9.050292968750000000e-01
-1.545410156250000000e-01 4.516601562500000000e-02 -8.872070312500000000e-01
-9.985351562500000000e-02 4.760742187500000000e-02 -8.974609375000000000e-01
-9.936523437500000000e-02 5.566406250000000000e-02 -9.165039062500000000e-01
-1.503906250000000000e-01 1.281738281250000000e-01 -1.001464843750000000e+00
-1.389160156250000000e-01 4.077148437500000000e-02 -8.010253906250000000e-01
-1.523437500000000000e-01 4.321289062500000000e-02 -8.857421875000000000e-01
-1.047363281250000000e-01 4.931640625000000000e-02 -9.079589843750000000e-01
-1.501464843750000000e-01 5.322265625000000000e-02 -1.017822265625000000e+00
-1.406250000000000000e-01 4.321289062500000000e-02 -8.532714843750000000e-01
-1.462402343750000000e-01 3.930664062500000000e-02 -8.913574218750000000e-01
-1.015625000000000000e-01 4.711914062500000000e-02 -8.574218750000000000e-01
-1.022949218750000000e-01 4.687500000000000000e-02 -9.445800781250000000e-01
-1.022949218750000000e-01 4.687500000000000000e-02 -9.445800781250000000e-01
-1.042480468750000000e-01 4.833984375000000000e-02 -9.484863281250000000e-01
-1.032714843750000000e-01 4.101562500000000000e-02 -8.500976562500000000e-01
-1.088867187500000000e-01 4.589843750000000000e-02 -8.703613281250000000e-01
-1.071777343750000000e-01 4.394531250000000000e-02 -9.484863281250000000e-01
-1.022949218750000000e-01 4.321289062500000000e-02 -8.627929687500000000e-01
-1.040039062500000000e-01 4.516601562500000000e-02 -8.698730468750000000e-01
-1.049804687500000000e-01 4.663085937500000000e-02 -8.681640625000000000e-01
-9.936523437500000000e-02 4.541015625000000000e-02 -9.392089843750000000e-01
-1.027832031250000000e-01 4.614257812500000000e-02 -9.404296875000000000e-01
-9.960937500000000000e-02 4.199218750000000000e-02 -8.613281250000000000e-01
-1.049804687500000000e-01 4.296875000000000000e-02 -9.492187500000000000e-01
-1.049804687500000000e-01 4.296875000000000000e-02 -9.492187500000000000e-01
-1.081542968750000000e-01 3.442382812500000000e-02 -8.522949218750000000e-01
-1.081542968750000000e-01 3.442382812500000000e-02 -8.522949218750000000e-01
-1.098632812500000000e-01 9.252929687500000000e-02 -8.593750000000000000e-01
-1.110839843750000000e-01 9.228515625000000000e-02 -8.703613281250000000e-01
-1.140136718750000000e-01 3.173828125000000000e-02 -8.747558593750000000e-01
