9.785156250000000000e-01 -1.120605468750000000e-01 -5.322265625000000000e-02
9.760742187500000000e-01 -1.147460937500000000e-01 -4.882812500000000000e-02
9.753417968750000000e-01 -1.115722656250000000e-01 -5.908203125000000000e-02
9.694824218750000000e-01 -1.108398437500000000e-01 -5.102539062500000000e-02
9.777832031250000000e-01 -1.169433593750000000e-01 -1.257324218750000000e-01
9.777832031250000000e-01 -1.169433593750000000e-01 -1.257324218750000000e-01
9.726562500000000000e-01 -1.132812500000000000e-01 -1.320800781250000000e-01
1.029541015625000000e+00 -1.188964843750000000e-01 -1.372070312500000000e-01
1.029541015625000000e+00 -1.188964843750000000e-01 -1.372070312500000000e-01
9.775390625000000000e-01 -1.166992187500000000e-01 -1.435546875000000000e-01
9.736328125000000000e-01 -1.166992187500000000e-01 -1.525878906250000000e-01
1.023681640625000000e+00 -1.105957031250000000e-01 -1.472167968750000000e-01
1.026611328125000000e+00 -1.135253906250000000e-01 -1.413574218750000000e-01
9.716796875000000000e-01 -1.113281250000000000e-01 -1.296386718750000000e-01
9.753417968750000000e-01 -1.149902343750000000e-01 -1.335449218750000000e-01
9.741210937500000000e-01 -1.154785156250000000e-01 -1.311035156250000000e-01
9.689941406250000000e-01 -1.203613281250000000e-01 -1.342773437500000000e-01
9.726562500000000000e-01 -1.157226562500000000e-01 -1.313476562500000000e-01
1.029785156250000000e+00 -1.081542968750000000e-01 -1.274414062500000000e-01
9.736328125000000000e-01 -1.188964843750000000e-01 -5.566406250000000000e-02
9.785156250000000000e-01 -1.069335937500000000e-01 -5.908203125000000000e-02
9.763183593750000000e-01 -1.066894531250000000e-01 -4.150390625000000000e-02
9.765625000000000000e-01 -1.125488281250000000e-01 -5.639648437500000000e-02
9.816894531250000000e-01 -1.091308593750000000e-01 -4.711914062500000000e-02
9.797363281250000000e-01 -1.047363281250000000e-01 -3.515625000000000000e-02
9.746093750000000000e-01 -1.105957031250000000e-01 -8.276367187500000000e-02
9.812011718750000000e-01 -1.171875000000000000e-01 -9.277343750000000000e-02
9.812011718750000000e-01 -1.171875000000000000e-01 -9.277343750000000000e-02
9.748535156250000000e-01 -1.218261718750000000e-01 -8.227539062500000000e-02
9.797363281250000000e-01 -1.201171875000000000e-01 -8.618164062500000000e-02
9.846191406250000000e-01 -1.247558593750000000e-01 -8.227539062500000000e-02
9.736328125000000000e-01 -1.953125000000000000e-01 -7.250976562500000000e-02
9.851074218750000000e-01 -1.923828125000000000e-01 -7.885742187500000000e-02
9.960937500000000000e-01 -1.921386718750000000e-01 -9.228515625000000000e-02
9.733886718750000000e-01 -1.899414062500000000e-01 -8.813476562500000000e-02
9.733886718750000000e-01 -1.899414062500000000e-01 -8.813476562500000000e-02
1.064453125000000000e+00 -1.008300781250000000e-01 -3.613281250000000000e-02
1.070068359375000000e+00 -5.517578125000000000e-02 -7.983398437500000000e-02
9.868164062500000000e-01 -4.589843750000000000e-02 -6.835937500000000000e-02
9.785156250000000000e-01 6.591796875000000000e-03 -6.811523437500000000e-02
9.785156250000000000e-01 6.591796875000000000e-03 -6.811523437500000000e-02
1.009521484375000000e+00 -6.347656250000000000e-02 7.055664062500000000e-02
1.015625000000000000e+00 2.099609375000000000e-02 5.273437500000000000e-02
1.074218750000000000e+00 -2.658691406250000000e-01 1.350097656250000000e-01
9.968261718750000000e-01 -1.354980468750000000e-01 1.164550781250000000e-01
9.702148437500000000e-01 -1.342773437500000000e-02 1.887207031250000000e-01
9.848632812500000000e-01 1.098632812500000000e-02 1.298828125000000000e-01
9.807128906250000000e-01 -7.739257812500000000e-02 -7.080078125000000000e-03
9.841308593750000000e-01 -8.422851562500000000e-02 -3.149414062500000000e-02
1.008300781250000000e+00 -1.269531250000000000e-01 -8.471679687500000000e-02
9.660644531250000000e-01 -1.455078125000000000e-01 -1.149902343750000000e-01
9.934082031250000000e-01 -1.374511718750000000e-01 -1.433105468750000000e-01
1.219482421875000000e+00 -2.912597656250000000e-01 2.163085937500000000e-01
1.043212890625000000e+00 -4.882812500000000000e-03 2.500000000000000000e-01
9.755859375000000000e-01 -9.399414062500000000e-02 2.751464843750000000e-01
8.220214843750000000e-01 -3.588867187500000000e-02 2.629394531250000000e-01
9.909667968750000000e-01 -1.013183593750000000e-01 1.010742187500000000e-01
1.008789062500000000e+00 -2.009277343750000000e-01 1.506347656250000000e-01
1.084716796875000000e+00 -1.530761718750000000e-01 -1.733398437500000000e-02
8.618164062500000000e-01 -2.529296875000000000e-01 -3.906250000000000000e-02
1.010009765625000000e+00 7.250976562500000000e-02 -4.001464843750000000e-01
6.936035156250000000e-01 -1.025390625000000000e-01 1.477050781250000000e-01
7.561035156250000000e-01 -4.628906250000000000e-01 -3.588867187500000000e-02
8.725585937500000000e-01 -3.996582031250000000e-01 2.436523437500000000e-01
5.524902343750000000e-01 4.536132812500000000e-01 -4.873046875000000000e-01
3.137207031250000000e-01 -3.103027343750000000e-01 -8.129882812500000000e-02
5.400390625000000000e-01 2.148437500000000000e-01 4.162597656250000000e-01
1.122070312500000000e+00 -5.249023437500000000e-02 4.980468750000000000e-01
6.179199218750000000e-01 6.591796875000000000e-02 5.207519531250000000e-01
7.634277343750000000e-01 4.980468750000000000e-02 7.141113281250000000e-01
1.302001953125000000e+00 4.172363281250000000e-01 7.539062500000000000e-01
1.263671875000000000e+00 -5.483398437500000000e-01 1.144531250000000000e+00
1.263671875000000000e+00 -5.483398437500000000e-01 1.144531250000000000e+00
1.541748046875000000e+00 1.184082031250000000e-01 2.060058593750000000e+00
1.097900390625000000e+00 4.938964843750000000e-01 1.852539062500000000e+00
2.192382812500000000e-01 -4.387207031250000000e-01 1.217529296875000000e+00
6.938476562500000000e-01 1.499023437500000000e-01 9.785156250000000000e-01
-7.407226562500000000e-01 1.145507812500000000e+00 6.293945312500000000e-01
-7.407226562500000000e-01 1.145507812500000000e+00 6.293945312500000000e-01
-9.536132812500000000e-01 8.503417968750000000e-01 3.579101562500000000e-01
-1.176513671875000000e+00 4.814453125000000000e-01 3.134765625000000000e-01
-2.834472656250000000e-01 1.228027343750000000e-01 4.997558593750000000e-01
-6.088867187500000000e-01 -8.203125000000000000e-02 4.760742187500000000e-01
-4.936523437500000000e-01 2.902832031250000000e-01 4.714355468750000000e-01
-3.471679687500000000e-01 3.134765625000000000e-01 9.519042968750000000e-01
-2.929687500000000000e-02 3.757324218750000000e-01 1.298583984375000000e+00
9.277343750000000000e-02 -1.672363281250000000e-01 1.573974609375000000e+00
-1.813964843750000000e-01 -9.692382812500000000e-02 1.195068359375000000e+00
2.343750000000000000e-02 -1.108398437500000000e-01 1.044921875000000000e+00
-4.028320312500000000e-02 -2.460937500000000000e-01 9.824218750000000000e-01
-1.308593750000000000e-01 -2.260742187500000000e-01 9.807128906250000000e-01
-2.009277343750000000e-01 -3.237304687500000000e-01 9.848632812500000000e-01
-3.239746093750000000e-01 -3.884277343750000000e-01 1.010742187500000000e+00
-3.142089843750000000e-01 -2.797851562500000000e-01 9.963378906250000000e-01
-1.660156250000000000e-01 -1.840820312500000000e-01 1.089843750000000000e+00
-2.575683593750000000e-01 -2.150878906250000000e-01 1.012939453125000000e+00
-2.209472656250000000e-01 -1.894531250000000000e-01 9.924316406250000000e-01
-2.209472656250000000e-01 -1.894531250000000000e-01 9.924316406250000000e-01
-2.758789062500000000e-01 -9.863281250000000000e-02 1.091796875000000000e+00
-2.531738281250000000e-01 -9.643554687500000000e-02 1.038818359375000000e+00
-2.531738281250000000e-01 -9.643554687500000000e-02 1.038818359375000000e+00
-1.867675781250000000e-01 -1.010742187500000000e-01 1.082031250000000000e+00
-1.867675781250000000e-01 -1.010742187500000000e-01 1.082031250000000000e+00
-2.543945312500000000e-01 -1.887207031250000000e-01 1.071289062500000000e+00
-2.543945312500000000e-01 -1.887207031250000000e-01 1.071289062500000000e+00
-1.740722656250000000e-01 -1.081542968750000000e-01 1.093017578125000000e+00
-1.777343750000000000e-01 -1.086425781250000000e-01 1.036621093750000000e+00
-1.777343750000000000e-01 -1.086425781250000000e-01 1.036621093750000000e+00
-1.679687500000000000e-01 -9.472656250000000000e-02 1.045410156250000000e+00
-1.679687500000000000e-01 -9.472656250000000000e-02 1.045410156250000000e+00
-1.843261718750000000e-01 -1.423339843750000000e-01 1.088134765625000000e+00
-2.629394531250000000e-01 -1.445312500000000000e-01 1.039062500000000000e+00
-2.644042968750000000e-01 -1.562500000000000000e-01 1.048828125000000000e+00
-2.507324218750000000e-01 -1.025390625000000000e-01 1.046386718750000000e+00
-1.691894531250000000e-01 -1.096191406250000000e-01 1.036132812500000000e+00
-1.691894531250000000e-01 -1.010742187500000000e-01 1.077636718750000000e+00
-1.674804687500000000e-01 -9.423828125000000000e-02 1.091064453125000000e+00
-1.794433593750000000e-01 -9.497070312500000000e-02 1.033447265625000000e+00
-2.507324218750000000e-01 -9.887695312500000000e-02 1.038085937500000000e+00
-1.867675781250000000e-01 -1.479492187500000000e-01 1.039062500000000000e+00
-2.556152343750000000e-01 -1.044921875000000000e-01 1.032226562500000000e+00
-2.539062500000000000e-01 -1.035156250000000000e-01 1.032714843750000000e+00
-1.862792968750000000e-01 -9.741210937500000000e-02 1.092041015625000000e+00
-1.862792968750000000e-01 -9.741210937500000000e-02 1.092041015625000000e+00
-2.551269531250000000e-01 -1.562500000000000000e-01 1.032226562500000000e+00
-2.568359375000000000e-01 -9.423828125000000000e-02 1.034179687500000000e+00
-2.548828125000000000e-01 -9.570312500000000000e-02 1.034423828125000000e+00
-2.609863281250000000e-01 -9.497070312500000000e-02 1.093261718750000000e+00
-2.551269531250000000e-01 -9.790039062500000000e-02 1.090820312500000000e+00
-2.551269531250000000e-01 -9.790039062500000000e-02 1.090820312500000000e+00
-2.612304687500000000e-01 -9.814453125000000000e-02 1.088623046875000000e+00
-2.583007812500000000e-01 -1.059570312500000000e-01 1.035644531250000000e+00
-2.548828125000000000e-01 -9.692382812500000000e-02 1.087158203125000000e+00
-2.609863281250000000e-01 -1.552734375000000000e-01 1.033447265625000000e+00
-2.595214843750000000e-01 -1.015625000000000000e-01 1.032226562500000000e+00
-2.590332031250000000e-01 -1.013183593750000000e-01 1.034912109375000000e+00
-2.573242187500000000e-01 -9.423828125000000000e-02 1.089599609375000000e+00
-2.546386718750000000e-01 -9.448242187500000000e-02 1.033691406250000000e+00
-2.565917968750000000e-01 -9.521484375000000000e-02 1.032958984375000000e+00
-2.568359375000000000e-01 -9.497070312500000000e-02 1.033203125000000000e+00
-2.565917968750000000e-01 -9.399414062500000000e-02 1.092041015625000000e+00
-2.534179687500000000e-01 -9.692382812500000000e-02 1.093017578125000000e+00
-2.534179687500000000e-01 -9.692382812500000000e-02 1.093017578125000000e+00
-2.504882812500000000e-01 -1.557617187500000000e-01 1.091308593750000000e+00
-2.504882812500000000e-01 -1.557617187500000000e-01 1.091308593750000000e+00
-2.500000000000000000e-01 -9.472656250000000000e-02 1.033447265625000000e+00
-2.500000000000000000e-01 -9.619140625000000000e-02 1.090576171875000000e+00
-2.521972656250000000e-01 -9.423828125000000000e-02 1.032470703125000000e+00
-2.526855468750000000e-01 -9.838867187500000000e-02 1.087158203125000000e+00
-2.536621093750000000e-01 -9.472656250000000000e-02 1.089111328125000000e+00
-2.587890625000000000e-01 -9.912109375000000000e-02 1.091796875000000000e+00
-2.587890625000000000e-01 -9.643554687500000000e-02 1.032714843750000000e+00
-2.580566406250000000e-01 -9.790039062500000000e-02 1.086425781250000000e+00
-2.619628906250000000e-01 -9.594726562500000000e-02 1.088623046875000000e+00
-2.626953125000000000e-01 -1.000976562500000000e-01 1.036132812500000000e+00
-2.614746093750000000e-01 -9.741210937500000000e-02 1.078613281250000000e+00
-2.668457031250000000e-01 -9.887695312500000000e-02 1.093261718750000000e+00
-2.658691406250000000e-01 -9.838867187500000000e-02 1.086669921875000000e+00
-2.709960937500000000e-01 -1.018066406250000000e-01 1.088378906250000000e+00
-2.709960937500000000e-01 -1.018066406250000000e-01 1.088378906250000000e+00
-2.709960937500000000e-01 -1.018066406250000000e-01 1.088378906250000000e+00
-2.692871093750000000e-01 -1.035156250000000000e-01 1.086669921875000000e+00
-2.692871093750000000e-01 -1.020507812500000000e-01 1.088378906250000000e+00
-2.731933593750000000e-01 -9.741210937500000000e-02 1.087890625000000000e+00
-2.658691406250000000e-01 -9.765625000000000000e-02 1.089843750000000000e+00
-2.702636718750000000e-01 -1.015625000000000000e-01 1.091064453125000000e+00
-2.670898437500000000e-01 -9.863281250000000000e-02 1.089355468750000000e+00
-2.695312500000000000e-01 -9.545898437500000000e-02 1.090820312500000000e+00
-2.680664062500000000e-01 -9.838867187500000000e-02 1.031982421875000000e+00
-2.639160156250000000e-01 -9.643554687500000000e-02 1.086181640625000000e+00
-2.661132812500000000e-01 -9.887695312500000000e-02 1.090576171875000000e+00
-2.607421875000000000e-01 -9.594726562500000000e-02 1.036132812500000000e+00
-2.563476562500000000e-01 -9.741210937500000000e-02 1.091796875000000000e+00
-2.626953125000000000e-01 -9.521484375000000000e-02 1.091308593750000000e+00
-2.502441406250000000e-01 -9.570312500000000000e-02 1.041748046875000000e+00
-2.617187500000000000e-01 -1.552734375000000000e-01 1.082031250000000000e+00
-2.578125000000000000e-01 -1.550292968750000000e-01 1.091308593750000000e+00
-2.541503906250000000e-01 -1.552734375000000000e-01 1.093505859375000000e+00
-2.541503906250000000e-01 -1.552734375000000000e-01 1.093505859375000000e+00
-2.521972656250000000e-01 -1.508789062500000000e-01 1.093261718750000000e+00
-2.521972656250000000e-01 -1.508789062500000000e-01 1.093261718750000000e+00
-2.561035156250000000e-01 -1.547851562500000000e-01 1.088134765625000000e+00
-2.602539062500000000e-01 -1.535644531250000000e-01 1.091064453125000000e+00
-2.648925781250000000e-01 -1.547851562500000000e-01 1.087158203125000000e+00
-2.619628906250000000e-01 -1.545410156250000000e-01 1.034912109375000000e+00
-2.629394531250000000e-01 -9.692382812500000000e-02 1.093017578125000000e+00
-2.614746093750000000e-01 -9.741210937500000000e-02 1.089355468750000000e+00
-2.612304687500000000e-01 -9.985351562500000000e-02 1.032714843750000000e+00
-2.673339843750000000e-01 -9.472656250000000000e-02 1.086914062500000000e+00
-2.648925781250000000e-01 -9.838867187500000000e-02 1.087646484375000000e+00
-2.673339843750000000e-01 -9.692382812500000000e-02 1.032226562500000000e+00
-2.646484375000000000e-01 -1.025390625000000000e-01 1.033203125000000000e+00
-2.614746093750000000e-01 -9.619140625000000000e-02 1.087890625000000000e+00
-2.631835937500000000e-01 -9.741210937500000000e-02 1.084716796875000000e+00
-2.629394531250000000e-01 -9.936523437500000000e-02 1.089599609375000000e+00
-2.612304687500000000e-01 -1.547851562500000000e-01 1.089111328125000000e+00
-2.670898437500000000e-01 -9.814453125000000000e-02 1.079589843750000000e+00
-2.724609375000000000e-01 -9.863281250000000000e-02 1.084228515625000000e+00
-2.734375000000000000e-01 -1.010742187500000000e-01 1.092529296875000000e+00
-2.675781250000000000e-01 -9.838867187500000000e-02 1.089599609375000000e+00
