1.019531250000000000e+00 7.080078000000000066e-03 -1.572265630000000136e-01
1.019531250000000000e+00 7.080078000000000066e-03 -1.572265630000000136e-01
1.020751952999999990e+00 1.000976599999999980e-02 -2.177734380000000136e-01
1.020751952999999990e+00 1.000976599999999980e-02 -2.177734380000000136e-01
1.017333983999999969e+00 7.568359000000000197e-03 -2.150878910000000033e-01
1.019775391000000031e+00 5.859375000000000000e-03 -1.579589839999999967e-01
1.027587891000000031e+00 9.277343999999999868e-03 -1.577148439999999929e-01
1.021972655999999979e+00 7.324218999999999868e-03 -1.582031250000000000e-01
1.030761719000000021e+00 4.394531000000000132e-03 -1.604003910000000033e-01
1.025634766000000031e+00 6.347656000000000132e-03 -2.099609380000000136e-01
9.360351559999999793e-01 0.000000000000000000e+00 -2.165527339999999967e-01
1.018310547000000010e+00 -8.227539100000000327e-02 -1.577148439999999929e-01
1.016601563000000041e+00 -7.641601600000000327e-02 -1.740722660000000033e-01
9.848632809999999793e-01 1.196289099999999980e-02 -1.611328130000000136e-01
1.015380858999999969e+00 -6.347656299999999974e-02 -1.621093750000000000e-01
9.716796880000000414e-01 -9.326171900000000681e-02 -1.972656250000000000e-01
1.012695313000000041e+00 -4.418945299999999660e-02 -1.933593750000000000e-01
1.008056641000000031e+00 -4.711914100000000327e-02 -1.135253910000000033e-01
1.001708983999999969e+00 -8.276367199999999646e-02 -2.033691410000000033e-01
9.411621089999999690e-01 -4.879999999999999898e-04 -1.022949219999999965e-01
1.056884766000000031e+00 6.640625000000000000e-02 -5.346679700000000340e-02
1.040283202999999990e+00 -3.613281299999999974e-02 -9.008789100000000327e-02
1.001464844000000021e+00 -2.978515600000000013e-02 3.002929699999999993e-02
1.001953125000000000e+00 1.140136719999999965e-01 -3.002929699999999993e-02
1.014648438000000041e+00 -5.126953000000000066e-03 -4.467773399999999673e-02
9.333496089999999690e-01 8.056640599999999319e-02 -7.495117199999999646e-02
9.458007809999999793e-01 1.286621089999999967e-01 8.300781000000000132e-03
9.240722660000000310e-01 1.169433589999999967e-01 -9.521484000000000197e-03
1.034179688000000041e+00 5.883789100000000327e-02 1.928710939999999929e-01
1.070800780999999979e+00 1.259765630000000136e-01 -3.671875000000000000e-01
1.013671875000000000e+00 -1.220703000000000066e-03 9.350585899999999673e-02
6.157226559999999793e-01 -4.760742200000000340e-02 -3.813476559999999793e-01
1.152832030999999979e+00 -2.031250000000000000e-01 -5.810546899999999987e-02
1.014160155999999979e+00 6.835937500000000000e-02 -3.337402340000000245e-01
8.234863279999999897e-01 -3.735351600000000327e-02 -1.853027339999999967e-01
8.725585940000000207e-01 1.271972660000000033e-01 -2.573242190000000207e-01
8.249511720000000103e-01 -4.003906299999999974e-02 -1.005859379999999997e-01
9.475097660000000310e-01 -1.904296899999999987e-02 2.441406299999999974e-02
3.283691409999999755e-01 -4.951171879999999859e-01 -2.453613279999999897e-01
3.283691409999999755e-01 -4.951171879999999859e-01 -2.453613279999999897e-01
7.402343750000000000e-01 -3.090820309999999793e-01 -8.632812500000000000e-01
4.079589840000000245e-01 1.179199219999999965e-01 -7.145996089999999690e-01
9.631347660000000310e-01 3.173828129999999859e-01 -7.780761720000000103e-01
9.235839839999999690e-01 -2.536621090000000245e-01 -1.796875000000000000e-01
3.453857422000000010e+00 3.859863279999999897e-01 -1.200683594000000021e+00
1.406738280999999979e+00 -3.886718750000000000e-01 -4.509277340000000245e-01
1.459716797000000010e+00 2.421875000000000000e-01 -1.076660160000000033e-01
6.875000000000000000e-01 -1.416015630000000136e-01 -5.935058589999999690e-01
2.775878909999999755e-01 -1.984863279999999897e-01 -2.790527340000000245e-01
-5.363769529999999897e-01 -5.817871089999999690e-01 -3.220214840000000245e-01
-3.266601559999999793e-01 -4.399414059999999793e-01 -1.022949219999999965e-01
-4.704589840000000245e-01 -3.125000000000000000e-01 -8.408203130000000414e-01
-4.074707029999999897e-01 -1.604003910000000033e-01 -3.781738279999999897e-01
-1.050537108999999969e+00 -6.440429690000000207e-01 -8.330078130000000414e-01
-7.023925779999999897e-01 -1.185058594000000021e+00 -8.032226559999999793e-01
-5.715332029999999897e-01 -1.090820313000000041e+00 -8.588867190000000207e-01
-8.574218750000000000e-01 -6.157226559999999793e-01 -1.153320313000000041e+00
-6.760253910000000310e-01 -1.373046875000000000e+00 -7.717285160000000310e-01
-3.044433590000000245e-01 -7.197265630000000414e-01 -3.928222659999999755e-01
-2.272949220000000103e-01 -3.701171879999999859e-01 -3.645019529999999897e-01
-2.443847660000000033e-01 -5.332031250000000000e-01 -5.886230470000000103e-01
-4.782714840000000245e-01 -6.140136720000000103e-01 -8.444824220000000103e-01
-4.243164059999999793e-01 -5.517578130000000414e-01 -7.309570309999999793e-01
-3.474121090000000245e-01 -6.269531250000000000e-01 -5.954589839999999690e-01
-4.404296879999999859e-01 -6.342773440000000207e-01 -5.649414059999999793e-01
-3.444824220000000103e-01 -5.961914059999999793e-01 -4.890136720000000103e-01
-3.710937500000000000e-01 -6.054687500000000000e-01 -5.322265630000000414e-01
-3.649902340000000245e-01 -5.939941410000000310e-01 -5.556640630000000414e-01
-4.125976559999999793e-01 -6.076660160000000310e-01 -6.098632809999999793e-01
-4.675292970000000103e-01 -6.054687500000000000e-01 -6.472167970000000103e-01
-4.433593750000000000e-01 -6.411132809999999793e-01 -5.395507809999999793e-01
-4.428710940000000207e-01 -6.516113279999999897e-01 -5.932617190000000207e-01
-4.455566409999999755e-01 -6.474609380000000414e-01 -5.412597660000000310e-01
-4.685058590000000245e-01 -6.071777339999999690e-01 -6.262207029999999897e-01
-4.543457029999999897e-01 -6.027832029999999897e-01 -5.361328130000000414e-01
-4.541015629999999859e-01 -5.952148440000000207e-01 -5.520019529999999897e-01
-4.487304690000000207e-01 -5.986328130000000414e-01 -5.917968750000000000e-01
-4.523925779999999897e-01 -6.015625000000000000e-01 -5.412597660000000310e-01
-4.526367190000000207e-01 -5.957031250000000000e-01 -5.454101559999999793e-01
-4.479980470000000103e-01 -5.983886720000000103e-01 -5.424804690000000207e-01
-4.475097659999999755e-01 -5.998535160000000310e-01 -5.422363279999999897e-01
-4.426269529999999897e-01 -6.027832029999999897e-01 -5.373535160000000310e-01
-4.389648440000000207e-01 -5.996093750000000000e-01 -5.419921880000000414e-01
-4.455566409999999755e-01 -6.044921880000000414e-01 -5.397949220000000103e-01
-4.428710940000000207e-01 -6.052246089999999690e-01 -5.419921880000000414e-01
-4.399414059999999793e-01 -6.074218750000000000e-01 -5.424804690000000207e-01
-3.737792970000000103e-01 -6.040039059999999793e-01 -5.449218750000000000e-01
-4.416503909999999755e-01 -6.008300779999999897e-01 -5.441894529999999897e-01
-4.404296879999999859e-01 -6.044921880000000414e-01 -5.510253910000000310e-01
-3.691406250000000000e-01 -5.991210940000000207e-01 -5.415039059999999793e-01
-4.387207029999999897e-01 -6.074218750000000000e-01 -5.400390630000000414e-01
-4.509277340000000245e-01 -6.027832029999999897e-01 -5.461425779999999897e-01
-4.396972659999999755e-01 -6.015625000000000000e-01 -5.434570309999999793e-01
-4.411621090000000245e-01 -6.003417970000000103e-01 -5.424804690000000207e-01
-4.401855470000000103e-01 -5.991210940000000207e-01 -5.439453130000000414e-01
-4.431152340000000245e-01 -6.047363279999999897e-01 -5.437011720000000103e-01
-4.382324220000000103e-01 -6.020507809999999793e-01 -5.480957029999999897e-01
-4.399414059999999793e-01 -6.018066410000000310e-01 -5.439453130000000414e-01
-4.409179690000000207e-01 -6.062011720000000103e-01 -5.402832029999999897e-01
-4.399414059999999793e-01 -6.035156250000000000e-01 -5.402832029999999897e-01
-3.740234379999999859e-01 -5.988769529999999897e-01 -5.400390630000000414e-01
-4.404296879999999859e-01 -6.022949220000000103e-01 -5.515136720000000103e-01
-4.433593750000000000e-01 -6.015625000000000000e-01 -5.500488279999999897e-01
-4.401855470000000103e-01 -6.008300779999999897e-01 -5.405273440000000207e-01
-4.389648440000000207e-01 -5.991210940000000207e-01 -5.529785160000000310e-01
-4.416503909999999755e-01 -6.000976559999999793e-01 -5.507812500000000000e-01
-4.414062500000000000e-01 -6.027832029999999897e-01 -5.344238279999999897e-01
-4.450683590000000245e-01 -6.003417970000000103e-01 -5.498046880000000414e-01
-4.450683590000000245e-01 -6.003417970000000103e-01 -5.498046880000000414e-01
-4.423828129999999859e-01 -5.959472660000000310e-01 -5.383300779999999897e-01
-4.443359379999999859e-01 -5.974121089999999690e-01 -5.441894529999999897e-01
-4.411621090000000245e-01 -6.022949220000000103e-01 -5.463867190000000207e-01
-4.394531250000000000e-01 -6.037597660000000310e-01 -5.373535160000000310e-01
-4.421386720000000103e-01 -5.971679690000000207e-01 -5.412597660000000310e-01
-4.423828129999999859e-01 -6.030273440000000207e-01 -5.393066410000000310e-01
-4.416503909999999755e-01 -6.018066410000000310e-01 -5.502929690000000207e-01
-3.718261720000000103e-01 -6.018066410000000310e-01 -5.358886720000000103e-01
-3.745117190000000207e-01 -6.015625000000000000e-01 -5.375976559999999793e-01
-3.745117190000000207e-01 -6.015625000000000000e-01 -5.375976559999999793e-01
-4.414062500000000000e-01 -6.032714839999999690e-01 -5.476074220000000103e-01
-3.676757809999999793e-01 -5.954589839999999690e-01 -5.380859380000000414e-01
-4.440917970000000103e-01 -6.010742190000000207e-01 -5.551757809999999793e-01
-4.445800779999999897e-01 -6.047363279999999897e-01 -5.432128910000000310e-01
-4.384765629999999859e-01 -6.010742190000000207e-01 -5.368652339999999690e-01
-4.384765629999999859e-01 -6.008300779999999897e-01 -5.458984380000000414e-01
-4.384765629999999859e-01 -6.008300779999999897e-01 -5.458984380000000414e-01
-4.387207029999999897e-01 -6.000976559999999793e-01 -5.368652339999999690e-01
-4.494628909999999755e-01 -6.062011720000000103e-01 -5.476074220000000103e-01
-4.494628909999999755e-01 -6.062011720000000103e-01 -5.476074220000000103e-01
-4.494628909999999755e-01 -6.062011720000000103e-01 -5.476074220000000103e-01
-4.494628909999999755e-01 -6.062011720000000103e-01 -5.476074220000000103e-01
-4.443359379999999859e-01 -6.062011720000000103e-01 -5.473632809999999793e-01
-4.416503909999999755e-01 -6.064453130000000414e-01 -5.422363279999999897e-01
-4.423828129999999859e-01 -6.086425779999999897e-01 -5.339355470000000103e-01
-4.458007809999999793e-01 -6.140136720000000103e-01 -5.412597660000000310e-01
-4.445800779999999897e-01 -6.123046880000000414e-01 -5.390625000000000000e-01
-4.389648440000000207e-01 -6.096191410000000310e-01 -5.339355470000000103e-01
-4.418945309999999793e-01 -6.098632809999999793e-01 -5.935058589999999690e-01
-4.477539059999999793e-01 -6.113281250000000000e-01 -5.349121089999999690e-01
-4.418945309999999793e-01 -6.086425779999999897e-01 -5.363769529999999897e-01
-4.455566409999999755e-01 -6.130371089999999690e-01 -5.334472660000000310e-01
-4.445800779999999897e-01 -6.174316410000000310e-01 -5.329589839999999690e-01
-4.379882809999999793e-01 -6.086425779999999897e-01 -5.454101559999999793e-01
-4.375000000000000000e-01 -6.132812500000000000e-01 -5.341796880000000414e-01
-3.740234379999999859e-01 -6.147460940000000207e-01 -5.458984380000000414e-01
-3.723144529999999897e-01 -6.083984380000000414e-01 -5.332031250000000000e-01
-3.635253909999999755e-01 -6.162109380000000414e-01 -5.854492190000000207e-01
-3.730468750000000000e-01 -6.174316410000000310e-01 -5.327148440000000207e-01
-3.732910159999999755e-01 -6.174316410000000310e-01 -5.405273440000000207e-01
-3.740234379999999859e-01 -6.123046880000000414e-01 -5.405273440000000207e-01
-3.698730470000000103e-01 -6.064453130000000414e-01 -5.334472660000000310e-01
-3.698730470000000103e-01 -6.113281250000000000e-01 -5.419921880000000414e-01
-3.640136720000000103e-01 -6.079101559999999793e-01 -5.393066410000000310e-01
-3.671875000000000000e-01 -6.047363279999999897e-01 -5.483398440000000207e-01
-3.671875000000000000e-01 -6.047363279999999897e-01 -5.483398440000000207e-01
-3.723144529999999897e-01 -6.115722660000000310e-01 -5.466308589999999690e-01
-3.708496090000000245e-01 -6.071777339999999690e-01 -5.495605470000000103e-01
-3.669433590000000245e-01 -6.066894529999999897e-01 -5.495605470000000103e-01
-3.669433590000000245e-01 -6.066894529999999897e-01 -5.495605470000000103e-01
-3.640136720000000103e-01 -6.120605470000000103e-01 -5.493164059999999793e-01
-3.583984379999999859e-01 -6.098632809999999793e-01 -5.461425779999999897e-01
-3.583984379999999859e-01 -6.098632809999999793e-01 -5.461425779999999897e-01
-3.618164059999999793e-01 -6.123046880000000414e-01 -5.556640630000000414e-01
-3.605957029999999897e-01 -6.132812500000000000e-01 -5.556640630000000414e-01
-3.569335940000000207e-01 -6.088867190000000207e-01 -5.449218750000000000e-01
-3.552246090000000245e-01 -6.081542970000000103e-01 -5.502929690000000207e-01
-3.488769529999999897e-01 -6.118164059999999793e-01 -5.515136720000000103e-01
-3.498535159999999755e-01 -6.105957029999999897e-01 -5.500488279999999897e-01
-3.513183590000000245e-01 -6.154785160000000310e-01 -5.520019529999999897e-01
-3.547363279999999897e-01 -6.127929690000000207e-01 -5.546875000000000000e-01
-3.471679690000000207e-01 -6.108398440000000207e-01 -5.498046880000000414e-01
-3.471679690000000207e-01 -6.108398440000000207e-01 -5.498046880000000414e-01
-3.500976559999999793e-01 -6.135253910000000310e-01 -5.595703130000000414e-01
-3.491210940000000207e-01 -6.140136720000000103e-01 -5.522460940000000207e-01
-3.547363279999999897e-01 -6.152343750000000000e-01 -5.520019529999999897e-01
-3.532714840000000245e-01 -6.123046880000000414e-01 -5.527343750000000000e-01
-3.532714840000000245e-01 -6.135253910000000310e-01 -5.485839839999999690e-01
-3.547363279999999897e-01 -6.147460940000000207e-01 -5.595703130000000414e-01
-3.488769529999999897e-01 -6.137695309999999793e-01 -5.590820309999999793e-01
-3.479003909999999755e-01 -6.091308589999999690e-01 -5.522460940000000207e-01
-3.525390629999999859e-01 -6.105957029999999897e-01 -5.581054690000000207e-01
-3.503417970000000103e-01 -6.123046880000000414e-01 -5.458984380000000414e-01
-3.535156250000000000e-01 -6.157226559999999793e-01 -5.595703130000000414e-01
-3.522949220000000103e-01 -6.110839839999999690e-01 -5.590820309999999793e-01
-3.469238279999999897e-01 -6.127929690000000207e-01 -5.505371089999999690e-01
-3.452148440000000207e-01 -6.113281250000000000e-01 -5.529785160000000310e-01
-4.052734379999999859e-01 -6.145019529999999897e-01 -5.603027339999999690e-01
-4.057617190000000207e-01 -6.125488279999999897e-01 -5.493164059999999793e-01
-4.030761720000000103e-01 -6.083984380000000414e-01 -5.498046880000000414e-01
-3.483886720000000103e-01 -6.098632809999999793e-01 -5.415039059999999793e-01
-3.486328129999999859e-01 -6.083984380000000414e-01 -6.276855470000000103e-01
-3.486328129999999859e-01 -6.083984380000000414e-01 -6.276855470000000103e-01
-3.454589840000000245e-01 -6.101074220000000103e-01 -5.534667970000000103e-01
-3.500976559999999793e-01 -6.032714839999999690e-01 -5.590820309999999793e-01
-3.549804690000000207e-01 -6.049804690000000207e-01 -5.573730470000000103e-01
-3.500976559999999793e-01 -6.003417970000000103e-01 -5.549316410000000310e-01
-3.508300779999999897e-01 -6.127929690000000207e-01 -5.554199220000000103e-01
-3.488769529999999897e-01 -6.076660160000000310e-01 -5.539550779999999897e-01
-3.469238279999999897e-01 -6.079101559999999793e-01 -5.456542970000000103e-01
-3.989257809999999793e-01 -6.064453130000000414e-01 -5.446777339999999690e-01
