9.941406250000000000e-01 -8.544921875000000000e-02 2.092285156250000000e-01
9.941406250000000000e-01 -8.544921875000000000e-02 2.092285156250000000e-01
9.877929687500000000e-01 -9.155273437500000000e-02 2.106933593750000000e-01
9.877929687500000000e-01 -9.155273437500000000e-02 2.106933593750000000e-01
9.897460937500000000e-01 -8.593750000000000000e-02 2.158203125000000000e-01
9.916992187500000000e-01 -8.618164062500000000e-02 2.163085937500000000e-01
9.916992187500000000e-01 -8.618164062500000000e-02 2.163085937500000000e-01
9.924316406250000000e-01 -9.082031250000000000e-02 1.579589843750000000e-01
9.943847656250000000e-01 -8.593750000000000000e-02 1.640625000000000000e-01
9.902343750000000000e-01 -9.008789062500000000e-02 2.126464843750000000e-01
9.902343750000000000e-01 -9.008789062500000000e-02 2.126464843750000000e-01
9.848632812500000000e-01 -8.618164062500000000e-02 2.014160156250000000e-01
9.848632812500000000e-01 -8.618164062500000000e-02 2.014160156250000000e-01
9.926757812500000000e-01 -8.520507812500000000e-02 2.160644531250000000e-01
9.963378906250000000e-01 -8.471679687500000000e-02 2.026367187500000000e-01
9.865722656250000000e-01 -8.471679687500000000e-02 2.009277343750000000e-01
9.958496093750000000e-01 -8.325195312500000000e-02 1.943359375000000000e-01
1.063232421875000000e+00 -8.935546875000000000e-02 1.977539062500000000e-01
9.953613281250000000e-01 -9.179687500000000000e-02 1.906738281250000000e-01
9.936523437500000000e-01 -9.301757812500000000e-02 1.948242187500000000e-01
9.987792968750000000e-01 -8.447265625000000000e-02 1.186523437500000000e-01
1.066406250000000000e+00 -7.788085937500000000e-02 1.184082031250000000e-01
9.819335937500000000e-01 -8.813476562500000000e-02 1.162109375000000000e-01
1.064208984375000000e+00 -8.349609375000000000e-02 1.132812500000000000e-01
9.956054687500000000e-01 -7.226562500000000000e-02 1.040039062500000000e-01
9.951171875000000000e-01 -8.276367187500000000e-02 1.020507812500000000e-01
1.072265625000000000e+00 -9.350585937500000000e-02 1.179199218750000000e-01
9.868164062500000000e-01 -9.106445312500000000e-02 9.497070312500000000e-02
1.069580078125000000e+00 -8.032226562500000000e-02 1.425781250000000000e-01
1.066162109375000000e+00 -7.470703125000000000e-02 1.398925781250000000e-01
1.077148437500000000e+00 -3.466796875000000000e-02 1.274414062500000000e-01
1.071777343750000000e+00 -8.374023437500000000e-02 1.279296875000000000e-01
1.087890625000000000e+00 -3.588867187500000000e-02 4.174804687500000000e-02
1.064697265625000000e+00 -8.520507812500000000e-02 4.956054687500000000e-02
1.087646484375000000e+00 -8.740234375000000000e-02 8.715820312500000000e-02
1.015136718750000000e+00 -8.789062500000000000e-02 2.004394531250000000e-01
1.053466796875000000e+00 -6.689453125000000000e-02 1.933593750000000000e-01
9.267578125000000000e-01 -1.022949218750000000e-01 2.155761718750000000e-01
9.375000000000000000e-01 8.105468750000000000e-02 3.146972656250000000e-01
1.079589843750000000e+00 5.053710937500000000e-02 9.863281250000000000e-02
7.021484375000000000e-01 -5.786132812500000000e-02 2.185058593750000000e-01
9.721679687500000000e-01 -3.637695312500000000e-01 2.683105468750000000e-01
1.103027343750000000e+00 3.613281250000000000e-02 -3.295898437500000000e-02
7.355957031250000000e-01 -6.176757812500000000e-02 1.635742187500000000e-02
5.666503906250000000e-01 -5.688476562500000000e-02 1.691894531250000000e-01
8.198242187500000000e-01 1.220703125000000000e-02 2.121582031250000000e-01
7.902832031250000000e-01 -2.194824218750000000e-01 9.814453125000000000e-02
6.242675781250000000e-01 1.350097656250000000e-01 6.201171875000000000e-02
3.754882812500000000e-01 -3.369140625000000000e-01 2.597656250000000000e-01
3.754882812500000000e-01 -3.369140625000000000e-01 2.597656250000000000e-01
3.181152343750000000e-01 3.442382812500000000e-02 4.221191406250000000e-01
3.181152343750000000e-01 3.442382812500000000e-02 4.221191406250000000e-01
1.806640625000000000e-01 9.790039062500000000e-02 3.588867187500000000e-01
5.561523437500000000e-01 -3.710937500000000000e-01 1.407226562500000000e+00
1.461914062500000000e+00 -6.556884765625000000e+00 8.000000000000000000e+00
-3.366455078125000000e+00 1.277099609375000000e+00 1.479492187500000000e+00
-6.665039062500000000e-02 -8.322753906250000000e-01 8.483886718750000000e-01
1.708984375000000000e-02 6.835937500000000000e-01 1.225585937500000000e+00
-4.611816406250000000e-01 -1.479492187500000000e-01 3.659667968750000000e-01
-1.277587890625000000e+00 -1.316650390625000000e+00 9.863281250000000000e-01
-7.763671875000000000e-01 -8.815917968750000000e-01 8.579101562500000000e-01
5.219726562500000000e-01 -5.187988281250000000e-01 6.645507812500000000e-01
-1.363525390625000000e+00 -2.097167968750000000e-01 8.400878906250000000e-01
-6.875000000000000000e-01 2.270507812500000000e-01 2.910156250000000000e-01
-1.984863281250000000e-01 1.645507812500000000e-01 1.130371093750000000e+00
-1.652832031250000000e-01 9.497070312500000000e-02 1.262695312500000000e+00
1.511230468750000000e-01 1.142578125000000000e-01 1.432128906250000000e+00
6.086425781250000000e-01 -3.959960937500000000e-01 1.320312500000000000e+00
6.237792968750000000e-01 -2.224121093750000000e-01 1.005126953125000000e+00
-7.080078125000000000e-03 3.076171875000000000e-02 8.598632812500000000e-01
-3.403320312500000000e-01 -2.629394531250000000e-01 1.001220703125000000e+00
1.232910156250000000e-01 -3.425292968750000000e-01 1.218994140625000000e+00
1.943359375000000000e-01 -1.821289062500000000e-01 1.147705078125000000e+00
3.027343750000000000e-02 -3.410644531250000000e-01 1.256835937500000000e+00
-1.699218750000000000e-01 -2.038574218750000000e-01 7.351074218750000000e-01
1.528320312500000000e-01 -2.004394531250000000e-01 1.233154296875000000e+00
-5.346679687500000000e-02 -2.087402343750000000e-01 1.152587890625000000e+00
-1.003417968750000000e-01 -5.810546875000000000e-02 9.355468750000000000e-01
1.352539062500000000e-01 -4.565429687500000000e-02 1.140625000000000000e+00
2.661132812500000000e-02 -1.882324218750000000e-01 1.156982421875000000e+00
7.080078125000000000e-02 -1.972656250000000000e-01 1.133056640625000000e+00
8.911132812500000000e-02 -9.448242187500000000e-02 1.065917968750000000e+00
-1.391601562500000000e-02 -1.213378906250000000e-01 1.150634765625000000e+00
1.611328125000000000e-02 -1.843261718750000000e-01 1.040039062500000000e+00
2.905273437500000000e-02 -1.687011718750000000e-01 1.036132812500000000e+00
-6.811523437500000000e-02 -2.033691406250000000e-01 1.143310546875000000e+00
-6.689453125000000000e-02 -1.572265625000000000e-01 1.085693359375000000e+00
-5.664062500000000000e-02 -1.738281250000000000e-01 1.141113281250000000e+00
-5.664062500000000000e-02 -1.738281250000000000e-01 1.141113281250000000e+00
5.712890625000000000e-02 -1.506347656250000000e-01 1.041259765625000000e+00
-8.081054687500000000e-02 -1.662597656250000000e-01 1.034423828125000000e+00
-4.663085937500000000e-02 -1.733398437500000000e-01 1.110839843750000000e+00
4.858398437500000000e-02 -1.101074218750000000e-01 1.028320312500000000e+00
-1.926269531250000000e-01 -2.502441406250000000e-01 1.147216796875000000e+00
-8.862304687500000000e-02 -2.180175781250000000e-01 1.133789062500000000e+00
-1.374511718750000000e-01 -1.657714843750000000e-01 1.033203125000000000e+00
6.811523437500000000e-02 -1.960449218750000000e-01 1.125732421875000000e+00
-9.521484375000000000e-03 -1.242675781250000000e-01 1.059326171875000000e+00
1.049804687500000000e-02 -2.182617187500000000e-01 1.049072265625000000e+00
-7.568359375000000000e-02 -2.004394531250000000e-01 1.152587890625000000e+00
-7.421875000000000000e-02 -1.042480468750000000e-01 1.214599609375000000e+00
1.398925781250000000e-01 -2.080078125000000000e-01 9.062500000000000000e-01
-1.091308593750000000e-01 -2.182617187500000000e-01 1.162109375000000000e+00
-9.106445312500000000e-02 -2.163085937500000000e-01 1.058105468750000000e+00
-6.298828125000000000e-02 -2.067871093750000000e-01 1.093261718750000000e+00
-1.757812500000000000e-02 -1.250000000000000000e-01 1.136230468750000000e+00
-7.983398437500000000e-02 -1.621093750000000000e-01 1.129150390625000000e+00
2.758789062500000000e-02 -1.984863281250000000e-01 1.038330078125000000e+00
6.347656250000000000e-03 -2.165527343750000000e-01 1.053710937500000000e+00
1.464843750000000000e-03 -2.087402343750000000e-01 1.056884765625000000e+00
1.757812500000000000e-02 -1.945800781250000000e-01 1.135986328125000000e+00
8.789062500000000000e-03 -1.892089843750000000e-01 1.089355468750000000e+00
-6.567382812500000000e-02 -2.014160156250000000e-01 1.137939453125000000e+00
1.147460937500000000e-02 -2.019042968750000000e-01 1.133789062500000000e+00
4.882812500000000000e-03 -1.994628906250000000e-01 1.049560546875000000e+00
2.221679687500000000e-02 -2.084960937500000000e-01 1.040283203125000000e+00
3.906250000000000000e-03 -2.011718750000000000e-01 1.134521484375000000e+00
-6.860351562500000000e-02 -1.921386718750000000e-01 1.051513671875000000e+00
1.464843750000000000e-02 -2.006835937500000000e-01 1.137695312500000000e+00
9.521484375000000000e-03 -1.933593750000000000e-01 1.062255859375000000e+00
2.343750000000000000e-02 -2.048339843750000000e-01 1.032958984375000000e+00
2.148437500000000000e-02 -1.928710937500000000e-01 1.133056640625000000e+00
1.098632812500000000e-02 -1.977539062500000000e-01 1.125976562500000000e+00
1.684570312500000000e-02 -1.970214843750000000e-01 1.043212890625000000e+00
1.757812500000000000e-02 -1.977539062500000000e-01 1.061767578125000000e+00
1.611328125000000000e-02 -2.001953125000000000e-01 1.134277343750000000e+00
3.002929687500000000e-02 -1.948242187500000000e-01 1.090820312500000000e+00
3.002929687500000000e-02 -1.948242187500000000e-01 1.090820312500000000e+00
6.835937500000000000e-03 -1.962890625000000000e-01 1.060546875000000000e+00
6.835937500000000000e-03 -1.962890625000000000e-01 1.060546875000000000e+00
1.440429687500000000e-02 -1.184082031250000000e-01 1.055175781250000000e+00
9.521484375000000000e-03 -1.989746093750000000e-01 1.131347656250000000e+00
1.953125000000000000e-02 -1.914062500000000000e-01 1.043212890625000000e+00
2.001953125000000000e-02 -1.250000000000000000e-01 1.140625000000000000e+00
2.221679687500000000e-02 -1.186523437500000000e-01 1.144531250000000000e+00
2.587890625000000000e-02 -1.914062500000000000e-01 1.129150390625000000e+00
2.856445312500000000e-02 -2.036132812500000000e-01 1.127685546875000000e+00
-2.343750000000000000e-02 -2.062988281250000000e-01 1.077392578125000000e+00
-2.197265625000000000e-02 -1.884765625000000000e-01 1.146240234375000000e+00
3.076171875000000000e-02 -2.053222656250000000e-01 1.054931640625000000e+00
-1.879882812500000000e-02 -1.943359375000000000e-01 1.035400390625000000e+00
-2.783203125000000000e-02 -1.911621093750000000e-01 1.102783203125000000e+00
-2.929687500000000000e-02 -1.958007812500000000e-01 1.044677734375000000e+00
-1.538085937500000000e-02 -1.250000000000000000e-01 1.137939453125000000e+00
-2.734375000000000000e-02 -1.904296875000000000e-01 1.142333984375000000e+00
-8.300781250000000000e-03 -2.014160156250000000e-01 1.032226562500000000e+00
-1.684570312500000000e-02 -1.240234375000000000e-01 1.135253906250000000e+00
-2.465820312500000000e-02 -1.906738281250000000e-01 1.133544921875000000e+00
-1.196289062500000000e-02 -1.235351562500000000e-01 1.054443359375000000e+00
-2.099609375000000000e-02 -1.232910156250000000e-01 1.128173828125000000e+00
-1.391601562500000000e-02 -1.198730468750000000e-01 1.062255859375000000e+00
-1.806640625000000000e-02 -1.184082031250000000e-01 1.060058593750000000e+00
-2.490234375000000000e-02 -1.206054687500000000e-01 1.132080078125000000e+00
-1.684570312500000000e-02 -1.198730468750000000e-01 1.125976562500000000e+00
-5.615234375000000000e-03 -1.186523437500000000e-01 1.143798828125000000e+00
6.518554687500000000e-02 -2.011718750000000000e-01 1.116210937500000000e+00
-2.685546875000000000e-02 -2.072753906250000000e-01 1.084716796875000000e+00
-4.638671875000000000e-03 -2.067871093750000000e-01 1.091796875000000000e+00
-7.324218750000000000e-03 -2.033691406250000000e-01 1.048095703125000000e+00
-4.882812500000000000e-04 -2.163085937500000000e-01 1.081054687500000000e+00
6.396484375000000000e-02 -2.026367187500000000e-01 1.095214843750000000e+00
-2.075195312500000000e-02 -1.992187500000000000e-01 1.032958984375000000e+00
6.372070312500000000e-02 -2.055664062500000000e-01 1.043701171875000000e+00
-1.025390625000000000e-02 -1.987304687500000000e-01 1.101074218750000000e+00
7.031250000000000000e-02 -2.031250000000000000e-01 1.053710937500000000e+00
-1.171875000000000000e-02 -2.045898437500000000e-01 1.033935546875000000e+00
-1.171875000000000000e-02 -2.045898437500000000e-01 1.033935546875000000e+00
6.323242187500000000e-02 -1.892089843750000000e-01 1.153808593750000000e+00
6.323242187500000000e-02 -1.892089843750000000e-01 1.153808593750000000e+00
6.884765625000000000e-02 -1.896972656250000000e-01 1.063476562500000000e+00
-1.391601562500000000e-02 -2.155761718750000000e-01 1.126220703125000000e+00
-1.489257812500000000e-02 -1.911621093750000000e-01 1.131347656250000000e+00
-1.733398437500000000e-02 -1.928710937500000000e-01 1.057861328125000000e+00
-1.464843750000000000e-02 -1.997070312500000000e-01 1.136718750000000000e+00
-5.615234375000000000e-03 -1.960449218750000000e-01 1.151855468750000000e+00
-2.441406250000000000e-04 -2.102050781250000000e-01 1.088378906250000000e+00
-9.765625000000000000e-04 -1.894531250000000000e-01 1.055908203125000000e+00
-2.441406250000000000e-04 -1.931152343750000000e-01 1.127441406250000000e+00
-1.123046875000000000e-02 -1.904296875000000000e-01 1.133056640625000000e+00
-3.662109375000000000e-03 -1.242675781250000000e-01 1.128662109375000000e+00
-2.685546875000000000e-03 -1.220703125000000000e-01 1.133789062500000000e+00
6.274414062500000000e-02 -1.242675781250000000e-01 1.051757812500000000e+00
-6.347656250000000000e-03 -2.041015625000000000e-01 1.134277343750000000e+00
6.958007812500000000e-02 -1.914062500000000000e-01 1.129882812500000000e+00
6.494140625000000000e-02 -1.247558593750000000e-01 1.049316406250000000e+00
-5.859375000000000000e-03 -1.179199218750000000e-01 1.125732421875000000e+00
-6.347656250000000000e-03 -1.203613281250000000e-01 1.127197265625000000e+00
7.690429687500000000e-02 -1.208496093750000000e-01 1.037841796875000000e+00
-1.708984375000000000e-02 -1.196289062500000000e-01 1.154296875000000000e+00
-1.220703125000000000e-03 -1.105957031250000000e-01 1.132324218750000000e+00
-4.882812500000000000e-03 -1.918945312500000000e-01 1.129150390625000000e+00
-0.000000000000000000e+00 -1.191406250000000000e-01 1.128662109375000000e+00
6.713867187500000000e-02 -1.892089843750000000e-01 1.061035156250000000e+00
-3.417968750000000000e-03 -1.220703125000000000e-01 1.061767578125000000e+00
-8.789062500000000000e-03 -1.887207031250000000e-01 1.127929687500000000e+00
-2.441406250000000000e-03 -1.208496093750000000e-01 1.133056640625000000e+00
6.274414062500000000e-02 -1.225585937500000000e-01 1.131347656250000000e+00
6.542968750000000000e-02 -1.215820312500000000e-01 1.131835937500000000e+00
-0.000000000000000000e+00 -1.943359375000000000e-01 1.058593750000000000e+00
6.469726562500000000e-02 -1.997070312500000000e-01 1.054199218750000000e+00
