1.023437500000000000e+00 -1.140136718750000000e-01 -1.586914062500000000e-01
1.019287109375000000e+00 -1.113281250000000000e-01 -2.023925781250000000e-01
1.018554687500000000e+00 -1.057128906250000000e-01 -1.152343750000000000e-01
1.021240234375000000e+00 -9.863281250000000000e-02 -2.119140625000000000e-01
1.030273437500000000e+00 -1.113281250000000000e-01 -1.201171875000000000e-01
1.030273437500000000e+00 -1.113281250000000000e-01 -1.201171875000000000e-01
1.022460937500000000e+00 -1.049804687500000000e-01 -1.020507812500000000e-01
1.017822265625000000e+00 -9.765625000000000000e-02 -9.545898437500000000e-02
1.026611328125000000e+00 -1.052246093750000000e-01 -9.814453125000000000e-02
1.026611328125000000e+00 -1.052246093750000000e-01 -9.814453125000000000e-02
9.724121093750000000e-01 -1.530761718750000000e-01 -1.933593750000000000e-01
1.072265625000000000e+00 -1.550292968750000000e-01 -1.787109375000000000e-01
1.000244140625000000e+00 -2.609863281250000000e-01 -2.968750000000000000e-01
9.406738281250000000e-01 -1.845703125000000000e-01 -3.137207031250000000e-01
8.869628906250000000e-01 -1.137695312500000000e-01 -9.448242187500000000e-02
1.139404296875000000e+00 -1.169433593750000000e-01 2.221679687500000000e-02
1.139404296875000000e+00 -1.169433593750000000e-01 2.221679687500000000e-02
1.018310546875000000e+00 2.636718750000000000e-02 -4.809570312500000000e-02
9.567871093750000000e-01 -1.987304687500000000e-01 -1.857910156250000000e-01
9.641113281250000000e-01 -1.582031250000000000e-01 -2.441406250000000000e-01
9.641113281250000000e-01 -1.582031250000000000e-01 -2.441406250000000000e-01
1.907958984375000000e+00 1.875000000000000000e-01 -4.216308593750000000e-01
1.907958984375000000e+00 1.875000000000000000e-01 -4.216308593750000000e-01
1.038330078125000000e+00 -9.082031250000000000e-02 8.105468750000000000e-02
8.840332031250000000e-01 -3.857421875000000000e-02 1.025390625000000000e-02
9.077148437500000000e-01 -4.687500000000000000e-02 -1.281738281250000000e-01
1.027832031250000000e+00 6.982421875000000000e-02 -2.236328125000000000e-01
8.886718750000000000e-01 2.145996093750000000e-01 -2.810058593750000000e-01
9.885253906250000000e-01 -5.112304687500000000e-01 6.445312500000000000e-02
9.094238281250000000e-01 -1.843261718750000000e-01 7.348632812500000000e-02
1.194335937500000000e+00 -3.637695312500000000e-02 9.057617187500000000e-02
1.027343750000000000e+00 -2.319335937500000000e-01 -7.739257812500000000e-02
8.959960937500000000e-01 -3.637695312500000000e-01 -8.911132812500000000e-02
6.342773437500000000e-01 -2.246093750000000000e-01 -9.790039062500000000e-02
1.057617187500000000e+00 -1.086425781250000000e-01 -5.358886718750000000e-01
7.565917968750000000e-01 -4.233398437500000000e-01 1.040039062500000000e-01
1.135009765625000000e+00 2.087402343750000000e-01 -7.006835937500000000e-02
1.135009765625000000e+00 2.087402343750000000e-01 -7.006835937500000000e-02
6.535644531250000000e-01 2.409667968750000000e-01 -2.534179687500000000e-01
6.535644531250000000e-01 2.409667968750000000e-01 -2.534179687500000000e-01
1.180664062500000000e+00 -2.714843750000000000e-01 3.637695312500000000e-02
1.052734375000000000e+00 -2.163085937500000000e-01 9.765625000000000000e-03
8.591308593750000000e-01 5.737304687500000000e-02 7.763671875000000000e-02
8.591308593750000000e-01 5.737304687500000000e-02 7.763671875000000000e-02
8.103027343750000000e-01 1.879882812500000000e-01 -9.765625000000000000e-04
8.103027343750000000e-01 1.879882812500000000e-01 -9.765625000000000000e-04
5.634765625000000000e-01 -8.569335937500000000e-02 -3.759765625000000000e-02
5.634765625000000000e-01 -8.569335937500000000e-02 -3.759765625000000000e-02
5.168457031250000000e-01 1.486816406250000000e-01 -1.848144531250000000e-01
6.430664062500000000e-01 7.519531250000000000e-02 -4.663085937500000000e-01
1.110107421875000000e+00 -7.243652343750000000e-01 -2.922607421875000000e+00
3.540039062500000000e+00 3.435058593750000000e-01 -6.735839843750000000e-01
-3.471679687500000000e-01 -1.137695312500000000e-01 -3.273925781250000000e-01
-3.471679687500000000e-01 -1.137695312500000000e-01 -3.273925781250000000e-01
1.029296875000000000e+00 -1.333007812500000000e-01 -1.540527343750000000e-01
7.031250000000000000e-01 1.586914062500000000e-02 1.567382812500000000e-01
7.031250000000000000e-01 1.586914062500000000e-02 1.567382812500000000e-01
5.556640625000000000e-01 -3.132324218750000000e-01 -2.792968750000000000e-01
5.556640625000000000e-01 -3.132324218750000000e-01 -2.792968750000000000e-01
-3.237304687500000000e-01 -9.545898437500000000e-02 -1.757812500000000000e-01
-4.375000000000000000e-01 4.670410156250000000e-01 -1.196533203125000000e+00
-4.375000000000000000e-01 4.670410156250000000e-01 -1.196533203125000000e+00
-2.084716796875000000e+00 -4.187011718750000000e-01 -1.422363281250000000e+00
-2.084716796875000000e+00 -4.187011718750000000e-01 -1.422363281250000000e+00
-4.643554687500000000e-01 -7.155761718750000000e-01 -2.152832031250000000e+00
-8.916015625000000000e-01 3.674316406250000000e-01 -1.777832031250000000e+00
-3.505859375000000000e-01 -2.231445312500000000e-01 -9.130859375000000000e-01
-4.355468750000000000e-01 2.272949218750000000e-01 -5.659179687500000000e-01
-4.577636718750000000e-01 -1.691894531250000000e-01 -5.004882812500000000e-01
-4.174804687500000000e-01 -1.320800781250000000e-01 -7.387695312500000000e-01
-5.280761718750000000e-01 -3.564453125000000000e-02 -9.704589843750000000e-01
-4.738769531250000000e-01 -1.350097656250000000e-01 -1.089111328125000000e+00
-2.875976562500000000e-01 -1.069335937500000000e-01 -8.342285156250000000e-01
-3.183593750000000000e-01 -1.503906250000000000e-01 -8.400878906250000000e-01
-2.353515625000000000e-01 -1.923828125000000000e-01 -9.426269531250000000e-01
-2.548828125000000000e-01 -2.106933593750000000e-01 -9.013671875000000000e-01
-1.779785156250000000e-01 -3.369140625000000000e-02 -8.825683593750000000e-01
-9.814453125000000000e-02 -1.296386718750000000e-01 -9.436035156250000000e-01
-1.274414062500000000e-01 -1.425781250000000000e-01 -9.797363281250000000e-01
-1.074218750000000000e-02 -1.406250000000000000e-01 -9.443359375000000000e-01
-2.880859375000000000e-02 -6.567382812500000000e-02 -1.005615234375000000e+00
8.789062500000000000e-03 -3.271484375000000000e-02 -8.449707031250000000e-01
-5.883789062500000000e-02 -4.809570312500000000e-02 -9.211425781250000000e-01
-9.521484375000000000e-02 -4.150390625000000000e-02 -8.454589843750000000e-01
-2.087402343750000000e-01 -8.471679687500000000e-02 -1.079589843750000000e+00
-1.723632812500000000e-01 1.660156250000000000e-02 -8.479003906250000000e-01
-1.804199218750000000e-01 -2.148437500000000000e-02 -8.483886718750000000e-01
-1.721191406250000000e-01 6.762695312500000000e-02 -8.056640625000000000e-01
-2.121582031250000000e-01 7.031250000000000000e-02 -8.115234375000000000e-01
-2.158203125000000000e-01 -3.906250000000000000e-03 -9.404296875000000000e-01
-1.899414062500000000e-01 -8.056640625000000000e-03 -8.730468750000000000e-01
-1.154785156250000000e-01 -2.685546875000000000e-02 -8.620605468750000000e-01
-1.247558593750000000e-01 2.026367187500000000e-02 -8.610839843750000000e-01
-1.960449218750000000e-01 1.708984375000000000e-02 -8.654785156250000000e-01
-2.050781250000000000e-01 1.660156250000000000e-02 -8.696289062500000000e-01
-2.033691406250000000e-01 2.050781250000000000e-02 -8.669433593750000000e-01
-1.965332031250000000e-01 1.928710937500000000e-02 -8.603515625000000000e-01
-1.967773437500000000e-01 2.514648437500000000e-02 -8.647460937500000000e-01
-1.999511718750000000e-01 2.783203125000000000e-02 -8.725585937500000000e-01
-1.987304687500000000e-01 2.441406250000000000e-02 -8.666992187500000000e-01
-2.019042968750000000e-01 2.563476562500000000e-02 -8.625488281250000000e-01
-1.997070312500000000e-01 2.319335937500000000e-02 -8.713378906250000000e-01
-1.970214843750000000e-01 2.368164062500000000e-02 -8.698730468750000000e-01
-2.011718750000000000e-01 2.197265625000000000e-02 -8.706054687500000000e-01
-1.967773437500000000e-01 2.514648437500000000e-02 -8.720703125000000000e-01
-2.001953125000000000e-01 2.124023437500000000e-02 -8.701171875000000000e-01
-1.989746093750000000e-01 1.977539062500000000e-02 -8.652343750000000000e-01
-1.965332031250000000e-01 2.026367187500000000e-02 -8.703613281250000000e-01
-2.014160156250000000e-01 2.050781250000000000e-02 -8.730468750000000000e-01
-2.009277343750000000e-01 2.270507812500000000e-02 -8.703613281250000000e-01
-1.982421875000000000e-01 2.075195312500000000e-02 -8.676757812500000000e-01
-2.019042968750000000e-01 1.928710937500000000e-02 -8.632812500000000000e-01
-1.989746093750000000e-01 2.026367187500000000e-02 -8.620605468750000000e-01
-1.992187500000000000e-01 2.001953125000000000e-02 -8.666992187500000000e-01
-2.001953125000000000e-01 2.172851562500000000e-02 -8.693847656250000000e-01
-1.992187500000000000e-01 2.319335937500000000e-02 -8.679199218750000000e-01
-1.958007812500000000e-01 2.075195312500000000e-02 -8.676757812500000000e-01
-2.006835937500000000e-01 2.246093750000000000e-02 -8.706054687500000000e-01
-2.001953125000000000e-01 2.075195312500000000e-02 -8.640136718750000000e-01
-1.994628906250000000e-01 2.319335937500000000e-02 -8.664550781250000000e-01
-2.038574218750000000e-01 2.270507812500000000e-02 -8.740234375000000000e-01
-2.014160156250000000e-01 2.392578125000000000e-02 -8.662109375000000000e-01
-1.992187500000000000e-01 2.148437500000000000e-02 -8.703613281250000000e-01
-2.036132812500000000e-01 2.490234375000000000e-02 -8.671875000000000000e-01
-1.984863281250000000e-01 2.294921875000000000e-02 -8.713378906250000000e-01
-1.967773437500000000e-01 2.026367187500000000e-02 -8.630371093750000000e-01
-2.004394531250000000e-01 2.563476562500000000e-02 -8.688964843750000000e-01
-2.006835937500000000e-01 2.392578125000000000e-02 -8.679199218750000000e-01
-2.031250000000000000e-01 2.124023437500000000e-02 -8.666992187500000000e-01
-1.977539062500000000e-01 2.099609375000000000e-02 -8.676757812500000000e-01
-1.997070312500000000e-01 2.490234375000000000e-02 -8.654785156250000000e-01
-1.984863281250000000e-01 2.075195312500000000e-02 -8.623046875000000000e-01
-2.026367187500000000e-01 2.026367187500000000e-02 -8.613281250000000000e-01
-2.026367187500000000e-01 2.490234375000000000e-02 -8.618164062500000000e-01
-1.997070312500000000e-01 2.441406250000000000e-02 -8.681640625000000000e-01
-1.999511718750000000e-01 2.343750000000000000e-02 -8.742675781250000000e-01
-1.994628906250000000e-01 2.099609375000000000e-02 -8.742675781250000000e-01
-2.028808593750000000e-01 2.197265625000000000e-02 -8.725585937500000000e-01
-1.997070312500000000e-01 2.514648437500000000e-02 -8.723144531250000000e-01
-2.021484375000000000e-01 1.782226562500000000e-02 -8.635253906250000000e-01
-1.999511718750000000e-01 2.001953125000000000e-02 -8.691406250000000000e-01
-2.001953125000000000e-01 2.148437500000000000e-02 -8.674316406250000000e-01
-2.021484375000000000e-01 2.075195312500000000e-02 -8.630371093750000000e-01
-2.004394531250000000e-01 2.172851562500000000e-02 -8.664550781250000000e-01
-2.006835937500000000e-01 2.050781250000000000e-02 -8.698730468750000000e-01
-2.016601562500000000e-01 2.294921875000000000e-02 -8.681640625000000000e-01
-1.997070312500000000e-01 2.392578125000000000e-02 -8.703613281250000000e-01
-2.043457031250000000e-01 1.782226562500000000e-02 -8.679199218750000000e-01
-1.994628906250000000e-01 1.977539062500000000e-02 -8.723144531250000000e-01
-2.001953125000000000e-01 1.904296875000000000e-02 -8.669433593750000000e-01
-2.026367187500000000e-01 1.708984375000000000e-02 -8.691406250000000000e-01
-1.972656250000000000e-01 2.294921875000000000e-02 -8.632812500000000000e-01
-2.016601562500000000e-01 1.855468750000000000e-02 -8.625488281250000000e-01
-1.979980468750000000e-01 1.684570312500000000e-02 -8.579101562500000000e-01
-2.011718750000000000e-01 2.001953125000000000e-02 -8.671875000000000000e-01
-2.041015625000000000e-01 2.416992187500000000e-02 -8.593750000000000000e-01
-2.053222656250000000e-01 1.977539062500000000e-02 -8.664550781250000000e-01
-2.019042968750000000e-01 1.806640625000000000e-02 -8.627929687500000000e-01
-1.972656250000000000e-01 2.172851562500000000e-02 -8.710937500000000000e-01
-2.031250000000000000e-01 2.270507812500000000e-02 -8.649902343750000000e-01
-2.048339843750000000e-01 2.099609375000000000e-02 -8.720703125000000000e-01
-2.004394531250000000e-01 1.684570312500000000e-02 -8.652343750000000000e-01
-2.045898437500000000e-01 2.075195312500000000e-02 -8.659667968750000000e-01
-2.028808593750000000e-01 2.221679687500000000e-02 -8.666992187500000000e-01
-2.031250000000000000e-01 1.684570312500000000e-02 -8.703613281250000000e-01
-2.048339843750000000e-01 1.977539062500000000e-02 -8.623046875000000000e-01
-2.026367187500000000e-01 2.294921875000000000e-02 -8.618164062500000000e-01
-2.011718750000000000e-01 2.197265625000000000e-02 -8.645019531250000000e-01
-2.006835937500000000e-01 1.684570312500000000e-02 -8.671875000000000000e-01
-2.043457031250000000e-01 1.855468750000000000e-02 -8.642578125000000000e-01
-2.036132812500000000e-01 1.831054687500000000e-02 -8.662109375000000000e-01
-2.031250000000000000e-01 1.489257812500000000e-02 -8.713378906250000000e-01
-2.048339843750000000e-01 1.855468750000000000e-02 -8.662109375000000000e-01
-2.021484375000000000e-01 1.660156250000000000e-02 -8.632812500000000000e-01
-2.033691406250000000e-01 1.660156250000000000e-02 -8.613281250000000000e-01
-2.006835937500000000e-01 1.977539062500000000e-02 -8.615722656250000000e-01
-2.016601562500000000e-01 1.879882812500000000e-02 -8.635253906250000000e-01
-2.019042968750000000e-01 1.953125000000000000e-02 -8.669433593750000000e-01
-2.011718750000000000e-01 1.538085937500000000e-02 -8.652343750000000000e-01
-2.016601562500000000e-01 1.831054687500000000e-02 -8.637695312500000000e-01
-2.036132812500000000e-01 1.733398437500000000e-02 -8.657226562500000000e-01
-2.043457031250000000e-01 2.124023437500000000e-02 -8.696289062500000000e-01
-2.023925781250000000e-01 2.075195312500000000e-02 -8.652343750000000000e-01
-2.023925781250000000e-01 2.050781250000000000e-02 -8.671875000000000000e-01
-2.041015625000000000e-01 1.831054687500000000e-02 -8.681640625000000000e-01
-2.026367187500000000e-01 2.099609375000000000e-02 -8.645019531250000000e-01
-2.031250000000000000e-01 2.050781250000000000e-02 -8.645019531250000000e-01
-2.048339843750000000e-01 1.879882812500000000e-02 -8.630371093750000000e-01
-2.060546875000000000e-01 2.368164062500000000e-02 -8.698730468750000000e-01
-2.016601562500000000e-01 1.928710937500000000e-02 -8.696289062500000000e-01
-2.016601562500000000e-01 1.538085937500000000e-02 -8.679199218750000000e-01
-2.011718750000000000e-01 2.148437500000000000e-02 -8.666992187500000000e-01
-2.009277343750000000e-01 1.538085937500000000e-02 -8.701171875000000000e-01
-1.982421875000000000e-01 2.343750000000000000e-02 -8.676757812500000000e-01
-2.031250000000000000e-01 1.928710937500000000e-02 -8.684082031250000000e-01
-2.009277343750000000e-01 1.879882812500000000e-02 -8.645019531250000000e-01
-2.062988281250000000e-01 2.246093750000000000e-02 -8.671875000000000000e-01
-2.033691406250000000e-01 2.172851562500000000e-02 -8.679199218750000000e-01
-2.019042968750000000e-01 1.831054687500000000e-02 -8.615722656250000000e-01
-2.004394531250000000e-01 2.343750000000000000e-02 -8.679199218750000000e-01
