1.015380858999999969e+00 -9.228515599999999319e-02 -1.857910160000000033e-01
1.001953125000000000e+00 -3.710937500000000000e-02 -1.748046880000000136e-01
1.027099608999999969e+00 -3.540039100000000327e-02 -1.628417970000000103e-01
1.005371094000000021e+00 -4.248046899999999987e-02 -1.679687500000000000e-01
1.022705077999999990e+00 -8.789062500000000000e-02 -1.630859380000000136e-01
1.011962891000000031e+00 -4.125976600000000327e-02 -1.577148439999999929e-01
1.010009766000000031e+00 -4.663085899999999673e-02 -1.660156250000000000e-01
1.019531250000000000e+00 -3.955078100000000013e-02 -2.045898439999999929e-01
1.027099608999999969e+00 -3.564453100000000013e-02 -2.165527339999999967e-01
1.027099608999999969e+00 -3.564453100000000013e-02 -2.165527339999999967e-01
1.022949219000000021e+00 -7.885742199999999646e-02 -1.589355470000000103e-01
1.016601563000000041e+00 -7.177734400000000681e-02 -1.623535160000000033e-01
1.005615233999999969e+00 -7.226562500000000000e-02 -1.677246089999999967e-01
1.013916016000000031e+00 -7.958984400000000681e-02 -1.870117189999999929e-01
1.024414063000000041e+00 -6.982421900000000681e-02 -2.680664059999999793e-01
1.015136719000000021e+00 -8.959960899999999673e-02 -1.853027339999999967e-01
1.012451172000000010e+00 -3.271484399999999987e-02 -2.556152340000000245e-01
1.003417969000000021e+00 -8.593750000000000000e-02 -2.597656250000000000e-01
1.010986327999999990e+00 -3.637695299999999660e-02 -2.573242190000000207e-01
1.010009766000000031e+00 -9.277343799999999974e-02 -2.607421879999999859e-01
1.005615233999999969e+00 -3.369140600000000013e-02 -2.546386720000000103e-01
1.009277344000000021e+00 -9.033203099999999319e-02 -2.580566409999999755e-01
1.006591797000000010e+00 -8.837890599999999319e-02 -2.543945309999999793e-01
1.008056641000000031e+00 -9.106445300000000354e-02 -2.504882809999999793e-01
1.013183594000000021e+00 -3.295898399999999673e-02 -2.543945309999999793e-01
1.010742188000000041e+00 -3.271484399999999987e-02 -2.631835940000000207e-01
1.009277344000000021e+00 -3.393554700000000340e-02 -2.612304690000000207e-01
1.010742188000000041e+00 -3.759765600000000013e-02 -2.285156250000000000e-01
1.019287108999999969e+00 -3.344726600000000327e-02 -2.338867189999999929e-01
1.026367188000000041e+00 -3.515625000000000000e-02 -2.634277340000000245e-01
9.353027339999999690e-01 -3.491210899999999673e-02 -2.578125000000000000e-01
1.026123047000000010e+00 -4.077148399999999673e-02 -2.714843750000000000e-01
9.645996089999999690e-01 -3.515625000000000000e-02 -1.860351560000000071e-01
9.084472660000000310e-01 -4.394531299999999974e-02 -1.655273439999999929e-01
9.599609380000000414e-01 -1.306152339999999967e-01 -1.586914060000000071e-01
9.650878910000000310e-01 -1.154785160000000033e-01 -1.901855470000000103e-01
9.675292970000000103e-01 -1.518554689999999929e-01 -1.655273439999999929e-01
7.919921880000000414e-01 -1.950683589999999967e-01 -9.375000000000000000e-02
6.757812500000000000e-01 -3.354492190000000207e-01 -2.939453129999999859e-01
6.762695309999999793e-01 -2.978515629999999859e-01 -2.268066410000000033e-01
6.813964839999999690e-01 -2.414550779999999897e-01 -1.650390630000000136e-01
5.207519529999999897e-01 6.542968799999999974e-02 -3.361816409999999755e-01
7.419433589999999690e-01 -2.670898440000000207e-01 -1.286621089999999967e-01
5.681152339999999690e-01 -1.416015600000000013e-02 -2.390136720000000103e-01
8.713378910000000310e-01 -3.178710940000000207e-01 -3.225097659999999755e-01
7.626953130000000414e-01 -7.177734400000000681e-02 -3.842773440000000207e-01
9.299316410000000310e-01 -2.773437500000000000e-01 -3.879394529999999897e-01
1.208740233999999969e+00 -2.219238279999999897e-01 -3.854980470000000103e-01
8.522949220000000103e-01 -9.399414100000000327e-02 8.789062999999999737e-03
1.054931641000000031e+00 -1.489257810000000071e-01 -5.737304700000000340e-02
1.039062500000000000e+00 5.615234000000000197e-03 1.660156299999999974e-02
8.593750000000000000e-01 2.644042970000000103e-01 -8.764648399999999673e-02
1.268554688000000041e+00 5.756835940000000207e-01 -4.094238279999999897e-01
1.175292969000000021e+00 -1.003417969999999965e-01 -6.835937500000000000e-01
1.774658202999999990e+00 2.334960938000000041e+00 -6.372070300000000354e-02
8.630371089999999690e-01 1.645507810000000071e-01 5.046386720000000103e-01
3.186035159999999755e-01 1.365234375000000000e+00 -1.828613279999999897e-01
-1.879882800000000007e-02 1.178466797000000010e+00 -2.253417970000000103e-01
-6.391601559999999793e-01 8.615722660000000310e-01 1.176757809999999932e-01
-6.391601559999999793e-01 8.615722660000000310e-01 1.176757809999999932e-01
-2.111816410000000033e-01 2.756347659999999755e-01 1.208496089999999967e-01
-3.176269529999999897e-01 7.563476559999999793e-01 2.331542970000000103e-01
-3.176269529999999897e-01 7.563476559999999793e-01 2.331542970000000103e-01
-4.460449220000000103e-01 9.077148440000000207e-01 3.771972659999999755e-01
-3.591308590000000245e-01 1.282470702999999990e+00 9.619140599999999319e-02
-3.308105470000000103e-01 1.159912108999999969e+00 1.171875000000000000e-01
-3.308105470000000103e-01 1.159912108999999969e+00 1.171875000000000000e-01
-8.154296900000000681e-02 1.012695313000000041e+00 -2.807617199999999993e-02
5.224609399999999987e-02 8.623046880000000414e-01 -6.103515600000000013e-02
2.158203130000000136e-01 9.658203130000000414e-01 -1.311035160000000033e-01
5.444335899999999673e-02 1.115234375000000000e+00 -1.186523440000000068e-01
1.125488280000000035e-01 1.093017577999999990e+00 -6.347656299999999974e-02
1.125488280000000035e-01 1.093017577999999990e+00 -6.347656299999999974e-02
2.707519529999999897e-01 8.269042970000000103e-01 1.181640629999999997e-01
6.225585899999999673e-02 9.489746089999999690e-01 1.330566410000000033e-01
9.936523399999999673e-02 1.075439452999999990e+00 -1.196289099999999980e-02
8.715820300000000354e-02 9.782714839999999690e-01 7.202148399999999673e-02
1.328125000000000000e-01 9.672851559999999793e-01 5.004882799999999660e-02
9.130859400000000681e-02 9.169921880000000414e-01 1.271972660000000033e-01
3.857421899999999987e-02 9.770507809999999793e-01 8.911132800000000354e-02
1.425781250000000000e-01 1.015136719000000021e+00 3.930664100000000327e-02
1.298828130000000136e-01 9.335937500000000000e-01 3.808593799999999974e-02
1.284179689999999929e-01 9.321289059999999793e-01 8.642578099999999319e-02
5.590820299999999660e-02 1.012939452999999990e+00 8.398437500000000000e-02
6.030273399999999673e-02 1.011474608999999969e+00 8.740234400000000681e-02
5.517578100000000013e-02 1.000488280999999979e+00 4.174804700000000340e-02
5.517578100000000013e-02 1.000488280999999979e+00 4.174804700000000340e-02
5.346679700000000340e-02 9.362792970000000103e-01 5.004882799999999660e-02
1.262207029999999897e-01 9.367675779999999897e-01 4.418945299999999660e-02
6.250000000000000000e-02 1.009033202999999990e+00 4.028320299999999660e-02
5.859375000000000000e-02 1.008789063000000041e+00 3.271484399999999987e-02
5.224609399999999987e-02 1.012695313000000041e+00 8.544921900000000681e-02
5.444335899999999673e-02 1.001953125000000000e+00 9.130859400000000681e-02
5.151367200000000340e-02 1.009521483999999969e+00 3.393554700000000340e-02
5.151367200000000340e-02 1.009521483999999969e+00 3.393554700000000340e-02
5.102539100000000327e-02 1.007568358999999969e+00 9.008789100000000327e-02
1.254882810000000071e-01 1.009765625000000000e+00 9.082031299999999974e-02
5.517578100000000013e-02 1.000000000000000000e+00 8.789062500000000000e-02
5.322265600000000013e-02 1.002929688000000041e+00 9.277343799999999974e-02
5.053710899999999673e-02 1.005615233999999969e+00 8.935546900000000681e-02
5.126953100000000013e-02 1.009033202999999990e+00 9.008789100000000327e-02
5.395507799999999660e-02 1.001953125000000000e+00 9.228515599999999319e-02
5.078125000000000000e-02 1.012451172000000010e+00 8.032226600000000327e-02
5.078125000000000000e-02 1.012451172000000010e+00 8.032226600000000327e-02
5.883789100000000327e-02 1.003417969000000021e+00 8.227539100000000327e-02
5.224609399999999987e-02 1.005126952999999990e+00 7.373046900000000681e-02
4.565429700000000340e-02 1.012939452999999990e+00 8.398437500000000000e-02
5.224609399999999987e-02 1.002929688000000041e+00 8.325195300000000354e-02
5.249023399999999673e-02 1.002929688000000041e+00 8.715820300000000354e-02
4.907226600000000327e-02 1.003906250000000000e+00 8.422851600000000327e-02
5.444335899999999673e-02 1.003417969000000021e+00 8.642578099999999319e-02
5.444335899999999673e-02 1.005126952999999990e+00 8.447265599999999319e-02
5.297851600000000327e-02 1.003662108999999969e+00 9.228515599999999319e-02
5.346679700000000340e-02 1.007080077999999990e+00 3.173828100000000013e-02
5.541992200000000340e-02 1.005126952999999990e+00 9.033203099999999319e-02
5.566406299999999974e-02 1.007568358999999969e+00 9.155273399999999673e-02
5.297851600000000327e-02 1.002929688000000041e+00 3.149414100000000327e-02
5.712890600000000013e-02 1.011474608999999969e+00 8.178710899999999673e-02
5.224609399999999987e-02 1.011962891000000031e+00 8.642578099999999319e-02
5.517578100000000013e-02 9.313964839999999690e-01 4.785156299999999974e-02
5.517578100000000013e-02 9.313964839999999690e-01 4.785156299999999974e-02
4.809570299999999660e-02 1.009521483999999969e+00 5.810546899999999987e-02
5.395507799999999660e-02 1.007324219000000021e+00 4.711914100000000327e-02
6.152343799999999974e-02 1.002685547000000010e+00 3.344726600000000327e-02
5.761718799999999974e-02 1.003906250000000000e+00 9.252929699999999646e-02
5.737304700000000340e-02 1.005615233999999969e+00 9.301757800000000354e-02
5.493164100000000327e-02 1.010009766000000031e+00 3.588867200000000340e-02
5.273437500000000000e-02 1.001708983999999969e+00 3.710937500000000000e-02
5.224609399999999987e-02 1.002197266000000031e+00 3.588867200000000340e-02
5.810546899999999987e-02 9.357910160000000310e-01 3.417968799999999974e-02
5.541992200000000340e-02 1.009277344000000021e+00 8.569335899999999673e-02
5.810546899999999987e-02 1.000244141000000031e+00 3.295898399999999673e-02
5.810546899999999987e-02 1.002441405999999979e+00 3.198242200000000340e-02
5.444335899999999673e-02 1.004882813000000041e+00 9.008789100000000327e-02
4.736328100000000013e-02 1.004150391000000031e+00 8.471679699999999646e-02
5.468750000000000000e-02 9.301757809999999793e-01 3.393554700000000340e-02
5.322265600000000013e-02 1.004394530999999979e+00 8.496093799999999974e-02
4.565429700000000340e-02 1.005126952999999990e+00 8.569335899999999673e-02
5.126953100000000013e-02 1.002197266000000031e+00 8.618164100000000327e-02
5.297851600000000327e-02 1.009765625000000000e+00 7.348632800000000354e-02
5.151367200000000340e-02 1.006103516000000031e+00 7.910156299999999974e-02
5.590820299999999660e-02 1.000244141000000031e+00 8.618164100000000327e-02
5.249023399999999673e-02 1.012207030999999979e+00 8.715820300000000354e-02
4.736328100000000013e-02 1.005126952999999990e+00 8.593750000000000000e-02
5.004882799999999660e-02 1.007324219000000021e+00 8.593750000000000000e-02
5.297851600000000327e-02 1.003417969000000021e+00 8.666992199999999646e-02
5.029296899999999987e-02 1.008300780999999979e+00 3.491210899999999673e-02
5.029296899999999987e-02 1.008300780999999979e+00 3.491210899999999673e-02
5.371093799999999974e-02 1.003662108999999969e+00 9.204101600000000327e-02
5.053710899999999673e-02 1.004638672000000010e+00 8.569335899999999673e-02
5.053710899999999673e-02 1.004638672000000010e+00 8.569335899999999673e-02
4.663085899999999673e-02 1.011230469000000021e+00 8.447265599999999319e-02
5.761718799999999974e-02 1.000976563000000041e+00 3.149414100000000327e-02
4.907226600000000327e-02 1.003906250000000000e+00 8.178710899999999673e-02
4.467773399999999673e-02 1.004638672000000010e+00 9.033203099999999319e-02
4.736328100000000013e-02 1.002441405999999979e+00 9.277343799999999974e-02
5.029296899999999987e-02 1.000732422000000010e+00 8.935546900000000681e-02
5.224609399999999987e-02 1.005126952999999990e+00 8.959960899999999673e-02
5.322265600000000013e-02 1.005859375000000000e+00 8.789062500000000000e-02
5.126953100000000013e-02 1.007080077999999990e+00 9.106445300000000354e-02
5.468750000000000000e-02 1.007568358999999969e+00 3.515625000000000000e-02
4.858398399999999673e-02 1.008300780999999979e+00 8.691406299999999974e-02
4.858398399999999673e-02 1.008300780999999979e+00 8.691406299999999974e-02
5.004882799999999660e-02 1.002929688000000041e+00 8.911132800000000354e-02
5.102539100000000327e-02 1.003417969000000021e+00 3.247070299999999660e-02
5.322265600000000013e-02 1.001953125000000000e+00 8.715820300000000354e-02
5.371093799999999974e-02 1.009033202999999990e+00 8.813476600000000327e-02
5.346679700000000340e-02 1.005126952999999990e+00 9.106445300000000354e-02
4.736328100000000013e-02 1.009765625000000000e+00 8.398437500000000000e-02
4.980468799999999974e-02 1.005371094000000021e+00 7.617187500000000000e-02
4.492187500000000000e-02 1.003417969000000021e+00 7.690429699999999646e-02
5.004882799999999660e-02 1.005371094000000021e+00 7.934570300000000354e-02
5.249023399999999673e-02 1.007568358999999969e+00 8.935546900000000681e-02
4.418945299999999660e-02 1.009765625000000000e+00 7.739257800000000354e-02
5.444335899999999673e-02 9.372558589999999690e-01 9.008789100000000327e-02
4.687500000000000000e-02 1.003906250000000000e+00 7.495117199999999646e-02
4.687500000000000000e-02 1.003906250000000000e+00 7.495117199999999646e-02
4.956054700000000340e-02 1.005371094000000021e+00 7.202148399999999673e-02
4.687500000000000000e-02 9.372558589999999690e-01 7.006835899999999673e-02
5.126953100000000013e-02 1.003906250000000000e+00 7.641601600000000327e-02
5.126953100000000013e-02 1.003906250000000000e+00 7.641601600000000327e-02
4.565429700000000340e-02 1.004394530999999979e+00 8.178710899999999673e-02
4.614257799999999660e-02 1.005126952999999990e+00 7.934570300000000354e-02
4.980468799999999974e-02 1.004394530999999979e+00 7.470703099999999319e-02
4.980468799999999974e-02 1.004394530999999979e+00 7.470703099999999319e-02
4.541015600000000013e-02 1.007324219000000021e+00 8.154296900000000681e-02
5.273437500000000000e-02 1.007324219000000021e+00 8.227539100000000327e-02
4.931640600000000013e-02 1.005859375000000000e+00 7.958984400000000681e-02
4.760742200000000340e-02 1.004394530999999979e+00 8.227539100000000327e-02
4.858398399999999673e-02 1.004882813000000041e+00 7.788085899999999673e-02
5.224609399999999987e-02 1.002441405999999979e+00 8.447265599999999319e-02
5.371093799999999974e-02 1.003662108999999969e+00 8.422851600000000327e-02
5.126953100000000013e-02 1.001708983999999969e+00 7.836914100000000327e-02
5.322265600000000013e-02 1.003417969000000021e+00 7.958984400000000681e-02
4.150390600000000013e-02 1.007812500000000000e+00 8.007812500000000000e-02
5.419921899999999987e-02 9.360351559999999793e-01 8.666992199999999646e-02
4.956054700000000340e-02 1.010253905999999979e+00 8.911132800000000354e-02
4.638671899999999987e-02 1.010253905999999979e+00 8.642578099999999319e-02
4.858398399999999673e-02 1.004638672000000010e+00 8.520507800000000354e-02
4.931640600000000013e-02 1.003906250000000000e+00 8.837890599999999319e-02
