9.868164062500000000e-01 -3.051757812500000000e-02 -9.594726562500000000e-02
9.868164062500000000e-01 -3.051757812500000000e-02 -9.594726562500000000e-02
1.023925781250000000e+00 -2.465820312500000000e-02 -1.970214843750000000e-01
1.023925781250000000e+00 -2.465820312500000000e-02 -1.970214843750000000e-01
1.029785156250000000e+00 8.959960937500000000e-02 -1.230468750000000000e-01
1.030273437500000000e+00 1.293945312500000000e-01 -1.076660156250000000e-01
1.020507812500000000e+00 1.279296875000000000e-01 -1.042480468750000000e-01
1.022460937500000000e+00 3.637695312500000000e-02 -1.059570312500000000e-01
1.019775390625000000e+00 7.788085937500000000e-02 -1.882324218750000000e-01
1.028320312500000000e+00 -6.103515625000000000e-03 -1.130371093750000000e-01
9.775390625000000000e-01 -1.367187500000000000e-02 -1.066894531250000000e-01
9.775390625000000000e-01 -1.367187500000000000e-02 -1.066894531250000000e-01
9.775390625000000000e-01 -1.367187500000000000e-02 -1.066894531250000000e-01
1.027099609375000000e+00 7.275390625000000000e-02 -1.484375000000000000e-01
1.029296875000000000e+00 7.055664062500000000e-02 -1.420898437500000000e-01
1.026367187500000000e+00 7.202148437500000000e-02 -1.513671875000000000e-01
9.824218750000000000e-01 9.082031250000000000e-02 -1.127929687500000000e-01
1.023925781250000000e+00 6.713867187500000000e-02 -1.516113281250000000e-01
1.014404296875000000e+00 8.325195312500000000e-02 -1.406250000000000000e-01
1.016113281250000000e+00 8.251953125000000000e-02 -1.411132812500000000e-01
9.809570312500000000e-01 -1.782226562500000000e-02 -1.982421875000000000e-01
9.794921875000000000e-01 -7.324218750000000000e-02 -1.652832031250000000e-01
9.990234375000000000e-01 -3.784179687500000000e-02 -2.731933593750000000e-01
9.804687500000000000e-01 -4.492187500000000000e-02 -2.023925781250000000e-01
9.467773437500000000e-01 7.934570312500000000e-02 -1.164550781250000000e-01
1.020507812500000000e+00 9.838867187500000000e-02 -1.005859375000000000e-01
1.151855468750000000e+00 -8.056640625000000000e-03 -1.701660156250000000e-01
8.664550781250000000e-01 1.052246093750000000e-01 -2.131347656250000000e-01
8.564453125000000000e-01 1.787109375000000000e-01 -7.348632812500000000e-02
1.128173828125000000e+00 2.065429687500000000e-01 -1.542968750000000000e-01
1.038818359375000000e+00 1.455078125000000000e-01 6.835937500000000000e-03
9.265136718750000000e-01 6.811523437500000000e-02 9.765625000000000000e-03
9.792480468750000000e-01 8.618164062500000000e-02 5.859375000000000000e-03
1.018066406250000000e+00 1.267089843750000000e-01 -1.025390625000000000e-02
9.287109375000000000e-01 1.069335937500000000e-01 8.911132812500000000e-02
1.021972656250000000e+00 2.297363281250000000e-01 1.293945312500000000e-02
9.555664062500000000e-01 2.653808593750000000e-01 1.684570312500000000e-02
9.101562500000000000e-01 1.909179687500000000e-01 -5.126953125000000000e-03
9.509277343750000000e-01 1.828613281250000000e-01 -7.836914062500000000e-02
8.823242187500000000e-01 1.879882812500000000e-01 -9.765625000000000000e-02
8.823242187500000000e-01 1.879882812500000000e-01 -9.765625000000000000e-02
8.833007812500000000e-01 1.923828125000000000e-01 -6.103515625000000000e-02
9.465332031250000000e-01 1.110839843750000000e-01 1.086425781250000000e-01
1.071044921875000000e+00 2.319335937500000000e-01 8.935546875000000000e-02
8.989257812500000000e-01 1.340332031250000000e-01 -2.727050781250000000e-01
6.633300781250000000e-01 -2.739257812500000000e-01 1.860351562500000000e-01
7.814941406250000000e-01 -1.486816406250000000e-01 -1.425781250000000000e-01
8.759765625000000000e-01 1.616210937500000000e-01 -7.714843750000000000e-02
5.266113281250000000e-01 4.394531250000000000e-02 -1.374511718750000000e-01
8.247070312500000000e-01 -2.441406250000000000e-04 -7.165527343750000000e-01
8.247070312500000000e-01 -2.441406250000000000e-04 -7.165527343750000000e-01
1.457275390625000000e+00 -2.814941406250000000e-01 -7.255859375000000000e-01
1.457275390625000000e+00 -2.814941406250000000e-01 -7.255859375000000000e-01
7.663574218750000000e-01 -1.391601562500000000e-01 -4.641113281250000000e-01
5.593261718750000000e-01 -2.441406250000000000e-01 -1.740722656250000000e-01
4.951171875000000000e-01 -2.084960937500000000e-01 -4.709472656250000000e-01
3.295898437500000000e-01 -3.688964843750000000e-01 -5.732421875000000000e-01
-1.447753906250000000e-01 -3.857421875000000000e-01 -2.866210937500000000e-01
-7.937255859375000000e+00 1.416503906250000000e+00 -7.937255859375000000e+00
-4.348144531250000000e-01 -4.785156250000000000e-01 -1.736328125000000000e+00
-1.620361328125000000e+00 -3.581542968750000000e-01 -2.397705078125000000e+00
-5.986328125000000000e-01 -1.599121093750000000e-01 -1.074218750000000000e+00
-3.762207031250000000e-01 -4.492187500000000000e-02 -6.547851562500000000e-01
5.615234375000000000e-03 1.267089843750000000e-01 -3.056640625000000000e-01
-2.639160156250000000e-01 -9.057617187500000000e-02 -4.162597656250000000e-01
-3.320312500000000000e-01 -2.539062500000000000e-02 -9.118652343750000000e-01
-2.265625000000000000e-01 -6.787109375000000000e-02 -1.192138671875000000e+00
-2.333984375000000000e-01 5.615234375000000000e-03 -1.023681640625000000e+00
-2.692871093750000000e-01 -3.466796875000000000e-02 -9.572753906250000000e-01
-2.788085937500000000e-01 -9.057617187500000000e-02 -8.239746093750000000e-01
-2.280273437500000000e-01 -5.957031250000000000e-02 -7.919921875000000000e-01
-3.154296875000000000e-01 -1.311035156250000000e-01 -8.935546875000000000e-01
-3.332519531250000000e-01 -1.313476562500000000e-01 -8.991699218750000000e-01
-3.234863281250000000e-01 -1.315917968750000000e-01 -8.828125000000000000e-01
-2.416992187500000000e-01 -6.030273437500000000e-02 -7.971191406250000000e-01
-2.490234375000000000e-01 -4.907226562500000000e-02 -8.874511718750000000e-01
-2.456054687500000000e-01 -5.151367187500000000e-02 -8.654785156250000000e-01
-2.807617187500000000e-01 -3.735351562500000000e-02 -8.552246093750000000e-01
-2.780761718750000000e-01 -4.077148437500000000e-02 -8.571777343750000000e-01
-2.695312500000000000e-01 -4.663085937500000000e-02 -8.979492187500000000e-01
-2.797851562500000000e-01 -4.028320312500000000e-02 -8.664550781250000000e-01
-2.189941406250000000e-01 -4.809570312500000000e-02 -8.530273437500000000e-01
-2.746582031250000000e-01 -4.687500000000000000e-02 -8.540039062500000000e-01
-2.678222656250000000e-01 -4.760742187500000000e-02 -8.483886718750000000e-01
-2.670898437500000000e-01 -4.345703125000000000e-02 -8.574218750000000000e-01
-2.600097656250000000e-01 -3.955078125000000000e-02 -8.845214843750000000e-01
-2.695312500000000000e-01 -3.564453125000000000e-02 -8.469238281250000000e-01
-2.727050781250000000e-01 -3.784179687500000000e-02 -8.623046875000000000e-01
-2.741699218750000000e-01 -3.271484375000000000e-02 -8.549804687500000000e-01
-2.741699218750000000e-01 -3.271484375000000000e-02 -8.549804687500000000e-01
-2.614746093750000000e-01 -3.540039062500000000e-02 -8.520507812500000000e-01
-2.614746093750000000e-01 -3.540039062500000000e-02 -8.520507812500000000e-01
-2.770996093750000000e-01 -4.150390625000000000e-02 -8.623046875000000000e-01
-2.761230468750000000e-01 -4.052734375000000000e-02 -8.559570312500000000e-01
-2.680664062500000000e-01 -4.150390625000000000e-02 -8.518066406250000000e-01
-2.629394531250000000e-01 -4.833984375000000000e-02 -8.952636718750000000e-01
-2.714843750000000000e-01 -4.321289062500000000e-02 -8.493652343750000000e-01
-2.775878906250000000e-01 -4.418945312500000000e-02 -8.500976562500000000e-01
-2.187500000000000000e-01 -4.663085937500000000e-02 -8.522949218750000000e-01
-2.736816406250000000e-01 -4.272460937500000000e-02 -8.437500000000000000e-01
-2.749023437500000000e-01 -3.662109375000000000e-02 -8.444824218750000000e-01
-2.722167968750000000e-01 -3.857421875000000000e-02 -8.557128906250000000e-01
-2.714843750000000000e-01 -3.881835937500000000e-02 -8.522949218750000000e-01
-2.741699218750000000e-01 -4.614257812500000000e-02 -8.500976562500000000e-01
-2.761230468750000000e-01 -4.663085937500000000e-02 -8.920898437500000000e-01
-2.717285156250000000e-01 -4.858398437500000000e-02 -8.562011718750000000e-01
-2.697753906250000000e-01 -4.248046875000000000e-02 -8.576660156250000000e-01
-2.639160156250000000e-01 -3.759765625000000000e-02 -8.986816406250000000e-01
-2.604980468750000000e-01 -9.008789062500000000e-02 -9.045410156250000000e-01
-2.634277343750000000e-01 -3.393554687500000000e-02 -8.476562500000000000e-01
-2.626953125000000000e-01 -9.106445312500000000e-02 -8.574218750000000000e-01
-2.600097656250000000e-01 -9.106445312500000000e-02 -8.647460937500000000e-01
-2.631835937500000000e-01 -8.276367187500000000e-02 -8.535156250000000000e-01
-2.600097656250000000e-01 -8.715820312500000000e-02 -8.623046875000000000e-01
-2.553710937500000000e-01 -7.910156250000000000e-02 -8.571777343750000000e-01
-2.612304687500000000e-01 -7.934570312500000000e-02 -8.637695312500000000e-01
-2.653808593750000000e-01 -7.885742187500000000e-02 -8.557128906250000000e-01
-2.687988281250000000e-01 -7.348632812500000000e-02 -8.452148437500000000e-01
-2.746582031250000000e-01 -7.690429687500000000e-02 -8.525390625000000000e-01
-2.705078125000000000e-01 -7.299804687500000000e-02 -8.544921875000000000e-01
-2.634277343750000000e-01 -8.056640625000000000e-02 -9.030761718750000000e-01
-2.692871093750000000e-01 -7.958984375000000000e-02 -8.447265625000000000e-01
-2.602539062500000000e-01 -7.958984375000000000e-02 -8.537597656250000000e-01
-2.626953125000000000e-01 -7.421875000000000000e-02 -8.457031250000000000e-01
-2.641601562500000000e-01 -7.299804687500000000e-02 -8.686523437500000000e-01
-2.602539062500000000e-01 -7.348632812500000000e-02 -8.464355468750000000e-01
-2.624511718750000000e-01 -7.397460937500000000e-02 -8.562011718750000000e-01
-2.678222656250000000e-01 -7.470703125000000000e-02 -8.576660156250000000e-01
-2.678222656250000000e-01 -7.470703125000000000e-02 -8.576660156250000000e-01
-2.675781250000000000e-01 -7.983398437500000000e-02 -8.569335937500000000e-01
-2.675781250000000000e-01 -7.983398437500000000e-02 -8.569335937500000000e-01
-2.741699218750000000e-01 -8.300781250000000000e-02 -9.055175781250000000e-01
-2.709960937500000000e-01 -8.886718750000000000e-02 -8.986816406250000000e-01
-2.714843750000000000e-01 -8.422851562500000000e-02 -8.500976562500000000e-01
-2.189941406250000000e-01 -8.691406250000000000e-02 -8.603515625000000000e-01
-2.783203125000000000e-01 -8.715820312500000000e-02 -8.498535156250000000e-01
-2.802734375000000000e-01 -8.813476562500000000e-02 -8.510742187500000000e-01
-2.761230468750000000e-01 -8.471679687500000000e-02 -8.520507812500000000e-01
-2.744140625000000000e-01 -7.958984375000000000e-02 -8.459472656250000000e-01
-2.758789062500000000e-01 -8.300781250000000000e-02 -8.496093750000000000e-01
-2.773437500000000000e-01 -8.154296875000000000e-02 -8.515625000000000000e-01
-2.756347656250000000e-01 -8.422851562500000000e-02 -8.442382812500000000e-01
-2.795410156250000000e-01 -8.129882812500000000e-02 -8.486328125000000000e-01
-2.739257812500000000e-01 -8.813476562500000000e-02 -8.547363281250000000e-01
-2.739257812500000000e-01 -8.642578125000000000e-02 -8.522949218750000000e-01
-2.724609375000000000e-01 -8.398437500000000000e-02 -8.547363281250000000e-01
-2.763671875000000000e-01 -8.276367187500000000e-02 -8.554687500000000000e-01
-2.751464843750000000e-01 -8.154296875000000000e-02 -9.040527343750000000e-01
-2.768554687500000000e-01 -7.885742187500000000e-02 -9.035644531250000000e-01
-2.758789062500000000e-01 -8.203125000000000000e-02 -8.557128906250000000e-01
-2.766113281250000000e-01 -8.105468750000000000e-02 -8.505859375000000000e-01
-2.746582031250000000e-01 -7.934570312500000000e-02 -8.461914062500000000e-01
-2.780761718750000000e-01 -7.788085937500000000e-02 -8.491210937500000000e-01
-2.744140625000000000e-01 -8.154296875000000000e-02 -8.493652343750000000e-01
-2.770996093750000000e-01 -8.227539062500000000e-02 -8.500976562500000000e-01
-2.756347656250000000e-01 -8.007812500000000000e-02 -8.513183593750000000e-01
-2.739257812500000000e-01 -8.105468750000000000e-02 -8.525390625000000000e-01
-2.797851562500000000e-01 -8.203125000000000000e-02 -8.505859375000000000e-01
-2.783203125000000000e-01 -7.934570312500000000e-02 -8.488769531250000000e-01
-2.753906250000000000e-01 -7.617187500000000000e-02 -8.513183593750000000e-01
-2.753906250000000000e-01 -8.032226562500000000e-02 -8.452148437500000000e-01
-2.753906250000000000e-01 -7.788085937500000000e-02 -8.520507812500000000e-01
-2.744140625000000000e-01 -8.227539062500000000e-02 -8.442382812500000000e-01
-2.775878906250000000e-01 -8.032226562500000000e-02 -8.498535156250000000e-01
-2.780761718750000000e-01 -8.032226562500000000e-02 -8.520507812500000000e-01
-2.197265625000000000e-01 -7.934570312500000000e-02 -8.503417968750000000e-01
-2.773437500000000000e-01 -8.081054687500000000e-02 -8.498535156250000000e-01
-2.773437500000000000e-01 -8.081054687500000000e-02 -8.498535156250000000e-01
-2.773437500000000000e-01 -7.885742187500000000e-02 -8.557128906250000000e-01
-2.773437500000000000e-01 -7.885742187500000000e-02 -8.557128906250000000e-01
-2.773437500000000000e-01 -7.617187500000000000e-02 -8.461914062500000000e-01
-2.758789062500000000e-01 -7.666015625000000000e-02 -8.513183593750000000e-01
-2.751464843750000000e-01 -7.739257812500000000e-02 -8.559570312500000000e-01
-2.751464843750000000e-01 -7.592773437500000000e-02 -8.508300781250000000e-01
-2.773437500000000000e-01 -7.788085937500000000e-02 -8.469238281250000000e-01
-2.707519531250000000e-01 -7.299804687500000000e-02 -8.481445312500000000e-01
-2.712402343750000000e-01 -7.641601562500000000e-02 -8.469238281250000000e-01
-2.722167968750000000e-01 -7.519531250000000000e-02 -8.449707031250000000e-01
-2.744140625000000000e-01 -7.666015625000000000e-02 -8.554687500000000000e-01
-2.770996093750000000e-01 -7.666015625000000000e-02 -8.530273437500000000e-01
-2.722167968750000000e-01 -7.397460937500000000e-02 -8.527832031250000000e-01
-2.729492187500000000e-01 -7.470703125000000000e-02 -8.503417968750000000e-01
-2.702636718750000000e-01 -7.519531250000000000e-02 -8.476562500000000000e-01
-2.722167968750000000e-01 -7.080078125000000000e-02 -8.547363281250000000e-01
-2.753906250000000000e-01 -7.543945312500000000e-02 -8.496093750000000000e-01
-2.680664062500000000e-01 -7.006835937500000000e-02 -8.493652343750000000e-01
-2.734375000000000000e-01 -7.421875000000000000e-02 -8.483886718750000000e-01
-2.731933593750000000e-01 -7.421875000000000000e-02 -8.557128906250000000e-01
-2.739257812500000000e-01 -7.348632812500000000e-02 -8.479003906250000000e-01
-2.756347656250000000e-01 -6.909179687500000000e-02 -8.547363281250000000e-01
-2.678222656250000000e-01 -6.665039062500000000e-02 -8.520507812500000000e-01
-2.717285156250000000e-01 -6.567382812500000000e-02 -8.535156250000000000e-01
-2.707519531250000000e-01 -6.665039062500000000e-02 -8.510742187500000000e-01
-2.736816406250000000e-01 -6.689453125000000000e-02 -8.552246093750000000e-01
-2.685546875000000000e-01 -6.689453125000000000e-02 -8.569335937500000000e-01
-2.695312500000000000e-01 -6.762695312500000000e-02 -8.518066406250000000e-01
-2.697753906250000000e-01 -6.689453125000000000e-02 -8.508300781250000000e-01
-2.739257812500000000e-01 -6.640625000000000000e-02 -8.469238281250000000e-01
-2.717285156250000000e-01 -6.469726562500000000e-02 -8.557128906250000000e-01
-2.773437500000000000e-01 -6.616210937500000000e-02 -8.557128906250000000e-01
