9.489746093750000000e-01 -1.740722656250000000e-01 -2.888183593750000000e-01
9.489746093750000000e-01 -1.740722656250000000e-01 -2.888183593750000000e-01
9.501953125000000000e-01 -1.867675781250000000e-01 -3.027343750000000000e-01
9.501953125000000000e-01 -1.867675781250000000e-01 -3.027343750000000000e-01
9.584960937500000000e-01 -2.160644531250000000e-01 -2.998046875000000000e-01
9.523925781250000000e-01 -1.142578125000000000e-01 -2.905273437500000000e-01
9.123535156250000000e-01 -1.203613281250000000e-01 -3.076171875000000000e-01
9.096679687500000000e-01 -1.506347656250000000e-01 -3.281250000000000000e-01
9.106445312500000000e-01 -1.916503906250000000e-01 -2.475585937500000000e-01
9.475097656250000000e-01 -1.589355468750000000e-01 -3.132324218750000000e-01
9.177246093750000000e-01 -1.958007812500000000e-01 -2.377929687500000000e-01
9.150390625000000000e-01 -1.684570312500000000e-01 -2.336425781250000000e-01
9.150390625000000000e-01 -1.684570312500000000e-01 -2.336425781250000000e-01
9.658203125000000000e-01 -1.738281250000000000e-01 -2.480468750000000000e-01
9.069824218750000000e-01 -1.745605468750000000e-01 -3.215332031250000000e-01
9.650878906250000000e-01 -1.794433593750000000e-01 -3.356933593750000000e-01
9.624023437500000000e-01 -1.752929687500000000e-01 -3.325195312500000000e-01
9.624023437500000000e-01 -1.647949218750000000e-01 -3.405761718750000000e-01
9.638671875000000000e-01 -1.574707031250000000e-01 -3.132324218750000000e-01
9.086914062500000000e-01 -1.665039062500000000e-01 -3.139648437500000000e-01
9.675292968750000000e-01 -1.601562500000000000e-01 -3.149414062500000000e-01
9.099121093750000000e-01 -2.124023437500000000e-01 -3.186035156250000000e-01
9.680175781250000000e-01 -2.170410156250000000e-01 -3.171386718750000000e-01
9.079589843750000000e-01 -1.628417968750000000e-01 -3.288574218750000000e-01
9.599609375000000000e-01 -1.733398437500000000e-01 -3.234863281250000000e-01
9.680175781250000000e-01 -1.672363281250000000e-01 -3.293457031250000000e-01
9.641113281250000000e-01 -1.625976562500000000e-01 -2.456054687500000000e-01
9.672851562500000000e-01 -1.716308593750000000e-01 -3.200683593750000000e-01
9.670410156250000000e-01 -1.606445312500000000e-01 -3.142089843750000000e-01
9.155273437500000000e-01 -1.713867187500000000e-01 -3.183593750000000000e-01
9.614257812500000000e-01 -1.696777343750000000e-01 -3.217773437500000000e-01
9.079589843750000000e-01 -1.662597656250000000e-01 -3.256835937500000000e-01
9.599609375000000000e-01 -1.721191406250000000e-01 -3.349609375000000000e-01
9.553222656250000000e-01 -1.691894531250000000e-01 -3.232421875000000000e-01
9.111328125000000000e-01 -1.647949218750000000e-01 -3.278808593750000000e-01
9.599609375000000000e-01 -1.579589843750000000e-01 -3.188476562500000000e-01
9.145507812500000000e-01 -1.643066406250000000e-01 -3.178710937500000000e-01
9.077148437500000000e-01 -1.691894531250000000e-01 -3.159179687500000000e-01
9.675292968750000000e-01 -1.665039062500000000e-01 -3.347167968750000000e-01
9.628906250000000000e-01 -1.691894531250000000e-01 -3.278808593750000000e-01
9.638671875000000000e-01 -1.721191406250000000e-01 -3.159179687500000000e-01
9.624023437500000000e-01 -1.586914062500000000e-01 -3.364257812500000000e-01
9.670410156250000000e-01 -2.187500000000000000e-01 -3.310546875000000000e-01
9.636230468750000000e-01 -1.616210937500000000e-01 -3.264160156250000000e-01
9.631347656250000000e-01 -1.616210937500000000e-01 -3.322753906250000000e-01
9.665527343750000000e-01 -1.594238281250000000e-01 -3.195800781250000000e-01
9.680175781250000000e-01 -1.625976562500000000e-01 -3.298339843750000000e-01
9.079589843750000000e-01 -1.574707031250000000e-01 -3.212890625000000000e-01
9.638671875000000000e-01 -1.613769531250000000e-01 -3.200683593750000000e-01
9.653320312500000000e-01 -1.672363281250000000e-01 -3.264160156250000000e-01
9.653320312500000000e-01 -1.672363281250000000e-01 -3.264160156250000000e-01
9.643554687500000000e-01 -1.647949218750000000e-01 -3.261718750000000000e-01
9.643554687500000000e-01 -1.647949218750000000e-01 -3.261718750000000000e-01
9.599609375000000000e-01 -1.635742187500000000e-01 -3.344726562500000000e-01
9.675292968750000000e-01 -1.618652343750000000e-01 -3.361816406250000000e-01
9.648437500000000000e-01 -1.621093750000000000e-01 -3.295898437500000000e-01
9.672851562500000000e-01 -1.591796875000000000e-01 -3.129882812500000000e-01
9.230957031250000000e-01 -1.577148437500000000e-01 -3.188476562500000000e-01
9.624023437500000000e-01 -2.133789062500000000e-01 -3.234863281250000000e-01
9.135742187500000000e-01 -1.621093750000000000e-01 -3.281250000000000000e-01
9.208984375000000000e-01 -1.596679687500000000e-01 -3.300781250000000000e-01
9.438476562500000000e-01 -2.048339843750000000e-01 -3.244628906250000000e-01
9.140625000000000000e-01 -1.606445312500000000e-01 -2.341308593750000000e-01
9.082031250000000000e-01 -2.119140625000000000e-01 -2.734375000000000000e-01
9.389648437500000000e-01 -2.172851562500000000e-01 -2.263183593750000000e-01
8.950195312500000000e-01 -2.111816406250000000e-01 -2.438964843750000000e-01
8.034667968750000000e-01 -2.014160156250000000e-01 -2.275390625000000000e-01
7.160644531250000000e-01 -1.906738281250000000e-01 -1.728515625000000000e-01
4.929199218750000000e-01 -9.912109375000000000e-02 -9.082031250000000000e-02
5.056152343750000000e-01 -1.337890625000000000e-01 8.764648437500000000e-02
4.296875000000000000e-01 -8.862304687500000000e-02 8.593750000000000000e-02
5.600585937500000000e-01 -9.252929687500000000e-02 6.811523437500000000e-02
1.056152343750000000e+00 -1.057128906250000000e-01 -1.296386718750000000e-01
1.119384765625000000e+00 -1.501464843750000000e-01 -3.149414062500000000e-02
1.114746093750000000e+00 -1.252441406250000000e-01 -1.928710937500000000e-02
9.328613281250000000e-01 -3.491210937500000000e-02 2.053222656250000000e-01
9.328613281250000000e-01 -3.491210937500000000e-02 2.053222656250000000e-01
9.780273437500000000e-01 -1.345214843750000000e-01 2.238769531250000000e-01
8.491210937500000000e-01 7.592773437500000000e-02 1.339111328125000000e+00
9.877929687500000000e-01 8.562011718750000000e-01 2.476806640625000000e+00
6.076660156250000000e-01 4.074707031250000000e-01 1.912109375000000000e+00
-5.937500000000000000e-01 2.126464843750000000e-01 8.776855468750000000e-01
-2.597656250000000000e-01 2.578125000000000000e-01 1.326171875000000000e+00
-9.086914062500000000e-01 4.765625000000000000e-01 1.118652343750000000e+00
-3.806152343750000000e-01 2.487792968750000000e-01 7.734375000000000000e-01
-4.365234375000000000e-01 1.430664062500000000e-01 4.860839843750000000e-01
-3.847656250000000000e-01 1.860351562500000000e-01 5.625000000000000000e-01
-3.881835937500000000e-02 2.517089843750000000e-01 9.670410156250000000e-01
1.782226562500000000e-01 4.614257812500000000e-01 1.100585937500000000e+00
2.216796875000000000e-01 3.725585937500000000e-01 1.405273437500000000e+00
1.071777343750000000e+00 1.123046875000000000e-01 1.338623046875000000e+00
1.071777343750000000e+00 1.123046875000000000e-01 1.338623046875000000e+00
7.006835937500000000e-02 4.467773437500000000e-02 5.856933593750000000e-01
4.243164062500000000e-01 1.044921875000000000e-01 6.643066406250000000e-01
3.789062500000000000e-01 1.933593750000000000e-01 9.091796875000000000e-01
1.152343750000000000e-01 2.617187500000000000e-01 9.243164062500000000e-01
2.658691406250000000e-01 3.317871093750000000e-01 1.180664062500000000e+00
1.855468750000000000e-01 3.198242187500000000e-01 1.160156250000000000e+00
3.266601562500000000e-01 2.307128906250000000e-01 1.063476562500000000e+00
3.603515625000000000e-01 2.583007812500000000e-01 9.423828125000000000e-01
4.587402343750000000e-01 1.833496093750000000e-01 9.641113281250000000e-01
4.145507812500000000e-01 2.729492187500000000e-01 1.050292968750000000e+00
3.256835937500000000e-01 2.551269531250000000e-01 9.104003906250000000e-01
3.337402343750000000e-01 2.226562500000000000e-01 9.926757812500000000e-01
2.478027343750000000e-01 2.309570312500000000e-01 1.055419921875000000e+00
3.798828125000000000e-01 2.573242187500000000e-01 1.059326171875000000e+00
4.030761718750000000e-01 2.160644531250000000e-01 9.440917968750000000e-01
3.964843750000000000e-01 1.831054687500000000e-01 1.002929687500000000e+00
3.928222656250000000e-01 2.761230468750000000e-01 9.753417968750000000e-01
3.596191406250000000e-01 2.805175781250000000e-01 9.938964843750000000e-01
5.195312500000000000e-01 2.717285156250000000e-01 1.075683593750000000e+00
2.854003906250000000e-01 2.607421875000000000e-01 9.396972656250000000e-01
3.017578125000000000e-01 2.253417968750000000e-01 1.012451171875000000e+00
3.547363281250000000e-01 2.290039062500000000e-01 1.075195312500000000e+00
5.205078125000000000e-01 2.561035156250000000e-01 1.039794921875000000e+00
3.059082031250000000e-01 1.760253906250000000e-01 8.657226562500000000e-01
3.083496093750000000e-01 2.707519531250000000e-01 9.299316406250000000e-01
3.444824218750000000e-01 2.790527343750000000e-01 9.963378906250000000e-01
4.372558593750000000e-01 2.607421875000000000e-01 1.132080078125000000e+00
3.881835937500000000e-01 1.606445312500000000e-01 8.635253906250000000e-01
3.881835937500000000e-01 2.189941406250000000e-01 1.004394531250000000e+00
3.925781250000000000e-01 2.307128906250000000e-01 1.081787109375000000e+00
4.243164062500000000e-01 1.823730468750000000e-01 9.797363281250000000e-01
3.984375000000000000e-01 2.534179687500000000e-01 9.106445312500000000e-01
2.971191406250000000e-01 2.761230468750000000e-01 1.006347656250000000e+00
3.569335937500000000e-01 2.795410156250000000e-01 1.038818359375000000e+00
3.549804687500000000e-01 2.500000000000000000e-01 1.065185546875000000e+00
4.421386718750000000e-01 1.845703125000000000e-01 9.262695312500000000e-01
4.421386718750000000e-01 1.845703125000000000e-01 9.262695312500000000e-01
4.379882812500000000e-01 2.636718750000000000e-01 1.028320312500000000e+00
4.379882812500000000e-01 2.636718750000000000e-01 1.028320312500000000e+00
4.458007812500000000e-01 2.631835937500000000e-01 1.024902343750000000e+00
4.404296875000000000e-01 2.604980468750000000e-01 1.013671875000000000e+00
4.401855468750000000e-01 2.536621093750000000e-01 1.014160156250000000e+00
4.472656250000000000e-01 2.634277343750000000e-01 9.748535156250000000e-01
4.660644531250000000e-01 1.850585937500000000e-01 1.026855468750000000e+00
4.592285156250000000e-01 2.531738281250000000e-01 1.019531250000000000e+00
3.881835937500000000e-01 2.614746093750000000e-01 9.350585937500000000e-01
3.510742187500000000e-01 2.626953125000000000e-01 1.013427734375000000e+00
4.414062500000000000e-01 1.870117187500000000e-01 1.007568359375000000e+00
3.522949218750000000e-01 2.644042968750000000e-01 1.029785156250000000e+00
3.459472656250000000e-01 2.622070312500000000e-01 1.030517578125000000e+00
3.481445312500000000e-01 2.687988281250000000e-01 1.025634765625000000e+00
3.647460937500000000e-01 2.629394531250000000e-01 9.763183593750000000e-01
4.062500000000000000e-01 1.867675781250000000e-01 1.011962890625000000e+00
4.025878906250000000e-01 1.867675781250000000e-01 9.694824218750000000e-01
3.603515625000000000e-01 2.712402343750000000e-01 9.775390625000000000e-01
3.605957031250000000e-01 2.780761718750000000e-01 1.008300781250000000e+00
3.510742187500000000e-01 2.209472656250000000e-01 1.024169921875000000e+00
3.461914062500000000e-01 2.653808593750000000e-01 1.016357421875000000e+00
3.474121093750000000e-01 2.658691406250000000e-01 1.024169921875000000e+00
3.447265625000000000e-01 2.639160156250000000e-01 1.012695312500000000e+00
3.513183593750000000e-01 1.850585937500000000e-01 9.304199218750000000e-01
3.676757812500000000e-01 2.529296875000000000e-01 1.023193359375000000e+00
4.606933593750000000e-01 2.702636718750000000e-01 9.785156250000000000e-01
3.652343750000000000e-01 2.739257812500000000e-01 1.025146484375000000e+00
3.461914062500000000e-01 2.692871093750000000e-01 9.733886718750000000e-01
3.718261718750000000e-01 2.585449218750000000e-01 1.020996093750000000e+00
4.423828125000000000e-01 2.551269531250000000e-01 1.012451171875000000e+00
4.531250000000000000e-01 1.845703125000000000e-01 9.321289062500000000e-01
4.545898437500000000e-01 1.870117187500000000e-01 1.007812500000000000e+00
4.487304687500000000e-01 2.546386718750000000e-01 1.029541015625000000e+00
4.497070312500000000e-01 2.524414062500000000e-01 1.028808593750000000e+00
4.543457031250000000e-01 2.548828125000000000e-01 1.009521484375000000e+00
4.479980468750000000e-01 2.587890625000000000e-01 1.021240234375000000e+00
4.572753906250000000e-01 2.546386718750000000e-01 1.008789062500000000e+00
4.572753906250000000e-01 2.524414062500000000e-01 1.016113281250000000e+00
4.572753906250000000e-01 2.524414062500000000e-01 1.016113281250000000e+00
4.545898437500000000e-01 1.865234375000000000e-01 1.014404296875000000e+00
4.545898437500000000e-01 1.865234375000000000e-01 1.014404296875000000e+00
4.580078125000000000e-01 2.500000000000000000e-01 1.018310546875000000e+00
4.604492187500000000e-01 2.536621093750000000e-01 1.018798828125000000e+00
4.626464843750000000e-01 1.862792968750000000e-01 1.005859375000000000e+00
4.558105468750000000e-01 1.872558593750000000e-01 1.010986328125000000e+00
4.599609375000000000e-01 1.872558593750000000e-01 1.015380859375000000e+00
4.562988281250000000e-01 2.502441406250000000e-01 1.020507812500000000e+00
4.609375000000000000e-01 1.862792968750000000e-01 1.016357421875000000e+00
4.580078125000000000e-01 2.509765625000000000e-01 1.007568359375000000e+00
4.587402343750000000e-01 2.526855468750000000e-01 1.008544921875000000e+00
4.606933593750000000e-01 1.796875000000000000e-01 1.001953125000000000e+00
4.616699218750000000e-01 1.838378906250000000e-01 1.018798828125000000e+00
4.494628906250000000e-01 2.539062500000000000e-01 1.019775390625000000e+00
4.616699218750000000e-01 2.548828125000000000e-01 1.011962890625000000e+00
4.597167968750000000e-01 1.821289062500000000e-01 1.008544921875000000e+00
4.584960937500000000e-01 1.872558593750000000e-01 1.014648437500000000e+00
4.663085937500000000e-01 1.872558593750000000e-01 1.013916015625000000e+00
4.577636718750000000e-01 2.507324218750000000e-01 1.014892578125000000e+00
4.602050781250000000e-01 1.823730468750000000e-01 1.007080078125000000e+00
4.648437500000000000e-01 1.835937500000000000e-01 1.015869140625000000e+00
4.587402343750000000e-01 1.833496093750000000e-01 1.015625000000000000e+00
4.602050781250000000e-01 1.833496093750000000e-01 1.007324218750000000e+00
4.599609375000000000e-01 1.843261718750000000e-01 1.006591796875000000e+00
4.594726562500000000e-01 1.843261718750000000e-01 1.009765625000000000e+00
4.069824218750000000e-01 2.507324218750000000e-01 1.011230468750000000e+00
4.560546875000000000e-01 1.791992187500000000e-01 1.008789062500000000e+00
4.580078125000000000e-01 1.816406250000000000e-01 1.013916015625000000e+00
4.648437500000000000e-01 1.811523437500000000e-01 1.016845703125000000e+00
4.643554687500000000e-01 1.809082031250000000e-01 1.009521484375000000e+00
4.648437500000000000e-01 1.862792968750000000e-01 1.016845703125000000e+00
4.638671875000000000e-01 1.862792968750000000e-01 1.007080078125000000e+00
