9.235839843750000000e-01 5.371093750000000000e-02 -1.472167968750000000e-01
9.841308593750000000e-01 6.274414062500000000e-02 -1.057128906250000000e-01
9.841308593750000000e-01 6.274414062500000000e-02 -1.057128906250000000e-01
9.916992187500000000e-01 3.564453125000000000e-02 -2.114257812500000000e-01
1.010253906250000000e+00 7.812500000000000000e-02 -1.142578125000000000e-01
1.028808593750000000e+00 2.294921875000000000e-02 -1.157226562500000000e-01
1.029785156250000000e+00 2.001953125000000000e-02 -2.087402343750000000e-01
1.025390625000000000e+00 -3.076171875000000000e-02 -2.016601562500000000e-01
1.021484375000000000e+00 -1.147460937500000000e-02 -2.028808593750000000e-01
1.027587890625000000e+00 2.832031250000000000e-02 -2.053222656250000000e-01
1.011230468750000000e+00 1.831054687500000000e-02 -1.933593750000000000e-01
1.028808593750000000e+00 4.150390625000000000e-03 -1.979980468750000000e-01
1.027343750000000000e+00 2.221679687500000000e-02 -1.899414062500000000e-01
1.025390625000000000e+00 1.245117187500000000e-02 -1.889648437500000000e-01
1.020263671875000000e+00 2.050781250000000000e-02 -1.171875000000000000e-01
9.716796875000000000e-01 -2.880859375000000000e-02 -2.011718750000000000e-01
1.024902343750000000e+00 2.807617187500000000e-02 -1.950683593750000000e-01
1.019287109375000000e+00 2.905273437500000000e-02 -1.894531250000000000e-01
9.726562500000000000e-01 -2.783203125000000000e-02 -1.240234375000000000e-01
1.027832031250000000e+00 2.612304687500000000e-02 -1.210937500000000000e-01
9.743652343750000000e-01 -2.246093750000000000e-02 -1.066894531250000000e-01
1.027099609375000000e+00 3.027343750000000000e-02 -1.186523437500000000e-01
1.031005859375000000e+00 -2.929687500000000000e-02 -1.142578125000000000e-01
9.741210937500000000e-01 -2.075195312500000000e-02 -1.125488281250000000e-01
1.030029296875000000e+00 -2.832031250000000000e-02 -1.166992187500000000e-01
9.707031250000000000e-01 -1.806640625000000000e-02 -1.228027343750000000e-01
1.025878906250000000e+00 2.929687500000000000e-02 -1.894531250000000000e-01
1.027343750000000000e+00 -1.269531250000000000e-02 -1.242675781250000000e-01
1.022949218750000000e+00 -1.513671875000000000e-02 -2.099609375000000000e-01
1.009765625000000000e+00 -2.197265625000000000e-03 -1.828613281250000000e-01
1.024169921875000000e+00 -1.049804687500000000e-02 -1.569824218750000000e-01
1.009277343750000000e+00 -1.782226562500000000e-02 -1.606445312500000000e-01
1.011962890625000000e+00 -1.855468750000000000e-02 -2.053222656250000000e-01
1.005126953125000000e+00 2.539062500000000000e-02 -2.116699218750000000e-01
1.013183593750000000e+00 -2.929687500000000000e-02 -2.109375000000000000e-01
9.335937500000000000e-01 -1.171875000000000000e-02 -1.608886718750000000e-01
9.335937500000000000e-01 -1.171875000000000000e-02 -1.608886718750000000e-01
9.467773437500000000e-01 -6.323242187500000000e-02 -1.804199218750000000e-01
9.467773437500000000e-01 -6.323242187500000000e-02 -1.804199218750000000e-01
7.973632812500000000e-01 -1.359863281250000000e-01 -2.805175781250000000e-01
7.607421875000000000e-01 -4.028320312500000000e-02 -1.547851562500000000e-01
6.699218750000000000e-01 -1.267089843750000000e-01 -2.858886718750000000e-01
7.287597656250000000e-01 -2.612304687500000000e-02 -4.516601562500000000e-02
5.163574218750000000e-01 -1.254882812500000000e-01 -2.937011718750000000e-01
7.307128906250000000e-01 1.586914062500000000e-02 -3.979492187500000000e-02
4.812011718750000000e-01 -5.175781250000000000e-02 -2.724609375000000000e-01
8.625488281250000000e-01 -1.313476562500000000e-01 -2.673339843750000000e-01
2.475585937500000000e-01 -1.821289062500000000e-01 -3.002929687500000000e-01
6.970214843750000000e-01 -7.250976562500000000e-02 -2.465820312500000000e-01
8.359375000000000000e-01 -1.479492187500000000e-01 2.353515625000000000e-01
3.540039062500000000e-01 -4.687500000000000000e-02 -1.049804687500000000e-02
1.534179687500000000e+00 1.850585937500000000e-01 5.373535156250000000e-01
6.718750000000000000e+00 -1.468505859375000000e+00 2.211669921875000000e+00
1.018310546875000000e+00 -4.699707031250000000e-01 1.416015625000000000e-01
2.453613281250000000e-01 9.204101562500000000e-02 9.716796875000000000e-01
-1.855468750000000000e-01 -2.685546875000000000e-03 1.086425781250000000e+00
-3.850097656250000000e-01 1.943359375000000000e-01 1.013671875000000000e+00
-7.575683593750000000e-01 -1.550292968750000000e-01 1.055175781250000000e+00
-5.432128906250000000e-01 1.684570312500000000e-01 1.354003906250000000e+00
6.909179687500000000e-02 1.945800781250000000e-01 6.347656250000000000e-01
-5.371093750000000000e-02 -6.250000000000000000e-02 7.822265625000000000e-01
-2.231445312500000000e-01 1.481933593750000000e-01 9.494628906250000000e-01
-1.538085937500000000e-02 6.884765625000000000e-02 1.050537109375000000e+00
2.277832031250000000e-01 1.257324218750000000e-01 1.150878906250000000e+00
4.121093750000000000e-01 3.588867187500000000e-02 1.698242187500000000e+00
8.359375000000000000e-01 9.863281250000000000e-02 1.224365234375000000e+00
7.219238281250000000e-01 1.396484375000000000e-01 1.137939453125000000e+00
7.275390625000000000e-01 -5.195312500000000000e-01 7.370605468750000000e-01
6.408691406250000000e-01 -1.918945312500000000e-01 6.845703125000000000e-01
2.587890625000000000e-01 -2.060546875000000000e-01 8.032226562500000000e-01
2.150878906250000000e-01 -8.593750000000000000e-02 1.035644531250000000e+00
2.993164062500000000e-01 1.879882812500000000e-02 1.103027343750000000e+00
1.665039062500000000e-01 -1.296386718750000000e-01 1.044921875000000000e+00
1.210937500000000000e-01 -1.955566406250000000e-01 1.041259765625000000e+00
2.036132812500000000e-01 5.615234375000000000e-02 1.071777343750000000e+00
2.036132812500000000e-01 5.615234375000000000e-02 1.071777343750000000e+00
2.973632812500000000e-01 2.905273437500000000e-02 1.033935546875000000e+00
2.973632812500000000e-01 2.905273437500000000e-02 1.033935546875000000e+00
3.227539062500000000e-01 -4.345703125000000000e-02 9.890136718750000000e-01
2.805175781250000000e-01 -5.419921875000000000e-02 1.049804687500000000e+00
1.870117187500000000e-01 -7.202148437500000000e-02 1.141113281250000000e+00
2.314453125000000000e-01 4.638671875000000000e-03 1.040283203125000000e+00
3.166503906250000000e-01 -9.130859375000000000e-02 1.057128906250000000e+00
2.189941406250000000e-01 -3.173828125000000000e-02 1.083740234375000000e+00
2.785644531250000000e-01 -7.006835937500000000e-02 1.084472656250000000e+00
2.312011718750000000e-01 1.635742187500000000e-02 1.040527343750000000e+00
2.280273437500000000e-01 4.638671875000000000e-03 1.041503906250000000e+00
2.805175781250000000e-01 -6.860351562500000000e-02 1.061523437500000000e+00
2.299804687500000000e-01 -8.374023437500000000e-02 1.034667968750000000e+00
2.675781250000000000e-01 -8.520507812500000000e-02 1.043212890625000000e+00
2.663574218750000000e-01 -7.543945312500000000e-02 1.046142578125000000e+00
2.783203125000000000e-01 -7.055664062500000000e-02 1.036865234375000000e+00
2.719726562500000000e-01 -6.445312500000000000e-02 1.056396484375000000e+00
2.763671875000000000e-01 -6.787109375000000000e-02 1.047119140625000000e+00
2.739257812500000000e-01 -6.542968750000000000e-02 1.039550781250000000e+00
2.700195312500000000e-01 -6.884765625000000000e-02 1.125976562500000000e+00
2.709960937500000000e-01 2.441406250000000000e-04 1.047119140625000000e+00
2.668457031250000000e-01 -6.445312500000000000e-02 1.045410156250000000e+00
2.316894531250000000e-01 -7.055664062500000000e-02 1.127197265625000000e+00
2.207031250000000000e-01 -6.933593750000000000e-02 1.090087890625000000e+00
2.749023437500000000e-01 -6.445312500000000000e-02 1.084472656250000000e+00
2.250976562500000000e-01 -6.396484375000000000e-02 1.086181640625000000e+00
2.324218750000000000e-01 2.197265625000000000e-03 1.085937500000000000e+00
2.578125000000000000e-01 -7.275390625000000000e-02 1.105224609375000000e+00
2.219238281250000000e-01 -7.324218750000000000e-02 1.129638671875000000e+00
2.800292968750000000e-01 -7.617187500000000000e-02 1.080078125000000000e+00
2.207031250000000000e-01 -6.518554687500000000e-02 1.062011718750000000e+00
2.365722656250000000e-01 -6.762695312500000000e-02 1.050537109375000000e+00
2.280273437500000000e-01 -7.128906250000000000e-02 1.035644531250000000e+00
2.194824218750000000e-01 3.906250000000000000e-03 1.087158203125000000e+00
2.287597656250000000e-01 -6.542968750000000000e-02 1.061523437500000000e+00
2.773437500000000000e-01 7.324218750000000000e-03 1.090576171875000000e+00
2.736816406250000000e-01 1.220703125000000000e-03 1.128417968750000000e+00
2.268066406250000000e-01 2.929687500000000000e-03 1.039550781250000000e+00
2.268066406250000000e-01 2.929687500000000000e-03 1.039550781250000000e+00
2.341308593750000000e-01 0.000000000000000000e+00 1.033203125000000000e+00
2.341308593750000000e-01 0.000000000000000000e+00 1.033203125000000000e+00
2.194824218750000000e-01 -6.420898437500000000e-02 1.048583984375000000e+00
2.739257812500000000e-01 -6.591796875000000000e-02 1.044189453125000000e+00
2.304687500000000000e-01 3.662109375000000000e-03 1.039794921875000000e+00
2.270507812500000000e-01 1.269531250000000000e-02 1.040771484375000000e+00
2.246093750000000000e-01 4.882812500000000000e-03 1.048828125000000000e+00
2.792968750000000000e-01 1.220703125000000000e-03 1.048339843750000000e+00
2.768554687500000000e-01 1.708984375000000000e-03 1.038085937500000000e+00
2.800292968750000000e-01 -6.958007812500000000e-02 1.039550781250000000e+00
2.287597656250000000e-01 -6.298828125000000000e-02 1.127685546875000000e+00
2.658691406250000000e-01 -7.031250000000000000e-02 1.071777343750000000e+00
2.744140625000000000e-01 1.953125000000000000e-03 1.055419921875000000e+00
2.189941406250000000e-01 4.882812500000000000e-04 1.042480468750000000e+00
2.805175781250000000e-01 -6.396484375000000000e-02 1.046630859375000000e+00
2.783203125000000000e-01 -6.640625000000000000e-02 1.052001953125000000e+00
2.263183593750000000e-01 -6.738281250000000000e-02 1.040283203125000000e+00
2.770996093750000000e-01 2.441406250000000000e-03 1.047851562500000000e+00
2.775878906250000000e-01 -6.591796875000000000e-02 1.058105468750000000e+00
2.233886718750000000e-01 4.882812500000000000e-04 1.043457031250000000e+00
2.238769531250000000e-01 2.197265625000000000e-03 1.034423828125000000e+00
2.805175781250000000e-01 -6.347656250000000000e-02 1.041015625000000000e+00
2.275390625000000000e-01 -6.445312500000000000e-02 1.031494140625000000e+00
2.729492187500000000e-01 -6.420898437500000000e-02 1.044189453125000000e+00
2.770996093750000000e-01 4.394531250000000000e-03 1.042236328125000000e+00
2.697753906250000000e-01 1.220703125000000000e-03 1.042968750000000000e+00
2.260742187500000000e-01 -6.469726562500000000e-02 1.128173828125000000e+00
2.690429687500000000e-01 7.324218750000000000e-04 1.077636718750000000e+00
2.712402343750000000e-01 3.173828125000000000e-03 1.129394531250000000e+00
2.778320312500000000e-01 5.126953125000000000e-03 1.043212890625000000e+00
2.744140625000000000e-01 -6.420898437500000000e-02 1.042724609375000000e+00
2.812500000000000000e-01 -6.640625000000000000e-02 1.053222656250000000e+00
2.258300781250000000e-01 -6.542968750000000000e-02 1.043945312500000000e+00
2.717285156250000000e-01 -6.323242187500000000e-02 1.044433593750000000e+00
2.189941406250000000e-01 -6.323242187500000000e-02 1.048583984375000000e+00
2.778320312500000000e-01 -6.665039062500000000e-02 1.044433593750000000e+00
2.761230468750000000e-01 0.000000000000000000e+00 1.050537109375000000e+00
2.775878906250000000e-01 -6.396484375000000000e-02 1.041259765625000000e+00
2.753906250000000000e-01 -6.958007812500000000e-02 1.048828125000000000e+00
2.753906250000000000e-01 -6.958007812500000000e-02 1.048828125000000000e+00
2.678222656250000000e-01 2.197265625000000000e-03 1.044189453125000000e+00
2.678222656250000000e-01 2.197265625000000000e-03 1.044189453125000000e+00
2.292480468750000000e-01 -6.298828125000000000e-02 1.061035156250000000e+00
2.692871093750000000e-01 -6.787109375000000000e-02 1.082031250000000000e+00
2.604980468750000000e-01 4.394531250000000000e-03 1.125488281250000000e+00
2.192382812500000000e-01 4.882812500000000000e-04 1.039794921875000000e+00
2.744140625000000000e-01 -6.494140625000000000e-02 1.043945312500000000e+00
2.802734375000000000e-01 -6.591796875000000000e-02 1.045654296875000000e+00
2.768554687500000000e-01 -6.860351562500000000e-02 1.037353515625000000e+00
2.775878906250000000e-01 -6.396484375000000000e-02 1.046630859375000000e+00
2.714843750000000000e-01 -6.640625000000000000e-02 1.052734375000000000e+00
2.717285156250000000e-01 7.324218750000000000e-04 1.041992187500000000e+00
2.805175781250000000e-01 -6.909179687500000000e-02 1.035400390625000000e+00
2.741699218750000000e-01 -6.787109375000000000e-02 1.044677734375000000e+00
2.670898437500000000e-01 -6.713867187500000000e-02 1.052246093750000000e+00
2.709960937500000000e-01 -6.567382812500000000e-02 1.045898437500000000e+00
2.700195312500000000e-01 2.929687500000000000e-03 1.040039062500000000e+00
2.563476562500000000e-01 -6.420898437500000000e-02 1.043457031250000000e+00
2.729492187500000000e-01 -7.177734375000000000e-02 1.055419921875000000e+00
2.629394531250000000e-01 -7.373046875000000000e-02 1.092529296875000000e+00
2.512207031250000000e-01 -6.787109375000000000e-02 1.057861328125000000e+00
2.556152343750000000e-01 -6.518554687500000000e-02 1.050048828125000000e+00
2.612304687500000000e-01 -7.055664062500000000e-02 1.048828125000000000e+00
2.575683593750000000e-01 -6.982421875000000000e-02 1.054443359375000000e+00
2.565917968750000000e-01 -6.933593750000000000e-02 1.046630859375000000e+00
2.539062500000000000e-01 -7.055664062500000000e-02 1.051513671875000000e+00
1.770019531250000000e-01 -6.860351562500000000e-02 1.052490234375000000e+00
1.862792968750000000e-01 -6.420898437500000000e-02 1.053710937500000000e+00
1.857910156250000000e-01 -7.177734375000000000e-02 1.051513671875000000e+00
1.857910156250000000e-01 -6.518554687500000000e-02 1.054687500000000000e+00
1.848144531250000000e-01 -7.153320312500000000e-02 1.054687500000000000e+00
1.826171875000000000e-01 -6.738281250000000000e-02 1.051757812500000000e+00
2.507324218750000000e-01 -6.713867187500000000e-02 1.060546875000000000e+00
1.794433593750000000e-01 -7.250976562500000000e-02 1.050537109375000000e+00
2.529296875000000000e-01 -7.153320312500000000e-02 1.058837890625000000e+00
2.541503906250000000e-01 -7.080078125000000000e-02 1.047607421875000000e+00
1.762695312500000000e-01 -6.982421875000000000e-02 1.049316406250000000e+00
1.823730468750000000e-01 -7.153320312500000000e-02 1.055175781250000000e+00
1.823730468750000000e-01 -7.153320312500000000e-02 1.055175781250000000e+00
1.831054687500000000e-01 -7.128906250000000000e-02 1.052001953125000000e+00
1.831054687500000000e-01 -7.128906250000000000e-02 1.052001953125000000e+00
1.816406250000000000e-01 -6.909179687500000000e-02 1.051025390625000000e+00
1.745605468750000000e-01 -7.031250000000000000e-02 1.052246093750000000e+00
1.738281250000000000e-01 -7.446289062500000000e-02 1.053466796875000000e+00
1.706542968750000000e-01 -6.640625000000000000e-02 1.054687500000000000e+00
