1.015869140625000000e+00 7.177734375000000000e-02 4.448242187500000000e-01
1.015869140625000000e+00 7.177734375000000000e-02 4.448242187500000000e-01
1.015869140625000000e+00 7.177734375000000000e-02 4.448242187500000000e-01
9.370117187500000000e-01 7.397460937500000000e-02 4.619140625000000000e-01
9.370117187500000000e-01 7.397460937500000000e-02 4.619140625000000000e-01
9.370117187500000000e-01 7.397460937500000000e-02 4.619140625000000000e-01
9.370117187500000000e-01 7.397460937500000000e-02 4.619140625000000000e-01
9.370117187500000000e-01 7.397460937500000000e-02 4.619140625000000000e-01
9.274902343750000000e-01 7.714843750000000000e-02 4.096679687500000000e-01
9.289550781250000000e-01 7.373046875000000000e-02 4.658203125000000000e-01
9.311523437500000000e-01 8.154296875000000000e-02 4.106445312500000000e-01
1.006835937500000000e+00 8.227539062500000000e-02 4.580078125000000000e-01
1.009277343750000000e+00 8.544921875000000000e-02 4.626464843750000000e-01
9.318847656250000000e-01 8.520507812500000000e-02 4.641113281250000000e-01
9.367675781250000000e-01 8.032226562500000000e-02 4.609375000000000000e-01
9.365234375000000000e-01 7.934570312500000000e-02 4.582519531250000000e-01
1.009277343750000000e+00 7.641601562500000000e-02 4.487304687500000000e-01
1.001464843750000000e+00 7.592773437500000000e-02 4.584960937500000000e-01
1.001220703125000000e+00 7.031250000000000000e-02 4.404296875000000000e-01
9.350585937500000000e-01 7.299804687500000000e-02 4.492187500000000000e-01
9.350585937500000000e-01 7.299804687500000000e-02 4.492187500000000000e-01
1.002441406250000000e+00 7.714843750000000000e-02 4.423828125000000000e-01
1.010742187500000000e+00 7.958984375000000000e-02 4.479980468750000000e-01
1.007812500000000000e+00 7.275390625000000000e-02 4.475097656250000000e-01
1.003662109375000000e+00 6.909179687500000000e-02 3.730468750000000000e-01
1.017578125000000000e+00 6.982421875000000000e-02 4.426269531250000000e-01
1.009277343750000000e+00 6.518554687500000000e-02 4.379882812500000000e-01
1.015136718750000000e+00 -5.859375000000000000e-03 4.428710937500000000e-01
1.016357421875000000e+00 6.469726562500000000e-02 3.715820312500000000e-01
9.809570312500000000e-01 -2.441406250000000000e-04 3.608398437500000000e-01
9.714355468750000000e-01 -1.049804687500000000e-02 3.698730468750000000e-01
1.015380859375000000e+00 -1.025390625000000000e-02 3.728027343750000000e-01
9.357910156250000000e-01 -2.929687500000000000e-03 4.528808593750000000e-01
1.009521484375000000e+00 6.811523437500000000e-02 4.418945312500000000e-01
1.000244140625000000e+00 -6.347656250000000000e-03 3.593750000000000000e-01
9.138183593750000000e-01 -2.734375000000000000e-02 3.728027343750000000e-01
9.653320312500000000e-01 -1.928710937500000000e-02 4.091796875000000000e-01
9.621582031250000000e-01 6.884765625000000000e-02 4.641113281250000000e-01
9.233398437500000000e-01 6.494140625000000000e-02 4.418945312500000000e-01
8.054199218750000000e-01 7.666015625000000000e-02 5.114746093750000000e-01
9.802246093750000000e-01 8.398437500000000000e-02 5.192871093750000000e-01
7.304687500000000000e-01 -2.441406250000000000e-03 2.861328125000000000e-01
6.091308593750000000e-01 6.445312500000000000e-02 3.935546875000000000e-01
7.404785156250000000e-01 9.350585937500000000e-02 2.810058593750000000e-01
7.036132812500000000e-01 -2.929687500000000000e-03 3.244628906250000000e-01
6.994628906250000000e-01 6.201171875000000000e-02 2.770996093750000000e-01
6.791992187500000000e-01 1.049804687500000000e-02 2.138671875000000000e-01
5.776367187500000000e-01 5.029296875000000000e-02 2.634277343750000000e-01
8.576660156250000000e-01 1.054687500000000000e-01 3.439941406250000000e-01
8.432617187500000000e-01 2.197265625000000000e-02 -3.906250000000000000e-03
4.816894531250000000e-01 1.635742187500000000e-02 -2.758789062500000000e-02
1.708984375000000000e-02 -2.717285156250000000e-01 -7.055664062500000000e-02
-2.009277343750000000e-01 -2.165527343750000000e-01 9.543457031250000000e-01
5.863525390625000000e+00 2.198974609375000000e+00 4.248535156250000000e+00
5.161132812500000000e-01 -4.953613281250000000e-01 1.751220703125000000e+00
-1.135498046875000000e+00 -5.505371093750000000e-01 5.014648437500000000e-01
3.195800781250000000e-01 2.409667968750000000e-01 8.642578125000000000e-01
-2.570800781250000000e-01 1.667480468750000000e-01 1.623535156250000000e-01
-1.513427734375000000e+00 3.632812500000000000e-01 1.209228515625000000e+00
-1.022460937500000000e+00 1.762695312500000000e-01 1.146972656250000000e+00
-5.715332031250000000e-01 -2.219238281250000000e-01 9.404296875000000000e-01
-1.894531250000000000e-01 -2.648925781250000000e-01 1.017578125000000000e+00
-3.593750000000000000e-01 -1.528320312500000000e-01 7.458496093750000000e-01
-5.061035156250000000e-01 -2.590332031250000000e-01 9.558105468750000000e-01
7.121582031250000000e-01 -2.778320312500000000e-01 1.653808593750000000e+00
2.539062500000000000e-02 -3.833007812500000000e-02 1.346923828125000000e+00
-2.897949218750000000e-01 6.103515625000000000e-02 9.033203125000000000e-01
-3.159179687500000000e-01 1.611328125000000000e-02 7.414550781250000000e-01
2.001953125000000000e-01 -1.032714843750000000e-01 1.038330078125000000e+00
6.542968750000000000e-02 -2.050781250000000000e-02 1.181396484375000000e+00
-1.950683593750000000e-01 3.173828125000000000e-02 1.214111328125000000e+00
-2.817382812500000000e-01 1.489257812500000000e-01 1.047119140625000000e+00
-1.582031250000000000e-01 3.271484375000000000e-02 1.104980468750000000e+00
-2.075195312500000000e-02 -1.591796875000000000e-01 1.100830078125000000e+00
9.130859375000000000e-02 -1.997070312500000000e-01 8.964843750000000000e-01
-2.048339843750000000e-01 -5.273437500000000000e-02 1.042968750000000000e+00
-1.918945312500000000e-01 0.000000000000000000e+00 1.200927734375000000e+00
-7.153320312500000000e-02 9.277343750000000000e-02 1.122558593750000000e+00
-6.665039062500000000e-02 -2.124023437500000000e-02 1.198486328125000000e+00
-6.372070312500000000e-02 -5.834960937500000000e-02 9.853515625000000000e-01
-4.931640625000000000e-02 -1.560058593750000000e-01 1.063232421875000000e+00
-5.444335937500000000e-02 -5.419921875000000000e-02 1.059326171875000000e+00
-5.053710937500000000e-02 -3.540039062500000000e-02 1.061767578125000000e+00
-1.267089843750000000e-01 -8.886718750000000000e-02 1.141113281250000000e+00
-5.004882812500000000e-02 -3.784179687500000000e-02 1.137939453125000000e+00
-4.052734375000000000e-02 -9.033203125000000000e-02 1.143310546875000000e+00
-3.857421875000000000e-02 -9.228515625000000000e-02 1.152587890625000000e+00
-9.155273437500000000e-02 -4.760742187500000000e-02 1.138427734375000000e+00
-3.125000000000000000e-02 -5.200195312500000000e-02 1.140869140625000000e+00
-8.618164062500000000e-02 -5.078125000000000000e-02 1.061767578125000000e+00
-7.714843750000000000e-02 -5.004882812500000000e-02 1.048583984375000000e+00
-7.885742187500000000e-02 -4.516601562500000000e-02 1.152832031250000000e+00
7.324218750000000000e-04 -3.710937500000000000e-02 1.132812500000000000e+00
-6.958007812500000000e-02 -5.029296875000000000e-02 1.131591796875000000e+00
-6.860351562500000000e-02 -4.516601562500000000e-02 1.147705078125000000e+00
-6.420898437500000000e-02 -3.271484375000000000e-02 1.148437500000000000e+00
2.514648437500000000e-02 -8.935546875000000000e-02 1.135742187500000000e+00
2.954101562500000000e-02 -3.173828125000000000e-02 1.049072265625000000e+00
-2.563476562500000000e-02 -3.320312500000000000e-02 1.062011718750000000e+00
2.856445312500000000e-02 -7.739257812500000000e-02 1.133544921875000000e+00
-1.977539062500000000e-02 -8.911132812500000000e-02 1.057617187500000000e+00
-1.391601562500000000e-02 -3.466796875000000000e-02 1.126464843750000000e+00
-1.293945312500000000e-02 -7.934570312500000000e-02 1.050537109375000000e+00
-2.026367187500000000e-02 -8.544921875000000000e-02 1.047607421875000000e+00
-2.001953125000000000e-02 -9.179687500000000000e-02 1.041503906250000000e+00
-2.319335937500000000e-02 -9.057617187500000000e-02 1.048828125000000000e+00
2.172851562500000000e-02 -9.350585937500000000e-02 1.136474609375000000e+00
2.709960937500000000e-02 -3.491210937500000000e-02 1.141601562500000000e+00
8.789062500000000000e-03 -3.662109375000000000e-02 1.061035156250000000e+00
5.859375000000000000e-03 -3.588867187500000000e-02 1.130859375000000000e+00
3.906250000000000000e-03 -3.564453125000000000e-02 1.134521484375000000e+00
-6.640625000000000000e-02 -3.979492187500000000e-02 1.150390625000000000e+00
2.075195312500000000e-02 -3.247070312500000000e-02 1.058593750000000000e+00
4.882812500000000000e-03 -3.955078125000000000e-02 1.050781250000000000e+00
-8.032226562500000000e-02 -4.711914062500000000e-02 1.100830078125000000e+00
4.638671875000000000e-03 -4.101562500000000000e-02 1.140625000000000000e+00
3.173828125000000000e-03 -3.686523437500000000e-02 1.128662109375000000e+00
3.906250000000000000e-03 -3.955078125000000000e-02 1.137695312500000000e+00
6.591796875000000000e-03 -4.125976562500000000e-02 1.149658203125000000e+00
1.953125000000000000e-02 -3.540039062500000000e-02 1.135253906250000000e+00
2.490234375000000000e-02 -8.935546875000000000e-02 1.058593750000000000e+00
1.660156250000000000e-02 -3.198242187500000000e-02 1.130859375000000000e+00
-2.661132812500000000e-02 -3.417968750000000000e-02 1.096923828125000000e+00
-1.733398437500000000e-02 -3.344726562500000000e-02 1.128173828125000000e+00
-3.027343750000000000e-02 -3.417968750000000000e-02 1.129882812500000000e+00
-2.343750000000000000e-02 -3.295898437500000000e-02 1.138183593750000000e+00
-9.521484375000000000e-03 -8.886718750000000000e-02 1.061523437500000000e+00
-1.074218750000000000e-02 -3.320312500000000000e-02 1.129150390625000000e+00
6.665039062500000000e-02 -3.295898437500000000e-02 1.136230468750000000e+00
-6.347656250000000000e-03 -9.277343750000000000e-02 1.059814453125000000e+00
6.542968750000000000e-02 -8.959960937500000000e-02 1.062255859375000000e+00
6.494140625000000000e-02 -8.911132812500000000e-02 1.125732421875000000e+00
-4.150390625000000000e-03 -3.198242187500000000e-02 1.138671875000000000e+00
7.250976562500000000e-02 -9.277343750000000000e-02 1.095703125000000000e+00
3.759765625000000000e-02 -9.179687500000000000e-02 1.072998046875000000e+00
7.373046875000000000e-02 -8.740234375000000000e-02 1.035400390625000000e+00
-2.001953125000000000e-02 -3.686523437500000000e-02 1.116455078125000000e+00
6.762695312500000000e-02 -3.344726562500000000e-02 1.128417968750000000e+00
6.958007812500000000e-02 -3.173828125000000000e-02 1.129638671875000000e+00
6.347656250000000000e-02 -3.320312500000000000e-02 1.129638671875000000e+00
-9.765625000000000000e-03 -3.173828125000000000e-02 1.129150390625000000e+00
-2.197265625000000000e-03 -9.301757812500000000e-02 1.061279296875000000e+00
-3.662109375000000000e-03 -3.466796875000000000e-02 1.126464843750000000e+00
-1.416015625000000000e-02 -9.179687500000000000e-02 1.127929687500000000e+00
-2.124023437500000000e-02 -3.271484375000000000e-02 1.132080078125000000e+00
-5.615234375000000000e-03 -3.393554687500000000e-02 1.126953125000000000e+00
-2.514648437500000000e-02 -3.222656250000000000e-02 1.047119140625000000e+00
-2.978515625000000000e-02 -3.515625000000000000e-02 1.141601562500000000e+00
2.539062500000000000e-02 -3.759765625000000000e-02 1.134277343750000000e+00
2.416992187500000000e-02 -3.735351562500000000e-02 1.125976562500000000e+00
2.001953125000000000e-02 -3.784179687500000000e-02 1.134765625000000000e+00
2.685546875000000000e-02 -3.906250000000000000e-02 1.053710937500000000e+00
6.347656250000000000e-03 -3.930664062500000000e-02 1.059326171875000000e+00
6.835937500000000000e-03 -3.344726562500000000e-02 1.138183593750000000e+00
7.568359375000000000e-03 -3.930664062500000000e-02 1.128662109375000000e+00
8.056640625000000000e-03 -4.052734375000000000e-02 1.134033203125000000e+00
-6.542968750000000000e-02 -3.759765625000000000e-02 1.133544921875000000e+00
-6.591796875000000000e-02 -3.930664062500000000e-02 1.134277343750000000e+00
9.765625000000000000e-03 -4.125976562500000000e-02 1.126220703125000000e+00
3.662109375000000000e-03 -4.125976562500000000e-02 1.047119140625000000e+00
-8.593750000000000000e-02 -4.492187500000000000e-02 1.141845703125000000e+00
-7.885742187500000000e-02 -4.101562500000000000e-02 1.141601562500000000e+00
-7.031250000000000000e-02 -4.345703125000000000e-02 1.060791015625000000e+00
-7.763671875000000000e-02 -4.101562500000000000e-02 1.131103515625000000e+00
-7.934570312500000000e-02 -4.370117187500000000e-02 1.130859375000000000e+00
-8.007812500000000000e-02 -5.029296875000000000e-02 1.125244140625000000e+00
-8.471679687500000000e-02 -4.125976562500000000e-02 1.136962890625000000e+00
-8.032226562500000000e-02 -4.370117187500000000e-02 1.131347656250000000e+00
-8.496093750000000000e-02 -4.174804687500000000e-02 1.125976562500000000e+00
-8.544921875000000000e-02 -4.296875000000000000e-02 1.130615234375000000e+00
-8.886718750000000000e-02 -4.394531250000000000e-02 1.129394531250000000e+00
-8.813476562500000000e-02 -4.125976562500000000e-02 1.129150390625000000e+00
-9.277343750000000000e-02 -4.174804687500000000e-02 1.133789062500000000e+00
-8.276367187500000000e-02 -5.151367187500000000e-02 1.130859375000000000e+00
-6.494140625000000000e-02 -4.101562500000000000e-02 1.051757812500000000e+00
-3.393554687500000000e-02 -4.321289062500000000e-02 1.132080078125000000e+00
-9.106445312500000000e-02 -5.664062500000000000e-02 1.145019531250000000e+00
-7.690429687500000000e-02 -4.174804687500000000e-02 1.060058593750000000e+00
-7.861328125000000000e-02 -4.272460937500000000e-02 1.128173828125000000e+00
-7.617187500000000000e-02 -3.198242187500000000e-02 1.132324218750000000e+00
-7.934570312500000000e-02 -9.301757812500000000e-02 1.059326171875000000e+00
-8.129882812500000000e-02 -3.295898437500000000e-02 1.138427734375000000e+00
-7.373046875000000000e-02 -3.393554687500000000e-02 1.136474609375000000e+00
-6.542968750000000000e-02 -9.301757812500000000e-02 1.133544921875000000e+00
-6.298828125000000000e-02 -4.833984375000000000e-02 1.143310546875000000e+00
5.859375000000000000e-03 -4.199218750000000000e-02 1.138183593750000000e+00
1.025390625000000000e-02 -3.979492187500000000e-02 1.128417968750000000e+00
1.196289062500000000e-02 -3.930664062500000000e-02 1.056152343750000000e+00
-3.002929687500000000e-02 -3.710937500000000000e-02 1.059814453125000000e+00
2.270507812500000000e-02 -3.393554687500000000e-02 1.042724609375000000e+00
7.324218750000000000e-03 -8.862304687500000000e-02 1.057128906250000000e+00
1.977539062500000000e-02 -9.350585937500000000e-02 1.047851562500000000e+00
3.906250000000000000e-03 -3.295898437500000000e-02 1.062255859375000000e+00
-6.909179687500000000e-02 -3.857421875000000000e-02 1.137939453125000000e+00
-6.518554687500000000e-02 -4.516601562500000000e-02 1.128173828125000000e+00
-7.958984375000000000e-02 -4.980468750000000000e-02 1.062255859375000000e+00
-8.471679687500000000e-02 -4.956054687500000000e-02 1.132812500000000000e+00
-7.617187500000000000e-02 -4.663085937500000000e-02 1.131347656250000000e+00
-8.300781250000000000e-02 -4.785156250000000000e-02 1.126220703125000000e+00
-8.105468750000000000e-02 -4.443359375000000000e-02 1.134277343750000000e+00
