1.017089843750000000e+00 -1.396484375000000000e-01 -1.464843750000000000e-03
1.017089843750000000e+00 -1.396484375000000000e-01 -1.464843750000000000e-03
1.043457031250000000e+00 -8.569335937500000000e-02 4.956054687500000000e-02
1.081542968750000000e+00 -1.123046875000000000e-01 8.618164062500000000e-02
1.081542968750000000e+00 -1.123046875000000000e-01 8.618164062500000000e-02
9.868164062500000000e-01 -1.303710937500000000e-01 7.226562500000000000e-02
9.941406250000000000e-01 2.197265625000000000e-03 6.445312500000000000e-02
9.328613281250000000e-01 -1.342773437500000000e-01 -2.685546875000000000e-03
1.089599609375000000e+00 -4.833984375000000000e-02 8.325195312500000000e-02
1.085449218750000000e+00 -4.809570312500000000e-02 -2.172851562500000000e-02
9.865722656250000000e-01 -5.688476562500000000e-02 -1.953125000000000000e-03
9.990234375000000000e-01 -5.175781250000000000e-02 6.762695312500000000e-02
9.960937500000000000e-01 -6.152343750000000000e-02 8.642578125000000000e-02
9.746093750000000000e-01 -3.540039062500000000e-02 8.422851562500000000e-02
9.865722656250000000e-01 -4.125976562500000000e-02 4.150390625000000000e-02
9.895019531250000000e-01 -5.395507812500000000e-02 3.881835937500000000e-02
1.000000000000000000e+00 -3.369140625000000000e-02 3.613281250000000000e-02
9.968261718750000000e-01 -5.834960937500000000e-02 5.029296875000000000e-02
1.014648437500000000e+00 -5.810546875000000000e-02 6.567382812500000000e-02
1.084960937500000000e+00 -1.306152343750000000e-01 7.519531250000000000e-02
1.063232421875000000e+00 -3.540039062500000000e-02 8.471679687500000000e-02
9.714355468750000000e-01 -4.077148437500000000e-02 7.617187500000000000e-02
1.066162109375000000e+00 -3.759765625000000000e-02 7.958984375000000000e-02
9.968261718750000000e-01 -3.784179687500000000e-02 8.374023437500000000e-02
9.853515625000000000e-01 -3.540039062500000000e-02 3.906250000000000000e-02
9.863281250000000000e-01 -4.907226562500000000e-02 3.491210937500000000e-02
9.838867187500000000e-01 -3.857421875000000000e-02 -1.098632812500000000e-02
1.079833984375000000e+00 -8.129882812500000000e-02 -2.709960937500000000e-02
1.062988281250000000e+00 -7.788085937500000000e-02 6.811523437500000000e-02
1.027832031250000000e+00 -8.081054687500000000e-02 -1.464843750000000000e-03
9.990234375000000000e-01 -3.686523437500000000e-02 -7.080078125000000000e-03
1.071044921875000000e+00 -4.931640625000000000e-02 -2.270507812500000000e-02
9.763183593750000000e-01 -1.259765625000000000e-01 -1.220703125000000000e-02
9.916992187500000000e-01 -1.269531250000000000e-01 -1.538085937500000000e-02
9.841308593750000000e-01 -5.957031250000000000e-02 2.270507812500000000e-02
1.018066406250000000e+00 -1.538085937500000000e-01 -8.789062500000000000e-02
9.323730468750000000e-01 -2.629394531250000000e-01 -4.296875000000000000e-02
9.531250000000000000e-01 -2.683105468750000000e-01 -4.223632812500000000e-02
1.022949218750000000e+00 -1.579589843750000000e-01 1.220703125000000000e-03
1.030029296875000000e+00 -2.790527343750000000e-01 -1.503906250000000000e-01
8.957519531250000000e-01 -2.788085937500000000e-01 -3.735351562500000000e-02
7.407226562500000000e-01 -2.011718750000000000e-01 -1.467285156250000000e-01
9.477539062500000000e-01 -1.770019531250000000e-01 1.220703125000000000e-03
1.216308593750000000e+00 -3.066406250000000000e-01 7.666015625000000000e-02
1.216308593750000000e+00 -3.066406250000000000e-01 7.666015625000000000e-02
1.088378906250000000e+00 -1.223144531250000000e-01 -1.604003906250000000e-01
1.088378906250000000e+00 -1.223144531250000000e-01 -1.604003906250000000e-01
9.965820312500000000e-01 -1.516113281250000000e-01 -2.834472656250000000e-01
7.434082031250000000e-01 -5.175781250000000000e-02 -2.114257812500000000e-01
7.138671875000000000e-01 -1.435546875000000000e-01 -3.171386718750000000e-01
6.774902343750000000e-01 -1.711425781250000000e-01 -1.782226562500000000e-01
6.650390625000000000e-01 -2.014160156250000000e-01 -2.578125000000000000e-01
4.882812500000000000e-01 -1.486816406250000000e-01 -2.087402343750000000e-01
2.827148437500000000e-01 -1.069335937500000000e-01 -1.682128906250000000e-01
5.083007812500000000e-01 -7.275390625000000000e-02 -7.031250000000000000e-02
8.598632812500000000e-01 -9.252929687500000000e-02 -1.379394531250000000e-01
8.813476562500000000e-01 1.049804687500000000e-02 -1.826171875000000000e-01
8.991699218750000000e-01 -1.406250000000000000e-01 9.106445312500000000e-02
4.570312500000000000e-01 8.813476562500000000e-02 5.708007812500000000e-01
7.448730468750000000e-01 -3.085937500000000000e-01 2.709960937500000000e-02
3.736083984375000000e+00 6.098632812500000000e-01 1.685302734375000000e+00
2.074218750000000000e+00 3.027343750000000000e-01 -2.937011718750000000e-01
-7.553710937500000000e-01 2.219238281250000000e-01 -5.407714843750000000e-01
8.356933593750000000e-01 6.921386718750000000e-01 1.737792968750000000e+00
-4.926757812500000000e-01 1.027099609375000000e+00 2.485351562500000000e-01
-6.020507812500000000e-01 3.957519531250000000e-01 1.178955078125000000e+00
-7.490234375000000000e-01 4.645996093750000000e-01 1.031738281250000000e+00
-2.941894531250000000e-01 2.258300781250000000e-01 1.119384765625000000e+00
-1.049804687500000000e-01 2.766113281250000000e-01 8.730468750000000000e-01
-1.940917968750000000e-01 3.051757812500000000e-02 9.091796875000000000e-01
-2.382812500000000000e-01 5.981445312500000000e-02 1.028564453125000000e+00
-3.286132812500000000e-01 -3.906250000000000000e-03 9.020996093750000000e-01
-3.996582031250000000e-01 1.992187500000000000e-01 1.035400390625000000e+00
-2.602539062500000000e-01 1.894531250000000000e-01 9.819335937500000000e-01
-2.697753906250000000e-01 1.577148437500000000e-01 1.163330078125000000e+00
-1.281738281250000000e-01 1.523437500000000000e-01 9.946289062500000000e-01
-5.908203125000000000e-02 9.863281250000000000e-02 1.076171875000000000e+00
-4.541015625000000000e-02 1.909179687500000000e-01 1.072265625000000000e+00
4.858398437500000000e-02 3.291015625000000000e-01 1.219238281250000000e+00
1.000976562500000000e-02 3.957519531250000000e-01 1.138427734375000000e+00
-7.934570312500000000e-02 4.489746093750000000e-01 1.072753906250000000e+00
1.027832031250000000e-01 -2.954101562500000000e-02 8.967285156250000000e-01
5.637207031250000000e-01 3.395996093750000000e-01 7.373046875000000000e-01
5.637207031250000000e-01 3.395996093750000000e-01 7.373046875000000000e-01
-4.694824218750000000e-01 3.662109375000000000e-02 1.127929687500000000e+00
-7.861328125000000000e-02 1.572265625000000000e-01 1.138671875000000000e+00
5.280761718750000000e-01 4.006347656250000000e-01 1.338134765625000000e+00
-1.042480468750000000e-01 1.813964843750000000e-01 9.335937500000000000e-01
-2.763671875000000000e-01 1.306152343750000000e-01 8.464355468750000000e-01
-3.691406250000000000e-01 2.277832031250000000e-01 3.371582031250000000e-01
2.495117187500000000e-01 5.256347656250000000e-01 1.563476562500000000e+00
9.960937500000000000e-02 -1.196289062500000000e-02 9.306640625000000000e-01
8.374023437500000000e-02 1.757812500000000000e-02 1.077880859375000000e+00
4.052734375000000000e-02 4.687500000000000000e-02 1.085449218750000000e+00
1.528320312500000000e-01 1.110839843750000000e-01 1.165283203125000000e+00
-1.904296875000000000e-02 1.782226562500000000e-01 1.135986328125000000e+00
-1.367187500000000000e-01 2.075195312500000000e-01 9.775390625000000000e-01
-6.274414062500000000e-02 1.289062500000000000e-01 1.075683593750000000e+00
2.465820312500000000e-02 1.176757812500000000e-01 1.095703125000000000e+00
1.538085937500000000e-02 1.992187500000000000e-01 1.154052734375000000e+00
1.882324218750000000e-01 9.130859375000000000e-02 1.180908203125000000e+00
2.609863281250000000e-01 -1.953125000000000000e-02 1.098388671875000000e+00
2.246093750000000000e-01 6.542968750000000000e-02 9.858398437500000000e-01
2.729492187500000000e-01 2.050781250000000000e-02 1.111816406250000000e+00
1.791992187500000000e-01 3.442382812500000000e-02 1.141601562500000000e+00
1.469726562500000000e-01 1.330566406250000000e-01 1.089599609375000000e+00
-7.812500000000000000e-03 1.511230468750000000e-01 1.033203125000000000e+00
-2.441406250000000000e-04 2.070312500000000000e-01 1.067871093750000000e+00
7.373046875000000000e-02 1.115722656250000000e-01 9.707031250000000000e-01
5.908203125000000000e-02 4.418945312500000000e-02 1.131591796875000000e+00
2.546386718750000000e-01 -1.782226562500000000e-02 1.183105468750000000e+00
2.551269531250000000e-01 7.812500000000000000e-02 1.114746093750000000e+00
1.708984375000000000e-01 1.311035156250000000e-01 1.038330078125000000e+00
1.843261718750000000e-01 6.030273437500000000e-02 1.084228515625000000e+00
1.787109375000000000e-01 1.416015625000000000e-01 1.086914062500000000e+00
2.805175781250000000e-01 5.419921875000000000e-02 1.052001953125000000e+00
2.490234375000000000e-01 1.281738281250000000e-01 1.055664062500000000e+00
3.327636718750000000e-01 1.440429687500000000e-01 1.083740234375000000e+00
3.850097656250000000e-01 1.552734375000000000e-01 1.071533203125000000e+00
3.884277343750000000e-01 1.486816406250000000e-01 9.970703125000000000e-01
4.003906250000000000e-01 1.010742187500000000e-01 9.965820312500000000e-01
3.110351562500000000e-01 1.467285156250000000e-01 9.890136718750000000e-01
3.110351562500000000e-01 1.467285156250000000e-01 9.890136718750000000e-01
3.051757812500000000e-01 1.005859375000000000e-01 1.071289062500000000e+00
3.002929687500000000e-01 1.530761718750000000e-01 1.036376953125000000e+00
2.990722656250000000e-01 1.020507812500000000e-01 1.086425781250000000e+00
2.814941406250000000e-01 9.472656250000000000e-02 9.973144531250000000e-01
3.427734375000000000e-01 1.384277343750000000e-01 1.070556640625000000e+00
3.823242187500000000e-01 6.079101562500000000e-02 1.044189453125000000e+00
2.836914062500000000e-01 4.345703125000000000e-02 1.077880859375000000e+00
2.868652343750000000e-01 3.271484375000000000e-02 9.890136718750000000e-01
2.902832031250000000e-01 3.344726562500000000e-02 1.082275390625000000e+00
2.912597656250000000e-01 4.003906250000000000e-02 1.067138671875000000e+00
2.895507812500000000e-01 1.376953125000000000e-01 1.083984375000000000e+00
3.432617187500000000e-01 1.396484375000000000e-01 1.076171875000000000e+00
2.819824218750000000e-01 1.325683593750000000e-01 1.084960937500000000e+00
3.435058593750000000e-01 1.262207031250000000e-01 1.070800781250000000e+00
2.946777343750000000e-01 1.359863281250000000e-01 1.074951171875000000e+00
2.822265625000000000e-01 1.425781250000000000e-01 1.068847656250000000e+00
3.422851562500000000e-01 1.442871093750000000e-01 1.080566406250000000e+00
3.425292968750000000e-01 1.364746093750000000e-01 1.064697265625000000e+00
3.317871093750000000e-01 1.406250000000000000e-01 1.082275390625000000e+00
2.890625000000000000e-01 1.437988281250000000e-01 1.034912109375000000e+00
2.885742187500000000e-01 1.462402343750000000e-01 1.087890625000000000e+00
2.822265625000000000e-01 1.494140625000000000e-01 1.080322265625000000e+00
2.897949218750000000e-01 1.547851562500000000e-01 1.078613281250000000e+00
2.851562500000000000e-01 1.481933593750000000e-01 1.078125000000000000e+00
3.403320312500000000e-01 1.008300781250000000e-01 1.085449218750000000e+00
3.410644531250000000e-01 1.513671875000000000e-01 1.078125000000000000e+00
2.844238281250000000e-01 1.474609375000000000e-01 1.073242187500000000e+00
2.900390625000000000e-01 9.692382812500000000e-02 1.080322265625000000e+00
2.873535156250000000e-01 1.533203125000000000e-01 1.078369140625000000e+00
2.875976562500000000e-01 9.375000000000000000e-02 1.078857421875000000e+00
2.832031250000000000e-01 9.497070312500000000e-02 1.064941406250000000e+00
2.858886718750000000e-01 9.472656250000000000e-02 1.069580078125000000e+00
2.875976562500000000e-01 1.528320312500000000e-01 1.072509765625000000e+00
2.878417968750000000e-01 1.552734375000000000e-01 1.075195312500000000e+00
2.871093750000000000e-01 9.545898437500000000e-02 1.073974609375000000e+00
2.844238281250000000e-01 1.550292968750000000e-01 1.078125000000000000e+00
2.846679687500000000e-01 9.497070312500000000e-02 1.070800781250000000e+00
2.866210937500000000e-01 1.518554687500000000e-01 9.948730468750000000e-01
3.378906250000000000e-01 9.765625000000000000e-02 1.076660156250000000e+00
3.405761718750000000e-01 1.555175781250000000e-01 1.076660156250000000e+00
3.405761718750000000e-01 1.555175781250000000e-01 1.076660156250000000e+00
3.420410156250000000e-01 9.521484375000000000e-02 1.084472656250000000e+00
2.863769531250000000e-01 9.375000000000000000e-02 1.075683593750000000e+00
2.849121093750000000e-01 1.479492187500000000e-01 1.073242187500000000e+00
3.410644531250000000e-01 9.448242187500000000e-02 1.091064453125000000e+00
2.937011718750000000e-01 1.496582031250000000e-01 1.074951171875000000e+00
2.976074218750000000e-01 1.318359375000000000e-01 1.093505859375000000e+00
3.762207031250000000e-01 1.367187500000000000e-01 1.050537109375000000e+00
4.040527343750000000e-01 1.103515625000000000e-01 1.143554687500000000e+00
3.190917968750000000e-01 1.135253906250000000e-01 9.645996093750000000e-01
-2.807617187500000000e-02 1.242675781250000000e-01 1.060302734375000000e+00
1.372070312500000000e-01 9.716796875000000000e-02 1.060546875000000000e+00
8.959960937500000000e-02 1.623535156250000000e-01 1.007812500000000000e+00
3.076171875000000000e-01 5.102539062500000000e-02 1.194580078125000000e+00
1.679687500000000000e-01 1.196289062500000000e-01 1.090576171875000000e+00
1.848144531250000000e-01 1.110839843750000000e-01 1.081787109375000000e+00
2.612304687500000000e-01 5.175781250000000000e-02 1.192871093750000000e+00
1.262207031250000000e-01 1.228027343750000000e-01 9.926757812500000000e-01
1.298828125000000000e-01 1.520996093750000000e-01 1.045654296875000000e+00
1.245117187500000000e-02 2.060546875000000000e-01 9.919433593750000000e-01
-1.123046875000000000e-02 2.153320312500000000e-01 1.155517578125000000e+00
7.641601562500000000e-02 1.105957031250000000e-01 1.103759765625000000e+00
-2.954101562500000000e-02 2.705078125000000000e-01 1.129394531250000000e+00
-1.875000000000000000e-01 2.138671875000000000e-01 7.229003906250000000e-01
7.763671875000000000e-02 1.127929687500000000e-01 1.257324218750000000e+00
-2.612304687500000000e-02 2.009277343750000000e-01 1.086425781250000000e+00
9.350585937500000000e-02 2.067871093750000000e-01 1.043457031250000000e+00
-6.103515625000000000e-03 2.109375000000000000e-01 1.147949218750000000e+00
-1.953125000000000000e-02 1.879882812500000000e-01 1.128417968750000000e+00
2.539062500000000000e-02 2.082519531250000000e-01 1.040283203125000000e+00
9.008789062500000000e-02 1.108398437500000000e-01 1.035888671875000000e+00
-1.708984375000000000e-03 2.043457031250000000e-01 1.142822265625000000e+00
-1.904296875000000000e-02 1.088867187500000000e-01 1.044433593750000000e+00
8.154296875000000000e-02 2.058105468750000000e-01 1.059082031250000000e+00
-6.347656250000000000e-03 1.911621093750000000e-01 1.047119140625000000e+00
-1.708984375000000000e-03 1.950683593750000000e-01 1.055175781250000000e+00
6.567382812500000000e-02 1.911621093750000000e-01 1.131347656250000000e+00
