9.179687500000000000e-01 -6.494140625000000000e-02 -2.277832031250000000e-01
9.179687500000000000e-01 -6.494140625000000000e-02 -2.277832031250000000e-01
1.013671875000000000e+00 5.371093750000000000e-03 -2.265625000000000000e-01
1.006591796875000000e+00 -6.640625000000000000e-02 -2.270507812500000000e-01
1.002197265625000000e+00 -7.177734375000000000e-02 -2.250976562500000000e-01
1.006347656250000000e+00 2.197265625000000000e-03 -2.304687500000000000e-01
9.272460937500000000e-01 7.324218750000000000e-04 -2.294921875000000000e-01
9.304199218750000000e-01 -7.226562500000000000e-02 -2.404785156250000000e-01
9.333496093750000000e-01 1.098632812500000000e-02 -2.373046875000000000e-01
9.206542968750000000e-01 1.586914062500000000e-02 -2.478027343750000000e-01
9.255371093750000000e-01 2.197265625000000000e-03 -2.497558593750000000e-01
9.221191406250000000e-01 -6.396484375000000000e-02 -2.346191406250000000e-01
9.306640625000000000e-01 -7.690429687500000000e-02 -2.404785156250000000e-01
9.267578125000000000e-01 -8.129882812500000000e-02 -2.395019531250000000e-01
9.226074218750000000e-01 -7.885742187500000000e-02 -2.458496093750000000e-01
9.370117187500000000e-01 -6.811523437500000000e-02 -2.324218750000000000e-01
9.340820312500000000e-01 7.568359375000000000e-03 -2.250976562500000000e-01
9.311523437500000000e-01 -3.002929687500000000e-02 -2.292480468750000000e-01
9.260253906250000000e-01 1.586914062500000000e-02 -2.807617187500000000e-01
9.321289062500000000e-01 -2.905273437500000000e-02 -2.785644531250000000e-01
9.335937500000000000e-01 -2.954101562500000000e-02 -2.263183593750000000e-01
1.001708984375000000e+00 1.391601562500000000e-02 -2.250976562500000000e-01
9.167480468750000000e-01 -7.714843750000000000e-02 -2.238769531250000000e-01
9.245605468750000000e-01 -1.323242187500000000e-01 -3.325195312500000000e-01
9.455566406250000000e-01 -1.289062500000000000e-01 -3.210449218750000000e-01
8.088378906250000000e-01 -7.031250000000000000e-02 -2.602539062500000000e-01
1.127197265625000000e+00 -4.248046875000000000e-02 -3.322753906250000000e-01
1.010498046875000000e+00 -1.367187500000000000e-01 -3.122558593750000000e-01
8.959960937500000000e-01 -1.672363281250000000e-01 -3.637695312500000000e-01
7.949218750000000000e-01 -2.036132812500000000e-01 -3.449707031250000000e-01
8.322753906250000000e-01 -2.570800781250000000e-01 -4.299316406250000000e-01
7.873535156250000000e-01 -1.191406250000000000e-01 -4.963378906250000000e-01
7.236328125000000000e-01 -1.328125000000000000e-01 -5.585937500000000000e-01
7.158203125000000000e-01 -2.004394531250000000e-01 -6.181640625000000000e-01
5.527343750000000000e-01 -1.799316406250000000e-01 -6.047363281250000000e-01
8.295898437500000000e-01 -3.457031250000000000e-01 -3.291015625000000000e-01
4.785156250000000000e-01 3.979492187500000000e-02 -9.536132812500000000e-01
9.121093750000000000e-01 -2.067871093750000000e-01 -6.577148437500000000e-01
4.123535156250000000e-01 4.628906250000000000e-01 -5.161132812500000000e-01
1.376953125000000000e-01 -1.367187500000000000e-02 -5.173339843750000000e-01
-1.562500000000000000e-01 2.685546875000000000e-02 -9.736328125000000000e-01
-3.637695312500000000e-02 -9.318847656250000000e-01 -1.688232421875000000e+00
4.057617187500000000e-01 2.490234375000000000e-02 -9.064941406250000000e-01
8.337402343750000000e-01 4.653320312500000000e-01 -5.532226562500000000e-01
9.604492187500000000e-01 1.611328125000000000e-01 4.289550781250000000e-01
5.493164062500000000e-02 -3.559570312500000000e-01 3.037109375000000000e-01
-1.128417968750000000e+00 3.198242187500000000e-01 -6.643066406250000000e-01
-4.736328125000000000e-01 1.547851562500000000e-01 -8.586425781250000000e-01
-1.094970703125000000e+00 -6.782226562500000000e-01 -1.606933593750000000e+00
-3.757324218750000000e-01 -9.521484375000000000e-03 -7.919921875000000000e-01
-3.920898437500000000e-01 1.882324218750000000e-01 -5.563964843750000000e-01
-2.549072265625000000e+00 -6.010742187500000000e-01 -3.326660156250000000e+00
-2.448730468750000000e-01 -3.955078125000000000e-02 -3.519042968750000000e+00
-1.036132812500000000e+00 -2.753906250000000000e-01 -2.418457031250000000e+00
-4.785156250000000000e-01 -1.000976562500000000e-01 -1.104736328125000000e+00
-2.768554687500000000e-01 -5.664062500000000000e-02 -6.413574218750000000e-01
-1.022949218750000000e-01 -8.203125000000000000e-02 -5.021972656250000000e-01
-1.267089843750000000e-01 -7.934570312500000000e-02 -4.274902343750000000e-01
-1.572265625000000000e-01 -9.082031250000000000e-02 -6.672363281250000000e-01
-1.684570312500000000e-01 -1.337890625000000000e-01 -9.687500000000000000e-01
-2.802734375000000000e-01 -8.593750000000000000e-02 -1.281982421875000000e+00
-2.229003906250000000e-01 -1.267089843750000000e-01 -1.040527343750000000e+00
-1.828613281250000000e-01 1.464843750000000000e-03 -8.664550781250000000e-01
-2.519531250000000000e-01 -1.264648437500000000e-01 -7.326660156250000000e-01
-1.811523437500000000e-01 -1.323242187500000000e-01 -7.719726562500000000e-01
-2.653808593750000000e-01 -1.281738281250000000e-01 -8.894042968750000000e-01
-2.258300781250000000e-01 -1.416015625000000000e-01 -9.138183593750000000e-01
-2.746582031250000000e-01 -1.333007812500000000e-01 -9.460449218750000000e-01
-2.661132812500000000e-01 -1.303710937500000000e-01 -8.645019531250000000e-01
-2.534179687500000000e-01 -5.590820312500000000e-02 -8.999023437500000000e-01
-1.865234375000000000e-01 -4.907226562500000000e-02 -8.862304687500000000e-01
-2.607421875000000000e-01 -4.956054687500000000e-02 -8.591308593750000000e-01
-2.546386718750000000e-01 -4.907226562500000000e-02 -9.467773437500000000e-01
-2.529296875000000000e-01 -4.248046875000000000e-02 -8.691406250000000000e-01
-2.512207031250000000e-01 -4.858398437500000000e-02 -9.375000000000000000e-01
-2.568359375000000000e-01 -5.297851562500000000e-02 -8.518066406250000000e-01
-2.531738281250000000e-01 -4.858398437500000000e-02 -8.510742187500000000e-01
-2.504882812500000000e-01 -5.957031250000000000e-02 -8.664550781250000000e-01
-2.517089843750000000e-01 -5.834960937500000000e-02 -8.566894531250000000e-01
-2.551269531250000000e-01 -5.297851562500000000e-02 -8.564453125000000000e-01
-2.500000000000000000e-01 -5.664062500000000000e-02 -8.625488281250000000e-01
-1.845703125000000000e-01 -5.419921875000000000e-02 -8.630371093750000000e-01
-1.831054687500000000e-01 -1.252441406250000000e-01 -8.608398437500000000e-01
-1.767578125000000000e-01 -5.957031250000000000e-02 -8.557128906250000000e-01
-2.502441406250000000e-01 -6.005859375000000000e-02 -8.681640625000000000e-01
-1.831054687500000000e-01 -5.688476562500000000e-02 -8.574218750000000000e-01
-1.782226562500000000e-01 -5.078125000000000000e-02 -8.649902343750000000e-01
-1.782226562500000000e-01 -4.785156250000000000e-02 -8.645019531250000000e-01
-1.787109375000000000e-01 -4.956054687500000000e-02 -8.640136718750000000e-01
-1.813964843750000000e-01 -5.004882812500000000e-02 -8.674316406250000000e-01
-1.787109375000000000e-01 -5.541992187500000000e-02 -8.649902343750000000e-01
-1.760253906250000000e-01 -5.957031250000000000e-02 -8.498535156250000000e-01
-1.789550781250000000e-01 -5.590820312500000000e-02 -8.557128906250000000e-01
-1.770019531250000000e-01 -5.297851562500000000e-02 -8.564453125000000000e-01
-1.816406250000000000e-01 -5.517578125000000000e-02 -8.693847656250000000e-01
-1.813964843750000000e-01 -5.175781250000000000e-02 -8.591308593750000000e-01
-1.855468750000000000e-01 -5.126953125000000000e-02 -8.576660156250000000e-01
-1.767578125000000000e-01 -4.589843750000000000e-02 -8.498535156250000000e-01
-1.787109375000000000e-01 -4.980468750000000000e-02 -8.666992187500000000e-01
-1.840820312500000000e-01 -5.346679687500000000e-02 -8.640136718750000000e-01
-1.835937500000000000e-01 -5.346679687500000000e-02 -8.693847656250000000e-01
-1.811523437500000000e-01 -5.395507812500000000e-02 -8.474121093750000000e-01
-1.789550781250000000e-01 -5.126953125000000000e-02 -8.559570312500000000e-01
-2.500000000000000000e-01 -5.224609375000000000e-02 -9.379882812500000000e-01
-1.787109375000000000e-01 -5.078125000000000000e-02 -8.535156250000000000e-01
-1.772460937500000000e-01 -5.200195312500000000e-02 -8.476562500000000000e-01
-1.818847656250000000e-01 -4.956054687500000000e-02 -8.613281250000000000e-01
-1.816406250000000000e-01 -5.346679687500000000e-02 -8.654785156250000000e-01
-1.789550781250000000e-01 -5.395507812500000000e-02 -8.730468750000000000e-01
-1.772460937500000000e-01 -5.444335937500000000e-02 -8.564453125000000000e-01
-1.796875000000000000e-01 -5.126953125000000000e-02 -8.569335937500000000e-01
-1.833496093750000000e-01 -5.419921875000000000e-02 -8.684082031250000000e-01
-1.757812500000000000e-01 -5.371093750000000000e-02 -8.627929687500000000e-01
-1.789550781250000000e-01 -4.858398437500000000e-02 -8.522949218750000000e-01
-1.748046875000000000e-01 -5.078125000000000000e-02 -8.623046875000000000e-01
-1.767578125000000000e-01 -4.858398437500000000e-02 -8.647460937500000000e-01
-1.777343750000000000e-01 -5.126953125000000000e-02 -8.632812500000000000e-01
-1.767578125000000000e-01 -5.126953125000000000e-02 -8.510742187500000000e-01
-1.774902343750000000e-01 -5.175781250000000000e-02 -8.613281250000000000e-01
-1.831054687500000000e-01 -5.200195312500000000e-02 -8.693847656250000000e-01
-1.831054687500000000e-01 -5.200195312500000000e-02 -8.693847656250000000e-01
-1.765136718750000000e-01 -5.078125000000000000e-02 -8.596191406250000000e-01
-1.711425781250000000e-01 -4.785156250000000000e-02 -8.588867187500000000e-01
-1.735839843750000000e-01 -5.297851562500000000e-02 -8.615722656250000000e-01
-1.796875000000000000e-01 -5.273437500000000000e-02 -8.701171875000000000e-01
-1.716308593750000000e-01 -5.395507812500000000e-02 -8.576660156250000000e-01
-1.679687500000000000e-01 -5.395507812500000000e-02 -8.623046875000000000e-01
-1.716308593750000000e-01 -5.737304687500000000e-02 -8.645019531250000000e-01
-1.711425781250000000e-01 -6.176757812500000000e-02 -9.489746093750000000e-01
-1.613769531250000000e-01 -5.834960937500000000e-02 -8.530273437500000000e-01
-1.572265625000000000e-01 -5.200195312500000000e-02 -8.532714843750000000e-01
-1.679687500000000000e-01 -5.688476562500000000e-02 -8.666992187500000000e-01
-1.689453125000000000e-01 -5.859375000000000000e-02 -9.440917968750000000e-01
-1.630859375000000000e-01 -5.908203125000000000e-02 -8.579101562500000000e-01
-1.640625000000000000e-01 -5.590820312500000000e-02 -8.532714843750000000e-01
-1.618652343750000000e-01 -5.688476562500000000e-02 -8.652343750000000000e-01
-1.682128906250000000e-01 -6.030273437500000000e-02 -9.477539062500000000e-01
-1.643066406250000000e-01 -5.737304687500000000e-02 -8.679199218750000000e-01
-1.691894531250000000e-01 -5.615234375000000000e-02 -8.681640625000000000e-01
-1.689453125000000000e-01 -5.688476562500000000e-02 -8.657226562500000000e-01
-1.689453125000000000e-01 -5.688476562500000000e-02 -8.618164062500000000e-01
-1.691894531250000000e-01 -5.639648437500000000e-02 -8.679199218750000000e-01
-1.726074218750000000e-01 -5.737304687500000000e-02 -8.479003906250000000e-01
-1.713867187500000000e-01 -5.688476562500000000e-02 -8.610839843750000000e-01
-1.740722656250000000e-01 -6.005859375000000000e-02 -8.520507812500000000e-01
-1.789550781250000000e-01 -5.517578125000000000e-02 -8.591308593750000000e-01
-1.770019531250000000e-01 -5.737304687500000000e-02 -8.730468750000000000e-01
-1.782226562500000000e-01 -4.931640625000000000e-02 -8.630371093750000000e-01
-1.772460937500000000e-01 -5.297851562500000000e-02 -8.605957031250000000e-01
-1.809082031250000000e-01 -4.492187500000000000e-02 -8.637695312500000000e-01
-1.826171875000000000e-01 -5.175781250000000000e-02 -8.603515625000000000e-01
-1.857910156250000000e-01 -5.151367187500000000e-02 -8.732910156250000000e-01
-2.536621093750000000e-01 -4.931640625000000000e-02 -8.735351562500000000e-01
-2.548828125000000000e-01 -5.126953125000000000e-02 -9.418945312500000000e-01
-1.735839843750000000e-01 -4.858398437500000000e-02 -8.759765625000000000e-01
-1.845703125000000000e-01 -4.638671875000000000e-02 -8.479003906250000000e-01
-2.541503906250000000e-01 -4.296875000000000000e-02 -9.389648437500000000e-01
-1.848144531250000000e-01 -9.204101562500000000e-02 -8.696289062500000000e-01
-2.524414062500000000e-01 -3.540039062500000000e-02 -8.505859375000000000e-01
-2.502441406250000000e-01 -3.344726562500000000e-02 -8.503417968750000000e-01
-1.865234375000000000e-01 -3.564453125000000000e-02 -8.593750000000000000e-01
-1.833496093750000000e-01 -4.223632812500000000e-02 -8.669433593750000000e-01
-1.804199218750000000e-01 -4.321289062500000000e-02 -8.464355468750000000e-01
-1.811523437500000000e-01 -4.516601562500000000e-02 -8.657226562500000000e-01
-1.799316406250000000e-01 -4.614257812500000000e-02 -8.679199218750000000e-01
-1.823730468750000000e-01 -4.199218750000000000e-02 -8.652343750000000000e-01
-1.845703125000000000e-01 -4.052734375000000000e-02 -8.652343750000000000e-01
-1.789550781250000000e-01 -4.028320312500000000e-02 -8.632812500000000000e-01
-1.740722656250000000e-01 -3.808593750000000000e-02 -8.603515625000000000e-01
-1.784667968750000000e-01 -4.150390625000000000e-02 -8.679199218750000000e-01
-1.743164062500000000e-01 -4.370117187500000000e-02 -8.605957031250000000e-01
-1.801757812500000000e-01 -3.979492187500000000e-02 -8.547363281250000000e-01
-1.706542968750000000e-01 -4.370117187500000000e-02 -8.466796875000000000e-01
-1.843261718750000000e-01 -4.638671875000000000e-02 -9.416503906250000000e-01
-1.821289062500000000e-01 -4.272460937500000000e-02 -9.550781250000000000e-01
-1.665039062500000000e-01 -4.541015625000000000e-02 -9.060058593750000000e-01
-1.701660156250000000e-01 -4.589843750000000000e-02 -8.693847656250000000e-01
-1.735839843750000000e-01 -4.272460937500000000e-02 -8.645019531250000000e-01
-1.716308593750000000e-01 -4.614257812500000000e-02 -8.605957031250000000e-01
-1.718750000000000000e-01 -5.102539062500000000e-02 -8.627929687500000000e-01
-1.728515625000000000e-01 -5.004882812500000000e-02 -8.696289062500000000e-01
-1.733398437500000000e-01 -4.272460937500000000e-02 -8.740234375000000000e-01
-1.726074218750000000e-01 -4.418945312500000000e-02 -8.552246093750000000e-01
-1.735839843750000000e-01 -4.370117187500000000e-02 -8.732910156250000000e-01
-1.748046875000000000e-01 -4.516601562500000000e-02 -8.698730468750000000e-01
-1.662597656250000000e-01 -4.736328125000000000e-02 -8.688964843750000000e-01
-1.623535156250000000e-01 -4.248046875000000000e-02 -8.613281250000000000e-01
-1.635742187500000000e-01 -4.541015625000000000e-02 -8.671875000000000000e-01
-1.665039062500000000e-01 -4.492187500000000000e-02 -8.666992187500000000e-01
-1.743164062500000000e-01 -3.417968750000000000e-02 -8.559570312500000000e-01
-1.696777343750000000e-01 -4.833984375000000000e-02 -9.467773437500000000e-01
-1.696777343750000000e-01 -3.979492187500000000e-02 -8.593750000000000000e-01
-1.735839843750000000e-01 -4.711914062500000000e-02 -9.384765625000000000e-01
-1.704101562500000000e-01 -4.467773437500000000e-02 -8.659667968750000000e-01
-1.784667968750000000e-01 -4.492187500000000000e-02 -8.681640625000000000e-01
-1.608886718750000000e-01 -4.638671875000000000e-02 -8.471679687500000000e-01
-1.562500000000000000e-01 -3.857421875000000000e-02 -8.928222656250000000e-01
-2.104492187500000000e-01 -4.858398437500000000e-02 -9.118652343750000000e-01
-1.987304687500000000e-01 -4.711914062500000000e-02 -9.575195312500000000e-01
-2.043457031250000000e-01 -5.541992187500000000e-02 -9.609375000000000000e-01
