9.814453125000000000e-01 -1.403808593750000000e-01 1.831054687500000000e-01
9.814453125000000000e-01 -1.403808593750000000e-01 1.831054687500000000e-01
9.814453125000000000e-01 -1.403808593750000000e-01 1.831054687500000000e-01
9.899902343750000000e-01 -1.354980468750000000e-01 1.796875000000000000e-01
9.899902343750000000e-01 -1.354980468750000000e-01 1.796875000000000000e-01
9.899902343750000000e-01 -1.354980468750000000e-01 1.796875000000000000e-01
9.943847656250000000e-01 -1.367187500000000000e-01 1.811523437500000000e-01
9.943847656250000000e-01 -1.367187500000000000e-01 1.811523437500000000e-01
9.943847656250000000e-01 -1.367187500000000000e-01 1.811523437500000000e-01
9.934082031250000000e-01 -1.459960937500000000e-01 1.865234375000000000e-01
9.838867187500000000e-01 -1.379394531250000000e-01 2.685546875000000000e-01
9.882812500000000000e-01 -1.323242187500000000e-01 2.702636718750000000e-01
1.025146484375000000e+00 -1.381835937500000000e-01 2.790527343750000000e-01
9.724121093750000000e-01 -1.318359375000000000e-01 2.707519531250000000e-01
9.719238281250000000e-01 -1.342773437500000000e-01 2.697753906250000000e-01
9.799804687500000000e-01 -1.345214843750000000e-01 2.512207031250000000e-01
1.070068359375000000e+00 -1.401367187500000000e-01 1.650390625000000000e-01
9.877929687500000000e-01 -1.430664062500000000e-01 2.509765625000000000e-01
9.897460937500000000e-01 -1.474609375000000000e-01 2.587890625000000000e-01
9.699707031250000000e-01 -1.489257812500000000e-01 1.845703125000000000e-01
9.694824218750000000e-01 -1.474609375000000000e-01 2.753906250000000000e-01
1.028320312500000000e+00 -1.433105468750000000e-01 2.565917968750000000e-01
9.841308593750000000e-01 -1.520996093750000000e-01 2.553710937500000000e-01
9.726562500000000000e-01 -1.528320312500000000e-01 2.565917968750000000e-01
9.846191406250000000e-01 -1.445312500000000000e-01 1.833496093750000000e-01
9.904785156250000000e-01 -9.423828125000000000e-02 1.862792968750000000e-01
9.938964843750000000e-01 -1.501464843750000000e-01 1.875000000000000000e-01
9.775390625000000000e-01 -1.513671875000000000e-01 2.573242187500000000e-01
1.027832031250000000e+00 -1.560058593750000000e-01 2.683105468750000000e-01
9.704589843750000000e-01 -1.533203125000000000e-01 2.551269531250000000e-01
9.802246093750000000e-01 -9.741210937500000000e-02 1.855468750000000000e-01
9.880371093750000000e-01 -1.037597656250000000e-01 2.646484375000000000e-01
1.025146484375000000e+00 -1.030273437500000000e-01 2.619628906250000000e-01
1.004882812500000000e+00 -1.469726562500000000e-01 2.727050781250000000e-01
1.023193359375000000e+00 -1.496582031250000000e-01 2.736816406250000000e-01
1.029785156250000000e+00 -1.218261718750000000e-01 2.529296875000000000e-01
1.014404296875000000e+00 -9.667968750000000000e-02 1.838378906250000000e-01
9.150390625000000000e-01 -1.457519531250000000e-01 1.845703125000000000e-01
9.636230468750000000e-01 -1.359863281250000000e-01 2.160644531250000000e-01
9.716796875000000000e-01 -2.067871093750000000e-01 2.185058593750000000e-01
1.088378906250000000e+00 -2.695312500000000000e-01 2.050781250000000000e-01
9.448242187500000000e-01 -8.959960937500000000e-02 1.601562500000000000e-01
7.932128906250000000e-01 6.738281250000000000e-02 5.712890625000000000e-02
7.761230468750000000e-01 -8.959960937500000000e-02 1.767578125000000000e-01
5.869140625000000000e-01 -5.297851562500000000e-02 3.601074218750000000e-01
4.301757812500000000e-01 -6.787109375000000000e-02 1.665039062500000000e-01
2.192382812500000000e-01 2.880859375000000000e-02 4.006347656250000000e-01
2.980957031250000000e-01 -2.131347656250000000e-01 1.105957031250000000e-01
8.930664062500000000e-01 -1.789550781250000000e-01 7.373046875000000000e-02
1.467773437500000000e+00 -1.201171875000000000e-01 -1.867675781250000000e-01
2.049316406250000000e+00 -1.743164062500000000e-01 -3.576660156250000000e-01
6.916503906250000000e-01 -7.324218750000000000e-03 -1.596679687500000000e-01
-3.291015625000000000e-01 5.102539062500000000e-02 -6.787109375000000000e-02
1.069580078125000000e+00 -1.682128906250000000e-01 -3.911132812500000000e-01
-1.684570312500000000e-02 -1.696777343750000000e-01 -3.005615234375000000e+00
-1.684570312500000000e-02 -1.696777343750000000e-01 -3.005615234375000000e+00
-1.520996093750000000e-01 6.860351562500000000e-02 -1.893798828125000000e+00
-1.650390625000000000e-01 1.701660156250000000e-01 -1.162353515625000000e+00
-1.162109375000000000e-01 1.442871093750000000e-01 -4.941406250000000000e-01
-1.386718750000000000e-01 2.514648437500000000e-02 -5.837402343750000000e-01
-1.171875000000000000e-01 1.611328125000000000e-02 -6.496582031250000000e-01
-3.291015625000000000e-01 9.277343750000000000e-03 -9.853515625000000000e-01
-2.695312500000000000e-01 -1.586914062500000000e-02 -9.858398437500000000e-01
-3.686523437500000000e-02 1.855468750000000000e-02 -1.131103515625000000e+00
-7.763671875000000000e-02 -2.905273437500000000e-02 -9.069824218750000000e-01
-1.391601562500000000e-02 2.880859375000000000e-02 -9.499511718750000000e-01
-2.368164062500000000e-02 -2.124023437500000000e-02 -8.525390625000000000e-01
-2.441406250000000000e-03 -1.440429687500000000e-02 -8.918457031250000000e-01
-1.635742187500000000e-02 -1.416015625000000000e-02 -9.101562500000000000e-01
6.860351562500000000e-02 -6.835937500000000000e-03 -9.658203125000000000e-01
2.587890625000000000e-02 -1.440429687500000000e-02 -9.653320312500000000e-01
2.343750000000000000e-02 -1.220703125000000000e-03 -9.482421875000000000e-01
2.563476562500000000e-02 -1.513671875000000000e-02 -9.479980468750000000e-01
1.928710937500000000e-02 -1.660156250000000000e-02 -9.453125000000000000e-01
2.148437500000000000e-02 -2.148437500000000000e-02 -9.580078125000000000e-01
2.612304687500000000e-02 -3.125000000000000000e-02 -9.501953125000000000e-01
-2.392578125000000000e-02 -2.490234375000000000e-02 -9.445800781250000000e-01
-2.172851562500000000e-02 2.392578125000000000e-02 -9.565429687500000000e-01
-2.270507812500000000e-02 2.832031250000000000e-02 -9.589843750000000000e-01
-2.880859375000000000e-02 -2.490234375000000000e-02 -9.436035156250000000e-01
-3.027343750000000000e-02 -2.392578125000000000e-02 -9.479980468750000000e-01
3.100585937500000000e-02 -2.758789062500000000e-02 -9.550781250000000000e-01
2.905273437500000000e-02 -3.027343750000000000e-02 -9.645996093750000000e-01
3.125000000000000000e-02 -3.125000000000000000e-02 -9.497070312500000000e-01
-2.709960937500000000e-02 2.929687500000000000e-02 -9.509277343750000000e-01
-2.929687500000000000e-02 2.636718750000000000e-02 -9.450683593750000000e-01
-3.100585937500000000e-02 2.416992187500000000e-02 -9.519042968750000000e-01
-3.002929687500000000e-02 2.636718750000000000e-02 -9.548339843750000000e-01
-3.100585937500000000e-02 2.880859375000000000e-02 -9.489746093750000000e-01
2.734375000000000000e-02 2.734375000000000000e-02 -9.616699218750000000e-01
2.807617187500000000e-02 3.002929687500000000e-02 -9.477539062500000000e-01
2.954101562500000000e-02 2.319335937500000000e-02 -9.594726562500000000e-01
2.978515625000000000e-02 2.807617187500000000e-02 -9.628906250000000000e-01
2.807617187500000000e-02 2.490234375000000000e-02 -9.511718750000000000e-01
-3.051757812500000000e-02 -3.076171875000000000e-02 -9.584960937500000000e-01
3.002929687500000000e-02 2.807617187500000000e-02 -9.487304687500000000e-01
2.954101562500000000e-02 2.856445312500000000e-02 -9.555664062500000000e-01
2.905273437500000000e-02 2.709960937500000000e-02 -9.536132812500000000e-01
2.856445312500000000e-02 2.246093750000000000e-02 -9.548339843750000000e-01
2.783203125000000000e-02 2.734375000000000000e-02 -9.633789062500000000e-01
3.076171875000000000e-02 2.465820312500000000e-02 -9.484863281250000000e-01
2.758789062500000000e-02 2.441406250000000000e-02 -9.511718750000000000e-01
2.734375000000000000e-02 2.929687500000000000e-02 -9.575195312500000000e-01
2.612304687500000000e-02 2.148437500000000000e-02 -9.550781250000000000e-01
2.514648437500000000e-02 2.465820312500000000e-02 -9.531250000000000000e-01
2.148437500000000000e-02 2.587890625000000000e-02 -9.487304687500000000e-01
2.392578125000000000e-02 2.465820312500000000e-02 -9.616699218750000000e-01
2.441406250000000000e-02 2.636718750000000000e-02 -9.550781250000000000e-01
2.343750000000000000e-02 2.270507812500000000e-02 -9.555664062500000000e-01
2.465820312500000000e-02 2.197265625000000000e-02 -9.411621093750000000e-01
1.879882812500000000e-02 2.539062500000000000e-02 -9.504394531250000000e-01
1.977539062500000000e-02 2.294921875000000000e-02 -9.565429687500000000e-01
1.953125000000000000e-02 2.490234375000000000e-02 -9.584960937500000000e-01
1.416015625000000000e-02 2.343750000000000000e-02 -9.589843750000000000e-01
2.026367187500000000e-02 2.392578125000000000e-02 -9.492187500000000000e-01
2.294921875000000000e-02 2.124023437500000000e-02 -9.562988281250000000e-01
1.513671875000000000e-02 2.246093750000000000e-02 -9.521484375000000000e-01
1.831054687500000000e-02 1.977539062500000000e-02 -9.575195312500000000e-01
1.782226562500000000e-02 2.172851562500000000e-02 -9.572753906250000000e-01
2.319335937500000000e-02 2.075195312500000000e-02 -9.431152343750000000e-01
2.001953125000000000e-02 2.270507812500000000e-02 -9.501953125000000000e-01
1.928710937500000000e-02 2.661132812500000000e-02 -9.555664062500000000e-01
2.172851562500000000e-02 2.148437500000000000e-02 -9.599609375000000000e-01
2.441406250000000000e-02 2.490234375000000000e-02 -9.538574218750000000e-01
2.026367187500000000e-02 2.172851562500000000e-02 -9.521484375000000000e-01
2.124023437500000000e-02 2.026367187500000000e-02 -9.470214843750000000e-01
2.368164062500000000e-02 2.392578125000000000e-02 -9.538574218750000000e-01
2.246093750000000000e-02 2.514648437500000000e-02 -9.553222656250000000e-01
2.392578125000000000e-02 2.197265625000000000e-02 -9.501953125000000000e-01
2.294921875000000000e-02 2.416992187500000000e-02 -9.484863281250000000e-01
2.612304687500000000e-02 2.416992187500000000e-02 -9.636230468750000000e-01
2.148437500000000000e-02 2.343750000000000000e-02 -9.494628906250000000e-01
2.197265625000000000e-02 2.172851562500000000e-02 -9.555664062500000000e-01
2.954101562500000000e-02 2.075195312500000000e-02 -9.565429687500000000e-01
2.270507812500000000e-02 2.514648437500000000e-02 -9.516601562500000000e-01
2.539062500000000000e-02 2.465820312500000000e-02 -9.562988281250000000e-01
2.246093750000000000e-02 2.148437500000000000e-02 -9.570312500000000000e-01
2.368164062500000000e-02 2.392578125000000000e-02 -9.526367187500000000e-01
2.148437500000000000e-02 2.685546875000000000e-02 -9.548339843750000000e-01
2.294921875000000000e-02 2.514648437500000000e-02 -9.499511718750000000e-01
2.343750000000000000e-02 2.539062500000000000e-02 -9.506835937500000000e-01
2.709960937500000000e-02 2.465820312500000000e-02 -9.597167968750000000e-01
2.441406250000000000e-02 2.319335937500000000e-02 -9.521484375000000000e-01
2.343750000000000000e-02 2.416992187500000000e-02 -9.514160156250000000e-01
2.172851562500000000e-02 2.050781250000000000e-02 -9.545898437500000000e-01
2.124023437500000000e-02 2.587890625000000000e-02 -9.541015625000000000e-01
2.490234375000000000e-02 2.539062500000000000e-02 -9.501953125000000000e-01
2.368164062500000000e-02 2.197265625000000000e-02 -9.528808593750000000e-01
2.001953125000000000e-02 2.416992187500000000e-02 -9.550781250000000000e-01
1.879882812500000000e-02 2.026367187500000000e-02 -9.519042968750000000e-01
1.708984375000000000e-02 2.124023437500000000e-02 -9.560546875000000000e-01
2.172851562500000000e-02 2.050781250000000000e-02 -9.555664062500000000e-01
1.977539062500000000e-02 2.075195312500000000e-02 -9.462890625000000000e-01
1.293945312500000000e-02 2.294921875000000000e-02 -9.536132812500000000e-01
2.075195312500000000e-02 2.661132812500000000e-02 -9.553222656250000000e-01
1.953125000000000000e-02 1.757812500000000000e-02 -9.543457031250000000e-01
1.684570312500000000e-02 2.490234375000000000e-02 -9.567871093750000000e-01
1.708984375000000000e-02 1.733398437500000000e-02 -9.582519531250000000e-01
1.733398437500000000e-02 2.172851562500000000e-02 -9.560546875000000000e-01
1.293945312500000000e-02 2.050781250000000000e-02 -9.567871093750000000e-01
1.806640625000000000e-02 2.319335937500000000e-02 -9.572753906250000000e-01
1.831054687500000000e-02 1.904296875000000000e-02 -9.482421875000000000e-01
1.757812500000000000e-02 1.977539062500000000e-02 -9.543457031250000000e-01
2.221679687500000000e-02 2.050781250000000000e-02 -9.582519531250000000e-01
1.708984375000000000e-02 2.465820312500000000e-02 -9.602050781250000000e-01
1.538085937500000000e-02 2.099609375000000000e-02 -9.553222656250000000e-01
2.124023437500000000e-02 2.221679687500000000e-02 -9.541015625000000000e-01
2.246093750000000000e-02 2.246093750000000000e-02 -9.504394531250000000e-01
2.465820312500000000e-02 2.172851562500000000e-02 -9.460449218750000000e-01
2.319335937500000000e-02 2.514648437500000000e-02 -9.462890625000000000e-01
2.148437500000000000e-02 2.465820312500000000e-02 -9.523925781250000000e-01
2.587890625000000000e-02 2.587890625000000000e-02 -9.516601562500000000e-01
2.221679687500000000e-02 2.294921875000000000e-02 -9.538574218750000000e-01
2.490234375000000000e-02 2.368164062500000000e-02 -9.501953125000000000e-01
2.197265625000000000e-02 2.612304687500000000e-02 -9.479980468750000000e-01
2.392578125000000000e-02 2.050781250000000000e-02 -9.582519531250000000e-01
2.172851562500000000e-02 2.246093750000000000e-02 -9.597167968750000000e-01
2.392578125000000000e-02 2.148437500000000000e-02 -9.499511718750000000e-01
2.294921875000000000e-02 2.343750000000000000e-02 -9.521484375000000000e-01
2.270507812500000000e-02 2.026367187500000000e-02 -9.531250000000000000e-01
2.661132812500000000e-02 2.465820312500000000e-02 -9.492187500000000000e-01
2.514648437500000000e-02 2.441406250000000000e-02 -9.509277343750000000e-01
2.636718750000000000e-02 2.539062500000000000e-02 -9.494628906250000000e-01
2.685546875000000000e-02 2.270507812500000000e-02 -9.572753906250000000e-01
2.294921875000000000e-02 2.172851562500000000e-02 -9.489746093750000000e-01
2.490234375000000000e-02 2.270507812500000000e-02 -9.514160156250000000e-01
2.856445312500000000e-02 2.514648437500000000e-02 -9.533691406250000000e-01
2.734375000000000000e-02 2.172851562500000000e-02 -9.528808593750000000e-01
2.758789062500000000e-02 1.928710937500000000e-02 -9.492187500000000000e-01
2.441406250000000000e-02 2.221679687500000000e-02 -9.509277343750000000e-01
2.856445312500000000e-02 2.221679687500000000e-02 -9.558105468750000000e-01
2.368164062500000000e-02 2.661132812500000000e-02 -9.497070312500000000e-01
2.343750000000000000e-02 2.075195312500000000e-02 -9.558105468750000000e-01
2.392578125000000000e-02 2.587890625000000000e-02 -9.570312500000000000e-01
2.636718750000000000e-02 2.148437500000000000e-02 -9.526367187500000000e-01
2.294921875000000000e-02 2.490234375000000000e-02 -9.484863281250000000e-01
2.368164062500000000e-02 1.953125000000000000e-02 -9.548339843750000000e-01
2.050781250000000000e-02 2.172851562500000000e-02 -9.553222656250000000e-01
2.465820312500000000e-02 2.050781250000000000e-02 -9.528808593750000000e-01
2.294921875000000000e-02 2.221679687500000000e-02 -9.516601562500000000e-01
