9.870605468750000000e-01 -6.201171875000000000e-02 3.027343750000000000e-02
9.877929687500000000e-01 -1.306152343750000000e-01 -2.832031250000000000e-02
9.877929687500000000e-01 -1.306152343750000000e-01 -2.832031250000000000e-02
9.885253906250000000e-01 -1.271972656250000000e-01 2.758789062500000000e-02
9.938964843750000000e-01 -6.127929687500000000e-02 3.027343750000000000e-02
9.919433593750000000e-01 -1.259765625000000000e-01 -2.685546875000000000e-02
9.919433593750000000e-01 -1.259765625000000000e-01 -2.685546875000000000e-02
9.907226562500000000e-01 -5.810546875000000000e-02 2.758789062500000000e-02
9.907226562500000000e-01 -5.810546875000000000e-02 2.758789062500000000e-02
9.907226562500000000e-01 -5.810546875000000000e-02 2.758789062500000000e-02
9.934082031250000000e-01 -6.201171875000000000e-02 3.100585937500000000e-02
9.921875000000000000e-01 -5.859375000000000000e-02 2.856445312500000000e-02
9.963378906250000000e-01 -6.079101562500000000e-02 2.807617187500000000e-02
9.941406250000000000e-01 -6.201171875000000000e-02 3.027343750000000000e-02
9.956054687500000000e-01 -5.371093750000000000e-02 -2.685546875000000000e-02
9.882812500000000000e-01 -4.174804687500000000e-02 -1.635742187500000000e-02
9.941406250000000000e-01 -3.979492187500000000e-02 2.563476562500000000e-02
1.072509765625000000e+00 -5.200195312500000000e-02 1.977539062500000000e-02
9.794921875000000000e-01 -5.004882812500000000e-02 2.221679687500000000e-02
9.794921875000000000e-01 -5.004882812500000000e-02 2.221679687500000000e-02
9.877929687500000000e-01 -1.298828125000000000e-01 1.416015625000000000e-02
9.877929687500000000e-01 -1.298828125000000000e-01 1.416015625000000000e-02
1.066894531250000000e+00 -1.398925781250000000e-01 1.196289062500000000e-02
1.066894531250000000e+00 -1.398925781250000000e-01 1.196289062500000000e-02
9.958496093750000000e-01 -1.430664062500000000e-01 2.075195312500000000e-02
1.066650390625000000e+00 -6.054687500000000000e-02 -2.416992187500000000e-02
1.025878906250000000e+00 -1.286621093750000000e-01 -1.684570312500000000e-02
1.064208984375000000e+00 -1.525878906250000000e-01 7.348632812500000000e-02
9.731445312500000000e-01 -1.098632812500000000e-01 -2.441406250000000000e-04
9.863281250000000000e-01 -1.237792968750000000e-01 3.759765625000000000e-02
1.013427734375000000e+00 -9.790039062500000000e-02 1.027832031250000000e-01
1.029785156250000000e+00 -1.096191406250000000e-01 1.787109375000000000e-01
1.080078125000000000e+00 -9.033203125000000000e-02 2.661132812500000000e-01
9.863281250000000000e-01 -8.935546875000000000e-02 1.860351562500000000e-01
1.003417968750000000e+00 -1.276855468750000000e-01 1.813964843750000000e-01
9.777832031250000000e-01 -1.313476562500000000e-01 1.879882812500000000e-01
9.338378906250000000e-01 -1.494140625000000000e-01 9.326171875000000000e-02
1.114013671875000000e+00 -1.215820312500000000e-01 -2.270507812500000000e-02
8.420410156250000000e-01 -6.323242187500000000e-02 2.651367187500000000e-01
1.251708984375000000e+00 -1.193847656250000000e-01 2.895507812500000000e-01
9.636230468750000000e-01 8.642578125000000000e-02 1.176757812500000000e-01
8.684082031250000000e-01 1.757812500000000000e-02 1.440429687500000000e-01
8.684082031250000000e-01 1.757812500000000000e-02 1.440429687500000000e-01
1.031738281250000000e+00 -4.711914062500000000e-02 4.931640625000000000e-02
8.273925781250000000e-01 -1.435546875000000000e-01 -6.225585937500000000e-02
8.273925781250000000e-01 -1.435546875000000000e-01 -6.225585937500000000e-02
8.457031250000000000e-01 1.074218750000000000e-02 -6.909179687500000000e-02
9.472656250000000000e-01 1.853027343750000000e-01 7.250976562500000000e-02
4.785156250000000000e-01 -1.630859375000000000e-01 -1.435546875000000000e-01
1.289550781250000000e+00 -6.762695312500000000e-02 7.167968750000000000e-01
1.289550781250000000e+00 -6.762695312500000000e-02 7.167968750000000000e-01
7.197265625000000000e-01 -1.289062500000000000e-01 4.738769531250000000e-01
9.885253906250000000e-01 -2.724609375000000000e-01 4.697265625000000000e-01
7.185058593750000000e-01 1.137695312500000000e-01 4.956054687500000000e-02
9.387207031250000000e-01 -1.162109375000000000e-01 2.832031250000000000e-01
7.885742187500000000e-01 -2.148437500000000000e-02 3.129882812500000000e-01
6.777343750000000000e-01 -7.788085937500000000e-02 5.239257812500000000e-01
2.810058593750000000e-01 -1.782226562500000000e-02 4.382324218750000000e-01
4.440917968750000000e-01 3.283691406250000000e-01 4.672851562500000000e-01
7.666015625000000000e-01 -1.657714843750000000e-01 6.762695312500000000e-01
1.469970703125000000e+00 8.081054687500000000e-02 2.704345703125000000e+00
1.487060546875000000e+00 9.399414062500000000e-02 3.325439453125000000e+00
1.105957031250000000e+00 -1.049804687500000000e-02 1.304687500000000000e+00
-3.815917968750000000e-01 7.397460937500000000e-02 7.817382812500000000e-01
-8.371582031250000000e-01 1.782226562500000000e-02 3.400878906250000000e-01
-1.360107421875000000e+00 -1.718750000000000000e-01 4.733886718750000000e-01
-1.011962890625000000e+00 -3.190917968750000000e-01 4.296875000000000000e-01
-2.387695312500000000e-01 -7.568359375000000000e-02 8.247070312500000000e-01
-2.387695312500000000e-01 -7.568359375000000000e-02 8.247070312500000000e-01
-4.853515625000000000e-01 -1.696777343750000000e-01 9.172363281250000000e-01
-3.527832031250000000e-01 -5.144042968750000000e-01 9.216308593750000000e-01
-2.453613281250000000e-01 3.247070312500000000e-02 1.107421875000000000e+00
-2.453613281250000000e-01 3.247070312500000000e-02 1.107421875000000000e+00
7.204589843750000000e-01 -5.444335937500000000e-01 1.259277343750000000e+00
7.204589843750000000e-01 -5.444335937500000000e-01 1.259277343750000000e+00
2.673339843750000000e-01 -2.500000000000000000e-01 1.044677734375000000e+00
3.417968750000000000e-02 -1.391601562500000000e-02 6.711425781250000000e-01
6.323242187500000000e-02 -1.420898437500000000e-01 1.025390625000000000e+00
-3.540039062500000000e-02 1.245117187500000000e-01 1.127197265625000000e+00
2.368164062500000000e-02 -7.470703125000000000e-02 1.174316406250000000e+00
-1.997070312500000000e-01 -2.543945312500000000e-01 1.183593750000000000e+00
-1.845703125000000000e-01 -2.590332031250000000e-01 1.026367187500000000e+00
-4.687500000000000000e-02 -1.135253906250000000e-01 1.036621093750000000e+00
-4.687500000000000000e-02 -1.135253906250000000e-01 1.036621093750000000e+00
-4.687500000000000000e-02 -1.135253906250000000e-01 1.036621093750000000e+00
-4.687500000000000000e-02 -1.135253906250000000e-01 1.036621093750000000e+00
-5.639648437500000000e-02 -1.193847656250000000e-01 1.043212890625000000e+00
-5.639648437500000000e-02 -1.193847656250000000e-01 1.043212890625000000e+00
-1.398925781250000000e-01 -1.953125000000000000e-01 1.059814453125000000e+00
-1.313476562500000000e-01 -1.569824218750000000e-01 1.060546875000000000e+00
-1.293945312500000000e-01 -1.765136718750000000e-01 1.042724609375000000e+00
-1.311035156250000000e-01 -1.635742187500000000e-01 1.043945312500000000e+00
-1.311035156250000000e-01 -1.635742187500000000e-01 1.043945312500000000e+00
-1.296386718750000000e-01 -1.608886718750000000e-01 1.042480468750000000e+00
-6.127929687500000000e-02 -2.111816406250000000e-01 1.041259765625000000e+00
-1.264648437500000000e-01 -2.133789062500000000e-01 1.047363281250000000e+00
-1.315917968750000000e-01 -2.094726562500000000e-01 1.047851562500000000e+00
-1.271972656250000000e-01 -2.175292968750000000e-01 1.036621093750000000e+00
-1.513671875000000000e-01 -1.638183593750000000e-01 1.050781250000000000e+00
-1.398925781250000000e-01 -1.655273437500000000e-01 1.042480468750000000e+00
-1.293945312500000000e-01 -1.708984375000000000e-01 1.041748046875000000e+00
-1.555175781250000000e-01 -1.611328125000000000e-01 1.045166015625000000e+00
-1.462402343750000000e-01 -1.594238281250000000e-01 1.045898437500000000e+00
-1.450195312500000000e-01 -1.572265625000000000e-01 1.036132812500000000e+00
-9.594726562500000000e-02 -1.599121093750000000e-01 1.041015625000000000e+00
-1.484375000000000000e-01 -1.701660156250000000e-01 1.032714843750000000e+00
-1.555175781250000000e-01 -1.652832031250000000e-01 1.039550781250000000e+00
-1.555175781250000000e-01 -1.623535156250000000e-01 1.042968750000000000e+00
-9.814453125000000000e-02 -1.660156250000000000e-01 1.041259765625000000e+00
-9.814453125000000000e-02 -1.660156250000000000e-01 1.041259765625000000e+00
-1.020507812500000000e-01 -1.650390625000000000e-01 1.039794921875000000e+00
-9.545898437500000000e-02 -1.657714843750000000e-01 1.042724609375000000e+00
-9.545898437500000000e-02 -1.657714843750000000e-01 1.042724609375000000e+00
-9.716796875000000000e-02 -1.662597656250000000e-01 1.038085937500000000e+00
-9.497070312500000000e-02 -1.660156250000000000e-01 1.044921875000000000e+00
-9.912109375000000000e-02 -1.623535156250000000e-01 1.093750000000000000e+00
-1.005859375000000000e-01 -1.616210937500000000e-01 1.035156250000000000e+00
-9.912109375000000000e-02 -1.699218750000000000e-01 1.037597656250000000e+00
-9.887695312500000000e-02 -1.687011718750000000e-01 1.043457031250000000e+00
-9.545898437500000000e-02 -1.628417968750000000e-01 1.035156250000000000e+00
-1.560058593750000000e-01 -1.630859375000000000e-01 1.040039062500000000e+00
-9.667968750000000000e-02 -1.625976562500000000e-01 1.041259765625000000e+00
-9.838867187500000000e-02 -1.633300781250000000e-01 1.040771484375000000e+00
-9.936523437500000000e-02 -1.640625000000000000e-01 1.038818359375000000e+00
-9.667968750000000000e-02 -1.645507812500000000e-01 1.042480468750000000e+00
-1.555175781250000000e-01 -1.638183593750000000e-01 1.045898437500000000e+00
-1.533203125000000000e-01 -1.586914062500000000e-01 1.042480468750000000e+00
-1.552734375000000000e-01 -1.618652343750000000e-01 1.042480468750000000e+00
-1.555175781250000000e-01 -1.601562500000000000e-01 1.045410156250000000e+00
-1.523437500000000000e-01 -1.591796875000000000e-01 1.041259765625000000e+00
-1.523437500000000000e-01 -1.591796875000000000e-01 1.041259765625000000e+00
-9.521484375000000000e-02 -1.606445312500000000e-01 1.043212890625000000e+00
-1.525878906250000000e-01 -1.572265625000000000e-01 1.043945312500000000e+00
-1.499023437500000000e-01 -1.647949218750000000e-01 1.045166015625000000e+00
-1.499023437500000000e-01 -1.618652343750000000e-01 1.039794921875000000e+00
-1.477050781250000000e-01 -1.606445312500000000e-01 1.036132812500000000e+00
-9.692382812500000000e-02 -2.187500000000000000e-01 1.036865234375000000e+00
-9.643554687500000000e-02 -1.613769531250000000e-01 1.036132812500000000e+00
-9.692382812500000000e-02 -1.616210937500000000e-01 1.044921875000000000e+00
-1.003417968750000000e-01 -1.652832031250000000e-01 1.040283203125000000e+00
-1.555175781250000000e-01 -1.621093750000000000e-01 1.041015625000000000e+00
-9.448242187500000000e-02 -1.594238281250000000e-01 1.036865234375000000e+00
-9.448242187500000000e-02 -1.594238281250000000e-01 1.036865234375000000e+00
-9.594726562500000000e-02 -1.625976562500000000e-01 1.043701171875000000e+00
-1.035156250000000000e-01 -1.682128906250000000e-01 1.035888671875000000e+00
-1.528320312500000000e-01 -1.696777343750000000e-01 1.042480468750000000e+00
-1.040039062500000000e-01 -1.640625000000000000e-01 1.043212890625000000e+00
-1.030273437500000000e-01 -1.677246093750000000e-01 1.042724609375000000e+00
-1.015625000000000000e-01 -1.643066406250000000e-01 1.041992187500000000e+00
-9.667968750000000000e-02 -1.691894531250000000e-01 1.036376953125000000e+00
-1.118164062500000000e-01 -1.635742187500000000e-01 1.037841796875000000e+00
-1.032714843750000000e-01 -1.660156250000000000e-01 1.040283203125000000e+00
-1.020507812500000000e-01 -1.711425781250000000e-01 1.046142578125000000e+00
-1.032714843750000000e-01 -1.677246093750000000e-01 1.041503906250000000e+00
-1.015625000000000000e-01 -1.657714843750000000e-01 1.043457031250000000e+00
-9.765625000000000000e-02 -1.682128906250000000e-01 1.036376953125000000e+00
-1.003417968750000000e-01 -1.650390625000000000e-01 1.050292968750000000e+00
-9.960937500000000000e-02 -1.594238281250000000e-01 1.032714843750000000e+00
-1.008300781250000000e-01 -1.652832031250000000e-01 1.039794921875000000e+00
-1.030273437500000000e-01 -1.633300781250000000e-01 1.040039062500000000e+00
-1.008300781250000000e-01 -1.640625000000000000e-01 1.038818359375000000e+00
-9.936523437500000000e-02 -1.618652343750000000e-01 1.037353515625000000e+00
-1.042480468750000000e-01 -1.652832031250000000e-01 1.037841796875000000e+00
-1.042480468750000000e-01 -1.643066406250000000e-01 1.034179687500000000e+00
-1.025390625000000000e-01 -1.643066406250000000e-01 1.037353515625000000e+00
-9.619140625000000000e-02 -1.645507812500000000e-01 1.031738281250000000e+00
-1.018066406250000000e-01 -1.621093750000000000e-01 1.034179687500000000e+00
-9.741210937500000000e-02 -1.645507812500000000e-01 1.042724609375000000e+00
-9.497070312500000000e-02 -1.596679687500000000e-01 1.039306640625000000e+00
-9.692382812500000000e-02 -1.628417968750000000e-01 1.035400390625000000e+00
-9.423828125000000000e-02 -1.611328125000000000e-01 1.043212890625000000e+00
-1.550292968750000000e-01 -1.567382812500000000e-01 1.044677734375000000e+00
-1.552734375000000000e-01 -1.584472656250000000e-01 1.048828125000000000e+00
-1.545410156250000000e-01 -1.584472656250000000e-01 1.039794921875000000e+00
-1.511230468750000000e-01 -2.167968750000000000e-01 1.035644531250000000e+00
-1.516113281250000000e-01 -2.165527343750000000e-01 1.040527343750000000e+00
-1.523437500000000000e-01 -1.582031250000000000e-01 1.047607421875000000e+00
-1.520996093750000000e-01 -2.160644531250000000e-01 1.035888671875000000e+00
-1.560058593750000000e-01 -1.572265625000000000e-01 1.046875000000000000e+00
-1.525878906250000000e-01 -1.582031250000000000e-01 1.038330078125000000e+00
-1.555175781250000000e-01 -2.177734375000000000e-01 1.042236328125000000e+00
-1.542968750000000000e-01 -1.574707031250000000e-01 1.038574218750000000e+00
-1.533203125000000000e-01 -1.601562500000000000e-01 1.042968750000000000e+00
-9.643554687500000000e-02 -1.579589843750000000e-01 1.037109375000000000e+00
-9.472656250000000000e-02 -1.623535156250000000e-01 1.041503906250000000e+00
-9.912109375000000000e-02 -1.606445312500000000e-01 1.044433593750000000e+00
-9.936523437500000000e-02 -1.628417968750000000e-01 1.038085937500000000e+00
-9.790039062500000000e-02 -1.630859375000000000e-01 1.037109375000000000e+00
-9.790039062500000000e-02 -1.630859375000000000e-01 1.037109375000000000e+00
-1.018066406250000000e-01 -1.662597656250000000e-01 1.043212890625000000e+00
-1.018066406250000000e-01 -1.662597656250000000e-01 1.043212890625000000e+00
-9.741210937500000000e-02 -1.621093750000000000e-01 1.042236328125000000e+00
-9.716796875000000000e-02 -1.606445312500000000e-01 1.043212890625000000e+00
-1.010742187500000000e-01 -1.660156250000000000e-01 1.038574218750000000e+00
-9.863281250000000000e-02 -1.633300781250000000e-01 1.042480468750000000e+00
-9.667968750000000000e-02 -1.613769531250000000e-01 1.039306640625000000e+00
-1.000976562500000000e-01 -1.635742187500000000e-01 1.054931640625000000e+00
-1.037597656250000000e-01 -1.650390625000000000e-01 1.041503906250000000e+00
-9.545898437500000000e-02 -1.660156250000000000e-01 1.042236328125000000e+00
-1.035156250000000000e-01 -1.694335937500000000e-01 1.037597656250000000e+00
