9.313964839999999690e-01 -1.284179689999999929e-01 -3.144531250000000000e-01
9.313964839999999690e-01 -1.284179689999999929e-01 -3.144531250000000000e-01
9.182128910000000310e-01 -5.493164100000000327e-02 -2.348632810000000071e-01
9.182128910000000310e-01 -5.493164100000000327e-02 -2.348632810000000071e-01
9.291992190000000207e-01 -5.029296899999999987e-02 -2.336425779999999897e-01
9.289550779999999897e-01 -1.333007810000000071e-01 -2.456054689999999929e-01
9.304199220000000103e-01 -1.259765630000000136e-01 -2.419433589999999967e-01
9.357910160000000310e-01 -3.808593799999999974e-02 -2.331542970000000103e-01
9.318847660000000310e-01 -4.345703100000000013e-02 -2.307128910000000033e-01
9.326171880000000414e-01 -4.980468799999999974e-02 -2.395019529999999897e-01
9.309082029999999897e-01 -5.151367200000000340e-02 -2.304687500000000000e-01
9.335937500000000000e-01 -5.737304700000000340e-02 -2.395019529999999897e-01
9.343261720000000103e-01 -4.931640600000000013e-02 -2.331542970000000103e-01
9.331054690000000207e-01 -5.224609399999999987e-02 -2.292480470000000103e-01
9.326171880000000414e-01 -4.492187500000000000e-02 -2.314453130000000136e-01
9.306640630000000414e-01 -3.784179700000000340e-02 -2.373046880000000136e-01
9.277343750000000000e-01 -5.224609399999999987e-02 -2.268066410000000033e-01
9.350585940000000207e-01 -6.005859399999999987e-02 -2.407226560000000071e-01
1.008544922000000010e+00 -5.053710899999999673e-02 -2.246093750000000000e-01
1.000976563000000041e+00 -4.589843799999999974e-02 -2.456054689999999929e-01
1.007568358999999969e+00 -5.468750000000000000e-02 -2.763671879999999859e-01
9.216308589999999690e-01 -4.760742200000000340e-02 -2.612304690000000207e-01
9.348144529999999897e-01 -5.078125000000000000e-02 -2.380371089999999967e-01
9.187011720000000103e-01 -4.565429700000000340e-02 -2.297363279999999897e-01
9.328613279999999897e-01 -4.199218799999999974e-02 -2.441406250000000000e-01
9.357910160000000310e-01 -3.759765600000000013e-02 -2.719726559999999793e-01
1.001220702999999990e+00 -4.882812500000000000e-02 -2.204589839999999967e-01
9.270019529999999897e-01 -5.395507799999999660e-02 -2.316894529999999897e-01
9.096679690000000207e-01 -5.249023399999999673e-02 -3.222656250000000000e-01
8.723144529999999897e-01 -1.303710939999999929e-01 -3.166503909999999755e-01
9.519042970000000103e-01 -1.472167970000000103e-01 -2.312011720000000103e-01
1.000244141000000031e+00 -1.306152339999999967e-01 -3.183593750000000000e-01
9.987792970000000103e-01 -3.149414100000000327e-02 -2.670898440000000207e-01
9.704589839999999690e-01 -8.325195300000000354e-02 -1.469726560000000071e-01
9.704589839999999690e-01 -8.325195300000000354e-02 -1.469726560000000071e-01
9.331054690000000207e-01 -9.643554699999999646e-02 -2.780761720000000103e-01
9.521484380000000414e-01 -8.154296900000000681e-02 -3.334960940000000207e-01
9.521484380000000414e-01 -8.154296900000000681e-02 -3.334960940000000207e-01
9.160156250000000000e-01 -6.469726600000000327e-02 -2.880859379999999859e-01
9.160156250000000000e-01 -6.469726600000000327e-02 -2.880859379999999859e-01
9.084472660000000310e-01 -2.001953100000000013e-02 -2.238769529999999897e-01
9.790039059999999793e-01 -8.862304699999999646e-02 -1.960449220000000103e-01
9.619140630000000414e-01 -1.433105470000000103e-01 -2.587890629999999859e-01
9.511718750000000000e-01 -1.684570300000000007e-02 -2.856445309999999793e-01
8.698730470000000103e-01 -1.479492189999999929e-01 -2.451171880000000136e-01
8.103027339999999690e-01 -1.457519529999999897e-01 -2.390136720000000103e-01
8.850097660000000310e-01 -1.423339839999999967e-01 -4.538574220000000103e-01
8.654785160000000310e-01 -6.250000000000000000e-02 -3.974609379999999859e-01
8.466796880000000414e-01 -1.359863279999999897e-01 -2.985839840000000245e-01
1.155273438000000041e+00 -7.324218799999999974e-02 -4.433593750000000000e-01
8.107910160000000310e-01 -1.162109379999999997e-01 -2.126464839999999967e-01
9.726562500000000000e-01 -6.860351600000000327e-02 -4.462890629999999859e-01
8.200683589999999690e-01 -9.667968799999999974e-02 -2.150878910000000033e-01
6.398925779999999897e-01 1.948242189999999929e-01 -3.315429690000000207e-01
9.458007809999999793e-01 -2.373046880000000136e-01 -4.941406250000000000e-01
3.020019529999999897e-01 -1.027832030000000035e-01 -2.170410160000000033e-01
3.020019529999999897e-01 -1.027832030000000035e-01 -2.170410160000000033e-01
5.256347660000000310e-01 -2.211914060000000071e-01 2.441406250000000000e-01
1.428222660000000033e-01 1.791992189999999929e-01 1.936035160000000033e-01
1.665039060000000071e-01 -1.271972660000000033e-01 7.421875000000000000e-02
1.665039060000000071e-01 -1.271972660000000033e-01 7.421875000000000000e-02
1.821289060000000071e-01 -1.701660160000000033e-01 1.779785160000000033e-01
2.203613280999999979e+00 -7.519531299999999974e-02 1.176757813000000041e+00
6.101318359000000413e+00 8.635253910000000310e-01 4.080322265999999587e+00
1.616699219000000021e+00 5.866699220000000103e-01 1.612304688000000041e+00
1.260498047000000010e+00 -2.016601560000000071e-01 1.074218799999999974e-02
-8.078613279999999897e-01 -4.614257799999999660e-02 -2.551269529999999897e-01
3.132324220000000103e-01 2.722167970000000103e-01 3.320312500000000000e-01
-2.312011720000000103e-01 4.565429700000000340e-02 6.682128910000000310e-01
-7.565917970000000103e-01 5.346679700000000340e-02 1.180664063000000041e+00
-7.944335940000000207e-01 -3.571777340000000245e-01 1.600097655999999979e+00
-2.216796880000000136e-01 -2.800292970000000103e-01 1.774902344000000021e+00
4.028320299999999660e-02 1.499023439999999929e-01 8.127441410000000310e-01
-7.495117199999999646e-02 -4.174804690000000207e-01 6.345214839999999690e-01
2.097167970000000103e-01 -3.684082029999999897e-01 9.245605470000000103e-01
3.105468750000000000e-01 -4.052734379999999859e-01 1.079833983999999969e+00
5.007324220000000103e-01 -3.002929690000000207e-01 1.099365233999999969e+00
6.230468750000000000e-01 -2.661132809999999793e-01 1.224121094000000021e+00
5.324707029999999897e-01 -6.616210899999999673e-02 1.149902344000000021e+00
3.608398440000000207e-01 4.882812999999999737e-03 9.038085940000000207e-01
2.961425779999999897e-01 6.884765599999999319e-02 8.811035160000000310e-01
2.626953129999999859e-01 -9.179687500000000000e-02 9.533691410000000310e-01
1.848144529999999897e-01 -6.738281299999999974e-02 1.110595702999999990e+00
1.799316410000000033e-01 -4.248046899999999987e-02 1.258544922000000010e+00
1.997070310000000071e-01 -1.948242189999999929e-01 1.106689452999999990e+00
2.810058590000000245e-01 -1.135253910000000033e-01 1.082519530999999979e+00
2.770996090000000245e-01 -1.081542969999999965e-01 1.021728516000000031e+00
2.392578130000000136e-01 -1.953125000000000000e-01 9.916992190000000207e-01
2.250976560000000071e-01 -1.464843750000000000e-01 1.038330077999999990e+00
2.231445310000000071e-01 -1.318359380000000136e-01 1.039794922000000010e+00
2.509765629999999859e-01 -1.311035160000000033e-01 1.057861327999999990e+00
1.625976560000000071e-01 -5.688476600000000327e-02 1.049072266000000031e+00
2.060546880000000136e-01 -4.956054700000000340e-02 1.129882813000000041e+00
1.977539060000000071e-01 -4.418945299999999660e-02 1.126708983999999969e+00
1.645507810000000071e-01 -5.200195299999999660e-02 1.138916016000000031e+00
2.131347660000000033e-01 -1.418457029999999897e-01 1.090820313000000041e+00
2.111816410000000033e-01 -1.362304689999999929e-01 1.135742188000000041e+00
2.111816410000000033e-01 -1.330566410000000033e-01 1.051513672000000010e+00
2.175292970000000103e-01 -1.340332029999999897e-01 1.052246094000000021e+00
1.589355470000000103e-01 -1.259765630000000136e-01 1.057861327999999990e+00
2.165527339999999967e-01 -5.615234399999999987e-02 1.052246094000000021e+00
2.145996089999999967e-01 -5.566406299999999974e-02 1.052490233999999969e+00
1.599121089999999967e-01 -5.395507799999999660e-02 1.050781250000000000e+00
1.613769529999999897e-01 -1.313476560000000071e-01 1.048828125000000000e+00
1.777343750000000000e-01 -6.005859399999999987e-02 1.040527344000000021e+00
1.721191410000000033e-01 -1.286621089999999967e-01 1.034912108999999969e+00
1.853027339999999967e-01 -1.271972660000000033e-01 1.048583983999999969e+00
1.789550779999999897e-01 -1.271972660000000033e-01 1.033935547000000010e+00
1.694335939999999929e-01 -1.301269529999999897e-01 1.088867188000000041e+00
1.687011720000000103e-01 -6.201171899999999987e-02 1.045898438000000041e+00
1.647949220000000103e-01 -6.103515600000000013e-02 1.050048827999999990e+00
1.574707029999999897e-01 -1.291503910000000033e-01 1.057373047000000010e+00
1.567382810000000071e-01 -1.291503910000000033e-01 1.044677733999999969e+00
2.153320310000000071e-01 -1.281738279999999897e-01 1.046142577999999990e+00
2.116699220000000103e-01 -1.279296880000000136e-01 1.052001952999999990e+00
2.028808589999999967e-01 -1.289062500000000000e-01 1.050537108999999969e+00
1.982421880000000136e-01 -1.271972660000000033e-01 1.046630858999999969e+00
1.931152339999999967e-01 -6.201171899999999987e-02 1.057617188000000041e+00
1.198730469999999965e-01 -1.254882810000000071e-01 1.061279297000000010e+00
1.933593750000000000e-01 -5.883789100000000327e-02 1.132080077999999990e+00
1.186523440000000068e-01 -1.267089839999999967e-01 1.033935547000000010e+00
1.137695309999999932e-01 -1.296386720000000103e-01 1.135253905999999979e+00
1.040039059999999932e-01 -1.257324220000000103e-01 1.057128905999999979e+00
1.059570309999999932e-01 -6.201171899999999987e-02 1.059814452999999990e+00
9.741210899999999673e-02 -6.201171899999999987e-02 1.052978516000000031e+00
9.960937500000000000e-02 -5.541992200000000340e-02 1.061279297000000010e+00
9.619140599999999319e-02 -5.615234399999999987e-02 1.129394530999999979e+00
1.020507809999999932e-01 -5.932617200000000340e-02 1.049804688000000041e+00
1.130371089999999967e-01 -6.225585899999999673e-02 1.125732422000000010e+00
1.145019530000000035e-01 -1.286621089999999967e-01 1.128417969000000021e+00
1.171875000000000000e-01 -6.103515600000000013e-02 1.054687500000000000e+00
1.242675780000000035e-01 -1.269531250000000000e-01 1.055664063000000041e+00
2.116699220000000103e-01 -1.254882810000000071e-01 1.125976563000000041e+00
1.997070310000000071e-01 -6.103515600000000013e-02 1.042724608999999969e+00
2.038574220000000103e-01 -5.517578100000000013e-02 1.058349608999999969e+00
2.045898439999999929e-01 -6.005859399999999987e-02 1.054199219000000021e+00
2.092285160000000033e-01 -5.639648399999999673e-02 1.049316405999999979e+00
2.067871089999999967e-01 -6.030273399999999673e-02 1.044189452999999990e+00
2.092285160000000033e-01 -5.810546899999999987e-02 1.044433594000000021e+00
2.031250000000000000e-01 -1.267089839999999967e-01 1.055419922000000010e+00
2.023925779999999897e-01 -1.274414060000000071e-01 1.049560547000000010e+00
1.926269529999999897e-01 -6.152343799999999974e-02 1.054199219000000021e+00
1.975097660000000033e-01 -5.932617200000000340e-02 1.043212891000000031e+00
1.250000000000000000e-01 -1.264648439999999929e-01 1.061279297000000010e+00
1.889648439999999929e-01 -1.259765630000000136e-01 1.056152344000000021e+00
1.225585940000000068e-01 -1.264648439999999929e-01 1.032958983999999969e+00
1.188964839999999967e-01 -5.468750000000000000e-02 1.128173827999999990e+00
1.142578129999999997e-01 -1.274414060000000071e-01 1.125732422000000010e+00
1.142578129999999997e-01 -1.274414060000000071e-01 1.125732422000000010e+00
1.210937500000000000e-01 -1.269531250000000000e-01 1.060058594000000021e+00
1.044921879999999997e-01 -6.201171899999999987e-02 1.138671875000000000e+00
1.213378910000000033e-01 -1.342773439999999929e-01 1.133300780999999979e+00
1.896972660000000033e-01 -1.284179689999999929e-01 1.043945313000000041e+00
2.080078130000000136e-01 -5.346679700000000340e-02 1.129638672000000010e+00
1.650390630000000136e-01 -1.313476560000000071e-01 1.137695313000000041e+00
1.655273439999999929e-01 -1.315917970000000103e-01 1.047851563000000041e+00
2.163085939999999929e-01 -1.374511720000000103e-01 1.074462891000000031e+00
2.148437500000000000e-01 -5.786132799999999660e-02 1.073730469000000021e+00
1.684570310000000071e-01 -5.444335899999999673e-02 1.041015625000000000e+00
1.574707029999999897e-01 -5.444335899999999673e-02 1.059082030999999979e+00
1.564941410000000033e-01 -5.541992200000000340e-02 1.052490233999999969e+00
1.997070310000000071e-01 -5.493164100000000327e-02 1.057373047000000010e+00
2.075195310000000071e-01 -5.737304700000000340e-02 1.062011719000000021e+00
2.011718750000000000e-01 -5.908203100000000013e-02 1.043945313000000041e+00
2.001953130000000136e-01 -1.298828130000000136e-01 1.131591797000000010e+00
2.087402339999999967e-01 -5.639648399999999673e-02 1.054443358999999969e+00
2.182617189999999929e-01 -5.883789100000000327e-02 1.048583983999999969e+00
2.167968750000000000e-01 -5.712890600000000013e-02 1.039306641000000031e+00
1.662597660000000033e-01 -6.030273399999999673e-02 1.046875000000000000e+00
1.604003910000000033e-01 -5.639648399999999673e-02 1.051757813000000041e+00
1.721191410000000033e-01 -5.761718799999999974e-02 1.053466797000000010e+00
1.713867189999999929e-01 -1.296386720000000103e-01 1.046142577999999990e+00
1.635742189999999929e-01 -5.517578100000000013e-02 1.037353516000000031e+00
1.789550779999999897e-01 -6.152343799999999974e-02 1.042236327999999990e+00
2.680664059999999793e-01 -5.639648399999999673e-02 1.037841797000000010e+00
1.752929689999999929e-01 -4.272460899999999673e-02 1.054687500000000000e+00
2.551269529999999897e-01 -1.284179689999999929e-01 1.083007813000000041e+00
2.531738279999999897e-01 -1.320800779999999897e-01 1.037597655999999979e+00
2.529296879999999859e-01 -1.289062500000000000e-01 1.041503905999999979e+00
1.804199220000000103e-01 -6.103515600000000013e-02 1.085449219000000021e+00
2.534179690000000207e-01 -1.423339839999999967e-01 1.046142577999999990e+00
2.546386720000000103e-01 -1.484375000000000000e-01 1.056152344000000021e+00
2.404785160000000033e-01 -1.506347660000000033e-01 1.080810547000000010e+00
2.326660160000000033e-01 -1.433105470000000103e-01 1.041748047000000010e+00
2.204589839999999967e-01 -3.149414100000000327e-02 1.081298827999999990e+00
2.204589839999999967e-01 -3.149414100000000327e-02 1.081298827999999990e+00
2.380371089999999967e-01 -1.047363280000000035e-01 1.036376952999999990e+00
2.360839839999999967e-01 -1.025390629999999997e-01 1.048095702999999990e+00
2.380371089999999967e-01 -1.916503910000000033e-01 1.087890625000000000e+00
2.421875000000000000e-01 -1.940917970000000103e-01 1.052978516000000031e+00
2.414550779999999897e-01 -1.447753910000000033e-01 1.080078125000000000e+00
3.239746090000000245e-01 -3.637695299999999660e-02 1.084472655999999979e+00
2.363281250000000000e-01 -1.281738279999999897e-01 1.054443358999999969e+00
2.282714839999999967e-01 -1.398925779999999897e-01 1.051513672000000010e+00
2.387695310000000071e-01 -1.179199219999999965e-01 1.052001952999999990e+00
1.838378910000000033e-01 -1.369628910000000033e-01 9.533691410000000310e-01
2.641601559999999793e-01 -5.346679700000000340e-02 1.035888672000000010e+00
1.799316410000000033e-01 -1.391601560000000071e-01 1.091308594000000021e+00
1.799316410000000033e-01 -1.391601560000000071e-01 1.091308594000000021e+00
2.531738279999999897e-01 -1.430664060000000071e-01 1.033447266000000031e+00
