9.875488281250000000e-01 -1.271972656250000000e-01 -8.227539062500000000e-02
9.868164062500000000e-01 -6.176757812500000000e-02 -7.885742187500000000e-02
9.868164062500000000e-01 -6.176757812500000000e-02 -7.885742187500000000e-02
9.875488281250000000e-01 -1.279296875000000000e-01 -8.276367187500000000e-02
9.755859375000000000e-01 -1.301269531250000000e-01 -7.934570312500000000e-02
9.899902343750000000e-01 -1.330566406250000000e-01 -8.007812500000000000e-02
9.899902343750000000e-01 -1.330566406250000000e-01 -8.007812500000000000e-02
9.858398437500000000e-01 -5.737304687500000000e-02 -7.763671875000000000e-02
9.858398437500000000e-01 -5.737304687500000000e-02 -7.763671875000000000e-02
9.819335937500000000e-01 -1.328125000000000000e-01 -7.421875000000000000e-02
9.880371093750000000e-01 -1.284179687500000000e-01 -7.275390625000000000e-02
9.875488281250000000e-01 -1.284179687500000000e-01 -7.763671875000000000e-02
9.907226562500000000e-01 -1.330566406250000000e-01 -7.763671875000000000e-02
9.907226562500000000e-01 -1.330566406250000000e-01 -7.763671875000000000e-02
9.841308593750000000e-01 -1.340332031250000000e-01 -7.739257812500000000e-02
9.875488281250000000e-01 -1.284179687500000000e-01 -7.177734375000000000e-02
9.951171875000000000e-01 -5.517578125000000000e-02 -8.300781250000000000e-02
9.987792968750000000e-01 -7.861328125000000000e-02 -8.813476562500000000e-02
9.997558593750000000e-01 -6.762695312500000000e-02 -8.886718750000000000e-02
9.887695312500000000e-01 -7.055664062500000000e-02 -9.106445312500000000e-02
9.887695312500000000e-01 -7.055664062500000000e-02 -9.106445312500000000e-02
9.968261718750000000e-01 -9.057617187500000000e-02 -4.492187500000000000e-02
9.916992187500000000e-01 -1.335449218750000000e-01 -4.565429687500000000e-02
9.790039062500000000e-01 -6.250000000000000000e-02 -4.272460937500000000e-02
9.807128906250000000e-01 -5.688476562500000000e-02 -5.541992187500000000e-02
9.924316406250000000e-01 -1.352539062500000000e-01 -5.908203125000000000e-02
9.833984375000000000e-01 -1.049804687500000000e-01 -1.364746093750000000e-01
1.026855468750000000e+00 -2.397460937500000000e-01 5.859375000000000000e-03
1.078125000000000000e+00 -1.376953125000000000e-01 1.408691406250000000e-01
9.689941406250000000e-01 -9.252929687500000000e-02 1.149902343750000000e-01
9.240722656250000000e-01 -7.910156250000000000e-02 1.303710937500000000e-01
1.002197265625000000e+00 -8.984375000000000000e-02 7.568359375000000000e-03
9.357910156250000000e-01 -9.033203125000000000e-02 -5.371093750000000000e-02
9.982910156250000000e-01 -1.247558593750000000e-01 1.960449218750000000e-01
9.782714843750000000e-01 -2.424316406250000000e-01 3.024902343750000000e-01
9.782714843750000000e-01 -2.424316406250000000e-01 3.024902343750000000e-01
9.782714843750000000e-01 -2.424316406250000000e-01 3.024902343750000000e-01
1.009765625000000000e+00 -1.022949218750000000e-01 2.724609375000000000e-01
8.039550781250000000e-01 -3.955078125000000000e-02 2.419433593750000000e-01
9.809570312500000000e-01 9.326171875000000000e-02 7.568359375000000000e-02
1.074951171875000000e+00 -6.298828125000000000e-02 4.467773437500000000e-02
1.022460937500000000e+00 -4.150390625000000000e-02 -5.200195312500000000e-02
8.266601562500000000e-01 -8.203125000000000000e-02 -4.882812500000000000e-04
1.172607421875000000e+00 6.982421875000000000e-02 -3.190917968750000000e-01
1.172607421875000000e+00 6.982421875000000000e-02 -3.190917968750000000e-01
6.057128906250000000e-01 -3.352050781250000000e-01 -4.077148437500000000e-02
6.057128906250000000e-01 -3.352050781250000000e-01 -4.077148437500000000e-02
9.304199218750000000e-01 -1.394042968750000000e-01 1.367187500000000000e-02
9.304199218750000000e-01 -1.394042968750000000e-01 1.367187500000000000e-02
1.409423828125000000e+00 -4.216308593750000000e-01 6.127929687500000000e-01
5.000000000000000000e-01 1.816406250000000000e-01 3.906250000000000000e-01
1.009521484375000000e+00 -2.075195312500000000e-02 4.560546875000000000e-01
9.340820312500000000e-01 -3.686523437500000000e-01 1.770019531250000000e-01
4.135742187500000000e-01 1.284179687500000000e-01 8.837890625000000000e-02
8.330078125000000000e-01 -1.533203125000000000e-01 2.558593750000000000e-01
5.751953125000000000e-01 -2.915039062500000000e-01 3.791503906250000000e-01
7.976074218750000000e-01 4.389648437500000000e-01 4.707031250000000000e-01
4.372558593750000000e-01 -1.271972656250000000e-01 5.371093750000000000e-01
7.988281250000000000e-01 8.374023437500000000e-02 6.743164062500000000e-01
7.988281250000000000e-01 8.374023437500000000e-02 6.743164062500000000e-01
1.591064453125000000e+00 -6.445312500000000000e-02 1.498291015625000000e+00
1.815673828125000000e+00 -3.918457031250000000e-01 1.763916015625000000e+00
6.735839843750000000e-01 -3.278808593750000000e-01 7.441406250000000000e-01
-4.316406250000000000e-01 -3.039550781250000000e-01 8.898925781250000000e-01
-7.910156250000000000e-01 2.155761718750000000e-01 7.102050781250000000e-01
-8.142089843750000000e-01 -1.127929687500000000e-01 6.442871093750000000e-01
-8.142089843750000000e-01 -1.127929687500000000e-01 6.442871093750000000e-01
-5.527343750000000000e-01 8.349609375000000000e-02 2.233886718750000000e-01
-4.853515625000000000e-01 -4.418945312500000000e-01 4.323730468750000000e-01
-6.259765625000000000e-01 -6.030273437500000000e-01 6.633300781250000000e-01
-4.091796875000000000e-01 -8.281250000000000000e-01 7.822265625000000000e-01
-4.091796875000000000e-01 -8.281250000000000000e-01 7.822265625000000000e-01
-2.700195312500000000e-01 -7.512207031250000000e-01 6.013183593750000000e-01
-2.700195312500000000e-01 -7.512207031250000000e-01 6.013183593750000000e-01
-5.175781250000000000e-02 -8.698730468750000000e-01 5.791015625000000000e-01
8.056640625000000000e-02 -7.824707031250000000e-01 7.128906250000000000e-01
9.765625000000000000e-04 -3.518066406250000000e-01 1.123046875000000000e+00
-9.399414062500000000e-02 -3.439941406250000000e-01 1.040527343750000000e+00
-9.399414062500000000e-02 -3.439941406250000000e-01 1.040527343750000000e+00
-3.222656250000000000e-02 -2.170410156250000000e-01 1.008056640625000000e+00
-3.222656250000000000e-02 -2.170410156250000000e-01 1.008056640625000000e+00
-2.639160156250000000e-01 -3.190917968750000000e-01 1.022216796875000000e+00
-2.199707031250000000e-01 -4.414062500000000000e-01 9.245605468750000000e-01
-2.634277343750000000e-01 -4.233398437500000000e-01 1.006103515625000000e+00
-1.801757812500000000e-01 -5.310058593750000000e-01 1.028320312500000000e+00
-1.801757812500000000e-01 -5.310058593750000000e-01 1.028320312500000000e+00
-1.643066406250000000e-01 -4.821777343750000000e-01 9.501953125000000000e-01
-1.081542968750000000e-01 -5.764160156250000000e-01 9.226074218750000000e-01
-1.506347656250000000e-01 -5.842285156250000000e-01 9.260253906250000000e-01
-1.486816406250000000e-01 -4.980468750000000000e-01 9.160156250000000000e-01
-1.486816406250000000e-01 -4.980468750000000000e-01 9.160156250000000000e-01
-1.491699218750000000e-01 -4.902343750000000000e-01 9.636230468750000000e-01
-1.491699218750000000e-01 -4.902343750000000000e-01 9.636230468750000000e-01
-1.035156250000000000e-01 -4.980468750000000000e-01 9.130859375000000000e-01
-1.035156250000000000e-01 -4.980468750000000000e-01 9.130859375000000000e-01
-1.032714843750000000e-01 -4.929199218750000000e-01 9.328613281250000000e-01
-1.018066406250000000e-01 -5.302734375000000000e-01 1.019287109375000000e+00
-1.018066406250000000e-01 -5.302734375000000000e-01 1.019287109375000000e+00
-1.130371093750000000e-01 -5.144042968750000000e-01 1.008789062500000000e+00
-1.555175781250000000e-01 -5.178222656250000000e-01 1.007080078125000000e+00
-1.110839843750000000e-01 -4.719238281250000000e-01 9.218750000000000000e-01
-1.137695312500000000e-01 -5.288085937500000000e-01 9.335937500000000000e-01
-1.066894531250000000e-01 -5.290527343750000000e-01 9.318847656250000000e-01
-1.052246093750000000e-01 -5.249023437500000000e-01 9.323730468750000000e-01
-1.081542968750000000e-01 -5.280761718750000000e-01 9.267578125000000000e-01
-1.105957031250000000e-01 -5.305175781250000000e-01 9.323730468750000000e-01
-1.120605468750000000e-01 -5.275878906250000000e-01 9.367675781250000000e-01
-1.101074218750000000e-01 -5.278320312500000000e-01 9.360351562500000000e-01
-1.132812500000000000e-01 -5.236816406250000000e-01 9.272460937500000000e-01
-1.132812500000000000e-01 -5.236816406250000000e-01 9.272460937500000000e-01
-1.086425781250000000e-01 -5.227050781250000000e-01 9.372558593750000000e-01
-1.054687500000000000e-01 -5.268554687500000000e-01 9.260253906250000000e-01
-1.054687500000000000e-01 -5.268554687500000000e-01 9.260253906250000000e-01
-1.083984375000000000e-01 -5.222167968750000000e-01 9.294433593750000000e-01
-1.083984375000000000e-01 -5.222167968750000000e-01 9.294433593750000000e-01
-1.140136718750000000e-01 -5.270996093750000000e-01 1.000488281250000000e+00
-1.110839843750000000e-01 -5.292968750000000000e-01 1.001464843750000000e+00
-1.081542968750000000e-01 -5.275878906250000000e-01 9.348144531250000000e-01
-1.059570312500000000e-01 -5.297851562500000000e-01 9.272460937500000000e-01
-1.142578125000000000e-01 -5.246582031250000000e-01 9.321289062500000000e-01
-1.088867187500000000e-01 -5.261230468750000000e-01 9.355468750000000000e-01
-1.108398437500000000e-01 -5.214843750000000000e-01 9.350585937500000000e-01
-1.098632812500000000e-01 -5.251464843750000000e-01 1.001464843750000000e+00
-1.064453125000000000e-01 -5.241699218750000000e-01 9.311523437500000000e-01
-1.088867187500000000e-01 -5.275878906250000000e-01 9.357910156250000000e-01
-1.037597656250000000e-01 -5.187988281250000000e-01 1.002197265625000000e+00
-1.042480468750000000e-01 -5.256347656250000000e-01 9.375000000000000000e-01
-1.113281250000000000e-01 -5.219726562500000000e-01 9.328613281250000000e-01
-1.113281250000000000e-01 -5.219726562500000000e-01 9.328613281250000000e-01
-1.123046875000000000e-01 -5.236816406250000000e-01 9.313964843750000000e-01
-1.118164062500000000e-01 -4.702148437500000000e-01 9.323730468750000000e-01
-1.118164062500000000e-01 -4.702148437500000000e-01 9.323730468750000000e-01
-1.064453125000000000e-01 -5.288085937500000000e-01 9.328613281250000000e-01
-1.015625000000000000e-01 -5.209960937500000000e-01 9.365234375000000000e-01
-9.887695312500000000e-02 -5.178222656250000000e-01 9.355468750000000000e-01
-1.000976562500000000e-01 -5.261230468750000000e-01 9.367675781250000000e-01
-1.076660156250000000e-01 -5.246582031250000000e-01 9.353027343750000000e-01
-1.040039062500000000e-01 -5.246582031250000000e-01 9.311523437500000000e-01
-1.000976562500000000e-01 -5.261230468750000000e-01 1.000244140625000000e+00
-9.790039062500000000e-02 -5.285644531250000000e-01 9.370117187500000000e-01
-9.643554687500000000e-02 -5.241699218750000000e-01 9.255371093750000000e-01
-1.027832031250000000e-01 -5.200195312500000000e-01 9.355468750000000000e-01
-9.619140625000000000e-02 -5.229492187500000000e-01 1.003662109375000000e+00
-9.863281250000000000e-02 -5.283203125000000000e-01 9.301757812500000000e-01
-1.101074218750000000e-01 -5.202636718750000000e-01 9.331054687500000000e-01
-1.140136718750000000e-01 -5.246582031250000000e-01 9.343261718750000000e-01
-1.108398437500000000e-01 -5.270996093750000000e-01 9.350585937500000000e-01
-1.044921875000000000e-01 -5.256347656250000000e-01 9.357910156250000000e-01
-1.064453125000000000e-01 -5.205078125000000000e-01 9.323730468750000000e-01
-1.054687500000000000e-01 -5.239257812500000000e-01 9.340820312500000000e-01
-1.127929687500000000e-01 -5.266113281250000000e-01 9.348144531250000000e-01
-1.101074218750000000e-01 -5.263671875000000000e-01 9.338378906250000000e-01
-1.105957031250000000e-01 -5.214843750000000000e-01 9.328613281250000000e-01
-1.093750000000000000e-01 -5.209960937500000000e-01 9.355468750000000000e-01
-1.091308593750000000e-01 -5.214843750000000000e-01 9.321289062500000000e-01
-1.083984375000000000e-01 -5.224609375000000000e-01 9.335937500000000000e-01
-1.105957031250000000e-01 -5.205078125000000000e-01 9.353027343750000000e-01
-1.079101562500000000e-01 -5.231933593750000000e-01 9.355468750000000000e-01
-1.120605468750000000e-01 -5.256347656250000000e-01 9.331054687500000000e-01
-1.115722656250000000e-01 -5.219726562500000000e-01 9.328613281250000000e-01
-1.042480468750000000e-01 -5.249023437500000000e-01 9.323730468750000000e-01
-1.115722656250000000e-01 -5.266113281250000000e-01 9.321289062500000000e-01
-1.074218750000000000e-01 -5.231933593750000000e-01 9.370117187500000000e-01
-1.103515625000000000e-01 -5.207519531250000000e-01 9.340820312500000000e-01
-1.125488281250000000e-01 -5.261230468750000000e-01 9.360351562500000000e-01
-1.074218750000000000e-01 -5.295410156250000000e-01 9.367675781250000000e-01
-1.071777343750000000e-01 -5.168457031250000000e-01 9.223632812500000000e-01
-1.149902343750000000e-01 -5.275878906250000000e-01 9.365234375000000000e-01
-1.118164062500000000e-01 -5.236816406250000000e-01 9.365234375000000000e-01
-1.047363281250000000e-01 -5.251464843750000000e-01 1.000244140625000000e+00
-1.013183593750000000e-01 -5.185546875000000000e-01 9.309082031250000000e-01
-9.838867187500000000e-02 -5.205078125000000000e-01 1.002685546875000000e+00
-1.025390625000000000e-01 -5.207519531250000000e-01 9.365234375000000000e-01
-1.037597656250000000e-01 -5.261230468750000000e-01 1.002197265625000000e+00
-9.667968750000000000e-02 -5.236816406250000000e-01 9.375000000000000000e-01
-9.667968750000000000e-02 -5.236816406250000000e-01 9.375000000000000000e-01
-9.399414062500000000e-02 -5.246582031250000000e-01 9.335937500000000000e-01
-1.552734375000000000e-01 -5.195312500000000000e-01 9.345703125000000000e-01
-1.552734375000000000e-01 -5.195312500000000000e-01 9.345703125000000000e-01
-9.838867187500000000e-02 -5.190429687500000000e-01 9.350585937500000000e-01
-9.838867187500000000e-02 -5.190429687500000000e-01 9.350585937500000000e-01
-9.838867187500000000e-02 -5.190429687500000000e-01 9.350585937500000000e-01
-9.716796875000000000e-02 -5.224609375000000000e-01 1.005615234375000000e+00
-9.716796875000000000e-02 -5.268554687500000000e-01 9.353027343750000000e-01
-9.375000000000000000e-02 -5.192871093750000000e-01 9.338378906250000000e-01
-9.667968750000000000e-02 -5.207519531250000000e-01 9.265136718750000000e-01
-1.047363281250000000e-01 -5.231933593750000000e-01 9.323730468750000000e-01
-1.081542968750000000e-01 -5.256347656250000000e-01 9.360351562500000000e-01
-1.108398437500000000e-01 -5.241699218750000000e-01 9.365234375000000000e-01
-1.059570312500000000e-01 -5.217285156250000000e-01 1.001464843750000000e+00
-1.066894531250000000e-01 -5.175781250000000000e-01 1.000488281250000000e+00
-1.086425781250000000e-01 -5.261230468750000000e-01 1.000244140625000000e+00
-1.103515625000000000e-01 -5.224609375000000000e-01 9.306640625000000000e-01
-1.103515625000000000e-01 -5.224609375000000000e-01 9.306640625000000000e-01
-1.057128906250000000e-01 -5.178222656250000000e-01 1.001464843750000000e+00
-1.057128906250000000e-01 -5.178222656250000000e-01 1.001464843750000000e+00
-1.062011718750000000e-01 -5.244140625000000000e-01 9.331054687500000000e-01
-1.069335937500000000e-01 -5.244140625000000000e-01 9.367675781250000000e-01
-1.069335937500000000e-01 -5.244140625000000000e-01 9.367675781250000000e-01
-1.069335937500000000e-01 -5.244140625000000000e-01 9.367675781250000000e-01
