1.024658203125000000e+00 -8.642578125000000000e-02 1.196289062500000000e-02
1.012451171875000000e+00 -5.981445312500000000e-02 1.855468750000000000e-02
9.885253906250000000e-01 -5.932617187500000000e-02 -1.250000000000000000e-01
1.063964843750000000e+00 -9.912109375000000000e-02 -1.931152343750000000e-01
9.409179687500000000e-01 -1.408691406250000000e-01 -1.926269531250000000e-01
9.409179687500000000e-01 -1.408691406250000000e-01 -1.926269531250000000e-01
9.238281250000000000e-01 -1.738281250000000000e-01 -1.838378906250000000e-01
9.238281250000000000e-01 -1.738281250000000000e-01 -1.838378906250000000e-01
1.217529296875000000e+00 -3.146972656250000000e-01 -3.447265625000000000e-01
1.125976562500000000e+00 -2.172851562500000000e-02 -3.383789062500000000e-01
1.125976562500000000e+00 -2.172851562500000000e-02 -3.383789062500000000e-01
9.528808593750000000e-01 -1.274414062500000000e-01 -2.512207031250000000e-01
9.528808593750000000e-01 -1.274414062500000000e-01 -2.512207031250000000e-01
9.138183593750000000e-01 -2.575683593750000000e-01 -1.667480468750000000e-01
9.157714843750000000e-01 -1.938476562500000000e-01 -1.645507812500000000e-01
9.157714843750000000e-01 -1.938476562500000000e-01 -1.645507812500000000e-01
9.360351562500000000e-01 -1.020507812500000000e-01 -2.614746093750000000e-01
9.741210937500000000e-01 -1.042480468750000000e-01 -2.575683593750000000e-01
9.741210937500000000e-01 -1.042480468750000000e-01 -2.575683593750000000e-01
9.768066406250000000e-01 -1.098632812500000000e-01 -1.843261718750000000e-01
1.017333984375000000e+00 -1.894531250000000000e-01 -2.048339843750000000e-01
1.017333984375000000e+00 -1.057128906250000000e-01 -1.943359375000000000e-01
1.010498046875000000e+00 -1.052246093750000000e-01 -9.912109375000000000e-02
1.013916015625000000e+00 -1.525878906250000000e-01 -1.081542968750000000e-01
1.027832031250000000e+00 -2.043457031250000000e-01 -1.411132812500000000e-01
1.020263671875000000e+00 -1.391601562500000000e-01 -9.814453125000000000e-02
9.770507812500000000e-01 -9.667968750000000000e-02 -1.025390625000000000e-01
1.011962890625000000e+00 -1.083984375000000000e-01 -1.499023437500000000e-01
9.733886718750000000e-01 -1.176757812500000000e-01 -5.126953125000000000e-02
1.029296875000000000e+00 -1.931152343750000000e-01 -6.127929687500000000e-02
1.030273437500000000e+00 -1.096191406250000000e-01 -6.005859375000000000e-02
9.829101562500000000e-01 -1.989746093750000000e-01 -4.345703125000000000e-02
1.012939453125000000e+00 -1.604003906250000000e-01 -4.663085937500000000e-02
1.009521484375000000e+00 -1.127929687500000000e-01 -1.267089843750000000e-01
9.741210937500000000e-01 -1.979980468750000000e-01 -1.430664062500000000e-01
1.025878906250000000e+00 -1.223144531250000000e-01 -5.029296875000000000e-02
1.010253906250000000e+00 -6.250000000000000000e-02 2.075195312500000000e-02
9.853515625000000000e-01 -9.765625000000000000e-02 -6.665039062500000000e-02
9.643554687500000000e-01 -1.120605468750000000e-01 -1.555175781250000000e-01
8.688964843750000000e-01 -5.224609375000000000e-02 -3.820800781250000000e-01
7.922363281250000000e-01 -3.759765625000000000e-01 -1.232910156250000000e-01
1.160644531250000000e+00 -3.872070312500000000e-01 -1.542968750000000000e-01
9.992675781250000000e-01 -1.928710937500000000e-02 -8.813476562500000000e-02
4.794921875000000000e-01 -6.591796875000000000e-03 -3.908691406250000000e-01
3.027343750000000000e-01 -2.741699218750000000e-01 -3.469238281250000000e-01
7.836914062500000000e-01 -4.938964843750000000e-01 -3.767089843750000000e-01
1.534912109375000000e+00 8.691406250000000000e-02 -8.056640625000000000e-03
1.534912109375000000e+00 8.691406250000000000e-02 -8.056640625000000000e-03
1.286132812500000000e+00 2.570800781250000000e-01 1.550292968750000000e-01
9.272460937500000000e-01 -3.933105468750000000e-01 -3.881835937500000000e-02
7.893066406250000000e-01 -2.185058593750000000e-01 2.197265625000000000e-03
4.799804687500000000e-01 3.166503906250000000e-01 -1.975097656250000000e-01
6.948242187500000000e-01 1.350097656250000000e-01 -1.608886718750000000e-01
7.619628906250000000e-01 -1.660156250000000000e-01 -2.752685546875000000e+00
3.741699218750000000e+00 3.161621093750000000e-01 -1.385009765625000000e+00
-4.184570312500000000e-01 4.616699218750000000e-01 8.837890625000000000e-02
7.131347656250000000e-01 -4.055175781250000000e-01 -4.196777343750000000e-01
8.278808593750000000e-01 -2.441406250000000000e-02 -2.883300781250000000e-01
9.606933593750000000e-01 1.220703125000000000e-03 -4.218750000000000000e-01
4.201660156250000000e-01 -1.867675781250000000e-01 3.161621093750000000e-01
1.838378906250000000e-01 -6.860351562500000000e-02 -1.256347656250000000e+00
3.300781250000000000e-01 1.277832031250000000e+00 -1.033935546875000000e+00
-5.935058593750000000e-01 2.216796875000000000e-01 -1.273437500000000000e+00
-5.102539062500000000e-01 -3.608398437500000000e-01 -1.130126953125000000e+00
-1.005615234375000000e+00 4.660644531250000000e-01 -1.154296875000000000e+00
-4.257812500000000000e-01 1.005859375000000000e+00 -1.299072265625000000e+00
-8.437500000000000000e-01 6.022949218750000000e-01 -1.378662109375000000e+00
-7.043457031250000000e-01 5.764160156250000000e-01 -9.453125000000000000e-01
-3.630371093750000000e-01 5.747070312500000000e-01 -6.137695312500000000e-01
-3.347167968750000000e-01 4.643554687500000000e-01 -5.158691406250000000e-01
-4.045410156250000000e-01 3.491210937500000000e-01 -8.156738281250000000e-01
-2.375488281250000000e-01 3.737792968750000000e-01 -7.961425781250000000e-01
-2.687988281250000000e-01 1.677246093750000000e-01 -8.117675781250000000e-01
-3.129882812500000000e-01 8.837890625000000000e-02 -8.557128906250000000e-01
-2.138671875000000000e-01 -6.689453125000000000e-02 -9.318847656250000000e-01
-9.375000000000000000e-02 -5.346679687500000000e-02 -1.050292968750000000e+00
-1.303710937500000000e-01 -1.071777343750000000e-01 -8.029785156250000000e-01
-2.087402343750000000e-01 -5.737304687500000000e-02 -9.328613281250000000e-01
-2.033691406250000000e-01 -3.808593750000000000e-02 -8.706054687500000000e-01
-2.604980468750000000e-01 1.464843750000000000e-02 -9.611816406250000000e-01
-2.614746093750000000e-01 7.934570312500000000e-02 -8.303222656250000000e-01
-2.509765625000000000e-01 8.447265625000000000e-02 -8.674316406250000000e-01
-1.733398437500000000e-01 9.838867187500000000e-02 -8.830566406250000000e-01
-2.634277343750000000e-01 1.616210937500000000e-01 -8.916015625000000000e-01
-2.661132812500000000e-01 2.124023437500000000e-01 -8.063964843750000000e-01
-1.845703125000000000e-01 2.106933593750000000e-01 -7.998046875000000000e-01
-2.558593750000000000e-01 1.228027343750000000e-01 -8.459472656250000000e-01
-1.838378906250000000e-01 1.545410156250000000e-01 -9.416503906250000000e-01
-1.821289062500000000e-01 1.301269531250000000e-01 -8.615722656250000000e-01
-1.813964843750000000e-01 4.223632812500000000e-02 -8.474121093750000000e-01
-1.835937500000000000e-01 8.837890625000000000e-02 -8.493652343750000000e-01
-2.504882812500000000e-01 8.740234375000000000e-02 -8.610839843750000000e-01
-1.818847656250000000e-01 3.491210937500000000e-02 -8.576660156250000000e-01
-1.857910156250000000e-01 9.252929687500000000e-02 -8.535156250000000000e-01
-1.831054687500000000e-01 3.613281250000000000e-02 -8.574218750000000000e-01
-1.845703125000000000e-01 4.492187500000000000e-02 -8.488769531250000000e-01
-1.835937500000000000e-01 4.663085937500000000e-02 -8.579101562500000000e-01
-1.853027343750000000e-01 4.370117187500000000e-02 -8.474121093750000000e-01
-1.843261718750000000e-01 4.443359375000000000e-02 -8.576660156250000000e-01
-1.799316406250000000e-01 4.418945312500000000e-02 -8.527832031250000000e-01
-1.828613281250000000e-01 4.199218750000000000e-02 -8.557128906250000000e-01
-1.782226562500000000e-01 3.686523437500000000e-02 -8.645019531250000000e-01
-1.865234375000000000e-01 3.955078125000000000e-02 -8.554687500000000000e-01
-1.835937500000000000e-01 4.174804687500000000e-02 -8.583984375000000000e-01
-1.826171875000000000e-01 4.296875000000000000e-02 -8.581542968750000000e-01
-1.826171875000000000e-01 4.296875000000000000e-02 -8.581542968750000000e-01
-1.831054687500000000e-01 4.125976562500000000e-02 -8.562011718750000000e-01
-1.813964843750000000e-01 4.565429687500000000e-02 -8.547363281250000000e-01
-1.821289062500000000e-01 4.467773437500000000e-02 -8.596191406250000000e-01
-1.796875000000000000e-01 3.930664062500000000e-02 -8.540039062500000000e-01
-1.813964843750000000e-01 4.101562500000000000e-02 -8.566894531250000000e-01
-1.779785156250000000e-01 4.296875000000000000e-02 -8.542480468750000000e-01
-1.843261718750000000e-01 4.663085937500000000e-02 -8.527832031250000000e-01
-1.828613281250000000e-01 3.784179687500000000e-02 -8.500976562500000000e-01
-1.831054687500000000e-01 4.248046875000000000e-02 -8.586425781250000000e-01
-1.831054687500000000e-01 4.248046875000000000e-02 -8.586425781250000000e-01
-1.706542968750000000e-01 4.199218750000000000e-02 -8.024902343750000000e-01
-2.656250000000000000e-01 4.565429687500000000e-02 -9.284667968750000000e-01
-1.696777343750000000e-01 3.833007812500000000e-02 -9.379882812500000000e-01
-2.141113281250000000e-01 4.589843750000000000e-02 -8.537597656250000000e-01
-1.574707031250000000e-01 3.735351562500000000e-02 -8.591308593750000000e-01
-1.564941406250000000e-01 4.443359375000000000e-02 -8.693847656250000000e-01
-2.167968750000000000e-01 4.565429687500000000e-02 -8.676757812500000000e-01
-1.564941406250000000e-01 4.125976562500000000e-02 -8.598632812500000000e-01
-1.594238281250000000e-01 4.223632812500000000e-02 -8.520507812500000000e-01
-2.167968750000000000e-01 4.028320312500000000e-02 -9.604492187500000000e-01
-2.136230468750000000e-01 4.199218750000000000e-02 -8.669433593750000000e-01
-2.145996093750000000e-01 4.492187500000000000e-02 -8.103027343750000000e-01
-1.584472656250000000e-01 4.443359375000000000e-02 -9.404296875000000000e-01
-1.577148437500000000e-01 3.979492187500000000e-02 -9.477539062500000000e-01
-2.185058593750000000e-01 4.321289062500000000e-02 -8.625488281250000000e-01
-1.601562500000000000e-01 3.588867187500000000e-02 -8.461914062500000000e-01
-1.655273437500000000e-01 4.736328125000000000e-02 -9.536132812500000000e-01
-2.180175781250000000e-01 4.565429687500000000e-02 -8.464355468750000000e-01
-2.172851562500000000e-01 4.248046875000000000e-02 -8.571777343750000000e-01
-2.175292968750000000e-01 4.711914062500000000e-02 -8.640136718750000000e-01
-1.589355468750000000e-01 4.907226562500000000e-02 -8.625488281250000000e-01
-1.577148437500000000e-01 4.541015625000000000e-02 -8.652343750000000000e-01
-2.185058593750000000e-01 4.711914062500000000e-02 -8.591308593750000000e-01
-1.591796875000000000e-01 4.736328125000000000e-02 -8.562011718750000000e-01
-1.591796875000000000e-01 4.736328125000000000e-02 -8.562011718750000000e-01
-2.160644531250000000e-01 4.492187500000000000e-02 -8.579101562500000000e-01
-2.160644531250000000e-01 4.492187500000000000e-02 -8.579101562500000000e-01
-1.613769531250000000e-01 5.102539062500000000e-02 -8.620605468750000000e-01
-1.630859375000000000e-01 5.102539062500000000e-02 -8.691406250000000000e-01
-1.577148437500000000e-01 5.249023437500000000e-02 -9.008789062500000000e-01
-1.577148437500000000e-01 5.249023437500000000e-02 -9.008789062500000000e-01
-1.601562500000000000e-01 4.687500000000000000e-02 -8.610839843750000000e-01
-1.640625000000000000e-01 4.809570312500000000e-02 -8.647460937500000000e-01
-1.640625000000000000e-01 4.809570312500000000e-02 -8.647460937500000000e-01
-1.606445312500000000e-01 4.711914062500000000e-02 -8.564453125000000000e-01
-1.591796875000000000e-01 4.736328125000000000e-02 -8.630371093750000000e-01
-1.591796875000000000e-01 4.736328125000000000e-02 -8.630371093750000000e-01
-1.635742187500000000e-01 4.809570312500000000e-02 -8.591308593750000000e-01
-1.599121093750000000e-01 4.760742187500000000e-02 -8.518066406250000000e-01
-1.589355468750000000e-01 5.029296875000000000e-02 -8.652343750000000000e-01
-1.647949218750000000e-01 4.614257812500000000e-02 -8.647460937500000000e-01
-1.647949218750000000e-01 4.614257812500000000e-02 -8.647460937500000000e-01
-1.604003906250000000e-01 4.956054687500000000e-02 -8.603515625000000000e-01
-1.623535156250000000e-01 4.858398437500000000e-02 -8.471679687500000000e-01
-1.650390625000000000e-01 4.833984375000000000e-02 -8.681640625000000000e-01
-1.650390625000000000e-01 4.833984375000000000e-02 -8.681640625000000000e-01
-1.574707031250000000e-01 4.565429687500000000e-02 -8.532714843750000000e-01
-1.574707031250000000e-01 4.565429687500000000e-02 -8.532714843750000000e-01
-1.621093750000000000e-01 4.907226562500000000e-02 -8.583984375000000000e-01
-1.621093750000000000e-01 4.907226562500000000e-02 -8.583984375000000000e-01
-1.621093750000000000e-01 4.907226562500000000e-02 -8.583984375000000000e-01
-1.613769531250000000e-01 4.638671875000000000e-02 -9.023437500000000000e-01
-1.613769531250000000e-01 4.638671875000000000e-02 -9.023437500000000000e-01
-1.623535156250000000e-01 4.638671875000000000e-02 -8.615722656250000000e-01
-1.596679687500000000e-01 4.931640625000000000e-02 -8.618164062500000000e-01
-1.596679687500000000e-01 4.931640625000000000e-02 -8.618164062500000000e-01
-1.596679687500000000e-01 4.931640625000000000e-02 -8.618164062500000000e-01
-1.657714843750000000e-01 4.907226562500000000e-02 -8.581542968750000000e-01
-1.611328125000000000e-01 4.711914062500000000e-02 -8.615722656250000000e-01
-1.594238281250000000e-01 5.224609375000000000e-02 -8.569335937500000000e-01
-1.599121093750000000e-01 4.858398437500000000e-02 -8.547363281250000000e-01
-1.621093750000000000e-01 5.395507812500000000e-02 -8.603515625000000000e-01
-1.657714843750000000e-01 5.224609375000000000e-02 -8.618164062500000000e-01
-1.650390625000000000e-01 4.907226562500000000e-02 -8.549804687500000000e-01
-1.672363281250000000e-01 4.418945312500000000e-02 -8.505859375000000000e-01
-1.687011718750000000e-01 4.418945312500000000e-02 -8.630371093750000000e-01
-1.650390625000000000e-01 4.809570312500000000e-02 -8.513183593750000000e-01
-1.726074218750000000e-01 4.394531250000000000e-02 -8.586425781250000000e-01
-1.677246093750000000e-01 4.199218750000000000e-02 -8.559570312500000000e-01
-1.733398437500000000e-01 4.370117187500000000e-02 -8.496093750000000000e-01
-1.689453125000000000e-01 4.272460937500000000e-02 -8.576660156250000000e-01
-1.723632812500000000e-01 4.663085937500000000e-02 -8.632812500000000000e-01
-1.708984375000000000e-01 4.663085937500000000e-02 -8.593750000000000000e-01
-1.708984375000000000e-01 4.663085937500000000e-02 -8.593750000000000000e-01
-1.708984375000000000e-01 4.663085937500000000e-02 -8.593750000000000000e-01
-1.711425781250000000e-01 4.467773437500000000e-02 -8.574218750000000000e-01
-1.669921875000000000e-01 4.736328125000000000e-02 -8.571777343750000000e-01
-1.669921875000000000e-01 4.736328125000000000e-02 -8.571777343750000000e-01
-1.684570312500000000e-01 4.467773437500000000e-02 -8.535156250000000000e-01
-1.694335937500000000e-01 4.516601562500000000e-02 -8.613281250000000000e-01
-1.674804687500000000e-01 4.443359375000000000e-02 -8.605957031250000000e-01
-1.674804687500000000e-01 4.443359375000000000e-02 -8.605957031250000000e-01
-1.699218750000000000e-01 4.565429687500000000e-02 -8.657226562500000000e-01
-1.699218750000000000e-01 4.565429687500000000e-02 -8.657226562500000000e-01
