1.012695312500000000e+00 -1.928710937500000000e-02 3.569335937500000000e-01
1.012695312500000000e+00 -1.928710937500000000e-02 3.569335937500000000e-01
1.012695312500000000e+00 -1.928710937500000000e-02 3.569335937500000000e-01
1.010742187500000000e+00 -2.197265625000000000e-02 3.610839843750000000e-01
1.010742187500000000e+00 -2.197265625000000000e-02 3.610839843750000000e-01
1.022949218750000000e+00 -2.783203125000000000e-02 3.540039062500000000e-01
1.021484375000000000e+00 -2.368164062500000000e-02 3.554687500000000000e-01
1.016357421875000000e+00 -2.246093750000000000e-02 3.581542968750000000e-01
1.014404296875000000e+00 -2.099609375000000000e-02 3.713378906250000000e-01
1.006591796875000000e+00 -2.026367187500000000e-02 3.627929687500000000e-01
1.012451171875000000e+00 -2.319335937500000000e-02 3.591308593750000000e-01
1.008300781250000000e+00 -2.441406250000000000e-02 3.608398437500000000e-01
1.014892578125000000e+00 -2.270507812500000000e-02 3.498535156250000000e-01
1.021240234375000000e+00 -1.977539062500000000e-02 3.508300781250000000e-01
1.020263671875000000e+00 -2.172851562500000000e-02 4.057617187500000000e-01
1.016113281250000000e+00 -3.076171875000000000e-02 4.057617187500000000e-01
1.017089843750000000e+00 -2.246093750000000000e-02 4.033203125000000000e-01
1.014404296875000000e+00 -2.026367187500000000e-02 4.035644531250000000e-01
1.017822265625000000e+00 -2.783203125000000000e-02 4.018554687500000000e-01
1.015869140625000000e+00 -2.783203125000000000e-02 3.937988281250000000e-01
1.025390625000000000e+00 -2.001953125000000000e-02 3.845214843750000000e-01
1.029296875000000000e+00 -2.636718750000000000e-02 3.823242187500000000e-01
1.031250000000000000e+00 -1.904296875000000000e-02 3.107910156250000000e-01
9.785156250000000000e-01 -1.513671875000000000e-02 3.083496093750000000e-01
9.755859375000000000e-01 -2.709960937500000000e-02 2.929687500000000000e-01
1.020751953125000000e+00 -6.665039062500000000e-02 3.198242187500000000e-01
1.021972656250000000e+00 7.861328125000000000e-02 2.785644531250000000e-01
9.228515625000000000e-01 -6.835937500000000000e-03 1.872558593750000000e-01
1.017089843750000000e+00 1.750488281250000000e-01 5.153808593750000000e-01
1.019287109375000000e+00 1.186523437500000000e-01 3.034667968750000000e-01
8.583984375000000000e-01 -1.369628906250000000e-01 3.356933593750000000e-01
1.242675781250000000e+00 -9.033203125000000000e-02 4.294433593750000000e-01
1.134277343750000000e+00 -1.276855468750000000e-01 3.291015625000000000e-01
8.681640625000000000e-01 -8.544921875000000000e-02 5.190429687500000000e-01
1.019287109375000000e+00 2.563476562500000000e-02 3.681640625000000000e-01
9.619140625000000000e-01 5.371093750000000000e-03 3.559570312500000000e-01
9.438476562500000000e-01 -1.533203125000000000e-01 3.034667968750000000e-01
9.169921875000000000e-01 -2.614746093750000000e-01 3.122558593750000000e-01
1.063720703125000000e+00 -2.172851562500000000e-01 2.585449218750000000e-01
1.006591796875000000e+00 5.444335937500000000e-02 3.330078125000000000e-01
1.006591796875000000e+00 5.444335937500000000e-02 3.330078125000000000e-01
8.989257812500000000e-01 1.213378906250000000e-01 2.441406250000000000e-01
8.588867187500000000e-01 6.030273437500000000e-02 2.924804687500000000e-01
1.037597656250000000e+00 -9.033203125000000000e-03 3.100585937500000000e-01
9.216308593750000000e-01 3.930664062500000000e-02 3.989257812500000000e-01
9.101562500000000000e-01 1.938476562500000000e-01 2.927246093750000000e-01
8.283691406250000000e-01 6.030273437500000000e-02 3.127441406250000000e-01
7.438964843750000000e-01 6.152343750000000000e-02 4.008789062500000000e-01
8.781738281250000000e-01 6.884765625000000000e-02 3.022460937500000000e-01
9.509277343750000000e-01 -2.539062500000000000e-02 3.903808593750000000e-01
8.513183593750000000e-01 1.289062500000000000e-01 2.556152343750000000e-01
9.506835937500000000e-01 -9.033203125000000000e-03 3.632812500000000000e-01
7.204589843750000000e-01 -5.175781250000000000e-02 3.630371093750000000e-01
6.601562500000000000e-01 -1.469726562500000000e-01 4.460449218750000000e-01
6.804199218750000000e-01 -1.457519531250000000e-01 4.426269531250000000e-01
7.087402343750000000e-01 -1.225585937500000000e-01 5.327148437500000000e-01
3.007812500000000000e-01 -8.935546875000000000e-02 4.311523437500000000e-01
6.320800781250000000e-01 -9.594726562500000000e-02 3.496093750000000000e-01
9.423828125000000000e-02 -7.763671875000000000e-02 3.312988281250000000e-01
7.282714843750000000e-01 -8.569335937500000000e-02 1.254882812500000000e+00
2.713378906250000000e+00 1.158691406250000000e+00 3.520263671875000000e+00
4.199218750000000000e-01 2.207031250000000000e-01 1.816162109375000000e+00
-1.813964843750000000e-01 -5.004882812500000000e-02 6.574707031250000000e-01
4.858398437500000000e-02 -2.709960937500000000e-02 6.818847656250000000e-01
-4.101562500000000000e-01 1.196289062500000000e-01 1.721191406250000000e-01
-3.022460937500000000e-01 1.579589843750000000e-01 7.600097656250000000e-01
-5.439453125000000000e-01 4.685058593750000000e-01 1.076904296875000000e+00
-6.796875000000000000e-01 1.574707031250000000e-01 1.677490234375000000e+00
-9.309082031250000000e-01 2.062988281250000000e-01 1.319335937500000000e+00
-6.247558593750000000e-01 -1.020507812500000000e-01 9.455566406250000000e-01
-2.421875000000000000e-01 -9.741210937500000000e-02 8.212890625000000000e-01
-1.179199218750000000e-01 5.126953125000000000e-03 8.691406250000000000e-01
2.404785156250000000e-01 -1.650390625000000000e-01 1.125976562500000000e+00
1.201171875000000000e-01 -3.564453125000000000e-01 1.260253906250000000e+00
-1.147460937500000000e-01 -3.098144531250000000e-01 1.151367187500000000e+00
-2.465820312500000000e-01 -9.179687500000000000e-02 8.703613281250000000e-01
7.617187500000000000e-02 -1.433105468750000000e-01 1.072753906250000000e+00
-4.272460937500000000e-02 -9.716796875000000000e-02 1.059570312500000000e+00
-3.535156250000000000e-01 -2.685546875000000000e-02 1.155273437500000000e+00
-3.608398437500000000e-01 -2.270507812500000000e-02 1.107910156250000000e+00
-1.867675781250000000e-01 6.591796875000000000e-03 1.085205078125000000e+00
-5.712890625000000000e-02 -6.591796875000000000e-02 1.067138671875000000e+00
-6.494140625000000000e-02 -7.836914062500000000e-02 1.056396484375000000e+00
-8.349609375000000000e-02 -5.957031250000000000e-02 1.140869140625000000e+00
-1.042480468750000000e-01 -1.276855468750000000e-01 1.135009765625000000e+00
-2.114257812500000000e-01 -4.052734375000000000e-02 1.039306640625000000e+00
-2.089843750000000000e-01 -8.862304687500000000e-02 1.042480468750000000e+00
-1.228027343750000000e-01 -8.837890625000000000e-02 1.138916015625000000e+00
-1.552734375000000000e-01 -9.155273437500000000e-02 1.140136718750000000e+00
-1.320800781250000000e-01 -4.418945312500000000e-02 1.054443359375000000e+00
-1.254882812500000000e-01 -3.686523437500000000e-02 1.059326171875000000e+00
-5.737304687500000000e-02 -8.959960937500000000e-02 1.050048828125000000e+00
-1.359863281250000000e-01 -4.443359375000000000e-02 1.048339843750000000e+00
-1.533203125000000000e-01 -5.761718750000000000e-02 1.056884765625000000e+00
-1.455078125000000000e-01 -6.152343750000000000e-02 1.056884765625000000e+00
-1.486816406250000000e-01 -5.249023437500000000e-02 1.125244140625000000e+00
-1.347656250000000000e-01 -3.979492187500000000e-02 1.060791015625000000e+00
-1.293945312500000000e-01 -8.691406250000000000e-02 1.036621093750000000e+00
-9.741210937500000000e-02 -9.326171875000000000e-02 1.135498046875000000e+00
-1.511230468750000000e-01 -4.956054687500000000e-02 1.050048828125000000e+00
-1.455078125000000000e-01 -4.418945312500000000e-02 1.039306640625000000e+00
-1.101074218750000000e-01 -3.979492187500000000e-02 1.132324218750000000e+00
-1.542968750000000000e-01 -4.248046875000000000e-02 1.126953125000000000e+00
-9.594726562500000000e-02 -4.516601562500000000e-02 1.060546875000000000e+00
-1.555175781250000000e-01 -4.394531250000000000e-02 1.130371093750000000e+00
-1.005859375000000000e-01 -4.956054687500000000e-02 1.050781250000000000e+00
-1.018066406250000000e-01 -5.297851562500000000e-02 1.059570312500000000e+00
-1.496582031250000000e-01 -4.711914062500000000e-02 1.053710937500000000e+00
-1.530761718750000000e-01 -4.272460937500000000e-02 1.047119140625000000e+00
-9.692382812500000000e-02 -4.272460937500000000e-02 1.127929687500000000e+00
-1.506347656250000000e-01 -4.077148437500000000e-02 1.060058593750000000e+00
-1.518554687500000000e-01 -5.029296875000000000e-02 1.128662109375000000e+00
-1.367187500000000000e-01 -4.614257812500000000e-02 1.062011718750000000e+00
-1.369628906250000000e-01 -4.785156250000000000e-02 1.125244140625000000e+00
-1.369628906250000000e-01 -4.467773437500000000e-02 1.143798828125000000e+00
-5.664062500000000000e-02 -3.857421875000000000e-02 1.141845703125000000e+00
-3.833007812500000000e-02 -4.272460937500000000e-02 1.052490234375000000e+00
-4.248046875000000000e-02 -3.613281250000000000e-02 1.059570312500000000e+00
-4.296875000000000000e-02 -3.369140625000000000e-02 1.153076171875000000e+00
-7.153320312500000000e-02 -4.467773437500000000e-02 1.044189453125000000e+00
-4.028320312500000000e-02 -4.345703125000000000e-02 1.061767578125000000e+00
-9.130859375000000000e-02 -4.638671875000000000e-02 1.138916015625000000e+00
-6.860351562500000000e-02 -4.028320312500000000e-02 1.053222656250000000e+00
-8.813476562500000000e-02 -3.295898437500000000e-02 1.126464843750000000e+00
-7.226562500000000000e-02 -4.907226562500000000e-02 1.142578125000000000e+00
-8.203125000000000000e-02 -4.150390625000000000e-02 1.125976562500000000e+00
-6.884765625000000000e-02 -4.052734375000000000e-02 1.129638671875000000e+00
-6.811523437500000000e-02 -4.589843750000000000e-02 1.134765625000000000e+00
-6.518554687500000000e-02 -4.296875000000000000e-02 1.143066406250000000e+00
-6.640625000000000000e-02 -3.808593750000000000e-02 1.054931640625000000e+00
1.391601562500000000e-02 -5.151367187500000000e-02 1.039062500000000000e+00
1.220703125000000000e-03 -4.174804687500000000e-02 1.091552734375000000e+00
-7.177734375000000000e-02 -4.394531250000000000e-02 1.131103515625000000e+00
-7.324218750000000000e-02 -4.541015625000000000e-02 1.045898437500000000e+00
-7.788085937500000000e-02 -4.443359375000000000e-02 1.131347656250000000e+00
-7.543945312500000000e-02 -4.833984375000000000e-02 1.099609375000000000e+00
-8.276367187500000000e-02 -4.370117187500000000e-02 1.055908203125000000e+00
-7.983398437500000000e-02 -4.418945312500000000e-02 1.127197265625000000e+00
-8.154296875000000000e-02 -4.345703125000000000e-02 1.052001953125000000e+00
-7.885742187500000000e-02 -4.516601562500000000e-02 1.049804687500000000e+00
-3.491210937500000000e-02 -3.881835937500000000e-02 1.056396484375000000e+00
-3.881835937500000000e-02 -4.174804687500000000e-02 1.125244140625000000e+00
-3.491210937500000000e-02 -4.833984375000000000e-02 1.128662109375000000e+00
-4.638671875000000000e-02 -4.541015625000000000e-02 1.052246093750000000e+00
-5.932617187500000000e-02 -4.711914062500000000e-02 1.140380859375000000e+00
-1.259765625000000000e-01 -4.223632812500000000e-02 1.060302734375000000e+00
-5.639648437500000000e-02 -5.371093750000000000e-02 1.055175781250000000e+00
-1.345214843750000000e-01 -5.102539062500000000e-02 1.135742187500000000e+00
-1.252441406250000000e-01 -4.736328125000000000e-02 1.130126953125000000e+00
-1.374511718750000000e-01 -4.809570312500000000e-02 1.056152343750000000e+00
-1.364746093750000000e-01 -4.785156250000000000e-02 1.132324218750000000e+00
-1.325683593750000000e-01 -4.443359375000000000e-02 1.128173828125000000e+00
-1.257324218750000000e-01 -1.274414062500000000e-01 1.135009765625000000e+00
-1.308593750000000000e-01 -4.443359375000000000e-02 1.052246093750000000e+00
-1.379394531250000000e-01 -4.345703125000000000e-02 1.055908203125000000e+00
-1.418457031250000000e-01 -4.467773437500000000e-02 1.151367187500000000e+00
-5.273437500000000000e-02 -3.955078125000000000e-02 1.055908203125000000e+00
-1.276855468750000000e-01 -4.638671875000000000e-02 1.058105468750000000e+00
-1.293945312500000000e-01 -4.638671875000000000e-02 1.131591796875000000e+00
-5.468750000000000000e-02 -4.809570312500000000e-02 1.130615234375000000e+00
-5.371093750000000000e-02 -4.565429687500000000e-02 1.060302734375000000e+00
-5.273437500000000000e-02 -4.125976562500000000e-02 1.059326171875000000e+00
-5.761718750000000000e-02 -9.277343750000000000e-02 1.125488281250000000e+00
-5.200195312500000000e-02 -3.491210937500000000e-02 1.133789062500000000e+00
-4.956054687500000000e-02 -4.101562500000000000e-02 1.132080078125000000e+00
-4.858398437500000000e-02 -5.029296875000000000e-02 1.128173828125000000e+00
-3.881835937500000000e-02 -4.150390625000000000e-02 1.135009765625000000e+00
-3.759765625000000000e-02 -3.686523437500000000e-02 1.059326171875000000e+00
-3.344726562500000000e-02 -4.882812500000000000e-02 1.061523437500000000e+00
-7.812500000000000000e-02 -3.906250000000000000e-02 1.130615234375000000e+00
-8.276367187500000000e-02 -3.588867187500000000e-02 1.053222656250000000e+00
-9.033203125000000000e-02 -4.125976562500000000e-02 1.133056640625000000e+00
-8.569335937500000000e-02 -4.101562500000000000e-02 1.059814453125000000e+00
-7.690429687500000000e-02 -4.589843750000000000e-02 1.036132812500000000e+00
-9.204101562500000000e-02 -4.174804687500000000e-02 1.040283203125000000e+00
-8.593750000000000000e-02 -5.151367187500000000e-02 1.059570312500000000e+00
-4.345703125000000000e-02 -4.394531250000000000e-02 1.061767578125000000e+00
-5.810546875000000000e-02 -4.174804687500000000e-02 1.128173828125000000e+00
-6.030273437500000000e-02 -5.590820312500000000e-02 1.132812500000000000e+00
-5.883789062500000000e-02 -5.590820312500000000e-02 1.135498046875000000e+00
-5.639648437500000000e-02 -5.053710937500000000e-02 1.060546875000000000e+00
-5.859375000000000000e-02 -5.224609375000000000e-02 1.055664062500000000e+00
-1.269531250000000000e-01 -4.589843750000000000e-02 1.127441406250000000e+00
-1.308593750000000000e-01 -5.688476562500000000e-02 1.125976562500000000e+00
-4.565429687500000000e-02 -4.760742187500000000e-02 1.046386718750000000e+00
-1.457519531250000000e-01 -5.175781250000000000e-02 1.051757812500000000e+00
-1.367187500000000000e-01 -6.030273437500000000e-02 1.129638671875000000e+00
-1.367187500000000000e-01 -5.639648437500000000e-02 1.057861328125000000e+00
-1.313476562500000000e-01 -5.615234375000000000e-02 1.127685546875000000e+00
-1.354980468750000000e-01 -5.639648437500000000e-02 1.062500000000000000e+00
-1.384277343750000000e-01 -5.297851562500000000e-02 1.056152343750000000e+00
-1.357421875000000000e-01 -5.175781250000000000e-02 1.128662109375000000e+00
-1.350097656250000000e-01 -5.419921875000000000e-02 1.058837890625000000e+00
-1.296386718750000000e-01 -5.322265625000000000e-02 1.054443359375000000e+00
-1.369628906250000000e-01 -5.078125000000000000e-02 1.052246093750000000e+00
-1.342773437500000000e-01 -5.493164062500000000e-02 1.062011718750000000e+00
-1.328125000000000000e-01 -5.639648437500000000e-02 1.059326171875000000e+00
-1.315917968750000000e-01 -5.566406250000000000e-02 1.056152343750000000e+00
-1.396484375000000000e-01 -5.102539062500000000e-02 1.148925781250000000e+00
-5.175781250000000000e-02 -5.468750000000000000e-02 1.044677734375000000e+00
