9.812011718750000000e-01 9.423828125000000000e-02 2.636718750000000000e-01
9.812011718750000000e-01 9.423828125000000000e-02 2.636718750000000000e-01
9.797363281250000000e-01 9.472656250000000000e-02 2.687988281250000000e-01
9.707031250000000000e-01 1.538085937500000000e-01 2.685546875000000000e-01
9.790039062500000000e-01 1.442871093750000000e-01 2.717285156250000000e-01
9.819335937500000000e-01 1.347656250000000000e-01 2.736816406250000000e-01
9.829101562500000000e-01 1.303710937500000000e-01 2.604980468750000000e-01
9.787597656250000000e-01 1.345214843750000000e-01 2.622070312500000000e-01
9.777832031250000000e-01 1.328125000000000000e-01 2.526855468750000000e-01
9.794921875000000000e-01 1.403808593750000000e-01 2.592773437500000000e-01
9.741210937500000000e-01 1.499023437500000000e-01 2.531738281250000000e-01
9.692382812500000000e-01 9.741210937500000000e-02 2.631835937500000000e-01
9.719238281250000000e-01 1.115722656250000000e-01 2.758789062500000000e-01
9.792480468750000000e-01 1.191406250000000000e-01 2.617187500000000000e-01
9.912109375000000000e-01 1.044921875000000000e-01 2.553710937500000000e-01
9.841308593750000000e-01 1.054687500000000000e-01 1.867675781250000000e-01
9.792480468750000000e-01 1.079101562500000000e-01 2.561035156250000000e-01
9.699707031250000000e-01 1.076660156250000000e-01 1.811523437500000000e-01
9.892578125000000000e-01 1.101074218750000000e-01 1.682128906250000000e-01
9.755859375000000000e-01 1.125488281250000000e-01 1.867675781250000000e-01
9.799804687500000000e-01 1.181640625000000000e-01 2.712402343750000000e-01
9.992675781250000000e-01 1.140136718750000000e-01 2.604980468750000000e-01
1.067138671875000000e+00 1.003417968750000000e-01 1.809082031250000000e-01
1.086181640625000000e+00 1.520996093750000000e-01 2.172851562500000000e-01
9.997558593750000000e-01 8.081054687500000000e-02 1.594238281250000000e-01
1.065673828125000000e+00 5.541992187500000000e-02 1.823730468750000000e-01
9.426269531250000000e-01 -2.148437500000000000e-02 2.333984375000000000e-01
9.123535156250000000e-01 -3.784179687500000000e-02 3.608398437500000000e-01
1.016601562500000000e+00 -3.906250000000000000e-03 3.537597656250000000e-01
9.748535156250000000e-01 2.106933593750000000e-01 2.958984375000000000e-01
1.015869140625000000e+00 4.565429687500000000e-02 3.242187500000000000e-01
9.167480468750000000e-01 -4.809570312500000000e-02 2.988281250000000000e-01
9.362792968750000000e-01 -1.540527343750000000e-01 3.400878906250000000e-01
1.026611328125000000e+00 -7.446289062500000000e-02 3.356933593750000000e-01
9.946289062500000000e-01 -2.587890625000000000e-02 3.413085937500000000e-01
1.012695312500000000e+00 -4.882812500000000000e-03 3.684082031250000000e-01
1.123779296875000000e+00 2.036132812500000000e-01 2.062988281250000000e-01
1.126464843750000000e+00 1.000976562500000000e-01 2.373046875000000000e-01
1.129882812500000000e+00 1.259765625000000000e-01 1.694335937500000000e-01
8.449707031250000000e-01 1.682128906250000000e-01 1.774902343750000000e-01
8.469238281250000000e-01 2.656250000000000000e-01 2.302246093750000000e-01
1.076660156250000000e+00 1.010742187500000000e-01 2.260742187500000000e-01
8.632812500000000000e-01 9.545898437500000000e-02 2.944335937500000000e-01
8.833007812500000000e-01 2.087402343750000000e-01 2.863769531250000000e-01
9.404296875000000000e-01 1.638183593750000000e-01 1.811523437500000000e-01
9.370117187500000000e-01 2.060546875000000000e-01 3.168945312500000000e-01
1.009521484375000000e+00 1.596679687500000000e-01 2.536621093750000000e-01
7.373046875000000000e-01 2.641601562500000000e-01 2.995605468750000000e-01
9.028320312500000000e-01 1.782226562500000000e-01 3.229980468750000000e-01
7.280273437500000000e-01 1.259765625000000000e-01 3.427734375000000000e-01
7.143554687500000000e-01 -1.904296875000000000e-02 3.439941406250000000e-01
4.680175781250000000e-01 -4.711914062500000000e-02 7.446289062500000000e-02
4.680175781250000000e-01 -4.711914062500000000e-02 7.446289062500000000e-02
3.808593750000000000e-02 -3.784179687500000000e-02 -1.516113281250000000e-01
5.556640625000000000e-01 2.145996093750000000e-01 -2.568359375000000000e-01
1.892822265625000000e+00 4.152832031250000000e-01 2.441406250000000000e-03
1.980957031250000000e+00 2.465820312500000000e-02 2.172851562500000000e-02
1.096923828125000000e+00 1.025390625000000000e-01 -2.175292968750000000e-01
2.270507812500000000e-01 9.155273437500000000e-02 3.247070312500000000e-02
2.670898437500000000e-01 -7.519531250000000000e-02 9.106445312500000000e-02
-4.235839843750000000e-01 4.665527343750000000e-01 -2.899169921875000000e+00
-5.192871093750000000e-01 6.103515625000000000e-03 -4.155273437500000000e-01
2.824707031250000000e-01 3.466796875000000000e-01 -1.595703125000000000e+00
-5.126953125000000000e-01 3.061523437500000000e-01 -1.902587890625000000e+00
-6.562500000000000000e-01 2.658691406250000000e-01 -1.507080078125000000e+00
-2.595214843750000000e-01 2.309570312500000000e-01 -8.688964843750000000e-01
1.855468750000000000e-02 1.755371093750000000e-01 -7.312011718750000000e-01
-2.514648437500000000e-01 4.931640625000000000e-02 -4.526367187500000000e-01
-2.233886718750000000e-01 1.142578125000000000e-01 -5.600585937500000000e-01
-1.669921875000000000e-01 2.128906250000000000e-01 -8.579101562500000000e-01
-1.677246093750000000e-01 2.055664062500000000e-01 -1.055175781250000000e+00
-1.245117187500000000e-01 2.185058593750000000e-01 -1.059326171875000000e+00
-1.140136718750000000e-01 1.108398437500000000e-01 -1.012939453125000000e+00
-9.228515625000000000e-02 1.379394531250000000e-01 -7.854003906250000000e-01
-8.203125000000000000e-02 9.472656250000000000e-02 -8.413085937500000000e-01
-4.565429687500000000e-02 1.491699218750000000e-01 -8.574218750000000000e-01
-1.333007812500000000e-01 9.570312500000000000e-02 -8.500976562500000000e-01
-1.120605468750000000e-01 1.520996093750000000e-01 -1.001708984375000000e+00
-1.086425781250000000e-01 1.501464843750000000e-01 -9.494628906250000000e-01
-1.499023437500000000e-01 1.440429687500000000e-01 -8.503417968750000000e-01
-1.447753906250000000e-01 1.486816406250000000e-01 -8.588867187500000000e-01
-1.464843750000000000e-01 1.501464843750000000e-01 -8.486328125000000000e-01
-1.386718750000000000e-01 1.496582031250000000e-01 -8.989257812500000000e-01
-1.442871093750000000e-01 9.423828125000000000e-02 -8.728027343750000000e-01
-1.442871093750000000e-01 9.912109375000000000e-02 -9.624023437500000000e-01
-1.450195312500000000e-01 9.741210937500000000e-02 -8.613281250000000000e-01
-1.457519531250000000e-01 1.538085937500000000e-01 -8.469238281250000000e-01
-1.501464843750000000e-01 1.538085937500000000e-01 -8.693847656250000000e-01
-1.496582031250000000e-01 9.375000000000000000e-02 -8.679199218750000000e-01
-1.499023437500000000e-01 1.525878906250000000e-01 -8.745117187500000000e-01
-1.423339843750000000e-01 1.533203125000000000e-01 -8.681640625000000000e-01
-1.406250000000000000e-01 1.511230468750000000e-01 -8.691406250000000000e-01
-1.430664062500000000e-01 1.501464843750000000e-01 -8.701171875000000000e-01
-1.474609375000000000e-01 1.486816406250000000e-01 -8.623046875000000000e-01
-1.523437500000000000e-01 1.545410156250000000e-01 -8.703613281250000000e-01
-1.489257812500000000e-01 1.513671875000000000e-01 -8.649902343750000000e-01
-1.518554687500000000e-01 1.511230468750000000e-01 -8.649902343750000000e-01
-1.481933593750000000e-01 1.508789062500000000e-01 -8.635253906250000000e-01
-1.479492187500000000e-01 1.501464843750000000e-01 -8.681640625000000000e-01
-1.520996093750000000e-01 1.511230468750000000e-01 -8.666992187500000000e-01
-1.525878906250000000e-01 1.535644531250000000e-01 -8.666992187500000000e-01
-1.538085937500000000e-01 1.501464843750000000e-01 -8.737792968750000000e-01
-1.525878906250000000e-01 1.525878906250000000e-01 -8.693847656250000000e-01
-1.525878906250000000e-01 1.486816406250000000e-01 -8.676757812500000000e-01
-1.520996093750000000e-01 1.503906250000000000e-01 -9.438476562500000000e-01
-1.459960937500000000e-01 1.511230468750000000e-01 -8.688964843750000000e-01
-1.494140625000000000e-01 1.518554687500000000e-01 -8.620605468750000000e-01
-1.503906250000000000e-01 1.479492187500000000e-01 -8.654785156250000000e-01
-1.486816406250000000e-01 1.508789062500000000e-01 -8.666992187500000000e-01
-1.459960937500000000e-01 1.467285156250000000e-01 -8.696289062500000000e-01
-1.469726562500000000e-01 1.525878906250000000e-01 -8.745117187500000000e-01
-1.440429687500000000e-01 1.484375000000000000e-01 -8.715820312500000000e-01
-1.428222656250000000e-01 1.503906250000000000e-01 -8.645019531250000000e-01
-1.469726562500000000e-01 1.472167968750000000e-01 -8.681640625000000000e-01
-1.494140625000000000e-01 1.459960937500000000e-01 -8.649902343750000000e-01
-1.423339843750000000e-01 1.496582031250000000e-01 -8.676757812500000000e-01
-1.381835937500000000e-01 1.430664062500000000e-01 -8.623046875000000000e-01
-1.435546875000000000e-01 1.494140625000000000e-01 -8.662109375000000000e-01
-1.423339843750000000e-01 1.489257812500000000e-01 -8.706054687500000000e-01
-1.406250000000000000e-01 1.469726562500000000e-01 -8.718261718750000000e-01
-1.428222656250000000e-01 1.462402343750000000e-01 -8.710937500000000000e-01
-1.435546875000000000e-01 1.450195312500000000e-01 -8.747558593750000000e-01
-1.408691406250000000e-01 1.423339843750000000e-01 -8.654785156250000000e-01
-1.420898437500000000e-01 1.447753906250000000e-01 -8.725585937500000000e-01
-1.413574218750000000e-01 1.459960937500000000e-01 -8.671875000000000000e-01
-1.403808593750000000e-01 1.455078125000000000e-01 -8.691406250000000000e-01
-1.369628906250000000e-01 1.452636718750000000e-01 -8.718261718750000000e-01
-1.406250000000000000e-01 1.445312500000000000e-01 -8.728027343750000000e-01
-1.420898437500000000e-01 1.435546875000000000e-01 -8.701171875000000000e-01
-1.420898437500000000e-01 1.437988281250000000e-01 -8.725585937500000000e-01
-1.394042968750000000e-01 1.416015625000000000e-01 -8.720703125000000000e-01
-1.430664062500000000e-01 1.442871093750000000e-01 -8.632812500000000000e-01
-1.474609375000000000e-01 1.437988281250000000e-01 -8.703613281250000000e-01
-1.477050781250000000e-01 1.442871093750000000e-01 -8.681640625000000000e-01
-1.503906250000000000e-01 1.420898437500000000e-01 -8.725585937500000000e-01
-1.467285156250000000e-01 1.457519531250000000e-01 -8.693847656250000000e-01
-1.486816406250000000e-01 1.467285156250000000e-01 -8.706054687500000000e-01
-1.496582031250000000e-01 1.469726562500000000e-01 -8.696289062500000000e-01
-1.501464843750000000e-01 1.469726562500000000e-01 -8.640136718750000000e-01
-9.399414062500000000e-02 1.491699218750000000e-01 -8.701171875000000000e-01
-1.508789062500000000e-01 1.469726562500000000e-01 -8.674316406250000000e-01
-1.523437500000000000e-01 1.491699218750000000e-01 -8.681640625000000000e-01
-1.533203125000000000e-01 1.508789062500000000e-01 -8.703613281250000000e-01
-1.513671875000000000e-01 1.484375000000000000e-01 -9.414062500000000000e-01
-1.447753906250000000e-01 1.489257812500000000e-01 -8.696289062500000000e-01
-1.464843750000000000e-01 1.437988281250000000e-01 -8.728027343750000000e-01
-1.489257812500000000e-01 1.494140625000000000e-01 -8.715820312500000000e-01
-1.508789062500000000e-01 1.423339843750000000e-01 -8.649902343750000000e-01
-1.467285156250000000e-01 1.435546875000000000e-01 -8.640136718750000000e-01
-1.481933593750000000e-01 1.447753906250000000e-01 -8.635253906250000000e-01
-1.499023437500000000e-01 1.489257812500000000e-01 -8.632812500000000000e-01
-1.484375000000000000e-01 1.494140625000000000e-01 -8.708496093750000000e-01
-1.489257812500000000e-01 1.520996093750000000e-01 -9.453125000000000000e-01
-1.467285156250000000e-01 1.452636718750000000e-01 -8.715820312500000000e-01
-1.516113281250000000e-01 1.481933593750000000e-01 -8.635253906250000000e-01
-1.508789062500000000e-01 1.477050781250000000e-01 -8.637695312500000000e-01
-1.508789062500000000e-01 1.457519531250000000e-01 -8.659667968750000000e-01
-1.477050781250000000e-01 1.445312500000000000e-01 -8.720703125000000000e-01
-1.481933593750000000e-01 1.445312500000000000e-01 -8.701171875000000000e-01
-1.503906250000000000e-01 1.462402343750000000e-01 -8.684082031250000000e-01
-1.491699218750000000e-01 1.437988281250000000e-01 -8.710937500000000000e-01
-1.513671875000000000e-01 1.474609375000000000e-01 -8.691406250000000000e-01
-1.464843750000000000e-01 1.442871093750000000e-01 -8.732910156250000000e-01
-1.494140625000000000e-01 1.484375000000000000e-01 -9.392089843750000000e-01
-1.457519531250000000e-01 1.481933593750000000e-01 -8.715820312500000000e-01
-1.523437500000000000e-01 1.435546875000000000e-01 -9.389648437500000000e-01
-1.447753906250000000e-01 1.450195312500000000e-01 -8.679199218750000000e-01
-1.462402343750000000e-01 1.499023437500000000e-01 -8.652343750000000000e-01
-1.481933593750000000e-01 1.479492187500000000e-01 -8.703613281250000000e-01
-1.489257812500000000e-01 1.440429687500000000e-01 -8.635253906250000000e-01
-1.481933593750000000e-01 1.457519531250000000e-01 -8.735351562500000000e-01
-1.442871093750000000e-01 1.457519531250000000e-01 -8.698730468750000000e-01
-1.437988281250000000e-01 1.499023437500000000e-01 -8.713378906250000000e-01
-1.440429687500000000e-01 1.435546875000000000e-01 -8.674316406250000000e-01
-1.469726562500000000e-01 1.440429687500000000e-01 -8.715820312500000000e-01
-1.437988281250000000e-01 1.430664062500000000e-01 -8.710937500000000000e-01
-1.435546875000000000e-01 1.440429687500000000e-01 -8.652343750000000000e-01
-1.445312500000000000e-01 1.442871093750000000e-01 -8.698730468750000000e-01
-1.433105468750000000e-01 1.437988281250000000e-01 -8.671875000000000000e-01
-1.425781250000000000e-01 1.474609375000000000e-01 -8.679199218750000000e-01
-1.364746093750000000e-01 1.418457031250000000e-01 -8.706054687500000000e-01
-1.389160156250000000e-01 1.401367187500000000e-01 -8.725585937500000000e-01
-1.425781250000000000e-01 1.398925781250000000e-01 -8.652343750000000000e-01
-1.408691406250000000e-01 1.411132812500000000e-01 -8.730468750000000000e-01
-1.342773437500000000e-01 1.469726562500000000e-01 -8.713378906250000000e-01
-1.379394531250000000e-01 1.420898437500000000e-01 -8.684082031250000000e-01
-1.389160156250000000e-01 1.423339843750000000e-01 -9.375000000000000000e-01
-1.437988281250000000e-01 1.425781250000000000e-01 -8.679199218750000000e-01
-1.423339843750000000e-01 1.450195312500000000e-01 -8.679199218750000000e-01
-1.369628906250000000e-01 1.418457031250000000e-01 -8.732910156250000000e-01
-1.376953125000000000e-01 1.423339843750000000e-01 -8.732910156250000000e-01
-1.381835937500000000e-01 1.398925781250000000e-01 -8.693847656250000000e-01
-1.403808593750000000e-01 1.398925781250000000e-01 -8.747558593750000000e-01
-1.396484375000000000e-01 1.452636718750000000e-01 -8.693847656250000000e-01
-1.413574218750000000e-01 1.374511718750000000e-01 -8.701171875000000000e-01
-1.411132812500000000e-01 1.440429687500000000e-01 -8.642578125000000000e-01
-1.394042968750000000e-01 1.423339843750000000e-01 -8.735351562500000000e-01
-1.413574218750000000e-01 1.423339843750000000e-01 -8.686523437500000000e-01
-1.425781250000000000e-01 1.450195312500000000e-01 -8.710937500000000000e-01
-1.447753906250000000e-01 1.406250000000000000e-01 -8.674316406250000000e-01
