1.022949218750000000e+00 6.469726562500000000e-02 -1.096191406250000000e-01
1.022949218750000000e+00 6.469726562500000000e-02 -1.096191406250000000e-01
1.022949218750000000e+00 6.469726562500000000e-02 -1.096191406250000000e-01
1.025878906250000000e+00 -1.464843750000000000e-02 -1.159667968750000000e-01
1.022949218750000000e+00 2.954101562500000000e-02 -1.086425781250000000e-01
9.724121093750000000e-01 1.513671875000000000e-02 -1.164550781250000000e-01
9.790039062500000000e-01 -8.032226562500000000e-02 -1.894531250000000000e-01
9.736328125000000000e-01 -3.295898437500000000e-02 -2.001953125000000000e-01
1.028564453125000000e+00 -7.153320312500000000e-02 -1.240234375000000000e-01
1.024658203125000000e+00 1.293945312500000000e-02 -1.901855468750000000e-01
1.010742187500000000e+00 2.270507812500000000e-02 -1.198730468750000000e-01
1.016113281250000000e+00 1.025390625000000000e-02 -1.882324218750000000e-01
1.024169921875000000e+00 -6.420898437500000000e-02 -2.102050781250000000e-01
1.010986328125000000e+00 6.103515625000000000e-03 -2.170410156250000000e-01
1.018798828125000000e+00 1.538085937500000000e-02 -1.596679687500000000e-01
1.008056640625000000e+00 1.074218750000000000e-02 -1.809082031250000000e-01
1.019775390625000000e+00 1.489257812500000000e-02 -2.612304687500000000e-01
1.008056640625000000e+00 -2.807617187500000000e-02 -2.775878906250000000e-01
1.002197265625000000e+00 1.245117187500000000e-02 -2.302246093750000000e-01
1.000976562500000000e+00 -6.420898437500000000e-02 -3.142089843750000000e-01
9.245605468750000000e-01 1.708984375000000000e-03 -3.339843750000000000e-01
9.680175781250000000e-01 -7.006835937500000000e-02 -3.955078125000000000e-01
9.501953125000000000e-01 -6.835937500000000000e-02 -4.455566406250000000e-01
8.669433593750000000e-01 -8.471679687500000000e-02 -5.241699218750000000e-01
7.788085937500000000e-01 -3.735351562500000000e-02 -5.295410156250000000e-01
6.738281250000000000e-01 -2.758789062500000000e-02 -4.157714843750000000e-01
8.205566406250000000e-01 -2.636718750000000000e-02 -3.701171875000000000e-01
9.003906250000000000e-01 -7.226562500000000000e-02 -5.153808593750000000e-01
8.671875000000000000e-01 -7.275390625000000000e-02 -6.562500000000000000e-01
8.164062500000000000e-01 -3.222656250000000000e-02 -6.457519531250000000e-01
6.713867187500000000e-01 -9.082031250000000000e-02 -5.478515625000000000e-01
7.770996093750000000e-01 -3.442382812500000000e-02 -6.301269531250000000e-01
6.599121093750000000e-01 -8.032226562500000000e-02 -5.314941406250000000e-01
6.628417968750000000e-01 -7.299804687500000000e-02 -6.345214843750000000e-01
6.381835937500000000e-01 -1.113281250000000000e-01 -7.316894531250000000e-01
6.193847656250000000e-01 -4.003906250000000000e-02 -2.346191406250000000e-01
4.616699218750000000e-01 -1.293945312500000000e-02 -3.291015625000000000e-01
4.333496093750000000e-01 1.269531250000000000e-02 -1.867675781250000000e-01
3.688964843750000000e-01 2.661132812500000000e-02 -3.935546875000000000e-01
3.959960937500000000e-01 -8.837890625000000000e-02 -2.656250000000000000e-01
4.670410156250000000e-01 -2.441406250000000000e-03 -1.862792968750000000e-01
3.706054687500000000e-01 1.953125000000000000e-02 -3.830566406250000000e-01
4.350585937500000000e-01 -3.076171875000000000e-02 8.276367187500000000e-02
4.184570312500000000e-01 -2.221679687500000000e-02 4.055175781250000000e-01
1.714355468750000000e+00 8.908691406250000000e-01 2.902832031250000000e-01
4.008544921875000000e+00 4.197021484375000000e+00 1.211914062500000000e+00
1.610595703125000000e+00 3.198242187500000000e-02 1.059082031250000000e+00
2.416992187500000000e-01 1.313720703125000000e+00 3.693847656250000000e-01
-5.827636718750000000e-01 1.101806640625000000e+00 8.950195312500000000e-01
-3.264160156250000000e-01 1.115722656250000000e-01 6.821289062500000000e-01
-1.000976562500000000e-02 -1.564941406250000000e-01 8.881835937500000000e-01
3.234863281250000000e-01 3.874511718750000000e-01 1.091064453125000000e+00
1.467285156250000000e-01 4.440917968750000000e-01 8.547363281250000000e-01
-1.594238281250000000e-01 2.658691406250000000e-01 1.179443359375000000e+00
-2.348632812500000000e-01 2.492675781250000000e-01 1.179687500000000000e+00
3.315429687500000000e-01 4.304199218750000000e-01 9.475097656250000000e-01
-1.489257812500000000e-02 2.851562500000000000e-01 8.017578125000000000e-01
1.259765625000000000e-01 4.025878906250000000e-01 1.173339843750000000e+00
1.818847656250000000e-01 4.140625000000000000e-01 9.035644531250000000e-01
2.382812500000000000e-01 4.758300781250000000e-01 9.724121093750000000e-01
3.540039062500000000e-01 3.679199218750000000e-01 9.689941406250000000e-01
4.455566406250000000e-01 3.427734375000000000e-01 9.106445312500000000e-01
2.583007812500000000e-01 1.716308593750000000e-01 9.174804687500000000e-01
1.813964843750000000e-01 2.639160156250000000e-01 9.531250000000000000e-01
3.354492187500000000e-01 3.503417968750000000e-01 1.023193359375000000e+00
4.074707031250000000e-01 4.494628906250000000e-01 9.658203125000000000e-01
4.128417968750000000e-01 5.334472656250000000e-01 1.083251953125000000e+00
2.692871093750000000e-01 4.831542968750000000e-01 7.290039062500000000e-01
1.583984375000000000e+00 6.550292968750000000e-01 7.543945312500000000e-01
4.645996093750000000e-01 7.583007812500000000e-01 8.891601562500000000e-01
2.243652343750000000e-01 2.617187500000000000e-01 7.419433593750000000e-01
2.114257812500000000e-01 2.395019531250000000e-01 8.601074218750000000e-01
2.307128906250000000e-01 3.833007812500000000e-01 9.660644531250000000e-01
4.958496093750000000e-01 4.836425781250000000e-01 1.065429687500000000e+00
2.285156250000000000e-01 2.209472656250000000e-01 1.125976562500000000e+00
9.204101562500000000e-02 2.768554687500000000e-01 1.080810546875000000e+00
2.795410156250000000e-01 5.144042968750000000e-01 1.013916015625000000e+00
3.208007812500000000e-01 5.131835937500000000e-01 8.605957031250000000e-01
3.432617187500000000e-01 3.059082031250000000e-01 8.901367187500000000e-01
3.989257812500000000e-01 2.312011718750000000e-01 1.031250000000000000e+00
4.123535156250000000e-01 2.573242187500000000e-01 1.021728515625000000e+00
3.703613281250000000e-01 2.678222656250000000e-01 1.093261718750000000e+00
1.887207031250000000e-01 1.574707031250000000e-01 1.048339843750000000e+00
1.137695312500000000e-01 1.684570312500000000e-01 9.853515625000000000e-01
1.799316406250000000e-01 1.862792968750000000e-01 1.084472656250000000e+00
2.702636718750000000e-01 1.826171875000000000e-01 1.125244140625000000e+00
2.670898437500000000e-01 1.804199218750000000e-01 1.083496093750000000e+00
2.570800781250000000e-01 2.687988281250000000e-01 1.078857421875000000e+00
2.739257812500000000e-01 2.570800781250000000e-01 9.978027343750000000e-01
2.343750000000000000e-01 1.718750000000000000e-01 1.063964843750000000e+00
2.651367187500000000e-01 1.665039062500000000e-01 1.083496093750000000e+00
1.672363281250000000e-01 1.677246093750000000e-01 1.091796875000000000e+00
1.672363281250000000e-01 1.684570312500000000e-01 1.070068359375000000e+00
2.553710937500000000e-01 1.799316406250000000e-01 1.090332031250000000e+00
1.728515625000000000e-01 1.850585937500000000e-01 1.040527343750000000e+00
1.806640625000000000e-01 1.867675781250000000e-01 1.076660156250000000e+00
2.727050781250000000e-01 1.701660156250000000e-01 9.938964843750000000e-01
2.548828125000000000e-01 1.796875000000000000e-01 1.093750000000000000e+00
2.561035156250000000e-01 1.762695312500000000e-01 1.077392578125000000e+00
2.666015625000000000e-01 1.682128906250000000e-01 1.085693359375000000e+00
2.543945312500000000e-01 1.704101562500000000e-01 1.080810546875000000e+00
2.590332031250000000e-01 1.745605468750000000e-01 1.087402343750000000e+00
2.639160156250000000e-01 1.811523437500000000e-01 1.089599609375000000e+00
2.636718750000000000e-01 1.789550781250000000e-01 1.078613281250000000e+00
2.597656250000000000e-01 1.726074218750000000e-01 1.086181640625000000e+00
2.575683593750000000e-01 1.606445312500000000e-01 1.086425781250000000e+00
1.870117187500000000e-01 1.713867187500000000e-01 1.088378906250000000e+00
2.736816406250000000e-01 1.667480468750000000e-01 1.077880859375000000e+00
2.724609375000000000e-01 1.721191406250000000e-01 1.075439453125000000e+00
2.690429687500000000e-01 1.674804687500000000e-01 1.084960937500000000e+00
2.604980468750000000e-01 1.706542968750000000e-01 1.082763671875000000e+00
2.666015625000000000e-01 1.691894531250000000e-01 1.073974609375000000e+00
2.531738281250000000e-01 1.691894531250000000e-01 1.077636718750000000e+00
2.614746093750000000e-01 1.696777343750000000e-01 1.085449218750000000e+00
2.521972656250000000e-01 1.630859375000000000e-01 1.087158203125000000e+00
1.850585937500000000e-01 1.674804687500000000e-01 1.091064453125000000e+00
1.835937500000000000e-01 1.594238281250000000e-01 1.080810546875000000e+00
1.850585937500000000e-01 1.574707031250000000e-01 1.088623046875000000e+00
2.563476562500000000e-01 2.145996093750000000e-01 1.031982421875000000e+00
1.799316406250000000e-01 2.158203125000000000e-01 1.089843750000000000e+00
1.774902343750000000e-01 2.170410156250000000e-01 1.031982421875000000e+00
2.570800781250000000e-01 1.650390625000000000e-01 1.086425781250000000e+00
1.850585937500000000e-01 2.141113281250000000e-01 1.032470703125000000e+00
2.531738281250000000e-01 2.097167968750000000e-01 1.086425781250000000e+00
2.634277343750000000e-01 2.160644531250000000e-01 1.075439453125000000e+00
2.595214843750000000e-01 2.182617187500000000e-01 1.087402343750000000e+00
2.585449218750000000e-01 1.586914062500000000e-01 1.080322265625000000e+00
2.570800781250000000e-01 1.608886718750000000e-01 1.078857421875000000e+00
2.521972656250000000e-01 2.141113281250000000e-01 1.089843750000000000e+00
1.835937500000000000e-01 2.155761718750000000e-01 1.031494140625000000e+00
2.514648437500000000e-01 1.584472656250000000e-01 1.082519531250000000e+00
2.680664062500000000e-01 2.150878906250000000e-01 1.083496093750000000e+00
2.556152343750000000e-01 2.158203125000000000e-01 1.079101562500000000e+00
2.519531250000000000e-01 2.148437500000000000e-01 1.091064453125000000e+00
2.502441406250000000e-01 2.131347656250000000e-01 1.091064453125000000e+00
2.539062500000000000e-01 2.133789062500000000e-01 1.084960937500000000e+00
2.514648437500000000e-01 2.128906250000000000e-01 1.087158203125000000e+00
2.595214843750000000e-01 2.119140625000000000e-01 1.086181640625000000e+00
1.872558593750000000e-01 2.133789062500000000e-01 1.076660156250000000e+00
1.816406250000000000e-01 2.058105468750000000e-01 1.091064453125000000e+00
1.721191406250000000e-01 2.087402343750000000e-01 1.088867187500000000e+00
1.665039062500000000e-01 2.092285156250000000e-01 1.088867187500000000e+00
1.604003906250000000e-01 2.080078125000000000e-01 1.036376953125000000e+00
1.611328125000000000e-01 2.072753906250000000e-01 1.037597656250000000e+00
2.187500000000000000e-01 2.084960937500000000e-01 1.092285156250000000e+00
2.116699218750000000e-01 2.062988281250000000e-01 1.036621093750000000e+00
2.109375000000000000e-01 2.023925781250000000e-01 1.041992187500000000e+00
2.084960937500000000e-01 2.060546875000000000e-01 1.037109375000000000e+00
2.026367187500000000e-01 2.033691406250000000e-01 1.039550781250000000e+00
2.080078125000000000e-01 2.070312500000000000e-01 1.035888671875000000e+00
2.094726562500000000e-01 2.028808593750000000e-01 1.045410156250000000e+00
2.099609375000000000e-01 2.038574218750000000e-01 1.039794921875000000e+00
1.960449218750000000e-01 1.999511718750000000e-01 1.032470703125000000e+00
1.938476562500000000e-01 2.014160156250000000e-01 1.038330078125000000e+00
1.987304687500000000e-01 2.014160156250000000e-01 1.038330078125000000e+00
1.984863281250000000e-01 2.016601562500000000e-01 1.044921875000000000e+00
1.936035156250000000e-01 2.006835937500000000e-01 1.038574218750000000e+00
2.036132812500000000e-01 1.979980468750000000e-01 1.036865234375000000e+00
1.940917968750000000e-01 1.967773437500000000e-01 1.040527343750000000e+00
1.992187500000000000e-01 1.965332031250000000e-01 1.038574218750000000e+00
1.879882812500000000e-01 1.967773437500000000e-01 1.039794921875000000e+00
1.948242187500000000e-01 2.011718750000000000e-01 1.040527343750000000e+00
1.975097656250000000e-01 2.019042968750000000e-01 1.040771484375000000e+00
1.970214843750000000e-01 1.987304687500000000e-01 1.039062500000000000e+00
1.918945312500000000e-01 1.999511718750000000e-01 1.037841796875000000e+00
1.965332031250000000e-01 2.048339843750000000e-01 1.043701171875000000e+00
1.962890625000000000e-01 1.962890625000000000e-01 1.040527343750000000e+00
2.009277343750000000e-01 2.006835937500000000e-01 1.042236328125000000e+00
2.043457031250000000e-01 2.019042968750000000e-01 1.045410156250000000e+00
2.043457031250000000e-01 2.011718750000000000e-01 1.036621093750000000e+00
2.021484375000000000e-01 2.038574218750000000e-01 1.037353515625000000e+00
1.608886718750000000e-01 2.009277343750000000e-01 1.043212890625000000e+00
1.596679687500000000e-01 2.043457031250000000e-01 1.032714843750000000e+00
1.567382812500000000e-01 2.028808593750000000e-01 1.037109375000000000e+00
1.579589843750000000e-01 2.055664062500000000e-01 1.033447265625000000e+00
1.645507812500000000e-01 2.016601562500000000e-01 1.033447265625000000e+00
1.640625000000000000e-01 2.021484375000000000e-01 1.036621093750000000e+00
1.782226562500000000e-01 2.001953125000000000e-01 1.033203125000000000e+00
1.848144531250000000e-01 1.958007812500000000e-01 1.080566406250000000e+00
1.682128906250000000e-01 1.970214843750000000e-01 1.092773437500000000e+00
1.728515625000000000e-01 2.175292968750000000e-01 1.036865234375000000e+00
2.062988281250000000e-01 2.138671875000000000e-01 1.091064453125000000e+00
1.850585937500000000e-01 2.058105468750000000e-01 1.034912109375000000e+00
1.794433593750000000e-01 1.967773437500000000e-01 1.033447265625000000e+00
1.708984375000000000e-01 1.977539062500000000e-01 1.032470703125000000e+00
1.687011718750000000e-01 2.043457031250000000e-01 1.086669921875000000e+00
2.131347656250000000e-01 2.094726562500000000e-01 1.035888671875000000e+00
1.606445312500000000e-01 2.163085937500000000e-01 1.036621093750000000e+00
1.682128906250000000e-01 2.150878906250000000e-01 1.034423828125000000e+00
1.684570312500000000e-01 2.102050781250000000e-01 1.093261718750000000e+00
1.691894531250000000e-01 2.038574218750000000e-01 1.033935546875000000e+00
1.716308593750000000e-01 2.031250000000000000e-01 1.086914062500000000e+00
1.762695312500000000e-01 2.006835937500000000e-01 1.092285156250000000e+00
2.177734375000000000e-01 2.106933593750000000e-01 1.035888671875000000e+00
2.180175781250000000e-01 2.128906250000000000e-01 1.032958984375000000e+00
1.625976562500000000e-01 2.080078125000000000e-01 1.032470703125000000e+00
1.660156250000000000e-01 2.067871093750000000e-01 1.033691406250000000e+00
1.601562500000000000e-01 2.009277343750000000e-01 1.048583984375000000e+00
1.596679687500000000e-01 1.987304687500000000e-01 1.049072265625000000e+00
1.818847656250000000e-01 2.102050781250000000e-01 1.066894531250000000e+00
