9.848632812500000000e-01 -1.464843750000000000e-01 1.171875000000000000e-02
9.897460937500000000e-01 -1.450195312500000000e-01 1.977539062500000000e-02
9.890136718750000000e-01 -1.437988281250000000e-01 1.074218750000000000e-02
9.885253906250000000e-01 -1.418457031250000000e-01 7.812500000000000000e-03
9.885253906250000000e-01 -1.418457031250000000e-01 7.812500000000000000e-03
9.885253906250000000e-01 -1.418457031250000000e-01 7.812500000000000000e-03
9.846191406250000000e-01 -1.423339843750000000e-01 2.343750000000000000e-02
9.868164062500000000e-01 -1.538085937500000000e-01 1.220703125000000000e-03
9.836425781250000000e-01 -1.462402343750000000e-01 1.367187500000000000e-02
9.809570312500000000e-01 -9.716796875000000000e-02 8.300781250000000000e-03
9.885253906250000000e-01 -1.437988281250000000e-01 7.080078125000000000e-03
9.897460937500000000e-01 -1.513671875000000000e-01 5.859375000000000000e-03
9.904785156250000000e-01 -1.394042968750000000e-01 1.000976562500000000e-02
9.870605468750000000e-01 -1.418457031250000000e-01 8.544921875000000000e-03
9.902343750000000000e-01 -1.435546875000000000e-01 4.638671875000000000e-03
9.880371093750000000e-01 -1.433105468750000000e-01 -6.250000000000000000e-02
9.863281250000000000e-01 -1.491699218750000000e-01 1.147460937500000000e-02
9.853515625000000000e-01 -1.491699218750000000e-01 9.277343750000000000e-03
1.064208984375000000e+00 -1.518554687500000000e-01 -7.202148437500000000e-02
9.924316406250000000e-01 -6.225585937500000000e-02 -7.958984375000000000e-02
9.858398437500000000e-01 -1.396484375000000000e-01 -8.813476562500000000e-02
9.963378906250000000e-01 -1.381835937500000000e-01 -6.542968750000000000e-02
9.963378906250000000e-01 -1.381835937500000000e-01 -6.542968750000000000e-02
9.892578125000000000e-01 -1.445312500000000000e-01 -7.739257812500000000e-02
9.895019531250000000e-01 -1.013183593750000000e-01 3.417968750000000000e-03
9.785156250000000000e-01 -1.430664062500000000e-01 2.954101562500000000e-02
9.934082031250000000e-01 -6.127929687500000000e-02 2.661132812500000000e-02
1.000000000000000000e+00 -1.301269531250000000e-01 -2.172851562500000000e-02
9.992675781250000000e-01 -1.240234375000000000e-01 -1.855468750000000000e-02
1.030517578125000000e+00 -2.148437500000000000e-01 7.934570312500000000e-02
1.022216796875000000e+00 -2.119140625000000000e-01 9.790039062500000000e-02
1.029785156250000000e+00 -9.863281250000000000e-02 1.125488281250000000e-01
9.768066406250000000e-01 -1.101074218750000000e-01 9.497070312500000000e-02
1.037841796875000000e+00 -1.210937500000000000e-01 1.496582031250000000e-01
9.812011718750000000e-01 -1.945800781250000000e-01 1.306152343750000000e-01
9.367675781250000000e-01 -2.561035156250000000e-01 1.374511718750000000e-01
1.000488281250000000e+00 -2.058105468750000000e-01 4.736328125000000000e-02
9.287109375000000000e-01 -1.979980468750000000e-01 -1.782226562500000000e-02
9.096679687500000000e-01 -1.071777343750000000e-01 -3.930664062500000000e-02
1.135498046875000000e+00 -1.025390625000000000e-01 -1.315917968750000000e-01
1.558593750000000000e+00 -1.464843750000000000e-02 8.471679687500000000e-02
8.671875000000000000e-01 -1.335449218750000000e-01 1.423339843750000000e-01
9.226074218750000000e-01 -2.036132812500000000e-01 2.275390625000000000e-01
1.057373046875000000e+00 -1.491699218750000000e-01 2.163085937500000000e-01
8.696289062500000000e-01 -1.193847656250000000e-01 1.147460937500000000e-01
1.066406250000000000e+00 -1.372070312500000000e-01 4.370117187500000000e-02
9.975585937500000000e-01 -3.076171875000000000e-02 -2.148437500000000000e-02
1.068359375000000000e+00 -1.450195312500000000e-01 -1.391601562500000000e-02
8.686523437500000000e-01 1.684570312500000000e-02 -1.166992187500000000e-01
8.686523437500000000e-01 1.684570312500000000e-02 -1.166992187500000000e-01
1.011718750000000000e+00 -1.052246093750000000e-01 -2.995605468750000000e-01
9.248046875000000000e-01 -4.685058593750000000e-01 2.636718750000000000e-02
1.096191406250000000e+00 3.361816406250000000e-01 9.497070312500000000e-02
7.790527343750000000e-01 -8.276367187500000000e-02 -7.666015625000000000e-02
3.776855468750000000e-01 -3.767089843750000000e-01 -2.026367187500000000e-01
4.975585937500000000e-01 -2.539062500000000000e-01 -1.726074218750000000e-01
6.877441406250000000e-01 7.250976562500000000e-02 -2.048339843750000000e-01
5.747070312500000000e-01 -3.515625000000000000e-02 5.400390625000000000e-01
9.001464843750000000e-01 -2.219238281250000000e-01 3.303222656250000000e-01
3.688964843750000000e-01 -5.935058593750000000e-01 2.980957031250000000e-01
1.025146484375000000e+00 4.565429687500000000e-02 5.446777343750000000e-01
8.925781250000000000e-01 -1.506347656250000000e-01 6.035156250000000000e-01
1.866455078125000000e+00 -3.491210937500000000e-01 1.207031250000000000e+00
1.715332031250000000e+00 -8.339843750000000000e-01 8.581542968750000000e-01
3.286132812500000000e-01 -8.356933593750000000e-01 3.444824218750000000e-01
8.339843750000000000e-01 8.300781250000000000e-03 7.756347656250000000e-01
-7.270507812500000000e-01 -1.259765625000000000e-01 7.424316406250000000e-01
-9.594726562500000000e-02 -2.707519531250000000e-01 1.429931640625000000e+00
-9.438476562500000000e-01 6.079101562500000000e-02 7.856445312500000000e-01
-7.495117187500000000e-01 -7.641601562500000000e-01 5.805664062500000000e-01
-3.229980468750000000e-01 -1.367187500000000000e-01 3.664550781250000000e-01
-3.229980468750000000e-01 -1.367187500000000000e-01 3.664550781250000000e-01
-3.918457031250000000e-01 -4.506835937500000000e-01 6.909179687500000000e-01
-3.918457031250000000e-01 -4.506835937500000000e-01 6.909179687500000000e-01
-4.641113281250000000e-01 -5.715332031250000000e-01 1.378417968750000000e+00
-8.105468750000000000e-02 -4.470214843750000000e-01 1.274902343750000000e+00
-8.105468750000000000e-02 -4.470214843750000000e-01 1.274902343750000000e+00
-6.591796875000000000e-03 -3.867187500000000000e-01 1.340576171875000000e+00
-4.589843750000000000e-02 -3.752441406250000000e-01 9.675292968750000000e-01
3.911132812500000000e-01 -1.989746093750000000e-01 1.103759765625000000e+00
3.911132812500000000e-01 -1.989746093750000000e-01 1.103759765625000000e+00
8.032226562500000000e-02 0.000000000000000000e+00 1.273437500000000000e+00
8.032226562500000000e-02 0.000000000000000000e+00 1.273437500000000000e+00
-1.066894531250000000e-01 -4.150390625000000000e-02 1.080322265625000000e+00
-1.098632812500000000e-01 -1.953125000000000000e-01 9.516601562500000000e-01
-1.237792968750000000e-01 -2.951660156250000000e-01 1.152832031250000000e+00
-1.806640625000000000e-01 -3.872070312500000000e-01 1.146240234375000000e+00
-1.601562500000000000e-01 -3.266601562500000000e-01 9.975585937500000000e-01
-1.369628906250000000e-01 -1.752929687500000000e-01 1.043701171875000000e+00
-1.369628906250000000e-01 -1.752929687500000000e-01 1.043701171875000000e+00
-1.457519531250000000e-01 -1.779785156250000000e-01 1.046630859375000000e+00
-1.525878906250000000e-01 -1.840820312500000000e-01 1.036621093750000000e+00
-1.525878906250000000e-01 -1.840820312500000000e-01 1.036621093750000000e+00
-9.423828125000000000e-02 -2.651367187500000000e-01 1.038330078125000000e+00
-9.692382812500000000e-02 -2.734375000000000000e-01 1.038574218750000000e+00
-9.692382812500000000e-02 -2.734375000000000000e-01 1.038574218750000000e+00
-1.037597656250000000e-01 -2.634277343750000000e-01 1.089843750000000000e+00
-1.037597656250000000e-01 -2.634277343750000000e-01 1.089843750000000000e+00
-9.375000000000000000e-02 -2.568359375000000000e-01 1.090087890625000000e+00
-9.375000000000000000e-02 -2.568359375000000000e-01 1.090087890625000000e+00
-1.484375000000000000e-01 -2.553710937500000000e-01 1.091552734375000000e+00
-1.508789062500000000e-01 -2.507324218750000000e-01 1.043457031250000000e+00
-1.513671875000000000e-01 -2.553710937500000000e-01 1.035888671875000000e+00
-1.513671875000000000e-01 -2.553710937500000000e-01 1.035888671875000000e+00
-6.176757812500000000e-02 -2.775878906250000000e-01 1.086425781250000000e+00
-9.423828125000000000e-02 -2.695312500000000000e-01 1.088134765625000000e+00
-9.912109375000000000e-02 -2.658691406250000000e-01 1.091308593750000000e+00
-1.135253906250000000e-01 -2.531738281250000000e-01 1.034667968750000000e+00
-9.497070312500000000e-02 -2.592773437500000000e-01 1.039306640625000000e+00
-1.027832031250000000e-01 -2.573242187500000000e-01 1.037109375000000000e+00
-1.015625000000000000e-01 -2.553710937500000000e-01 1.035156250000000000e+00
-1.015625000000000000e-01 -2.553710937500000000e-01 1.035156250000000000e+00
-1.049804687500000000e-01 -2.565917968750000000e-01 1.035156250000000000e+00
-9.936523437500000000e-02 -2.565917968750000000e-01 1.037841796875000000e+00
-9.912109375000000000e-02 -2.553710937500000000e-01 1.037841796875000000e+00
-1.018066406250000000e-01 -2.573242187500000000e-01 1.032470703125000000e+00
-1.501464843750000000e-01 -2.543945312500000000e-01 1.042236328125000000e+00
-1.491699218750000000e-01 -2.565917968750000000e-01 1.089355468750000000e+00
-1.545410156250000000e-01 -2.504882812500000000e-01 1.033203125000000000e+00
-1.560058593750000000e-01 -2.526855468750000000e-01 1.034667968750000000e+00
-1.545410156250000000e-01 -2.546386718750000000e-01 1.032958984375000000e+00
-1.523437500000000000e-01 -2.504882812500000000e-01 1.092285156250000000e+00
-1.474609375000000000e-01 -1.872558593750000000e-01 1.031982421875000000e+00
-1.477050781250000000e-01 -2.546386718750000000e-01 1.032470703125000000e+00
-1.508789062500000000e-01 -2.517089843750000000e-01 1.034423828125000000e+00
-1.530761718750000000e-01 -2.524414062500000000e-01 1.036132812500000000e+00
-9.448242187500000000e-02 -2.541503906250000000e-01 1.037109375000000000e+00
-9.765625000000000000e-02 -2.517089843750000000e-01 1.033203125000000000e+00
-9.643554687500000000e-02 -2.561035156250000000e-01 1.092773437500000000e+00
-9.472656250000000000e-02 -2.546386718750000000e-01 1.035400390625000000e+00
-9.472656250000000000e-02 -2.546386718750000000e-01 1.035400390625000000e+00
-9.765625000000000000e-02 -2.556152343750000000e-01 1.040039062500000000e+00
-9.472656250000000000e-02 -2.541503906250000000e-01 1.038574218750000000e+00
-9.448242187500000000e-02 -2.539062500000000000e-01 1.091308593750000000e+00
-9.960937500000000000e-02 -2.583007812500000000e-01 1.033691406250000000e+00
-9.643554687500000000e-02 -2.563476562500000000e-01 1.034179687500000000e+00
-9.716796875000000000e-02 -2.524414062500000000e-01 1.093017578125000000e+00
-9.838867187500000000e-02 -2.536621093750000000e-01 1.090332031250000000e+00
-9.521484375000000000e-02 -2.585449218750000000e-01 1.089111328125000000e+00
-9.521484375000000000e-02 -2.585449218750000000e-01 1.089111328125000000e+00
-9.790039062500000000e-02 -2.548828125000000000e-01 1.034179687500000000e+00
-9.716796875000000000e-02 -2.590332031250000000e-01 1.034179687500000000e+00
-9.619140625000000000e-02 -2.590332031250000000e-01 1.039062500000000000e+00
-9.448242187500000000e-02 -2.524414062500000000e-01 1.036376953125000000e+00
-9.375000000000000000e-02 -2.553710937500000000e-01 1.038085937500000000e+00
-9.594726562500000000e-02 -2.561035156250000000e-01 1.032958984375000000e+00
-9.399414062500000000e-02 -2.529296875000000000e-01 1.038330078125000000e+00
-9.521484375000000000e-02 -2.524414062500000000e-01 1.038085937500000000e+00
-1.513671875000000000e-01 -2.543945312500000000e-01 1.035156250000000000e+00
-1.494140625000000000e-01 -2.556152343750000000e-01 1.035400390625000000e+00
-1.545410156250000000e-01 -2.539062500000000000e-01 1.032958984375000000e+00
-1.462402343750000000e-01 -1.838378906250000000e-01 1.091796875000000000e+00
-1.462402343750000000e-01 -1.838378906250000000e-01 1.091796875000000000e+00
-9.375000000000000000e-02 -1.848144531250000000e-01 1.042236328125000000e+00
-1.418457031250000000e-01 -2.670898437500000000e-01 1.038818359375000000e+00
-1.408691406250000000e-01 -1.855468750000000000e-01 1.092285156250000000e+00
-1.542968750000000000e-01 -2.507324218750000000e-01 1.037597656250000000e+00
-1.523437500000000000e-01 -2.502441406250000000e-01 1.034667968750000000e+00
-1.508789062500000000e-01 -1.872558593750000000e-01 1.085449218750000000e+00
-1.530761718750000000e-01 -2.514648437500000000e-01 1.037597656250000000e+00
-1.516113281250000000e-01 -2.585449218750000000e-01 1.033935546875000000e+00
-1.523437500000000000e-01 -2.531738281250000000e-01 1.038330078125000000e+00
-1.535644531250000000e-01 -2.546386718750000000e-01 1.088623046875000000e+00
-1.545410156250000000e-01 -1.870117187500000000e-01 1.039794921875000000e+00
-9.399414062500000000e-02 -2.592773437500000000e-01 1.034423828125000000e+00
-9.643554687500000000e-02 -2.578125000000000000e-01 1.035400390625000000e+00
-9.765625000000000000e-02 -2.563476562500000000e-01 1.093261718750000000e+00
-9.790039062500000000e-02 -2.539062500000000000e-01 1.035156250000000000e+00
-9.814453125000000000e-02 -2.531738281250000000e-01 1.033447265625000000e+00
-9.448242187500000000e-02 -2.553710937500000000e-01 1.035400390625000000e+00
-1.013183593750000000e-01 -2.546386718750000000e-01 1.033935546875000000e+00
-9.619140625000000000e-02 -2.531738281250000000e-01 1.038574218750000000e+00
-9.814453125000000000e-02 -2.548828125000000000e-01 1.033935546875000000e+00
-1.000976562500000000e-01 -2.556152343750000000e-01 1.038574218750000000e+00
-9.448242187500000000e-02 -2.521972656250000000e-01 1.033935546875000000e+00
-9.643554687500000000e-02 -2.583007812500000000e-01 1.092041015625000000e+00
-9.497070312500000000e-02 -2.517089843750000000e-01 1.035644531250000000e+00
-1.010742187500000000e-01 -1.875000000000000000e-01 1.043701171875000000e+00
-1.052246093750000000e-01 -2.573242187500000000e-01 1.035888671875000000e+00
-1.052246093750000000e-01 -2.573242187500000000e-01 1.035888671875000000e+00
-1.049804687500000000e-01 -2.575683593750000000e-01 1.091308593750000000e+00
-9.716796875000000000e-02 -2.556152343750000000e-01 1.087158203125000000e+00
-9.643554687500000000e-02 -2.529296875000000000e-01 1.037353515625000000e+00
-9.814453125000000000e-02 -2.521972656250000000e-01 1.034423828125000000e+00
-1.044921875000000000e-01 -2.526855468750000000e-01 1.032958984375000000e+00
-1.000976562500000000e-01 -2.539062500000000000e-01 1.034179687500000000e+00
-1.008300781250000000e-01 -2.529296875000000000e-01 1.035156250000000000e+00
-1.008300781250000000e-01 -2.529296875000000000e-01 1.035156250000000000e+00
-9.741210937500000000e-02 -1.867675781250000000e-01 1.033935546875000000e+00
-9.936523437500000000e-02 -2.561035156250000000e-01 1.035156250000000000e+00
-9.838867187500000000e-02 -2.521972656250000000e-01 1.035888671875000000e+00
-9.692382812500000000e-02 -2.524414062500000000e-01 1.032958984375000000e+00
-9.545898437500000000e-02 -2.536621093750000000e-01 1.036621093750000000e+00
-9.448242187500000000e-02 -2.504882812500000000e-01 1.037353515625000000e+00
-1.010742187500000000e-01 -2.531738281250000000e-01 1.032470703125000000e+00
-1.538085937500000000e-01 -1.848144531250000000e-01 1.039306640625000000e+00
-1.560058593750000000e-01 -1.865234375000000000e-01 1.036132812500000000e+00
-9.912109375000000000e-02 -2.546386718750000000e-01 1.034179687500000000e+00
-9.716796875000000000e-02 -2.509765625000000000e-01 1.089355468750000000e+00
-1.523437500000000000e-01 -1.872558593750000000e-01 1.037841796875000000e+00
