1.002197265625000000e+00 -9.057617187500000000e-02 -3.364257812500000000e-01
9.294433593750000000e-01 -8.032226562500000000e-02 -3.417968750000000000e-01
9.294433593750000000e-01 -8.032226562500000000e-02 -3.417968750000000000e-01
9.294433593750000000e-01 -8.032226562500000000e-02 -3.417968750000000000e-01
9.187011718750000000e-01 -7.373046875000000000e-02 -3.249511718750000000e-01
9.206542968750000000e-01 -7.055664062500000000e-02 -3.359375000000000000e-01
9.221191406250000000e-01 -7.104492187500000000e-02 -2.897949218750000000e-01
9.509277343750000000e-01 1.220703125000000000e-03 -3.767089843750000000e-01
9.572753906250000000e-01 4.638671875000000000e-03 -3.325195312500000000e-01
9.113769531250000000e-01 -8.837890625000000000e-02 -3.222656250000000000e-01
1.016357421875000000e+00 -4.028320312500000000e-02 -3.210449218750000000e-01
9.218750000000000000e-01 -7.373046875000000000e-02 -3.422851562500000000e-01
9.611816406250000000e-01 -7.446289062500000000e-02 -2.902832031250000000e-01
9.687500000000000000e-01 -7.958984375000000000e-02 -2.832031250000000000e-01
9.118652343750000000e-01 -6.884765625000000000e-02 -3.266601562500000000e-01
9.125976562500000000e-01 -6.811523437500000000e-02 -2.294921875000000000e-01
9.201660156250000000e-01 -6.787109375000000000e-02 -2.326660156250000000e-01
9.213867187500000000e-01 -6.542968750000000000e-02 -2.441406250000000000e-01
9.335937500000000000e-01 -6.323242187500000000e-02 -2.385253906250000000e-01
9.279785156250000000e-01 9.765625000000000000e-04 -2.304687500000000000e-01
9.353027343750000000e-01 6.591796875000000000e-03 -2.741699218750000000e-01
1.001708984375000000e+00 1.660156250000000000e-02 -2.268066406250000000e-01
1.008056640625000000e+00 3.906250000000000000e-03 -2.243652343750000000e-01
1.010009765625000000e+00 -7.446289062500000000e-02 -2.299804687500000000e-01
1.015869140625000000e+00 -7.373046875000000000e-02 -2.280273437500000000e-01
1.004394531250000000e+00 -6.445312500000000000e-02 -2.680664062500000000e-01
1.016601562500000000e+00 -7.470703125000000000e-02 -2.783203125000000000e-01
1.013427734375000000e+00 -8.569335937500000000e-02 -2.778320312500000000e-01
1.021240234375000000e+00 -3.222656250000000000e-02 -2.209472656250000000e-01
1.009765625000000000e+00 -7.055664062500000000e-02 -2.758789062500000000e-01
1.008300781250000000e+00 4.882812500000000000e-04 -2.578125000000000000e-01
1.010742187500000000e+00 1.196289062500000000e-02 -2.539062500000000000e-01
1.021728515625000000e+00 2.148437500000000000e-02 -2.700195312500000000e-01
1.002197265625000000e+00 -3.076171875000000000e-02 -2.277832031250000000e-01
1.014892578125000000e+00 1.171875000000000000e-02 -2.536621093750000000e-01
8.703613281250000000e-01 1.220703125000000000e-03 -3.232421875000000000e-01
8.747558593750000000e-01 -6.567382812500000000e-02 -2.922363281250000000e-01
8.623046875000000000e-01 -3.002929687500000000e-02 -3.767089843750000000e-01
7.524414062500000000e-01 2.539062500000000000e-02 -3.046875000000000000e-01
6.208496093750000000e-01 -8.398437500000000000e-02 -3.505859375000000000e-01
6.032714843750000000e-01 -7.543945312500000000e-02 -3.410644531250000000e-01
5.937500000000000000e-01 -5.078125000000000000e-02 -4.355468750000000000e-01
3.708496093750000000e-01 -2.587890625000000000e-02 -3.229980468750000000e-01
2.238769531250000000e-01 -2.636718750000000000e-02 -1.635742187500000000e-02
2.221679687500000000e-01 -2.734375000000000000e-02 -2.275390625000000000e-01
6.350097656250000000e-01 -1.049804687500000000e-01 -1.713867187500000000e-01
8.391113281250000000e-01 4.956054687500000000e-02 -3.574218750000000000e-01
7.939453125000000000e-01 1.455078125000000000e-01 -2.824707031250000000e-01
8.110351562500000000e-01 -1.806640625000000000e-02 -2.644042968750000000e-01
2.502685546875000000e+00 3.063964843750000000e-01 -9.765625000000000000e-04
3.408203125000000000e+00 4.389648437500000000e-01 -1.056396484375000000e+00
1.806152343750000000e+00 2.441406250000000000e-04 -3.566894531250000000e-01
2.446289062500000000e-01 6.960449218750000000e-01 4.270019531250000000e-01
4.655761718750000000e-01 3.410644531250000000e-01 8.950195312500000000e-01
-4.184570312500000000e-01 6.164550781250000000e-01 1.294189453125000000e+00
-6.921386718750000000e-01 6.691894531250000000e-01 1.240478515625000000e+00
9.033203125000000000e-02 3.786621093750000000e-01 9.511718750000000000e-01
1.308593750000000000e-01 5.712890625000000000e-01 6.005859375000000000e-01
2.199707031250000000e-01 3.991699218750000000e-01 6.508789062500000000e-01
2.102050781250000000e-01 2.883300781250000000e-01 1.104248046875000000e+00
3.637695312500000000e-02 3.979492187500000000e-01 9.724121093750000000e-01
1.225585937500000000e-01 3.583984375000000000e-01 1.169677734375000000e+00
4.101562500000000000e-02 3.598632812500000000e-01 1.119873046875000000e+00
3.027343750000000000e-01 2.983398437500000000e-01 1.173095703125000000e+00
1.542968750000000000e-01 1.660156250000000000e-01 9.162597656250000000e-01
-1.928710937500000000e-02 1.728515625000000000e-01 9.226074218750000000e-01
9.057617187500000000e-02 3.774414062500000000e-01 9.418945312500000000e-01
1.398925781250000000e-01 4.531250000000000000e-01 9.697265625000000000e-01
5.664062500000000000e-02 3.481445312500000000e-01 9.897460937500000000e-01
2.114257812500000000e-01 3.891601562500000000e-01 9.914550781250000000e-01
2.333984375000000000e-01 3.537597656250000000e-01 1.045166015625000000e+00
1.713867187500000000e-01 3.847656250000000000e-01 9.643554687500000000e-01
2.038574218750000000e-01 2.929687500000000000e-01 1.027587890625000000e+00
1.813964843750000000e-01 4.055175781250000000e-01 9.394531250000000000e-01
2.106933593750000000e-01 4.038085937500000000e-01 9.575195312500000000e-01
2.583007812500000000e-01 4.519042968750000000e-01 9.125976562500000000e-01
4.433593750000000000e-01 4.785156250000000000e-01 1.027099609375000000e+00
3.364257812500000000e-01 3.894042968750000000e-01 9.294433593750000000e-01
1.489257812500000000e-01 5.832519531250000000e-01 8.732910156250000000e-01
2.145996093750000000e-01 6.611328125000000000e-01 9.062500000000000000e-01
3.439941406250000000e-01 1.127929687500000000e+00 9.306640625000000000e-01
1.510253906250000000e+00 -3.190917968750000000e-01 1.069580078125000000e+00
6.948242187500000000e-01 -7.324218750000000000e-04 5.942382812500000000e-01
5.312500000000000000e-01 -1.047363281250000000e-01 7.695312500000000000e-01
3.225097656250000000e-01 -7.324218750000000000e-02 1.002685546875000000e+00
3.942871093750000000e-01 5.615234375000000000e-02 1.086914062500000000e+00
1.635742187500000000e-01 1.982421875000000000e-01 1.042236328125000000e+00
1.918945312500000000e-01 1.320800781250000000e-01 1.034912109375000000e+00
1.257324218750000000e-01 2.653808593750000000e-01 1.126220703125000000e+00
-1.494140625000000000e-01 3.437500000000000000e-01 1.091552734375000000e+00
-3.662109375000000000e-03 4.409179687500000000e-01 1.203613281250000000e+00
3.103027343750000000e-01 2.841796875000000000e-01 1.018066406250000000e+00
2.343750000000000000e-01 1.220703125000000000e-01 1.012207031250000000e+00
3.142089843750000000e-01 2.106933593750000000e-01 1.063720703125000000e+00
2.902832031250000000e-01 1.589355468750000000e-01 1.088134765625000000e+00
3.288574218750000000e-01 1.342773437500000000e-01 1.054443359375000000e+00
2.749023437500000000e-01 9.228515625000000000e-02 1.083007812500000000e+00
2.094726562500000000e-01 3.710937500000000000e-02 9.960937500000000000e-01
4.418945312500000000e-02 5.786132812500000000e-02 1.052001953125000000e+00
9.179687500000000000e-02 1.193847656250000000e-01 1.104980468750000000e+00
6.030273437500000000e-02 2.153320312500000000e-01 1.142578125000000000e+00
1.411132812500000000e-01 1.689453125000000000e-01 1.092041015625000000e+00
5.908203125000000000e-02 1.577148437500000000e-01 1.091308593750000000e+00
1.535644531250000000e-01 2.021484375000000000e-01 1.047119140625000000e+00
1.105957031250000000e-01 1.105957031250000000e-01 1.133300781250000000e+00
1.447753906250000000e-01 1.450195312500000000e-01 1.048828125000000000e+00
1.293945312500000000e-01 1.372070312500000000e-01 1.046875000000000000e+00
1.369628906250000000e-01 1.452636718750000000e-01 1.043701171875000000e+00
1.459960937500000000e-01 1.066894531250000000e-01 1.049804687500000000e+00
5.957031250000000000e-02 1.127929687500000000e-01 1.062011718750000000e+00
1.035156250000000000e-01 2.038574218750000000e-01 1.129150390625000000e+00
1.484375000000000000e-01 2.019042968750000000e-01 1.199218750000000000e+00
1.350097656250000000e-01 2.043457031250000000e-01 1.053222656250000000e+00
1.955566406250000000e-01 1.557617187500000000e-01 1.035644531250000000e+00
1.577148437500000000e-01 1.535644531250000000e-01 1.031738281250000000e+00
2.553710937500000000e-01 1.030273437500000000e-01 1.057617187500000000e+00
1.730957031250000000e-01 1.101074218750000000e-01 1.056640625000000000e+00
1.982421875000000000e-01 1.298828125000000000e-01 1.058837890625000000e+00
-6.958007812500000000e-02 1.560058593750000000e-01 1.127929687500000000e+00
1.193847656250000000e-01 1.408691406250000000e-01 1.130126953125000000e+00
1.938476562500000000e-01 9.667968750000000000e-02 1.093750000000000000e+00
1.989746093750000000e-01 1.179199218750000000e-01 1.126708984375000000e+00
2.141113281250000000e-01 9.594726562500000000e-02 1.059814453125000000e+00
1.608886718750000000e-01 1.137695312500000000e-01 1.091064453125000000e+00
1.711425781250000000e-01 1.145019531250000000e-01 1.036132812500000000e+00
2.170410156250000000e-01 9.741210937500000000e-02 1.036376953125000000e+00
1.975097656250000000e-01 1.481933593750000000e-01 1.036621093750000000e+00
2.067871093750000000e-01 1.467285156250000000e-01 1.041015625000000000e+00
2.004394531250000000e-01 1.525878906250000000e-01 1.052001953125000000e+00
2.133789062500000000e-01 1.560058593750000000e-01 1.061279296875000000e+00
2.158203125000000000e-01 1.040039062500000000e-01 1.054443359375000000e+00
1.665039062500000000e-01 1.140136718750000000e-01 1.047119140625000000e+00
2.133789062500000000e-01 1.035156250000000000e-01 1.093261718750000000e+00
2.607421875000000000e-01 1.110839843750000000e-01 9.985351562500000000e-01
2.187500000000000000e-01 9.912109375000000000e-02 1.049316406250000000e+00
1.574707031250000000e-01 1.059570312500000000e-01 1.036621093750000000e+00
1.604003906250000000e-01 1.091308593750000000e-01 1.060791015625000000e+00
1.228027343750000000e-01 1.176757812500000000e-01 1.032226562500000000e+00
1.589355468750000000e-01 1.059570312500000000e-01 1.054443359375000000e+00
2.185058593750000000e-01 1.381835937500000000e-01 1.052246093750000000e+00
1.850585937500000000e-01 9.619140625000000000e-02 1.087890625000000000e+00
1.582031250000000000e-01 1.088867187500000000e-01 1.077392578125000000e+00
1.569824218750000000e-01 9.790039062500000000e-02 1.046386718750000000e+00
2.004394531250000000e-01 1.105957031250000000e-01 1.127197265625000000e+00
1.621093750000000000e-01 1.013183593750000000e-01 1.060791015625000000e+00
1.574707031250000000e-01 1.540527343750000000e-01 1.033203125000000000e+00
1.877441406250000000e-01 1.166992187500000000e-01 1.040771484375000000e+00
1.586914062500000000e-01 1.059570312500000000e-01 1.037109375000000000e+00
1.667480468750000000e-01 1.164550781250000000e-01 1.083984375000000000e+00
1.887207031250000000e-01 1.237792968750000000e-01 1.046142578125000000e+00
2.055664062500000000e-01 1.042480468750000000e-01 1.034179687500000000e+00
2.167968750000000000e-01 1.540527343750000000e-01 1.052490234375000000e+00
2.072753906250000000e-01 1.474609375000000000e-01 1.044677734375000000e+00
2.136230468750000000e-01 1.538085937500000000e-01 1.037353515625000000e+00
1.892089843750000000e-01 9.741210937500000000e-02 1.051513671875000000e+00
1.931152343750000000e-01 9.838867187500000000e-02 1.051757812500000000e+00
1.223144531250000000e-01 1.027832031250000000e-01 1.050781250000000000e+00
1.245117187500000000e-01 1.000976562500000000e-01 1.056640625000000000e+00
1.245117187500000000e-01 1.037597656250000000e-01 1.053710937500000000e+00
1.914062500000000000e-01 1.555175781250000000e-01 1.039306640625000000e+00
1.945800781250000000e-01 9.472656250000000000e-02 1.046875000000000000e+00
1.950683593750000000e-01 9.521484375000000000e-02 1.058593750000000000e+00
2.053222656250000000e-01 1.025390625000000000e-01 1.086914062500000000e+00
1.206054687500000000e-01 1.010742187500000000e-01 1.049316406250000000e+00
1.240234375000000000e-01 1.005859375000000000e-01 1.043212890625000000e+00
1.232910156250000000e-01 1.010742187500000000e-01 1.056152343750000000e+00
1.188964843750000000e-01 9.912109375000000000e-02 1.052490234375000000e+00
1.887207031250000000e-01 9.497070312500000000e-02 1.127685546875000000e+00
1.962890625000000000e-01 1.550292968750000000e-01 1.033203125000000000e+00
1.909179687500000000e-01 9.423828125000000000e-02 1.045654296875000000e+00
1.936035156250000000e-01 9.912109375000000000e-02 1.040771484375000000e+00
1.247558593750000000e-01 9.619140625000000000e-02 1.048828125000000000e+00
1.215820312500000000e-01 1.032714843750000000e-01 1.054199218750000000e+00
1.882324218750000000e-01 1.035156250000000000e-01 1.047607421875000000e+00
1.213378906250000000e-01 1.020507812500000000e-01 1.046630859375000000e+00
1.196289062500000000e-01 9.716796875000000000e-02 1.049316406250000000e+00
1.965332031250000000e-01 1.013183593750000000e-01 1.128662109375000000e+00
2.133789062500000000e-01 1.027832031250000000e-01 1.085205078125000000e+00
1.220703125000000000e-01 1.020507812500000000e-01 1.055908203125000000e+00
1.948242187500000000e-01 9.765625000000000000e-02 1.092285156250000000e+00
1.960449218750000000e-01 1.059570312500000000e-01 1.053222656250000000e+00
1.901855468750000000e-01 1.010742187500000000e-01 1.046142578125000000e+00
2.089843750000000000e-01 1.020507812500000000e-01 1.050292968750000000e+00
2.019042968750000000e-01 9.838867187500000000e-02 1.046630859375000000e+00
2.050781250000000000e-01 9.692382812500000000e-02 1.038085937500000000e+00
2.104492187500000000e-01 9.985351562500000000e-02 1.044433593750000000e+00
2.124023437500000000e-01 9.716796875000000000e-02 1.037841796875000000e+00
1.589355468750000000e-01 1.071777343750000000e-01 1.043457031250000000e+00
1.630859375000000000e-01 1.003417968750000000e-01 1.050048828125000000e+00
1.660156250000000000e-01 1.005859375000000000e-01 1.034423828125000000e+00
1.687011718750000000e-01 1.103515625000000000e-01 1.040527343750000000e+00
1.699218750000000000e-01 1.083984375000000000e-01 1.089355468750000000e+00
1.770019531250000000e-01 1.083984375000000000e-01 1.070800781250000000e+00
2.072753906250000000e-01 1.030273437500000000e-01 1.033935546875000000e+00
2.094726562500000000e-01 1.054687500000000000e-01 1.059814453125000000e+00
2.011718750000000000e-01 1.047363281250000000e-01 1.044189453125000000e+00
1.904296875000000000e-01 1.076660156250000000e-01 1.051513671875000000e+00
1.953125000000000000e-01 1.020507812500000000e-01 1.062255859375000000e+00
1.982421875000000000e-01 1.020507812500000000e-01 1.041748046875000000e+00
1.894531250000000000e-01 1.013183593750000000e-01 1.048339843750000000e+00
