9.147949220000000103e-01 -1.547851560000000071e-01 -3.173828129999999859e-01
9.116210940000000207e-01 -1.025390629999999997e-01 -3.144531250000000000e-01
9.211425779999999897e-01 -1.477050779999999897e-01 -3.149414059999999793e-01
9.272460940000000207e-01 -9.619140599999999319e-02 -3.161621090000000245e-01
9.199218750000000000e-01 -1.550292970000000103e-01 -3.173828129999999859e-01
9.199218750000000000e-01 -1.550292970000000103e-01 -3.173828129999999859e-01
9.208984380000000414e-01 -9.448242199999999646e-02 -3.188476559999999793e-01
9.226074220000000103e-01 -1.557617189999999929e-01 -3.137207029999999897e-01
9.228515630000000414e-01 -9.448242199999999646e-02 -2.473144529999999897e-01
9.206542970000000103e-01 -1.020507809999999932e-01 -2.465820310000000071e-01
9.221191410000000310e-01 -9.472656299999999974e-02 -2.487792970000000103e-01
9.250488279999999897e-01 -1.545410160000000033e-01 -3.168945309999999793e-01
9.179687500000000000e-01 -9.863281299999999974e-02 -2.390136720000000103e-01
9.243164059999999793e-01 -1.557617189999999929e-01 -2.412109380000000136e-01
9.211425779999999897e-01 -1.430664060000000071e-01 -2.460937500000000000e-01
9.230957029999999897e-01 -9.936523399999999673e-02 -2.470703130000000136e-01
9.260253910000000310e-01 -1.555175779999999897e-01 -2.453613279999999897e-01
9.262695309999999793e-01 -1.472167970000000103e-01 -2.412109380000000136e-01
9.262695309999999793e-01 -1.472167970000000103e-01 -2.412109380000000136e-01
9.221191410000000310e-01 -1.433105470000000103e-01 -2.390136720000000103e-01
9.265136720000000103e-01 -1.499023439999999929e-01 -2.414550779999999897e-01
9.260253910000000310e-01 -1.540527339999999967e-01 -2.436523439999999929e-01
9.294433589999999690e-01 -1.516113279999999897e-01 -2.397460939999999929e-01
9.208984380000000414e-01 -1.435546880000000136e-01 -2.360839839999999967e-01
9.313964839999999690e-01 -1.418457029999999897e-01 -2.360839839999999967e-01
9.245605470000000103e-01 -1.442871089999999967e-01 -2.429199220000000103e-01
9.243164059999999793e-01 -1.391601560000000071e-01 -2.395019529999999897e-01
9.338378910000000310e-01 -1.447753910000000033e-01 -2.307128910000000033e-01
9.294433589999999690e-01 -9.448242199999999646e-02 -2.280273439999999929e-01
9.345703130000000414e-01 -1.445312500000000000e-01 -2.392578130000000136e-01
9.299316410000000310e-01 -1.423339839999999967e-01 -2.312011720000000103e-01
1.011718750000000000e+00 -1.257324220000000103e-01 -2.297363279999999897e-01
9.230957029999999897e-01 -1.467285160000000033e-01 -2.343750000000000000e-01
9.318847660000000310e-01 -1.396484380000000136e-01 -2.443847660000000033e-01
9.243164059999999793e-01 -1.350097660000000033e-01 -2.385253910000000033e-01
9.289550779999999897e-01 -1.357421880000000136e-01 -2.343750000000000000e-01
9.306640630000000414e-01 -1.396484380000000136e-01 -2.324218750000000000e-01
9.343261720000000103e-01 -1.364746089999999967e-01 -2.282714839999999967e-01
9.350585940000000207e-01 -1.401367189999999929e-01 -2.321777339999999967e-01
9.274902339999999690e-01 -1.350097660000000033e-01 -2.333984380000000136e-01
9.316406250000000000e-01 -1.345214839999999967e-01 -2.358398439999999929e-01
9.357910160000000310e-01 -1.420898439999999929e-01 -2.380371089999999967e-01
9.279785160000000310e-01 -1.411132810000000071e-01 -2.358398439999999929e-01
9.270019529999999897e-01 -1.401367189999999929e-01 -2.353515630000000136e-01
9.262695309999999793e-01 -1.391601560000000071e-01 -2.351074220000000103e-01
9.348144529999999897e-01 -1.374511720000000103e-01 -2.290039060000000071e-01
9.350585940000000207e-01 -1.303710939999999929e-01 -2.373046880000000136e-01
9.272460940000000207e-01 -5.810546899999999987e-02 -2.314453130000000136e-01
9.357910160000000310e-01 -5.224609399999999987e-02 -2.358398439999999929e-01
9.289550779999999897e-01 -5.957031299999999974e-02 -2.463378910000000033e-01
9.306640630000000414e-01 -1.389160160000000033e-01 -2.373046880000000136e-01
9.323730470000000103e-01 -1.271972660000000033e-01 -2.365722660000000033e-01
9.243164059999999793e-01 -1.372070310000000071e-01 -3.215332029999999897e-01
9.101562500000000000e-01 -1.455078130000000136e-01 -3.312988279999999897e-01
9.257812500000000000e-01 -5.590820299999999660e-02 -2.863769529999999897e-01
9.121093750000000000e-01 -3.491210899999999673e-02 -3.249511720000000103e-01
9.199218750000000000e-01 -6.347656299999999974e-02 -3.222656250000000000e-01
9.228515630000000414e-01 -8.007812500000000000e-02 -2.385253910000000033e-01
9.108886720000000103e-01 -5.444335899999999673e-02 -2.414550779999999897e-01
9.548339839999999690e-01 -4.394531299999999974e-02 -2.407226560000000071e-01
9.514160160000000310e-01 -1.320800779999999897e-01 -3.769531250000000000e-01
9.592285160000000310e-01 -1.062011719999999965e-01 -4.052734379999999859e-01
1.018310547000000010e+00 -1.708984380000000136e-01 -3.977050779999999897e-01
8.452148440000000207e-01 -9.497070300000000354e-02 -2.697753909999999755e-01
9.274902339999999690e-01 -1.408691410000000033e-01 -2.905273440000000207e-01
9.611816410000000310e-01 7.324218999999999868e-03 -3.010253909999999755e-01
8.823242190000000207e-01 -2.368164060000000071e-01 -3.041992190000000207e-01
8.937988279999999897e-01 -1.359863279999999897e-01 -3.776855470000000103e-01
9.465332029999999897e-01 1.708984399999999987e-02 -2.893066409999999755e-01
8.579101559999999793e-01 -9.301757800000000354e-02 -4.016113279999999897e-01
8.996582029999999897e-01 -1.306152339999999967e-01 -3.322753909999999755e-01
8.601074220000000103e-01 -1.337890630000000136e-01 -3.657226559999999793e-01
8.869628910000000310e-01 -5.151367200000000340e-02 -3.637695309999999793e-01
8.676757809999999793e-01 -1.437988279999999897e-01 -4.155273440000000207e-01
8.728027339999999690e-01 -4.565429700000000340e-02 -5.170898440000000207e-01
9.431152339999999690e-01 -1.464843750000000000e-01 -3.715820309999999793e-01
7.993164059999999793e-01 -1.901855470000000103e-01 -4.514160159999999755e-01
9.509277339999999690e-01 -1.394042970000000103e-01 -4.248046879999999859e-01
7.900390630000000414e-01 -1.879882810000000071e-01 -4.680175779999999897e-01
8.891601559999999793e-01 -1.003417969999999965e-01 -4.211425779999999897e-01
8.537597660000000310e-01 -4.199218799999999974e-02 -4.228515629999999859e-01
7.377929690000000207e-01 -7.373046900000000681e-02 -5.058593750000000000e-01
9.392089839999999690e-01 -6.616210899999999673e-02 -5.039062500000000000e-01
7.377929690000000207e-01 -7.470703099999999319e-02 -5.244140630000000414e-01
7.819824220000000103e-01 -1.181640629999999997e-01 -4.523925779999999897e-01
7.434082029999999897e-01 2.978515600000000013e-02 -4.343261720000000103e-01
7.790527339999999690e-01 -2.346191410000000033e-01 -3.986816409999999755e-01
6.708984380000000414e-01 -2.580566409999999755e-01 -2.353515630000000136e-01
7.548828130000000414e-01 -1.821289060000000071e-01 -2.312011720000000103e-01
5.573730470000000103e-01 2.856445309999999793e-01 -3.876953129999999859e-01
4.926757809999999793e-01 1.435546880000000136e-01 -3.022460940000000207e-01
2.014160160000000033e-01 1.791992189999999929e-01 -3.417968799999999974e-02
2.014160160000000033e-01 1.791992189999999929e-01 -3.417968799999999974e-02
6.054687500000000000e-02 1.601562500000000000e-01 -6.469726600000000327e-02
9.179687500000000000e-02 -8.764648399999999673e-02 4.882812999999999737e-03
-7.373046900000000681e-02 -3.088378909999999755e-01 1.870117189999999929e-01
1.265625000000000000e+00 2.571533202999999990e+00 -5.400390630000000414e-01
2.253417969000000021e+00 3.826660155999999979e+00 -9.145507809999999793e-01
2.082519530999999979e+00 2.050292969000000021e+00 4.147949220000000103e-01
5.207519529999999897e-01 1.607421875000000000e+00 -3.442382799999999660e-02
-3.540039100000000327e-02 -4.614257799999999660e-02 1.638183589999999967e-01
-3.979492190000000207e-01 4.736328100000000013e-02 4.816894529999999897e-01
-3.950195309999999793e-01 8.972167970000000103e-01 1.696777339999999967e-01
-3.903808590000000245e-01 6.625976559999999793e-01 3.154296879999999859e-01
-4.440917970000000103e-01 5.808105470000000103e-01 3.002929690000000207e-01
-4.599609379999999859e-01 7.907714839999999690e-01 4.562988279999999897e-01
-2.426757810000000071e-01 1.331787108999999969e+00 2.495117189999999929e-01
-2.707519529999999897e-01 1.034912108999999969e+00 2.060546880000000136e-01
-1.147460940000000068e-01 1.331542969000000021e+00 -6.152343799999999974e-02
1.220703100000000013e-02 9.199218750000000000e-01 7.885742199999999646e-02
6.640625000000000000e-02 8.476562500000000000e-01 1.748046880000000136e-01
-8.569335899999999673e-02 9.692382809999999793e-01 -5.126953000000000066e-03
-1.953125000000000000e-03 9.731445309999999793e-01 -1.420898439999999929e-01
1.782226599999999980e-02 1.028564452999999990e+00 -7.421875000000000000e-02
-2.734375000000000000e-02 1.003906250000000000e+00 2.490234399999999987e-02
-1.464844000000000085e-03 9.064941410000000310e-01 4.516601600000000327e-02
6.396484400000000681e-02 9.252929690000000207e-01 1.298828130000000136e-01
7.934570300000000354e-02 9.711914059999999793e-01 4.858398399999999673e-02
-3.002929699999999993e-02 1.027587891000000031e+00 1.252441410000000033e-01
1.586914099999999980e-02 9.172363279999999897e-01 1.054687500000000000e-01
1.025390600000000013e-02 9.260253910000000310e-01 1.384277339999999967e-01
-6.640625000000000000e-02 1.000732422000000010e+00 5.712890600000000013e-02
-6.640625000000000000e-02 1.000732422000000010e+00 5.712890600000000013e-02
4.394531000000000132e-03 9.711914059999999793e-01 3.686523399999999673e-02
-6.640625000000000000e-02 1.020263672000000010e+00 7.788085899999999673e-02
2.050781299999999974e-02 9.289550779999999897e-01 5.102539100000000327e-02
1.123046899999999987e-02 1.001220702999999990e+00 6.225585899999999673e-02
1.196289099999999980e-02 1.002441405999999979e+00 1.274414060000000071e-01
1.342773400000000020e-02 1.007812500000000000e+00 1.374511720000000103e-01
7.080078000000000066e-03 1.000488280999999979e+00 1.440429689999999929e-01
1.757812500000000000e-02 1.007812500000000000e+00 1.416015630000000136e-01
1.953125000000000000e-02 1.002929688000000041e+00 1.315917970000000103e-01
3.076171899999999987e-02 1.000976563000000041e+00 1.315917970000000103e-01
1.928710900000000020e-02 1.002197266000000031e+00 1.284179689999999929e-01
1.904296899999999987e-02 1.011230469000000021e+00 1.374511720000000103e-01
1.855468799999999974e-02 1.003173827999999990e+00 1.308593750000000000e-01
2.954101599999999980e-02 1.010253905999999979e+00 1.362304689999999929e-01
1.757812500000000000e-02 1.004882813000000041e+00 1.538085939999999929e-01
3.027343799999999974e-02 1.004638672000000010e+00 1.406250000000000000e-01
1.489257800000000007e-02 1.010742188000000041e+00 5.908203100000000013e-02
1.147460900000000020e-02 1.001464844000000021e+00 9.814453099999999319e-02
1.538085900000000020e-02 1.012695313000000041e+00 1.025390629999999997e-01
1.220703100000000013e-02 1.006591797000000010e+00 1.069335940000000068e-01
8.056640999999999803e-03 1.001953125000000000e+00 1.506347660000000033e-01
3.173828000000000066e-03 1.004394530999999979e+00 1.523437500000000000e-01
2.441406000000000132e-03 1.006103516000000031e+00 1.369628910000000033e-01
6.103515999999999803e-03 1.010253905999999979e+00 1.452636720000000103e-01
1.245117199999999993e-02 1.009033202999999990e+00 1.560058589999999967e-01
5.615234000000000197e-03 1.004882813000000041e+00 1.008300780000000035e-01
8.056640999999999803e-03 1.008544922000000010e+00 9.692382800000000354e-02
1.171875000000000000e-02 1.005126952999999990e+00 1.027832030000000035e-01
1.708984399999999987e-02 1.000000000000000000e+00 1.562500000000000000e-01
1.171875000000000000e-02 1.011230469000000021e+00 1.000976559999999932e-01
1.708983999999999981e-03 1.006835938000000041e+00 9.448242199999999646e-02
3.417968999999999868e-03 1.002441405999999979e+00 9.741210899999999673e-02
3.417968999999999868e-03 1.003906250000000000e+00 9.497070300000000354e-02
7.320000000000000118e-04 1.005126952999999990e+00 9.472656299999999974e-02
1.318359399999999987e-02 1.010742188000000041e+00 1.010742190000000068e-01
7.568359000000000197e-03 1.008056641000000031e+00 1.123046879999999997e-01
6.347656000000000132e-03 1.011718750000000000e+00 1.057128910000000033e-01
-6.567382800000000354e-02 1.015136719000000021e+00 1.425781250000000000e-01
1.245117199999999993e-02 9.338378910000000310e-01 1.520996089999999967e-01
9.521484000000000197e-03 1.005126952999999990e+00 1.459960939999999929e-01
1.123046899999999987e-02 1.008789063000000041e+00 1.511230470000000103e-01
2.929688000000000171e-03 1.009277344000000021e+00 1.535644529999999897e-01
9.521484000000000197e-03 1.002441405999999979e+00 1.440429689999999929e-01
5.615234000000000197e-03 1.013916016000000031e+00 1.005859379999999997e-01
7.320000000000000118e-04 1.012451172000000010e+00 1.562500000000000000e-01
5.615234000000000197e-03 1.005126952999999990e+00 9.887695300000000354e-02
2.685546999999999934e-03 1.007568358999999969e+00 1.538085939999999929e-01
5.615234000000000197e-03 1.002441405999999979e+00 9.423828099999999319e-02
3.173828000000000066e-03 1.003417969000000021e+00 1.008300780000000035e-01
1.025390600000000013e-02 1.004638672000000010e+00 1.022949219999999965e-01
5.859375000000000000e-03 1.009277344000000021e+00 1.025390629999999997e-01
9.521484000000000197e-03 1.001708983999999969e+00 9.863281299999999974e-02
5.859375000000000000e-03 1.002929688000000041e+00 9.912109400000000681e-02
5.126953000000000066e-03 1.010253905999999979e+00 1.008300780000000035e-01
8.300781000000000132e-03 1.009033202999999990e+00 9.448242199999999646e-02
1.342773400000000020e-02 1.004150391000000031e+00 1.552734380000000136e-01
5.859375000000000000e-03 1.013183594000000021e+00 1.472167970000000103e-01
1.879882800000000007e-02 1.001953125000000000e+00 9.960937500000000000e-02
1.879882800000000007e-02 1.001953125000000000e+00 9.960937500000000000e-02
9.765625000000000000e-03 1.007568358999999969e+00 1.542968750000000000e-01
9.765625000000000000e-03 1.008056641000000031e+00 9.643554699999999646e-02
7.568359000000000197e-03 1.002441405999999979e+00 1.557617189999999929e-01
3.417968999999999868e-03 1.005126952999999990e+00 1.560058589999999967e-01
5.371093999999999868e-03 1.011230469000000021e+00 1.525878910000000033e-01
1.342773400000000020e-02 1.003906250000000000e+00 1.027832030000000035e-01
1.342773400000000020e-02 1.004394530999999979e+00 1.020507809999999932e-01
1.171875000000000000e-02 1.009521483999999969e+00 9.985351600000000327e-02
8.789062999999999737e-03 1.003662108999999969e+00 1.032714839999999967e-01
8.056640999999999803e-03 1.007324219000000021e+00 1.008300780000000035e-01
5.371093999999999868e-03 1.004150391000000031e+00 1.003417969999999965e-01
1.269531299999999974e-02 1.000000000000000000e+00 1.030273440000000068e-01
1.049804699999999993e-02 1.006103516000000031e+00 9.814453099999999319e-02
1.074218799999999974e-02 1.006835938000000041e+00 9.936523399999999673e-02
6.103515999999999803e-03 1.007080077999999990e+00 1.040039059999999932e-01
9.033203000000000066e-03 1.008544922000000010e+00 1.054687500000000000e-01
8.300781000000000132e-03 1.002441405999999979e+00 9.619140599999999319e-02
6.591796999999999934e-03 1.005126952999999990e+00 9.838867199999999646e-02
