9.152832029999999897e-01 -2.248535160000000033e-01 -2.304687500000000000e-01
9.067382809999999793e-01 -2.624511720000000103e-01 -2.805175779999999897e-01
9.106445309999999793e-01 -2.583007809999999793e-01 -2.377929689999999929e-01
9.079589839999999690e-01 -2.524414059999999793e-01 -2.353515630000000136e-01
9.079589839999999690e-01 -2.524414059999999793e-01 -2.353515630000000136e-01
9.106445309999999793e-01 -2.683105470000000103e-01 -2.187500000000000000e-01
9.128417970000000103e-01 -2.209472660000000033e-01 -2.780761720000000103e-01
9.143066410000000310e-01 -2.656250000000000000e-01 -2.741699220000000103e-01
9.191894529999999897e-01 -2.602539059999999793e-01 -2.788085940000000207e-01
9.182128910000000310e-01 -2.636718750000000000e-01 -2.714843750000000000e-01
9.584960940000000207e-01 -2.751464840000000245e-01 -2.307128910000000033e-01
9.125976559999999793e-01 -2.663574220000000103e-01 -2.238769529999999897e-01
9.655761720000000103e-01 -2.194824220000000103e-01 -2.299804689999999929e-01
9.091796880000000414e-01 -2.753906250000000000e-01 -2.404785160000000033e-01
9.680175779999999897e-01 -2.194824220000000103e-01 -2.351074220000000103e-01
9.074707029999999897e-01 -2.700195309999999793e-01 -2.407226560000000071e-01
9.682617190000000207e-01 -2.231445310000000071e-01 -2.365722660000000033e-01
9.145507809999999793e-01 -2.770996090000000245e-01 -2.414550779999999897e-01
9.582519529999999897e-01 -2.746582029999999897e-01 -3.154296879999999859e-01
9.157714839999999690e-01 -2.795410159999999755e-01 -3.291015629999999859e-01
9.558105470000000103e-01 -2.802734379999999859e-01 -3.171386720000000103e-01
8.569335940000000207e-01 -3.046875000000000000e-01 -4.438476559999999793e-01
8.933105470000000103e-01 -3.376464840000000245e-01 -2.675781250000000000e-01
8.618164059999999793e-01 -2.617187500000000000e-01 -3.937988279999999897e-01
9.514160160000000310e-01 -2.026367189999999929e-01 -1.743164060000000071e-01
1.068603516000000031e+00 -1.906738279999999897e-01 -3.903808590000000245e-01
1.012695313000000041e+00 -2.814941409999999755e-01 -1.723632810000000071e-01
9.372558589999999690e-01 -9.863281299999999974e-02 -1.899414060000000071e-01
9.470214839999999690e-01 -3.222656250000000000e-01 -1.699218750000000000e-01
9.338378910000000310e-01 -1.464843750000000000e-01 -3.789062500000000000e-01
8.515625000000000000e-01 -1.662597660000000033e-01 -2.756347659999999755e-01
8.430175779999999897e-01 -1.652832029999999897e-01 -5.029296880000000414e-01
8.488769529999999897e-01 -3.093261720000000103e-01 -3.183593750000000000e-01
1.093750000000000000e+00 -2.363281250000000000e-01 -1.049804690000000068e-01
1.093750000000000000e+00 -2.363281250000000000e-01 -1.049804690000000068e-01
8.666992190000000207e-01 -2.670898440000000207e-01 -3.205566409999999755e-01
8.674316410000000310e-01 -2.150878910000000033e-01 -1.093750000000000000e-01
1.032226563000000041e+00 -1.425781250000000000e-01 -4.045410159999999755e-01
7.878417970000000103e-01 -2.182617189999999929e-01 -1.660156250000000000e-01
9.055175779999999897e-01 -2.343750000000000000e-01 -3.720703129999999859e-01
8.432617190000000207e-01 -2.482910160000000033e-01 -2.929687500000000000e-01
8.703613279999999897e-01 -2.714843750000000000e-01 -3.583984379999999859e-01
8.076171880000000414e-01 -3.217773440000000207e-01 -3.134765629999999859e-01
9.553222660000000310e-01 -1.040039059999999932e-01 -1.789550779999999897e-01
8.754882809999999793e-01 -6.542968799999999974e-02 -1.389160160000000033e-01
9.184570309999999793e-01 -1.201171879999999997e-01 -2.177734380000000136e-01
8.916015630000000414e-01 -2.014160160000000033e-01 1.262207029999999897e-01
8.718261720000000103e-01 -7.983398399999999673e-02 8.154296900000000681e-02
-2.392578100000000013e-02 2.199707029999999897e-01 -3.061523440000000207e-01
3.439941409999999755e-01 -1.491699220000000103e-01 -5.722656250000000000e-01
4.030761720000000103e-01 3.884277340000000245e-01 -7.387695309999999793e-01
3.125000000000000000e-02 -1.145019530000000035e-01 4.416503909999999755e-01
6.103515999999999803e-03 -2.609863279999999897e-01 2.001953130000000136e-01
1.035888672000000010e+00 -2.453613279999999897e-01 -6.474609380000000414e-01
1.548583983999999969e+00 6.364746089999999690e-01 -1.364257813000000041e+00
2.412841797000000010e+00 -5.014648440000000207e-01 -1.997558594000000021e+00
6.843261720000000103e-01 8.112792970000000103e-01 2.250976560000000071e-01
7.697753910000000310e-01 9.492187500000000000e-01 5.766601559999999793e-01
-3.269531250000000000e+00 1.892089844000000021e+00 -3.206298827999999990e+00
-1.074218799999999974e-02 7.946777339999999690e-01 -1.858642577999999990e+00
-1.247558594000000021e+00 9.550781250000000000e-01 -2.330566405999999979e+00
-1.461669922000000010e+00 7.966308589999999690e-01 -1.874511719000000021e+00
-5.612792970000000103e-01 4.812011720000000103e-01 -8.435058589999999690e-01
-7.812500000000000000e-02 -6.518554699999999646e-02 -3.784179700000000340e-02
-2.050781250000000000e-01 -5.981445299999999660e-02 -6.289062500000000000e-01
-2.050781250000000000e-01 -5.981445299999999660e-02 -6.289062500000000000e-01
-2.543945309999999793e-01 -5.371093999999999868e-03 -5.688476559999999793e-01
-4.038085940000000207e-01 1.396484380000000136e-01 -1.011718750000000000e+00
-4.628906250000000000e-01 1.506347660000000033e-01 -1.339843750000000000e+00
-2.451171880000000136e-01 1.489257810000000071e-01 -9.709472660000000310e-01
-3.818359379999999859e-01 1.237792969999999965e-01 -1.083007813000000041e+00
-2.995605470000000103e-01 6.518554699999999646e-02 -9.018554690000000207e-01
-4.614257799999999660e-02 -5.126953000000000066e-03 -4.184570309999999793e-01
-1.003417969999999965e-01 -1.635742199999999993e-02 -9.658203130000000414e-01
-2.390136720000000103e-01 -2.490234399999999987e-02 -9.821777339999999690e-01
-2.680664059999999793e-01 -5.859375000000000000e-03 -8.457031250000000000e-01
-2.392578130000000136e-01 -9.765625000000000000e-03 -8.566894529999999897e-01
-2.429199220000000103e-01 -3.417968999999999868e-03 -8.999023440000000207e-01
-2.211914060000000071e-01 8.203125000000000000e-02 -8.786621089999999690e-01
-2.277832029999999897e-01 3.564453100000000013e-02 -8.615722660000000310e-01
-2.329101560000000071e-01 6.323242199999999646e-02 -9.470214839999999690e-01
-2.783203129999999859e-01 -1.098632800000000007e-02 -8.549804690000000207e-01
-2.802734379999999859e-01 -5.859375000000000000e-03 -7.949218750000000000e-01
-2.333984380000000136e-01 -2.832031299999999974e-02 -8.718261720000000103e-01
-2.263183589999999967e-01 -1.855468799999999974e-02 -8.920898440000000207e-01
-2.416992189999999929e-01 6.665039100000000327e-02 -8.693847660000000310e-01
-2.268066410000000033e-01 -1.147460900000000020e-02 -8.657226559999999793e-01
-2.795410159999999755e-01 -3.173828000000000066e-03 -7.885742190000000207e-01
-2.714843750000000000e-01 6.591796900000000681e-02 -8.039550779999999897e-01
-2.727050779999999897e-01 -9.765625000000000000e-03 -8.659667970000000103e-01
-2.780761720000000103e-01 -1.586914099999999980e-02 -9.143066410000000310e-01
-2.202148439999999929e-01 -2.807617199999999993e-02 -9.245605470000000103e-01
-2.629394529999999897e-01 -2.197265600000000013e-02 -8.547363279999999897e-01
-1.826171880000000136e-01 -2.246093799999999974e-02 -8.061523440000000207e-01
-1.625976560000000071e-01 4.638671999999999934e-03 -7.211914059999999793e-01
-2.294921880000000136e-01 7.617187500000000000e-02 -1.009765625000000000e+00
-1.027832030000000035e-01 6.909179699999999646e-02 -6.701660160000000310e-01
-1.027832030000000035e-01 6.909179699999999646e-02 -6.701660160000000310e-01
-1.140136719999999965e-01 9.033203000000000066e-03 -9.523925779999999897e-01
-1.228027339999999967e-01 -1.611328100000000013e-02 -9.528808589999999690e-01
-1.228027339999999967e-01 -1.611328100000000013e-02 -9.528808589999999690e-01
-1.010742190000000068e-01 -2.734375000000000000e-02 -9.516601559999999793e-01
-1.086425780000000035e-01 -1.977539099999999980e-02 -9.509277339999999690e-01
-1.186523440000000068e-01 -2.709960900000000020e-02 -8.608398440000000207e-01
-1.096191410000000033e-01 -1.928710900000000020e-02 -9.011230470000000103e-01
-1.945800779999999897e-01 -2.954101599999999980e-02 -9.538574220000000103e-01
-2.094726560000000071e-01 2.172851599999999980e-02 -8.659667970000000103e-01
-2.075195310000000071e-01 1.928710900000000020e-02 -9.072265630000000414e-01
-2.021484380000000136e-01 2.636718799999999974e-02 -8.669433589999999690e-01
-1.137695309999999932e-01 1.733398400000000020e-02 -8.071289059999999793e-01
-1.452636720000000103e-01 2.490234399999999987e-02 -6.750488279999999897e-01
-2.536621090000000245e-01 -7.226562500000000000e-02 -1.047119141000000031e+00
-1.601562500000000000e-01 3.173828000000000066e-03 -1.078613280999999979e+00
-1.179199219999999965e-01 -8.300781299999999974e-02 -8.723144529999999897e-01
-1.125488280000000035e-01 -8.325195300000000354e-02 -8.354492190000000207e-01
-9.497070300000000354e-02 1.220703000000000066e-03 -8.234863279999999897e-01
-1.228027339999999967e-01 6.835937999999999737e-03 -8.723144529999999897e-01
-2.045898439999999929e-01 1.904296899999999987e-02 -9.907226559999999793e-01
-2.160644529999999897e-01 7.568359000000000197e-03 -9.255371089999999690e-01
-1.892089839999999967e-01 -7.031250000000000000e-02 -9.450683589999999690e-01
-1.020507809999999932e-01 3.906250000000000000e-03 -8.078613279999999897e-01
-2.041015630000000136e-01 -6.469726600000000327e-02 -8.647460940000000207e-01
-1.940917970000000103e-01 1.953125000000000000e-03 -8.720703130000000414e-01
-1.245117190000000068e-01 6.347656000000000132e-03 -9.450683589999999690e-01
-1.152343750000000000e-01 9.277343999999999868e-03 -8.486328130000000414e-01
-1.955566410000000033e-01 4.150390999999999803e-03 -9.318847660000000310e-01
-1.196289059999999932e-01 4.638671999999999934e-03 -8.574218750000000000e-01
-1.237792969999999965e-01 -6.323242199999999646e-02 -9.421386720000000103e-01
-1.213378910000000033e-01 -6.323242199999999646e-02 -9.057617190000000207e-01
-1.875000000000000000e-01 7.320000000000000118e-04 -9.177246089999999690e-01
-1.218261719999999965e-01 3.173828000000000066e-03 -8.537597660000000310e-01
-1.879882810000000071e-01 3.417968999999999868e-03 -9.472656250000000000e-01
-1.181640629999999997e-01 1.147460900000000020e-02 -8.718261720000000103e-01
-1.154785160000000033e-01 -6.274414100000000327e-02 -8.684082029999999897e-01
-1.884765630000000136e-01 -6.372070300000000354e-02 -9.633789059999999793e-01
-1.137695309999999932e-01 9.521484000000000197e-03 -8.525390630000000414e-01
-1.162109379999999997e-01 5.859375000000000000e-03 -9.409179690000000207e-01
-1.040039059999999932e-01 9.765625000000000000e-03 -9.038085940000000207e-01
-1.914062500000000000e-01 6.591796999999999934e-03 -9.101562500000000000e-01
-1.113281250000000000e-01 -6.274414100000000327e-02 -8.740234380000000414e-01
-1.103515629999999997e-01 2.439999999999999949e-04 -8.596191410000000310e-01
-1.086425780000000035e-01 4.879999999999999898e-04 -8.586425779999999897e-01
-1.110839839999999967e-01 4.882812999999999737e-03 -8.642578130000000414e-01
-1.181640629999999997e-01 -6.469726600000000327e-02 -9.206542970000000103e-01
-1.206054690000000068e-01 1.953125000000000000e-03 -9.414062500000000000e-01
-1.188964839999999967e-01 -6.640625000000000000e-02 -8.730468750000000000e-01
-1.169433589999999967e-01 -6.445312500000000000e-02 -8.713378910000000310e-01
-1.127929690000000068e-01 -6.738281299999999974e-02 -9.438476559999999793e-01
-1.032714839999999967e-01 8.056640999999999803e-03 -8.688964839999999690e-01
-1.101074219999999965e-01 2.439999999999999949e-04 -8.508300779999999897e-01
-1.181640629999999997e-01 -6.933593799999999974e-02 -9.431152339999999690e-01
-1.923828130000000136e-01 -6.860351600000000327e-02 -9.436035160000000310e-01
-1.110839839999999967e-01 -6.323242199999999646e-02 -8.503417970000000103e-01
-1.193847660000000033e-01 -6.689453099999999319e-02 -9.023437500000000000e-01
-1.923828130000000136e-01 -7.128906299999999974e-02 -9.616699220000000103e-01
-2.048339839999999967e-01 -7.324218799999999974e-02 -9.575195309999999793e-01
-1.171875000000000000e-01 -7.080078099999999319e-02 -8.520507809999999793e-01
-1.909179689999999929e-01 -7.080078099999999319e-02 -8.710937500000000000e-01
-1.896972660000000033e-01 -7.421875000000000000e-02 -8.676757809999999793e-01
-1.896972660000000033e-01 -7.421875000000000000e-02 -8.676757809999999793e-01
-1.923828130000000136e-01 -7.421875000000000000e-02 -8.486328130000000414e-01
-2.023925779999999897e-01 -8.129882800000000354e-02 -9.516601559999999793e-01
-1.967773439999999929e-01 0.000000000000000000e+00 -9.431152339999999690e-01
-1.186523440000000068e-01 -8.471679699999999646e-02 -9.392089839999999690e-01
-1.188964839999999967e-01 -3.588867200000000340e-02 -9.238281250000000000e-01
-1.877441410000000033e-01 -4.760742200000000340e-02 -9.626464839999999690e-01
-1.164550780000000035e-01 -1.413574220000000103e-01 -8.464355470000000103e-01
-1.040039059999999932e-01 -1.254882810000000071e-01 -7.819824220000000103e-01
-2.175292970000000103e-01 -1.337890630000000136e-01 -9.479980470000000103e-01
-2.043457029999999897e-01 -1.369628910000000033e-01 -9.470214839999999690e-01
-1.997070310000000071e-01 -9.814453099999999319e-02 -9.069824220000000103e-01
-1.169433589999999967e-01 -1.025390629999999997e-01 -8.471679690000000207e-01
-1.208496089999999967e-01 -5.786132799999999660e-02 -9.460449220000000103e-01
-1.237792969999999965e-01 -6.079101600000000327e-02 -8.562011720000000103e-01
-1.005859379999999997e-01 -5.126953100000000013e-02 -8.725585940000000207e-01
-1.074218750000000000e-01 -4.345703100000000013e-02 -8.454589839999999690e-01
-1.154785160000000033e-01 -3.710937500000000000e-02 -8.564453130000000414e-01
-1.120605469999999965e-01 -1.264648439999999929e-01 -7.978515630000000414e-01
-1.970214839999999967e-01 -5.981445299999999660e-02 -9.750976559999999793e-01
-1.118164059999999932e-01 -5.834960899999999673e-02 -9.487304690000000207e-01
-1.513671880000000136e-01 -4.492187500000000000e-02 -8.999023440000000207e-01
-1.101074219999999965e-01 -4.931640600000000013e-02 -9.455566410000000310e-01
-1.096191410000000033e-01 -5.004882799999999660e-02 -9.470214839999999690e-01
-1.022949219999999965e-01 -4.150390600000000013e-02 -8.537597660000000310e-01
-1.020507809999999932e-01 -3.955078100000000013e-02 -8.693847660000000310e-01
-1.035156250000000000e-01 -4.785156299999999974e-02 -8.742675779999999897e-01
-1.123046879999999997e-01 -4.077148399999999673e-02 -9.494628910000000310e-01
-1.127929690000000068e-01 -3.759765600000000013e-02 -9.531250000000000000e-01
-1.179199219999999965e-01 -3.808593799999999974e-02 -8.618164059999999793e-01
-1.208496089999999967e-01 -4.443359399999999987e-02 -9.438476559999999793e-01
-1.899414060000000071e-01 -5.200195299999999660e-02 -9.401855470000000103e-01
-2.004394529999999897e-01 -5.029296899999999987e-02 -9.382324220000000103e-01
-1.960449220000000103e-01 -5.932617200000000340e-02 -9.023437500000000000e-01
-1.247558589999999967e-01 -4.736328100000000013e-02 -8.806152339999999690e-01
-1.916503910000000033e-01 -1.311035160000000033e-01 -8.708496089999999690e-01
-1.940917970000000103e-01 -1.284179689999999929e-01 -9.543457029999999897e-01
-1.950683589999999967e-01 -1.342773439999999929e-01 -9.418945309999999793e-01
-1.923828130000000136e-01 -1.264648439999999929e-01 -8.520507809999999793e-01
-1.928710939999999929e-01 -5.493164100000000327e-02 -8.610839839999999690e-01
-1.240234379999999997e-01 -5.737304700000000340e-02 -8.728027339999999690e-01
