8.945312500000000000e-01 -2.050781250000000000e-02 -4.367675781250000000e-01
8.945312500000000000e-01 -2.050781250000000000e-02 -4.367675781250000000e-01
8.945312500000000000e-01 -2.050781250000000000e-02 -4.367675781250000000e-01
8.908691406250000000e-01 -2.148437500000000000e-02 -4.316406250000000000e-01
8.889160156250000000e-01 -2.319335937500000000e-02 -4.355468750000000000e-01
8.945312500000000000e-01 -2.416992187500000000e-02 -4.272460937500000000e-01
8.925781250000000000e-01 -2.026367187500000000e-02 -4.313964843750000000e-01
8.911132812500000000e-01 -2.758789062500000000e-02 -4.353027343750000000e-01
8.894042968750000000e-01 3.100585937500000000e-02 -4.328613281250000000e-01
8.874511718750000000e-01 -2.880859375000000000e-02 -4.326171875000000000e-01
8.916015625000000000e-01 -2.587890625000000000e-02 -4.355468750000000000e-01
8.923339843750000000e-01 -2.832031250000000000e-02 -4.331054687500000000e-01
8.874511718750000000e-01 -2.905273437500000000e-02 -5.034179687500000000e-01
8.850097656250000000e-01 -2.172851562500000000e-02 -5.112304687500000000e-01
8.867187500000000000e-01 -2.685546875000000000e-02 -4.343261718750000000e-01
8.833007812500000000e-01 -2.563476562500000000e-02 -5.046386718750000000e-01
8.842773437500000000e-01 -1.708984375000000000e-02 -5.144042968750000000e-01
8.830566406250000000e-01 -2.392578125000000000e-02 -5.144042968750000000e-01
8.842773437500000000e-01 -2.709960937500000000e-02 -5.080566406250000000e-01
8.830566406250000000e-01 -2.734375000000000000e-02 -5.078125000000000000e-01
8.808593750000000000e-01 -2.343750000000000000e-02 -5.083007812500000000e-01
8.833007812500000000e-01 -2.783203125000000000e-02 -5.229492187500000000e-01
8.813476562500000000e-01 -2.734375000000000000e-02 -5.073242187500000000e-01
8.798828125000000000e-01 -2.099609375000000000e-02 -5.065917968750000000e-01
8.781738281250000000e-01 -2.880859375000000000e-02 -5.073242187500000000e-01
8.808593750000000000e-01 -3.027343750000000000e-02 -5.124511718750000000e-01
8.798828125000000000e-01 -2.465820312500000000e-02 -5.058593750000000000e-01
8.842773437500000000e-01 -2.294921875000000000e-02 -5.087890625000000000e-01
8.820800781250000000e-01 -2.270507812500000000e-02 -5.126953125000000000e-01
8.801269531250000000e-01 -2.221679687500000000e-02 -5.065917968750000000e-01
8.811035156250000000e-01 -1.879882812500000000e-02 -5.085449218750000000e-01
8.825683593750000000e-01 -1.953125000000000000e-02 -5.087890625000000000e-01
8.859863281250000000e-01 -2.099609375000000000e-02 -5.024414062500000000e-01
8.786621093750000000e-01 -2.612304687500000000e-02 -5.026855468750000000e-01
8.828125000000000000e-01 -2.539062500000000000e-02 -5.090332031250000000e-01
8.847656250000000000e-01 -2.685546875000000000e-02 -5.102539062500000000e-01
8.769531250000000000e-01 -2.270507812500000000e-02 -5.051269531250000000e-01
8.830566406250000000e-01 -3.051757812500000000e-02 -5.068359375000000000e-01
8.835449218750000000e-01 -2.783203125000000000e-02 -5.048828125000000000e-01
8.820800781250000000e-01 -2.661132812500000000e-02 -5.158691406250000000e-01
8.811035156250000000e-01 -2.392578125000000000e-02 -5.107421875000000000e-01
8.781738281250000000e-01 -2.368164062500000000e-02 -5.131835937500000000e-01
8.752441406250000000e-01 -2.343750000000000000e-02 -5.180664062500000000e-01
8.813476562500000000e-01 -2.246093750000000000e-02 -5.100097656250000000e-01
8.789062500000000000e-01 -2.246093750000000000e-02 -5.131835937500000000e-01
8.117675781250000000e-01 -2.172851562500000000e-02 -5.141601562500000000e-01
8.112792968750000000e-01 -3.027343750000000000e-02 -5.148925781250000000e-01
8.117675781250000000e-01 -2.514648437500000000e-02 -5.236816406250000000e-01
8.759765625000000000e-01 -2.368164062500000000e-02 -5.217285156250000000e-01
8.063964843750000000e-01 2.954101562500000000e-02 -5.214843750000000000e-01
8.046875000000000000e-01 -3.076171875000000000e-02 -5.266113281250000000e-01
7.954101562500000000e-01 2.099609375000000000e-02 -4.746093750000000000e-01
7.937011718750000000e-01 1.269531250000000000e-02 -4.897460937500000000e-01
7.988281250000000000e-01 2.465820312500000000e-02 -4.958496093750000000e-01
7.905273437500000000e-01 2.246093750000000000e-02 -4.792480468750000000e-01
8.393554687500000000e-01 1.220703125000000000e-02 -4.765625000000000000e-01
7.817382812500000000e-01 -7.324218750000000000e-02 -4.914550781250000000e-01
8.430175781250000000e-01 -3.710937500000000000e-02 -5.793457031250000000e-01
8.317871093750000000e-01 -9.082031250000000000e-02 -5.349121093750000000e-01
7.497558593750000000e-01 -9.277343750000000000e-02 -5.341796875000000000e-01
7.353515625000000000e-01 -8.007812500000000000e-02 -5.815429687500000000e-01
7.333984375000000000e-01 -8.642578125000000000e-02 -5.573730468750000000e-01
7.409667968750000000e-01 -6.713867187500000000e-02 -6.394042968750000000e-01
7.285156250000000000e-01 7.324218750000000000e-04 -6.269531250000000000e-01
7.546386718750000000e-01 -8.544921875000000000e-02 -6.298828125000000000e-01
6.003417968750000000e-01 1.708984375000000000e-03 -6.215820312500000000e-01
5.495605468750000000e-01 4.150390625000000000e-03 -5.180664062500000000e-01
6.853027343750000000e-01 -2.045898437500000000e-01 -5.190429687500000000e-01
8.117675781250000000e-01 -1.865234375000000000e-01 -7.160644531250000000e-01
6.721191406250000000e-01 -1.083984375000000000e-01 -6.987304687500000000e-01
6.540527343750000000e-01 -1.938476562500000000e-01 -6.408691406250000000e-01
6.354980468750000000e-01 -3.427734375000000000e-01 -5.812988281250000000e-01
4.909667968750000000e-01 -1.210937500000000000e-01 -8.442382812500000000e-01
5.681152343750000000e-01 -1.179199218750000000e-01 -9.082031250000000000e-01
2.104492187500000000e-01 -1.342773437500000000e-02 -6.044921875000000000e-01
1.811523437500000000e-01 2.485351562500000000e-01 -1.059570312500000000e-01
3.041992187500000000e-01 5.590820312500000000e-02 6.069335937500000000e-01
-8.227539062500000000e-02 -1.564941406250000000e-01 -2.973632812500000000e-01
3.251953125000000000e-01 -7.641601562500000000e-02 -1.059082031250000000e+00
4.685058593750000000e-01 2.431640625000000000e-01 5.615234375000000000e-03
1.474609375000000000e-01 1.442871093750000000e-01 -7.275390625000000000e-01
1.010742187500000000e+00 2.048583984375000000e+00 -4.128417968750000000e-01
2.818847656250000000e+00 2.993408203125000000e+00 -4.760009765625000000e+00
3.879394531250000000e-01 3.955078125000000000e-02 3.542480468750000000e-01
5.341796875000000000e-01 1.030273437500000000e+00 1.305664062500000000e+00
9.113769531250000000e-01 2.299316406250000000e+00 4.836425781250000000e-01
4.389648437500000000e-01 4.145507812500000000e-01 -1.928710937500000000e-02
-1.345214843750000000e-01 -9.765625000000000000e-02 9.616699218750000000e-01
-1.586914062500000000e-02 -2.597656250000000000e-01 5.261230468750000000e-01
4.243164062500000000e-01 -3.991699218750000000e-01 3.395996093750000000e-01
5.329589843750000000e-01 2.441406250000000000e-03 7.543945312500000000e-01
9.340820312500000000e-01 2.189941406250000000e-01 7.419433593750000000e-01
1.388916015625000000e+00 5.180664062500000000e-01 7.768554687500000000e-01
1.299560546875000000e+00 4.401855468750000000e-01 6.982421875000000000e-01
9.956054687500000000e-01 2.690429687500000000e-01 4.926757812500000000e-01
6.972656250000000000e-01 2.424316406250000000e-01 6.320800781250000000e-01
5.622558593750000000e-01 4.243164062500000000e-01 4.392089843750000000e-01
5.866699218750000000e-01 8.034667968750000000e-01 2.070312500000000000e-01
3.696289062500000000e-01 1.036376953125000000e+00 -1.982421875000000000e-01
6.433105468750000000e-01 1.005126953125000000e+00 -3.176269531250000000e-01
6.638183593750000000e-01 8.562011718750000000e-01 -2.919921875000000000e-01
4.880371093750000000e-01 7.846679687500000000e-01 4.882812500000000000e-02
5.366210937500000000e-01 6.560058593750000000e-01 1.091308593750000000e-01
4.799804687500000000e-01 6.425781250000000000e-01 3.166503906250000000e-01
4.162597656250000000e-01 9.294433593750000000e-01 1.127929687500000000e-01
6.230468750000000000e-01 8.706054687500000000e-01 1.843261718750000000e-01
6.237792968750000000e-01 8.901367187500000000e-01 2.614746093750000000e-01
7.084960937500000000e-01 7.207031250000000000e-01 2.648925781250000000e-01
6.132812500000000000e-01 7.175292968750000000e-01 1.499023437500000000e-01
5.605468750000000000e-01 7.622070312500000000e-01 2.097167968750000000e-01
6.191406250000000000e-01 7.731933593750000000e-01 1.467285156250000000e-01
6.901855468750000000e-01 7.226562500000000000e-01 2.050781250000000000e-01
7.128906250000000000e-01 7.272949218750000000e-01 1.916503906250000000e-01
6.384277343750000000e-01 8.134765625000000000e-01 2.282714843750000000e-01
6.462402343750000000e-01 8.146972656250000000e-01 1.733398437500000000e-01
5.957031250000000000e-01 7.309570312500000000e-01 2.343750000000000000e-01
5.998535156250000000e-01 8.181152343750000000e-01 9.790039062500000000e-02
5.576171875000000000e-01 7.482910156250000000e-01 2.653808593750000000e-01
6.496582031250000000e-01 8.132324218750000000e-01 1.572265625000000000e-01
6.115722656250000000e-01 7.800292968750000000e-01 2.790527343750000000e-01
6.213378906250000000e-01 7.221679687500000000e-01 1.020507812500000000e-01
5.585937500000000000e-01 7.478027343750000000e-01 2.575683593750000000e-01
6.328125000000000000e-01 7.441406250000000000e-01 2.502441406250000000e-01
6.472167968750000000e-01 7.480468750000000000e-01 1.843261718750000000e-01
6.008300781250000000e-01 7.236328125000000000e-01 2.299804687500000000e-01
6.486816406250000000e-01 8.151855468750000000e-01 2.553710937500000000e-01
6.296386718750000000e-01 7.338867187500000000e-01 2.353515625000000000e-01
6.520996093750000000e-01 7.473144531250000000e-01 2.653808593750000000e-01
6.455078125000000000e-01 7.456054687500000000e-01 2.451171875000000000e-01
6.450195312500000000e-01 7.299804687500000000e-01 2.729492187500000000e-01
6.489257812500000000e-01 8.161621093750000000e-01 1.684570312500000000e-01
6.328125000000000000e-01 8.132324218750000000e-01 2.573242187500000000e-01
6.284179687500000000e-01 7.456054687500000000e-01 2.570800781250000000e-01
6.411132812500000000e-01 7.382812500000000000e-01 2.597656250000000000e-01
6.335449218750000000e-01 7.478027343750000000e-01 2.795410156250000000e-01
6.352539062500000000e-01 7.443847656250000000e-01 2.397460937500000000e-01
6.335449218750000000e-01 7.482910156250000000e-01 2.451171875000000000e-01
6.274414062500000000e-01 7.451171875000000000e-01 2.380371093750000000e-01
6.262207031250000000e-01 8.137207031250000000e-01 2.351074218750000000e-01
5.620117187500000000e-01 7.448730468750000000e-01 2.402343750000000000e-01
6.267089843750000000e-01 8.137207031250000000e-01 2.370605468750000000e-01
5.583496093750000000e-01 7.456054687500000000e-01 2.387695312500000000e-01
5.593261718750000000e-01 7.492675781250000000e-01 3.134765625000000000e-01
6.289062500000000000e-01 7.473144531250000000e-01 3.193359375000000000e-01
5.541992187500000000e-01 7.436523437500000000e-01 3.190917968750000000e-01
5.559082031250000000e-01 7.438964843750000000e-01 3.247070312500000000e-01
5.585937500000000000e-01 8.127441406250000000e-01 3.391113281250000000e-01
5.551757812500000000e-01 7.446289062500000000e-01 3.286132812500000000e-01
5.561523437500000000e-01 8.149414062500000000e-01 3.286132812500000000e-01
5.583496093750000000e-01 7.426757812500000000e-01 3.210449218750000000e-01
5.561523437500000000e-01 7.473144531250000000e-01 3.134765625000000000e-01
5.576171875000000000e-01 7.458496093750000000e-01 2.482910156250000000e-01
5.585937500000000000e-01 7.485351562500000000e-01 3.178710937500000000e-01
5.588378906250000000e-01 7.429199218750000000e-01 2.436523437500000000e-01
6.308593750000000000e-01 7.460937500000000000e-01 3.151855468750000000e-01
5.605468750000000000e-01 7.441406250000000000e-01 3.193359375000000000e-01
5.576171875000000000e-01 7.424316406250000000e-01 2.438964843750000000e-01
5.578613281250000000e-01 7.458496093750000000e-01 3.200683593750000000e-01
5.581054687500000000e-01 7.421875000000000000e-01 3.190917968750000000e-01
5.566406250000000000e-01 7.473144531250000000e-01 3.295898437500000000e-01
5.576171875000000000e-01 7.497558593750000000e-01 3.254394531250000000e-01
5.515136718750000000e-01 7.497558593750000000e-01 3.342285156250000000e-01
5.507812500000000000e-01 7.492675781250000000e-01 3.366699218750000000e-01
5.529785156250000000e-01 7.470703125000000000e-01 3.327636718750000000e-01
5.581054687500000000e-01 7.426757812500000000e-01 3.334960937500000000e-01
5.520019531250000000e-01 7.473144531250000000e-01 3.400878906250000000e-01
5.539550781250000000e-01 7.436523437500000000e-01 3.310546875000000000e-01
5.485839843750000000e-01 8.139648437500000000e-01 2.856445312500000000e-01
5.502929687500000000e-01 7.465820312500000000e-01 2.841796875000000000e-01
5.458984375000000000e-01 7.451171875000000000e-01 3.413085937500000000e-01
5.488281250000000000e-01 7.482910156250000000e-01 2.844238281250000000e-01
5.505371093750000000e-01 7.446289062500000000e-01 2.866210937500000000e-01
5.466308593750000000e-01 8.132324218750000000e-01 2.888183593750000000e-01
5.527343750000000000e-01 7.438964843750000000e-01 2.839355468750000000e-01
5.498046875000000000e-01 7.448730468750000000e-01 3.403320312500000000e-01
5.485839843750000000e-01 7.431640625000000000e-01 3.408203125000000000e-01
5.551757812500000000e-01 7.463378906250000000e-01 3.364257812500000000e-01
5.585937500000000000e-01 7.456054687500000000e-01 3.354492187500000000e-01
5.571289062500000000e-01 7.460937500000000000e-01 3.342285156250000000e-01
5.559082031250000000e-01 7.485351562500000000e-01 3.308105468750000000e-01
5.546875000000000000e-01 7.451171875000000000e-01 3.320312500000000000e-01
5.573730468750000000e-01 7.402343750000000000e-01 3.225097656250000000e-01
5.588378906250000000e-01 7.456054687500000000e-01 3.344726562500000000e-01
5.541992187500000000e-01 7.443847656250000000e-01 3.391113281250000000e-01
5.551757812500000000e-01 7.443847656250000000e-01 3.337402343750000000e-01
5.541992187500000000e-01 7.419433593750000000e-01 3.430175781250000000e-01
5.556640625000000000e-01 7.456054687500000000e-01 3.388671875000000000e-01
5.522460937500000000e-01 7.414550781250000000e-01 3.374023437500000000e-01
5.522460937500000000e-01 7.478027343750000000e-01 2.832031250000000000e-01
5.541992187500000000e-01 7.468261718750000000e-01 3.432617187500000000e-01
5.500488281250000000e-01 7.495117187500000000e-01 3.403320312500000000e-01
5.483398437500000000e-01 7.473144531250000000e-01 2.834472656250000000e-01
5.483398437500000000e-01 7.463378906250000000e-01 2.866210937500000000e-01
5.483398437500000000e-01 7.431640625000000000e-01 2.868652343750000000e-01
5.551757812500000000e-01 7.424316406250000000e-01 2.849121093750000000e-01
5.473632812500000000e-01 7.470703125000000000e-01 2.917480468750000000e-01
5.517578125000000000e-01 7.409667968750000000e-01 2.883300781250000000e-01
5.466308593750000000e-01 7.443847656250000000e-01 2.844238281250000000e-01
5.563964843750000000e-01 7.390136718750000000e-01 2.934570312500000000e-01
5.471191406250000000e-01 7.390136718750000000e-01 2.924804687500000000e-01
