9.816894531250000000e-01 -1.999511718750000000e-01 -3.076171875000000000e-02
9.885253906250000000e-01 -2.033691406250000000e-01 2.758789062500000000e-02
9.833984375000000000e-01 -2.087402343750000000e-01 2.734375000000000000e-02
9.833984375000000000e-01 -2.087402343750000000e-01 2.734375000000000000e-02
9.848632812500000000e-01 -2.036132812500000000e-01 2.563476562500000000e-02
9.819335937500000000e-01 -2.045898437500000000e-01 3.100585937500000000e-02
9.809570312500000000e-01 -2.048339843750000000e-01 -3.076171875000000000e-02
9.809570312500000000e-01 -2.048339843750000000e-01 -3.076171875000000000e-02
9.799804687500000000e-01 -2.031250000000000000e-01 2.929687500000000000e-02
9.799804687500000000e-01 -2.031250000000000000e-01 2.929687500000000000e-02
9.807128906250000000e-01 -2.111816406250000000e-01 -3.100585937500000000e-02
9.807128906250000000e-01 -2.055664062500000000e-01 2.807617187500000000e-02
9.831542968750000000e-01 -2.038574218750000000e-01 -2.001953125000000000e-02
9.802246093750000000e-01 -1.994628906250000000e-01 -2.441406250000000000e-02
9.824218750000000000e-01 -1.997070312500000000e-01 2.978515625000000000e-02
9.812011718750000000e-01 -2.041015625000000000e-01 2.734375000000000000e-02
9.890136718750000000e-01 -2.055664062500000000e-01 -2.929687500000000000e-02
9.799804687500000000e-01 -1.987304687500000000e-01 -2.734375000000000000e-02
9.831542968750000000e-01 -1.960449218750000000e-01 -2.270507812500000000e-02
9.873046875000000000e-01 -1.979980468750000000e-01 -3.076171875000000000e-02
9.873046875000000000e-01 -1.979980468750000000e-01 -3.076171875000000000e-02
9.807128906250000000e-01 -1.879882812500000000e-01 3.002929687500000000e-02
9.804687500000000000e-01 -2.094726562500000000e-01 -2.368164062500000000e-02
9.821777343750000000e-01 -1.826171875000000000e-01 1.391601562500000000e-02
9.821777343750000000e-01 -1.826171875000000000e-01 1.391601562500000000e-02
9.887695312500000000e-01 -2.749023437500000000e-01 1.464843750000000000e-03
1.021484375000000000e+00 -2.219238281250000000e-01 -3.076171875000000000e-02
9.702148437500000000e-01 -1.601562500000000000e-01 1.264648437500000000e-01
9.702148437500000000e-01 -1.601562500000000000e-01 1.264648437500000000e-01
9.846191406250000000e-01 -1.621093750000000000e-01 1.291503906250000000e-01
9.370117187500000000e-01 -2.568359375000000000e-01 1.418457031250000000e-01
9.370117187500000000e-01 -2.568359375000000000e-01 1.418457031250000000e-01
1.006347656250000000e+00 -2.280273437500000000e-01 6.079101562500000000e-02
1.154785156250000000e+00 -2.609863281250000000e-01 -5.273437500000000000e-02
9.492187500000000000e-01 -2.072753906250000000e-01 -1.064453125000000000e-01
1.085449218750000000e+00 -5.346679687500000000e-02 -5.541992187500000000e-02
1.084716796875000000e+00 -9.033203125000000000e-02 6.225585937500000000e-02
9.289550781250000000e-01 -1.062011718750000000e-01 1.210937500000000000e-01
1.016601562500000000e+00 -6.225585937500000000e-02 1.115722656250000000e-01
1.081298828125000000e+00 1.423339843750000000e-01 1.428222656250000000e-01
1.041015625000000000e+00 -9.326171875000000000e-02 1.914062500000000000e-01
1.041015625000000000e+00 -9.326171875000000000e-02 1.914062500000000000e-01
9.008789062500000000e-01 -1.906738281250000000e-01 -2.783203125000000000e-02
9.008789062500000000e-01 -1.906738281250000000e-01 -2.783203125000000000e-02
1.153564453125000000e+00 -2.043457031250000000e-01 -2.272949218750000000e-01
1.027343750000000000e+00 -2.897949218750000000e-01 8.471679687500000000e-02
1.148193359375000000e+00 5.981445312500000000e-02 2.104492187500000000e-01
3.349609375000000000e-01 -1.721191406250000000e-01 -2.092285156250000000e-01
4.938964843750000000e-01 -1.323242187500000000e-01 -1.306152343750000000e-01
6.337890625000000000e-01 -2.985839843750000000e-01 -2.644042968750000000e-01
4.597167968750000000e-01 -6.315917968750000000e-01 -6.225585937500000000e-01
1.140625000000000000e+00 2.502441406250000000e-01 -1.030273437500000000e-01
7.434082031250000000e-01 -2.297363281250000000e-01 -2.182617187500000000e-01
7.185058593750000000e-01 2.497558593750000000e-01 2.246093750000000000e-02
6.745605468750000000e-01 5.058593750000000000e-01 -2.758789062500000000e-02
1.075439453125000000e+00 3.293457031250000000e-01 -2.639160156250000000e-01
9.536132812500000000e-01 1.092041015625000000e+00 1.220703125000000000e-02
1.414550781250000000e+00 1.645507812500000000e+00 2.731933593750000000e-01
1.698242187500000000e+00 2.767333984375000000e+00 3.393554687500000000e-02
1.698242187500000000e+00 2.767333984375000000e+00 3.393554687500000000e-02
1.611572265625000000e+00 7.038574218750000000e-01 5.019531250000000000e-01
6.379394531250000000e-01 3.779296875000000000e-01 2.470703125000000000e-01
-7.463378906250000000e-01 4.907226562500000000e-01 -1.918945312500000000e-01
-7.463378906250000000e-01 4.907226562500000000e-01 -1.918945312500000000e-01
-7.595214843750000000e-01 7.990722656250000000e-01 1.647949218750000000e-01
-5.947265625000000000e-01 6.992187500000000000e-01 1.721191406250000000e-01
-5.947265625000000000e-01 6.992187500000000000e-01 1.721191406250000000e-01
-5.371093750000000000e-01 1.156494140625000000e+00 -1.367187500000000000e-01
-3.671875000000000000e-01 8.117675781250000000e-01 -8.593750000000000000e-02
-3.671875000000000000e-01 8.117675781250000000e-01 -8.593750000000000000e-02
-1.320800781250000000e-01 1.201171875000000000e+00 -1.696777343750000000e-01
-1.320800781250000000e-01 1.201171875000000000e+00 -1.696777343750000000e-01
-5.371093750000000000e-03 1.026367187500000000e+00 -1.120605468750000000e-01
2.412109375000000000e-01 9.843750000000000000e-01 6.347656250000000000e-03
1.552734375000000000e-01 7.893066406250000000e-01 -1.887207031250000000e-01
5.180664062500000000e-01 9.172363281250000000e-01 6.250000000000000000e-02
3.269042968750000000e-01 9.755859375000000000e-01 1.486816406250000000e-01
1.660156250000000000e-01 9.567871093750000000e-01 4.443359375000000000e-02
2.529296875000000000e-01 8.676757812500000000e-01 1.057128906250000000e-01
1.533203125000000000e-01 1.064697265625000000e+00 1.335449218750000000e-01
1.054687500000000000e-01 1.004882812500000000e+00 5.810546875000000000e-02
1.054687500000000000e-01 1.004882812500000000e+00 5.810546875000000000e-02
1.193847656250000000e-01 9.294433593750000000e-01 4.882812500000000000e-02
1.191406250000000000e-01 9.326171875000000000e-01 6.127929687500000000e-02
1.191406250000000000e-01 9.326171875000000000e-01 6.127929687500000000e-02
1.096191406250000000e-01 9.365234375000000000e-01 5.273437500000000000e-02
1.074218750000000000e-01 1.003417968750000000e+00 4.785156250000000000e-02
9.667968750000000000e-02 1.008544921875000000e+00 5.126953125000000000e-02
9.765625000000000000e-02 1.006835937500000000e+00 4.516601562500000000e-02
9.765625000000000000e-02 1.006835937500000000e+00 4.516601562500000000e-02
1.091308593750000000e-01 9.370117187500000000e-01 5.761718750000000000e-02
1.091308593750000000e-01 9.370117187500000000e-01 5.761718750000000000e-02
1.091308593750000000e-01 9.370117187500000000e-01 5.761718750000000000e-02
1.145019531250000000e-01 9.353027343750000000e-01 4.931640625000000000e-02
1.145019531250000000e-01 9.353027343750000000e-01 4.931640625000000000e-02
1.108398437500000000e-01 1.002197265625000000e+00 4.809570312500000000e-02
1.201171875000000000e-01 1.001708984375000000e+00 5.175781250000000000e-02
1.228027343750000000e-01 1.003906250000000000e+00 5.371093750000000000e-02
1.184082031250000000e-01 1.001708984375000000e+00 6.201171875000000000e-02
1.166992187500000000e-01 1.002929687500000000e+00 5.200195312500000000e-02
1.062011718750000000e-01 1.001464843750000000e+00 1.298828125000000000e-01
1.118164062500000000e-01 1.006347656250000000e+00 1.286621093750000000e-01
1.130371093750000000e-01 9.367675781250000000e-01 1.303710937500000000e-01
1.176757812500000000e-01 1.001953125000000000e+00 1.330566406250000000e-01
1.223144531250000000e-01 1.001953125000000000e+00 5.834960937500000000e-02
1.159667968750000000e-01 1.000244140625000000e+00 1.308593750000000000e-01
1.235351562500000000e-01 1.001953125000000000e+00 1.296386718750000000e-01
1.164550781250000000e-01 1.002197265625000000e+00 6.103515625000000000e-02
1.137695312500000000e-01 1.006835937500000000e+00 1.401367187500000000e-01
1.105957031250000000e-01 1.006103515625000000e+00 1.464843750000000000e-01
1.142578125000000000e-01 1.000488281250000000e+00 1.455078125000000000e-01
1.147460937500000000e-01 1.007568359375000000e+00 1.396484375000000000e-01
1.191406250000000000e-01 9.370117187500000000e-01 1.403808593750000000e-01
1.215820312500000000e-01 9.333496093750000000e-01 1.372070312500000000e-01
1.152343750000000000e-01 1.001464843750000000e+00 1.425781250000000000e-01
1.196289062500000000e-01 1.001464843750000000e+00 1.401367187500000000e-01
1.152343750000000000e-01 1.000000000000000000e+00 1.472167968750000000e-01
1.166992187500000000e-01 9.353027343750000000e-01 1.445312500000000000e-01
1.140136718750000000e-01 1.001708984375000000e+00 1.435546875000000000e-01
1.132812500000000000e-01 1.003417968750000000e+00 1.398925781250000000e-01
1.162109375000000000e-01 1.002197265625000000e+00 1.430664062500000000e-01
1.188964843750000000e-01 1.003906250000000000e+00 1.396484375000000000e-01
1.203613281250000000e-01 1.003417968750000000e+00 1.389160156250000000e-01
1.149902343750000000e-01 9.328613281250000000e-01 1.391601562500000000e-01
1.184082031250000000e-01 1.000976562500000000e+00 1.425781250000000000e-01
1.159667968750000000e-01 9.335937500000000000e-01 1.428222656250000000e-01
1.223144531250000000e-01 9.360351562500000000e-01 1.406250000000000000e-01
1.176757812500000000e-01 1.002929687500000000e+00 1.496582031250000000e-01
1.123046875000000000e-01 1.002929687500000000e+00 1.552734375000000000e-01
1.123046875000000000e-01 1.002929687500000000e+00 1.552734375000000000e-01
1.191406250000000000e-01 9.353027343750000000e-01 1.445312500000000000e-01
1.164550781250000000e-01 1.002929687500000000e+00 1.525878906250000000e-01
1.164550781250000000e-01 1.002929687500000000e+00 1.525878906250000000e-01
1.159667968750000000e-01 1.001953125000000000e+00 1.428222656250000000e-01
1.191406250000000000e-01 9.370117187500000000e-01 1.457519531250000000e-01
1.152343750000000000e-01 1.002929687500000000e+00 1.489257812500000000e-01
1.198730468750000000e-01 1.001953125000000000e+00 1.398925781250000000e-01
1.176757812500000000e-01 9.367675781250000000e-01 1.379394531250000000e-01
1.142578125000000000e-01 9.372558593750000000e-01 1.376953125000000000e-01
1.130371093750000000e-01 1.000244140625000000e+00 1.381835937500000000e-01
1.186523437500000000e-01 1.003662109375000000e+00 1.289062500000000000e-01
1.188964843750000000e-01 1.003417968750000000e+00 1.284179687500000000e-01
1.218261718750000000e-01 1.001953125000000000e+00 1.328125000000000000e-01
1.203613281250000000e-01 1.002197265625000000e+00 1.286621093750000000e-01
1.132812500000000000e-01 1.001220703125000000e+00 1.252441406250000000e-01
1.203613281250000000e-01 9.362792968750000000e-01 1.337890625000000000e-01
1.162109375000000000e-01 1.000732421875000000e+00 5.932617187500000000e-02
1.127929687500000000e-01 1.003906250000000000e+00 1.354980468750000000e-01
1.206054687500000000e-01 9.370117187500000000e-01 1.320800781250000000e-01
1.159667968750000000e-01 9.372558593750000000e-01 1.391601562500000000e-01
1.203613281250000000e-01 1.006591796875000000e+00 1.445312500000000000e-01
1.169433593750000000e-01 9.343261718750000000e-01 1.428222656250000000e-01
1.169433593750000000e-01 9.343261718750000000e-01 1.428222656250000000e-01
1.171875000000000000e-01 1.000732421875000000e+00 1.442871093750000000e-01
1.105957031250000000e-01 9.343261718750000000e-01 1.469726562500000000e-01
1.159667968750000000e-01 9.350585937500000000e-01 1.518554687500000000e-01
1.142578125000000000e-01 9.360351562500000000e-01 1.479492187500000000e-01
1.142578125000000000e-01 9.360351562500000000e-01 1.479492187500000000e-01
1.166992187500000000e-01 1.002197265625000000e+00 1.499023437500000000e-01
1.213378906250000000e-01 1.001220703125000000e+00 1.501464843750000000e-01
1.147460937500000000e-01 1.005371093750000000e+00 1.516113281250000000e-01
1.154785156250000000e-01 1.002197265625000000e+00 1.486816406250000000e-01
1.096191406250000000e-01 1.000732421875000000e+00 1.540527343750000000e-01
1.125488281250000000e-01 9.355468750000000000e-01 1.464843750000000000e-01
1.171875000000000000e-01 1.001220703125000000e+00 1.486816406250000000e-01
1.171875000000000000e-01 1.003173828125000000e+00 1.506347656250000000e-01
1.135253906250000000e-01 1.004150390625000000e+00 1.538085937500000000e-01
1.149902343750000000e-01 1.000488281250000000e+00 1.464843750000000000e-01
1.154785156250000000e-01 9.370117187500000000e-01 1.437988281250000000e-01
1.066894531250000000e-01 9.333496093750000000e-01 9.448242187500000000e-02
1.145019531250000000e-01 1.003906250000000000e+00 1.450195312500000000e-01
1.130371093750000000e-01 1.005126953125000000e+00 1.520996093750000000e-01
1.171875000000000000e-01 9.338378906250000000e-01 1.005859375000000000e-01
1.171875000000000000e-01 9.338378906250000000e-01 1.005859375000000000e-01
1.152343750000000000e-01 9.365234375000000000e-01 1.491699218750000000e-01
1.125488281250000000e-01 1.001220703125000000e+00 1.508789062500000000e-01
1.171875000000000000e-01 1.007568359375000000e+00 9.619140625000000000e-02
1.181640625000000000e-01 1.014648437500000000e+00 1.518554687500000000e-01
1.174316406250000000e-01 1.003662109375000000e+00 1.181640625000000000e-01
1.225585937500000000e-01 9.335937500000000000e-01 1.943359375000000000e-01
1.225585937500000000e-01 9.335937500000000000e-01 1.943359375000000000e-01
1.879882812500000000e-01 9.318847656250000000e-01 1.245117187500000000e-01
1.223144531250000000e-01 9.353027343750000000e-01 2.043457031250000000e-01
1.115722656250000000e-01 9.313964843750000000e-01 1.994628906250000000e-01
1.127929687500000000e-01 1.000000000000000000e+00 2.033691406250000000e-01
1.145019531250000000e-01 1.000976562500000000e+00 1.953125000000000000e-01
1.154785156250000000e-01 1.000488281250000000e+00 1.979980468750000000e-01
1.152343750000000000e-01 1.001953125000000000e+00 1.958007812500000000e-01
1.179199218750000000e-01 9.370117187500000000e-01 1.909179687500000000e-01
1.147460937500000000e-01 9.331054687500000000e-01 2.075195312500000000e-01
1.162109375000000000e-01 9.318847656250000000e-01 1.992187500000000000e-01
1.105957031250000000e-01 1.002685546875000000e+00 1.997070312500000000e-01
1.110839843750000000e-01 9.355468750000000000e-01 2.072753906250000000e-01
1.127929687500000000e-01 9.357910156250000000e-01 2.016601562500000000e-01
1.123046875000000000e-01 9.345703125000000000e-01 2.087402343750000000e-01
1.176757812500000000e-01 1.000244140625000000e+00 2.033691406250000000e-01
1.157226562500000000e-01 9.328613281250000000e-01 2.077636718750000000e-01
1.147460937500000000e-01 9.365234375000000000e-01 2.065429687500000000e-01
1.115722656250000000e-01 9.338378906250000000e-01 2.055664062500000000e-01
1.125488281250000000e-01 9.367675781250000000e-01 2.028808593750000000e-01
