1.025878906250000000e+00 1.269531250000000000e-01 2.929687500000000000e-01
1.025878906250000000e+00 1.269531250000000000e-01 2.929687500000000000e-01
1.025878906250000000e+00 1.269531250000000000e-01 2.929687500000000000e-01
1.022705078125000000e+00 1.271972656250000000e-01 2.980957031250000000e-01
1.025146484375000000e+00 1.250000000000000000e-01 2.937011718750000000e-01
1.024414062500000000e+00 1.252441406250000000e-01 2.929687500000000000e-01
1.026123046875000000e+00 6.152343750000000000e-02 2.939453125000000000e-01
1.027343750000000000e+00 1.286621093750000000e-01 2.873535156250000000e-01
1.017333984375000000e+00 6.079101562500000000e-02 2.944335937500000000e-01
1.020507812500000000e+00 1.250000000000000000e-01 2.888183593750000000e-01
1.023681640625000000e+00 1.320800781250000000e-01 2.861328125000000000e-01
9.785156250000000000e-01 6.005859375000000000e-02 3.349609375000000000e-01
1.065673828125000000e+00 1.306152343750000000e-01 2.473144531250000000e-01
9.699707031250000000e-01 4.956054687500000000e-02 3.271484375000000000e-01
1.012695312500000000e+00 5.957031250000000000e-02 3.344726562500000000e-01
1.016601562500000000e+00 1.267089843750000000e-01 2.458496093750000000e-01
9.880371093750000000e-01 1.262207031250000000e-01 3.388671875000000000e-01
1.025390625000000000e+00 6.103515625000000000e-02 3.427734375000000000e-01
1.012451171875000000e+00 1.259765625000000000e-01 3.107910156250000000e-01
1.022216796875000000e+00 1.374511718750000000e-01 2.897949218750000000e-01
9.992675781250000000e-01 5.810546875000000000e-02 3.298339843750000000e-01
1.030517578125000000e+00 1.291503906250000000e-01 2.951660156250000000e-01
1.030517578125000000e+00 1.291503906250000000e-01 2.951660156250000000e-01
1.008789062500000000e+00 6.127929687500000000e-02 3.071289062500000000e-01
1.002685546875000000e+00 5.371093750000000000e-02 3.996582031250000000e-01
9.338378906250000000e-01 5.639648437500000000e-02 2.294921875000000000e-01
1.028564453125000000e+00 5.322265625000000000e-02 3.610839843750000000e-01
1.068847656250000000e+00 5.883789062500000000e-02 3.056640625000000000e-01
1.009765625000000000e+00 5.493164062500000000e-02 3.830566406250000000e-01
9.858398437500000000e-01 1.306152343750000000e-01 2.932128906250000000e-01
9.736328125000000000e-01 5.834960937500000000e-02 2.922363281250000000e-01
9.226074218750000000e-01 5.566406250000000000e-02 3.671875000000000000e-01
9.426269531250000000e-01 8.105468750000000000e-02 3.593750000000000000e-01
9.221191406250000000e-01 9.179687500000000000e-02 3.984375000000000000e-01
9.553222656250000000e-01 1.308593750000000000e-01 3.754882812500000000e-01
8.901367187500000000e-01 1.391601562500000000e-01 3.371582031250000000e-01
6.872558593750000000e-01 8.886718750000000000e-02 2.263183593750000000e-01
7.897949218750000000e-01 1.391601562500000000e-01 3.654785156250000000e-01
6.652832031250000000e-01 4.687500000000000000e-02 1.574707031250000000e-01
4.880371093750000000e-01 1.635742187500000000e-02 2.253417968750000000e-01
6.738281250000000000e-01 7.324218750000000000e-03 3.269042968750000000e-01
6.494140625000000000e-01 2.060546875000000000e-01 1.577148437500000000e-01
1.030761718750000000e+00 1.762695312500000000e-01 5.466308593750000000e-01
5.988769531250000000e-01 -9.960937500000000000e-02 -3.410644531250000000e-01
2.800292968750000000e-01 9.765625000000000000e-03 2.626953125000000000e-01
4.482421875000000000e-01 2.114257812500000000e-01 1.623535156250000000e-01
-2.060546875000000000e-01 -1.708984375000000000e-03 9.033203125000000000e-03
2.878906250000000000e+00 1.057617187500000000e+00 4.808349609375000000e+00
4.509277343750000000e-01 -2.978515625000000000e-01 3.032958984375000000e+00
-4.584960937500000000e-01 -7.785644531250000000e-01 -1.721191406250000000e-01
2.585449218750000000e-01 -6.982421875000000000e-02 1.286132812500000000e+00
4.372558593750000000e-01 7.788085937500000000e-02 5.590820312500000000e-01
-1.185058593750000000e+00 5.859375000000000000e-02 2.197265625000000000e-03
-1.665283203125000000e+00 2.443847656250000000e-01 1.442626953125000000e+00
-1.071533203125000000e+00 1.799316406250000000e-01 9.865722656250000000e-01
-6.127929687500000000e-01 -9.448242187500000000e-02 7.792968750000000000e-01
-3.510742187500000000e-01 -8.154296875000000000e-02 8.793945312500000000e-01
-5.168457031250000000e-01 -1.684570312500000000e-02 7.761230468750000000e-01
-4.113769531250000000e-01 2.424316406250000000e-01 9.169921875000000000e-01
4.172363281250000000e-01 3.662109375000000000e-02 1.577148437500000000e+00
-1.613769531250000000e-01 -3.376464843750000000e-01 1.177001953125000000e+00
-7.656250000000000000e-01 -4.760742187500000000e-02 7.770996093750000000e-01
2.880859375000000000e-02 -2.075195312500000000e-02 1.068359375000000000e+00
9.399414062500000000e-02 6.591796875000000000e-03 9.768066406250000000e-01
-1.467285156250000000e-01 -1.501464843750000000e-01 1.212158203125000000e+00
-2.001953125000000000e-01 -1.159667968750000000e-01 1.203369140625000000e+00
-5.395507812500000000e-02 -9.130859375000000000e-02 1.041992187500000000e+00
-4.614257812500000000e-02 2.587890625000000000e-02 1.019287109375000000e+00
-1.247558593750000000e-01 1.098632812500000000e-02 1.117675781250000000e+00
-3.417968750000000000e-02 1.318359375000000000e-02 1.197021484375000000e+00
-1.240234375000000000e-01 -9.326171875000000000e-02 1.011718750000000000e+00
-1.098632812500000000e-01 -1.284179687500000000e-01 1.195312500000000000e+00
-2.016601562500000000e-01 -8.398437500000000000e-02 1.047363281250000000e+00
-1.230468750000000000e-01 2.416992187500000000e-02 1.045166015625000000e+00
-1.354980468750000000e-01 3.417968750000000000e-03 1.044677734375000000e+00
-8.911132812500000000e-02 -3.808593750000000000e-02 1.142333984375000000e+00
-2.021484375000000000e-01 1.660156250000000000e-02 1.034912109375000000e+00
-2.192382812500000000e-01 8.056640625000000000e-03 1.094970703125000000e+00
-1.923828125000000000e-01 6.591796875000000000e-03 1.077392578125000000e+00
-1.936035156250000000e-01 -6.323242187500000000e-02 1.089355468750000000e+00
-2.111816406250000000e-01 -8.007812500000000000e-02 1.049072265625000000e+00
-1.594238281250000000e-01 -9.301757812500000000e-02 1.093017578125000000e+00
-2.036132812500000000e-01 -8.349609375000000000e-02 1.150634765625000000e+00
-1.162109375000000000e-01 1.000976562500000000e-02 1.134521484375000000e+00
-1.962890625000000000e-01 6.103515625000000000e-03 1.032226562500000000e+00
-1.999511718750000000e-01 6.591796875000000000e-03 1.040771484375000000e+00
-2.038574218750000000e-01 2.441406250000000000e-03 1.059326171875000000e+00
-1.149902343750000000e-01 2.441406250000000000e-04 1.150634765625000000e+00
-1.081542968750000000e-01 1.782226562500000000e-02 1.033691406250000000e+00
-1.967773437500000000e-01 2.490234375000000000e-02 1.079833984375000000e+00
-1.149902343750000000e-01 -6.469726562500000000e-02 1.127441406250000000e+00
-1.040039062500000000e-01 2.929687500000000000e-02 1.060546875000000000e+00
-1.152343750000000000e-01 -2.783203125000000000e-02 1.049072265625000000e+00
-1.447753906250000000e-01 -7.641601562500000000e-02 1.053955078125000000e+00
-1.396484375000000000e-01 -7.861328125000000000e-02 1.040771484375000000e+00
-9.716796875000000000e-02 -7.128906250000000000e-02 1.049316406250000000e+00
-1.494140625000000000e-01 -7.690429687500000000e-02 1.127197265625000000e+00
-6.127929687500000000e-02 -8.032226562500000000e-02 1.130859375000000000e+00
-1.357421875000000000e-01 -8.789062500000000000e-02 1.146972656250000000e+00
-4.492187500000000000e-02 -8.447265625000000000e-02 1.140869140625000000e+00
-5.468750000000000000e-02 -8.715820312500000000e-02 1.061035156250000000e+00
-5.761718750000000000e-02 -8.813476562500000000e-02 1.139648437500000000e+00
-4.809570312500000000e-02 -7.470703125000000000e-02 1.132324218750000000e+00
-3.417968750000000000e-02 -7.885742187500000000e-02 1.137451171875000000e+00
-8.618164062500000000e-02 -7.739257812500000000e-02 1.126464843750000000e+00
-7.812500000000000000e-02 -7.641601562500000000e-02 1.042236328125000000e+00
-8.300781250000000000e-02 -7.592773437500000000e-02 1.129150390625000000e+00
-8.056640625000000000e-02 -7.519531250000000000e-02 1.139160156250000000e+00
-8.007812500000000000e-02 -7.763671875000000000e-02 1.126220703125000000e+00
-6.445312500000000000e-02 -8.447265625000000000e-02 1.045166015625000000e+00
-8.325195312500000000e-02 -6.567382812500000000e-02 9.797363281250000000e-01
-6.225585937500000000e-02 -6.884765625000000000e-02 1.060546875000000000e+00
-5.834960937500000000e-02 -4.687500000000000000e-02 1.183349609375000000e+00
6.176757812500000000e-02 -7.666015625000000000e-02 1.663818359375000000e+00
-4.584960937500000000e-01 6.445312500000000000e-02 5.827636718750000000e-01
-3.586425781250000000e-01 1.611328125000000000e-02 1.241943359375000000e+00
-2.829589843750000000e-01 -7.763671875000000000e-02 1.047851562500000000e+00
-1.145019531250000000e-01 4.150390625000000000e-03 1.149414062500000000e+00
-1.599121093750000000e-01 5.615234375000000000e-03 1.071044921875000000e+00
-2.624511718750000000e-01 7.324218750000000000e-04 1.043457031250000000e+00
-2.966308593750000000e-01 2.709960937500000000e-02 1.017333984375000000e+00
-2.221679687500000000e-01 5.371093750000000000e-03 1.055419921875000000e+00
-2.045898437500000000e-01 -8.789062500000000000e-02 1.042236328125000000e+00
-1.374511718750000000e-01 -6.420898437500000000e-02 1.113769531250000000e+00
-2.978515625000000000e-01 4.882812500000000000e-03 9.291992187500000000e-01
-3.408203125000000000e-01 6.591796875000000000e-03 9.858398437500000000e-01
-2.216796875000000000e-01 4.882812500000000000e-03 1.085449218750000000e+00
-1.955566406250000000e-01 -8.154296875000000000e-02 1.103271484375000000e+00
-1.611328125000000000e-01 0.000000000000000000e+00 1.070800781250000000e+00
-3.754882812500000000e-01 1.245117187500000000e-02 1.069824218750000000e+00
-3.762207031250000000e-01 -6.298828125000000000e-02 1.070556640625000000e+00
-2.294921875000000000e-01 1.269531250000000000e-02 9.753417968750000000e-01
-1.787109375000000000e-01 1.098632812500000000e-02 1.142822265625000000e+00
-2.246093750000000000e-01 -6.274414062500000000e-02 1.000000000000000000e+00
-3.181152343750000000e-01 -7.617187500000000000e-02 1.049072265625000000e+00
-2.353515625000000000e-01 -6.738281250000000000e-02 1.088867187500000000e+00
-2.219238281250000000e-01 -7.031250000000000000e-02 1.082763671875000000e+00
-2.343750000000000000e-01 -7.080078125000000000e-02 1.077880859375000000e+00
-2.392578125000000000e-01 7.324218750000000000e-04 1.069580078125000000e+00
-2.619628906250000000e-01 -7.080078125000000000e-02 1.095703125000000000e+00
-3.063964843750000000e-01 1.318359375000000000e-02 1.020019531250000000e+00
-2.824707031250000000e-01 6.835937500000000000e-03 9.953613281250000000e-01
-2.543945312500000000e-01 1.831054687500000000e-02 1.047607421875000000e+00
-2.746582031250000000e-01 6.591796875000000000e-03 1.135009765625000000e+00
-1.718750000000000000e-01 -6.689453125000000000e-02 1.050048828125000000e+00
-2.011718750000000000e-01 -7.666015625000000000e-02 1.093017578125000000e+00
-2.561035156250000000e-01 -6.616210937500000000e-02 1.091552734375000000e+00
-1.784667968750000000e-01 -7.226562500000000000e-02 1.075683593750000000e+00
-2.104492187500000000e-01 -6.323242187500000000e-02 1.042480468750000000e+00
-1.872558593750000000e-01 2.441406250000000000e-03 1.083251953125000000e+00
-1.625976562500000000e-01 -6.689453125000000000e-02 1.062500000000000000e+00
-1.723632812500000000e-01 8.789062500000000000e-03 1.040527343750000000e+00
-1.738281250000000000e-01 -6.713867187500000000e-02 1.047119140625000000e+00
-1.804199218750000000e-01 3.173828125000000000e-03 1.040039062500000000e+00
-2.097167968750000000e-01 -6.518554687500000000e-02 1.038574218750000000e+00
-2.072753906250000000e-01 -6.494140625000000000e-02 1.091796875000000000e+00
-1.821289062500000000e-01 -6.396484375000000000e-02 1.039306640625000000e+00
-2.075195312500000000e-01 -6.909179687500000000e-02 1.062011718750000000e+00
-2.070312500000000000e-01 -6.933593750000000000e-02 1.045410156250000000e+00
-2.106933593750000000e-01 -6.640625000000000000e-02 1.125488281250000000e+00
-2.077636718750000000e-01 -6.469726562500000000e-02 1.047119140625000000e+00
-2.109375000000000000e-01 1.220703125000000000e-03 1.036132812500000000e+00
-2.050781250000000000e-01 -6.347656250000000000e-02 1.051757812500000000e+00
-2.023925781250000000e-01 -6.616210937500000000e-02 1.048583984375000000e+00
-2.031250000000000000e-01 -7.055664062500000000e-02 1.061279296875000000e+00
-2.106933593750000000e-01 -6.591796875000000000e-02 1.061279296875000000e+00
-1.115722656250000000e-01 -7.128906250000000000e-02 1.047851562500000000e+00
-1.242675781250000000e-01 -7.226562500000000000e-02 1.044921875000000000e+00
-1.230468750000000000e-01 -6.567382812500000000e-02 1.125976562500000000e+00
-1.228027343750000000e-01 -6.909179687500000000e-02 1.055419921875000000e+00
-1.530761718750000000e-01 1.220703125000000000e-03 1.060791015625000000e+00
-1.489257812500000000e-01 -7.153320312500000000e-02 1.062255859375000000e+00
-1.423339843750000000e-01 -7.006835937500000000e-02 1.055175781250000000e+00
-1.430664062500000000e-01 1.220703125000000000e-03 1.034912109375000000e+00
-1.345214843750000000e-01 -6.616210937500000000e-02 1.044921875000000000e+00
-3.125000000000000000e-02 -8.959960937500000000e-02 1.131591796875000000e+00
-3.662109375000000000e-02 1.074218750000000000e-02 1.126464843750000000e+00
-9.033203125000000000e-02 -6.274414062500000000e-02 1.144775390625000000e+00
-8.007812500000000000e-02 -7.543945312500000000e-02 1.043212890625000000e+00
-3.247070312500000000e-02 -6.518554687500000000e-02 1.048339843750000000e+00
-9.277343750000000000e-02 -7.177734375000000000e-02 1.130126953125000000e+00
-9.155273437500000000e-02 -7.055664062500000000e-02 1.129882812500000000e+00
-3.247070312500000000e-02 -7.373046875000000000e-02 1.052001953125000000e+00
-3.588867187500000000e-02 -7.104492187500000000e-02 1.058837890625000000e+00
-3.955078125000000000e-02 -8.007812500000000000e-02 1.126464843750000000e+00
-5.151367187500000000e-02 -7.934570312500000000e-02 1.060791015625000000e+00
-4.345703125000000000e-02 -7.568359375000000000e-02 1.129394531250000000e+00
-4.589843750000000000e-02 -7.983398437500000000e-02 1.061035156250000000e+00
-4.809570312500000000e-02 -8.300781250000000000e-02 1.137207031250000000e+00
-4.785156250000000000e-02 -8.544921875000000000e-02 1.131347656250000000e+00
-4.443359375000000000e-02 -8.740234375000000000e-02 1.135498046875000000e+00
-3.173828125000000000e-02 -8.837890625000000000e-02 1.053222656250000000e+00
-5.664062500000000000e-02 -8.837890625000000000e-02 1.130859375000000000e+00
-5.371093750000000000e-02 -9.082031250000000000e-02 1.138671875000000000e+00
-4.565429687500000000e-02 -8.813476562500000000e-02 1.127197265625000000e+00
-4.467773437500000000e-02 -8.325195312500000000e-02 1.128417968750000000e+00
-4.248046875000000000e-02 -9.033203125000000000e-02 1.129882812500000000e+00
-4.223632812500000000e-02 -9.350585937500000000e-02 1.128662109375000000e+00
-4.858398437500000000e-02 -9.350585937500000000e-02 1.137695312500000000e+00
-4.345703125000000000e-02 -9.301757812500000000e-02 1.143554687500000000e+00
