4.200000000000000000e+01 -1.670000000000000000e+02 -7.500000000000000000e+01
2.300000000000000000e+01 -2.970000000000000000e+02 -1.030000000000000000e+02
1.570000000000000000e+02 -3.710000000000000000e+02 -2.800000000000000000e+01
1.000000000000000000e+01 -3.030000000000000000e+02 -2.670000000000000000e+02
-3.800000000000000000e+01 -1.860000000000000000e+02 -2.970000000000000000e+02
-7.000000000000000000e+00 -1.810000000000000000e+02 -1.380000000000000000e+02
8.400000000000000000e+01 -2.480000000000000000e+02 -1.720000000000000000e+02
-3.200000000000000000e+01 -1.750000000000000000e+02 -1.140000000000000000e+02
-3.500000000000000000e+01 -9.900000000000000000e+01 -4.700000000000000000e+01
1.000000000000000000e+00 -1.680000000000000000e+02 -6.400000000000000000e+01
-4.000000000000000000e+00 -1.490000000000000000e+02 -4.100000000000000000e+01
7.300000000000000000e+01 -2.280000000000000000e+02 -9.100000000000000000e+01
-2.800000000000000000e+01 -3.390000000000000000e+02 -9.300000000000000000e+01
-1.030000000000000000e+02 -3.050000000000000000e+02 -1.700000000000000000e+01
-8.000000000000000000e+00 -3.420000000000000000e+02 -2.350000000000000000e+02
3.500000000000000000e+01 -2.030000000000000000e+02 -2.300000000000000000e+02
3.300000000000000000e+01 -1.930000000000000000e+02 -1.590000000000000000e+02
-1.700000000000000000e+01 -2.680000000000000000e+02 -1.660000000000000000e+02
1.600000000000000000e+01 -1.360000000000000000e+02 -8.000000000000000000e+01
2.900000000000000000e+01 -1.140000000000000000e+02 -7.000000000000000000e+01
2.400000000000000000e+01 -1.530000000000000000e+02 -6.900000000000000000e+01
-1.000000000000000000e+00 -1.870000000000000000e+02 -4.000000000000000000e+01
2.500000000000000000e+01 -2.450000000000000000e+02 -9.400000000000000000e+01
1.380000000000000000e+02 -3.160000000000000000e+02 -7.700000000000000000e+01
1.030000000000000000e+02 -3.350000000000000000e+02 -1.190000000000000000e+02
-2.200000000000000000e+01 -2.580000000000000000e+02 -3.580000000000000000e+02
-4.500000000000000000e+01 -1.640000000000000000e+02 -1.870000000000000000e+02
2.400000000000000000e+01 -2.370000000000000000e+02 -1.340000000000000000e+02
5.300000000000000000e+01 -2.410000000000000000e+02 -1.460000000000000000e+02
-1.900000000000000000e+01 -6.800000000000000000e+01 -4.300000000000000000e+01
-3.500000000000000000e+01 -1.370000000000000000e+02 -5.200000000000000000e+01
-9.000000000000000000e+00 -1.490000000000000000e+02 -6.500000000000000000e+01
8.300000000000000000e+01 -1.840000000000000000e+02 -1.280000000000000000e+02
8.700000000000000000e+01 -3.340000000000000000e+02 -1.010000000000000000e+02
-1.700000000000000000e+02 -3.720000000000000000e+02 -8.400000000000000000e+01
-4.700000000000000000e+01 -3.020000000000000000e+02 -2.290000000000000000e+02
-4.800000000000000000e+01 -1.720000000000000000e+02 -3.010000000000000000e+02
1.110000000000000000e+02 -6.500000000000000000e+01 -2.080000000000000000e+02
-1.000000000000000000e+01 -2.080000000000000000e+02 -2.230000000000000000e+02
3.200000000000000000e+01 -1.850000000000000000e+02 -2.220000000000000000e+02
7.600000000000000000e+01 -1.270000000000000000e+02 -1.470000000000000000e+02
9.000000000000000000e+00 -1.370000000000000000e+02 -1.320000000000000000e+02
-4.000000000000000000e+01 -1.260000000000000000e+02 -1.090000000000000000e+02
-9.000000000000000000e+00 -9.300000000000000000e+01 -9.200000000000000000e+01
1.700000000000000000e+01 -6.700000000000000000e+01 -1.450000000000000000e+02
5.500000000000000000e+01 -1.060000000000000000e+02 -1.410000000000000000e+02
1.220000000000000000e+02 -9.900000000000000000e+01 -1.640000000000000000e+02
-1.700000000000000000e+01 -9.400000000000000000e+01 -1.520000000000000000e+02
-8.300000000000000000e+01 -1.120000000000000000e+02 -5.100000000000000000e+01
-7.000000000000000000e+01 -3.400000000000000000e+01 -5.300000000000000000e+01
-4.500000000000000000e+01 -3.200000000000000000e+01 -4.300000000000000000e+01
-1.000000000000000000e+01 1.310000000000000000e+02 -5.200000000000000000e+01
1.900000000000000000e+01 1.420000000000000000e+02 -2.570000000000000000e+02
-1.640000000000000000e+02 -1.950000000000000000e+02 3.100000000000000000e+01
-1.300000000000000000e+01 3.100000000000000000e+02 -2.770000000000000000e+02
-2.800000000000000000e+01 -1.840000000000000000e+02 -2.810000000000000000e+02
-1.720000000000000000e+02 4.000000000000000000e+00 1.130000000000000000e+02
-1.700000000000000000e+02 9.000000000000000000e+00 1.240000000000000000e+02
-1.100000000000000000e+02 2.500000000000000000e+01 3.900000000000000000e+01
-1.000000000000000000e+02 9.000000000000000000e+01 -3.100000000000000000e+01
-3.820000000000000000e+02 8.680000000000000000e+02 -1.720000000000000000e+02
-2.000000000000000000e+01 3.700000000000000000e+01 -6.180000000000000000e+02
-4.100000000000000000e+01 1.530000000000000000e+02 -2.780000000000000000e+02
-1.000000000000000000e+00 -3.000000000000000000e+00 -3.120000000000000000e+02
-5.000000000000000000e+01 4.800000000000000000e+01 -2.590000000000000000e+02
-2.300000000000000000e+01 6.100000000000000000e+01 -2.330000000000000000e+02
2.000000000000000000e+01 -1.000000000000000000e+00 -2.490000000000000000e+02
-7.000000000000000000e+00 3.000000000000000000e+00 -2.660000000000000000e+02
-1.800000000000000000e+01 3.600000000000000000e+01 -2.620000000000000000e+02
-2.100000000000000000e+01 3.300000000000000000e+01 -2.560000000000000000e+02
-2.000000000000000000e+01 2.500000000000000000e+01 -2.570000000000000000e+02
-2.400000000000000000e+01 3.300000000000000000e+01 -2.500000000000000000e+02
-2.600000000000000000e+01 3.200000000000000000e+01 -2.560000000000000000e+02
-2.600000000000000000e+01 3.100000000000000000e+01 -2.560000000000000000e+02
-2.800000000000000000e+01 3.300000000000000000e+01 -2.540000000000000000e+02
-2.500000000000000000e+01 2.800000000000000000e+01 -2.530000000000000000e+02
-2.200000000000000000e+01 3.400000000000000000e+01 -2.580000000000000000e+02
-2.000000000000000000e+01 2.900000000000000000e+01 -2.500000000000000000e+02
-2.000000000000000000e+01 2.600000000000000000e+01 -2.570000000000000000e+02
-1.800000000000000000e+01 2.600000000000000000e+01 -2.540000000000000000e+02
-2.000000000000000000e+01 2.700000000000000000e+01 -2.550000000000000000e+02
-2.700000000000000000e+01 3.100000000000000000e+01 -2.510000000000000000e+02
-2.100000000000000000e+01 2.800000000000000000e+01 -2.560000000000000000e+02
-2.200000000000000000e+01 2.700000000000000000e+01 -2.560000000000000000e+02
-1.800000000000000000e+01 2.900000000000000000e+01 -2.580000000000000000e+02
-2.400000000000000000e+01 2.800000000000000000e+01 -2.530000000000000000e+02
-2.200000000000000000e+01 3.000000000000000000e+01 -2.550000000000000000e+02
-2.100000000000000000e+01 2.900000000000000000e+01 -2.550000000000000000e+02
-1.800000000000000000e+01 2.800000000000000000e+01 -2.560000000000000000e+02
-2.400000000000000000e+01 3.000000000000000000e+01 -2.520000000000000000e+02
-2.100000000000000000e+01 3.000000000000000000e+01 -2.540000000000000000e+02
-2.100000000000000000e+01 2.800000000000000000e+01 -2.570000000000000000e+02
-2.300000000000000000e+01 2.800000000000000000e+01 -2.530000000000000000e+02
-1.900000000000000000e+01 2.700000000000000000e+01 -2.540000000000000000e+02
-2.000000000000000000e+01 2.700000000000000000e+01 -2.540000000000000000e+02
-1.700000000000000000e+01 2.800000000000000000e+01 -2.520000000000000000e+02
-2.000000000000000000e+01 3.200000000000000000e+01 -2.550000000000000000e+02
-2.100000000000000000e+01 3.000000000000000000e+01 -2.570000000000000000e+02
-2.200000000000000000e+01 3.000000000000000000e+01 -2.550000000000000000e+02
-2.000000000000000000e+01 2.900000000000000000e+01 -2.560000000000000000e+02
-1.800000000000000000e+01 2.800000000000000000e+01 -2.550000000000000000e+02
-2.100000000000000000e+01 2.800000000000000000e+01 -2.530000000000000000e+02
-2.100000000000000000e+01 2.900000000000000000e+01 -2.560000000000000000e+02
-2.300000000000000000e+01 2.900000000000000000e+01 -2.560000000000000000e+02
-2.100000000000000000e+01 3.100000000000000000e+01 -2.570000000000000000e+02
-2.300000000000000000e+01 3.100000000000000000e+01 -2.590000000000000000e+02
-2.500000000000000000e+01 3.000000000000000000e+01 -2.540000000000000000e+02
-2.200000000000000000e+01 2.800000000000000000e+01 -2.580000000000000000e+02
-2.100000000000000000e+01 3.000000000000000000e+01 -2.520000000000000000e+02
-1.900000000000000000e+01 2.800000000000000000e+01 -2.560000000000000000e+02
-2.300000000000000000e+01 3.200000000000000000e+01 -2.550000000000000000e+02
-2.200000000000000000e+01 3.200000000000000000e+01 -2.560000000000000000e+02
-2.000000000000000000e+01 2.800000000000000000e+01 -2.570000000000000000e+02
-1.900000000000000000e+01 2.700000000000000000e+01 -2.570000000000000000e+02
-2.000000000000000000e+01 2.800000000000000000e+01 -2.560000000000000000e+02
-2.000000000000000000e+01 2.700000000000000000e+01 -2.550000000000000000e+02
-2.400000000000000000e+01 3.000000000000000000e+01 -2.550000000000000000e+02
-2.300000000000000000e+01 3.000000000000000000e+01 -2.550000000000000000e+02
-2.000000000000000000e+01 2.800000000000000000e+01 -2.600000000000000000e+02
-2.100000000000000000e+01 2.900000000000000000e+01 -2.530000000000000000e+02
-2.200000000000000000e+01 2.800000000000000000e+01 -2.550000000000000000e+02
-2.000000000000000000e+01 2.700000000000000000e+01 -2.500000000000000000e+02
-2.200000000000000000e+01 2.900000000000000000e+01 -2.500000000000000000e+02
-2.000000000000000000e+01 2.400000000000000000e+01 -2.540000000000000000e+02
-2.200000000000000000e+01 3.100000000000000000e+01 -2.540000000000000000e+02
-2.300000000000000000e+01 2.800000000000000000e+01 -2.540000000000000000e+02
-2.000000000000000000e+01 2.800000000000000000e+01 -2.550000000000000000e+02
-2.100000000000000000e+01 2.800000000000000000e+01 -2.540000000000000000e+02
-2.000000000000000000e+01 2.700000000000000000e+01 -2.520000000000000000e+02
-2.100000000000000000e+01 3.200000000000000000e+01 -2.520000000000000000e+02
-2.200000000000000000e+01 2.800000000000000000e+01 -2.590000000000000000e+02
-2.200000000000000000e+01 2.800000000000000000e+01 -2.550000000000000000e+02
-2.200000000000000000e+01 3.000000000000000000e+01 -2.530000000000000000e+02
-2.200000000000000000e+01 3.200000000000000000e+01 -2.540000000000000000e+02
-2.100000000000000000e+01 2.800000000000000000e+01 -2.540000000000000000e+02
-2.300000000000000000e+01 3.000000000000000000e+01 -2.560000000000000000e+02
-2.200000000000000000e+01 2.800000000000000000e+01 -2.550000000000000000e+02
-2.600000000000000000e+01 2.700000000000000000e+01 -2.500000000000000000e+02
-2.100000000000000000e+01 2.800000000000000000e+01 -2.580000000000000000e+02
-2.100000000000000000e+01 3.000000000000000000e+01 -2.560000000000000000e+02
-1.900000000000000000e+01 2.500000000000000000e+01 -2.530000000000000000e+02
-2.200000000000000000e+01 2.900000000000000000e+01 -2.490000000000000000e+02
-1.500000000000000000e+01 2.700000000000000000e+01 -2.620000000000000000e+02
-2.100000000000000000e+01 2.900000000000000000e+01 -2.540000000000000000e+02
-2.100000000000000000e+01 3.100000000000000000e+01 -2.540000000000000000e+02
-2.200000000000000000e+01 2.700000000000000000e+01 -2.500000000000000000e+02
-2.000000000000000000e+01 2.600000000000000000e+01 -2.520000000000000000e+02
-1.900000000000000000e+01 2.700000000000000000e+01 -2.560000000000000000e+02
-2.000000000000000000e+01 3.000000000000000000e+01 -2.550000000000000000e+02
-1.900000000000000000e+01 2.600000000000000000e+01 -2.530000000000000000e+02
-2.200000000000000000e+01 3.100000000000000000e+01 -2.570000000000000000e+02
-2.000000000000000000e+01 2.700000000000000000e+01 -2.520000000000000000e+02
-2.000000000000000000e+01 2.700000000000000000e+01 -2.580000000000000000e+02
-2.400000000000000000e+01 3.200000000000000000e+01 -2.550000000000000000e+02
-2.100000000000000000e+01 2.900000000000000000e+01 -2.550000000000000000e+02
-2.100000000000000000e+01 2.600000000000000000e+01 -2.540000000000000000e+02
-2.300000000000000000e+01 3.100000000000000000e+01 -2.580000000000000000e+02
-2.200000000000000000e+01 2.800000000000000000e+01 -2.550000000000000000e+02
-2.100000000000000000e+01 2.900000000000000000e+01 -2.550000000000000000e+02
-1.900000000000000000e+01 3.100000000000000000e+01 -2.550000000000000000e+02
-2.100000000000000000e+01 2.900000000000000000e+01 -2.560000000000000000e+02
-1.800000000000000000e+01 2.700000000000000000e+01 -2.550000000000000000e+02
-2.100000000000000000e+01 2.900000000000000000e+01 -2.530000000000000000e+02
-2.100000000000000000e+01 2.800000000000000000e+01 -2.560000000000000000e+02
-1.500000000000000000e+01 2.500000000000000000e+01 -2.590000000000000000e+02
-2.800000000000000000e+01 3.300000000000000000e+01 -2.550000000000000000e+02
-2.400000000000000000e+01 2.900000000000000000e+01 -2.550000000000000000e+02
-1.800000000000000000e+01 2.700000000000000000e+01 -2.510000000000000000e+02
-2.200000000000000000e+01 3.100000000000000000e+01 -2.530000000000000000e+02
-1.500000000000000000e+01 2.900000000000000000e+01 -2.580000000000000000e+02
-1.900000000000000000e+01 2.900000000000000000e+01 -2.580000000000000000e+02
-1.900000000000000000e+01 2.700000000000000000e+01 -2.570000000000000000e+02
-2.100000000000000000e+01 3.200000000000000000e+01 -2.580000000000000000e+02
-2.100000000000000000e+01 2.700000000000000000e+01 -2.560000000000000000e+02
-2.400000000000000000e+01 3.200000000000000000e+01 -2.520000000000000000e+02
-2.100000000000000000e+01 2.600000000000000000e+01 -2.560000000000000000e+02
-2.100000000000000000e+01 2.700000000000000000e+01 -2.560000000000000000e+02
-2.100000000000000000e+01 3.000000000000000000e+01 -2.570000000000000000e+02
-2.000000000000000000e+01 2.700000000000000000e+01 -2.540000000000000000e+02
-2.100000000000000000e+01 3.000000000000000000e+01 -2.530000000000000000e+02
-1.900000000000000000e+01 2.700000000000000000e+01 -2.520000000000000000e+02
-2.100000000000000000e+01 2.900000000000000000e+01 -2.570000000000000000e+02
-2.000000000000000000e+01 2.700000000000000000e+01 -2.530000000000000000e+02
-2.300000000000000000e+01 3.000000000000000000e+01 -2.510000000000000000e+02
-2.200000000000000000e+01 3.000000000000000000e+01 -2.580000000000000000e+02
-1.800000000000000000e+01 2.700000000000000000e+01 -2.590000000000000000e+02
-2.000000000000000000e+01 3.000000000000000000e+01 -2.550000000000000000e+02
-2.000000000000000000e+01 2.500000000000000000e+01 -2.560000000000000000e+02
-1.900000000000000000e+01 2.400000000000000000e+01 -2.560000000000000000e+02
-2.000000000000000000e+01 2.700000000000000000e+01 -2.540000000000000000e+02
-2.100000000000000000e+01 2.700000000000000000e+01 -2.530000000000000000e+02
-2.300000000000000000e+01 3.000000000000000000e+01 -2.550000000000000000e+02
-2.100000000000000000e+01 2.900000000000000000e+01 -2.550000000000000000e+02
-1.900000000000000000e+01 2.600000000000000000e+01 -2.550000000000000000e+02
-1.900000000000000000e+01 2.700000000000000000e+01 -2.550000000000000000e+02
-2.100000000000000000e+01 2.900000000000000000e+01 -2.570000000000000000e+02
-2.100000000000000000e+01 2.500000000000000000e+01 -2.560000000000000000e+02
-2.200000000000000000e+01 3.000000000000000000e+01 -2.580000000000000000e+02
-2.400000000000000000e+01 2.900000000000000000e+01 -2.550000000000000000e+02
-2.100000000000000000e+01 3.200000000000000000e+01 -2.520000000000000000e+02
