1.110000000000000000e+02 1.000000000000000000e+01 -7.600000000000000000e+01
6.400000000000000000e+01 2.200000000000000000e+01 -1.020000000000000000e+02
1.360000000000000000e+02 -4.960000000000000000e+02 1.200000000000000000e+01
7.700000000000000000e+01 -9.350000000000000000e+02 1.300000000000000000e+02
1.300000000000000000e+02 -1.640000000000000000e+02 1.320000000000000000e+02
-3.200000000000000000e+01 -1.400000000000000000e+02 -1.020000000000000000e+02
-4.400000000000000000e+01 -7.000000000000000000e+00 -2.290000000000000000e+02
3.800000000000000000e+01 -4.400000000000000000e+01 -2.280000000000000000e+02
1.010000000000000000e+02 -6.510000000000000000e+02 2.830000000000000000e+02
1.700000000000000000e+01 -5.870000000000000000e+02 2.490000000000000000e+02
4.600000000000000000e+01 -3.040000000000000000e+02 4.400000000000000000e+01
-2.980000000000000000e+02 -1.000000000000000000e+01 -7.700000000000000000e+01
8.400000000000000000e+01 1.860000000000000000e+02 -1.380000000000000000e+02
1.850000000000000000e+02 -1.690000000000000000e+02 -3.500000000000000000e+02
-2.170000000000000000e+02 -5.010000000000000000e+02 -7.000000000000000000e+01
2.080000000000000000e+02 -3.820000000000000000e+02 1.440000000000000000e+02
-1.040000000000000000e+02 -1.990000000000000000e+02 1.180000000000000000e+02
-4.700000000000000000e+01 -4.710000000000000000e+02 6.800000000000000000e+01
-7.400000000000000000e+01 -7.200000000000000000e+01 -2.200000000000000000e+01
1.240000000000000000e+02 9.200000000000000000e+01 -2.610000000000000000e+02
1.890000000000000000e+02 -2.700000000000000000e+02 -1.050000000000000000e+02
-6.300000000000000000e+01 -3.430000000000000000e+02 1.100000000000000000e+01
-3.800000000000000000e+01 -1.240000000000000000e+02 -1.300000000000000000e+01
1.700000000000000000e+01 -1.630000000000000000e+02 8.300000000000000000e+01
-3.800000000000000000e+01 -2.720000000000000000e+02 1.180000000000000000e+02
2.300000000000000000e+01 -1.350000000000000000e+02 -7.100000000000000000e+01
-6.700000000000000000e+01 -1.150000000000000000e+02 -2.760000000000000000e+02
-1.030000000000000000e+02 -3.410000000000000000e+02 -1.000000000000000000e+01
1.680000000000000000e+02 -2.060000000000000000e+02 -7.700000000000000000e+01
6.300000000000000000e+01 -1.860000000000000000e+02 -4.500000000000000000e+01
-9.800000000000000000e+01 -3.160000000000000000e+02 -6.300000000000000000e+01
-8.100000000000000000e+01 -3.620000000000000000e+02 -3.630000000000000000e+02
-6.600000000000000000e+01 -5.890000000000000000e+02 -3.690000000000000000e+02
-1.910000000000000000e+02 -2.860000000000000000e+02 -3.010000000000000000e+02
-3.400000000000000000e+01 -3.150000000000000000e+02 -1.600000000000000000e+01
7.100000000000000000e+01 -1.010000000000000000e+02 5.300000000000000000e+01
-3.300000000000000000e+01 1.080000000000000000e+02 -2.800000000000000000e+01
-2.470000000000000000e+02 1.000000000000000000e+00 -1.140000000000000000e+02
-6.490000000000000000e+02 5.120000000000000000e+02 -6.300000000000000000e+02
-3.480000000000000000e+02 9.800000000000000000e+01 -6.900000000000000000e+02
-2.140000000000000000e+02 9.000000000000000000e+01 -3.770000000000000000e+02
-9.400000000000000000e+01 7.300000000000000000e+01 -1.370000000000000000e+02
-1.650000000000000000e+02 5.100000000000000000e+01 -9.100000000000000000e+01
-1.470000000000000000e+02 1.200000000000000000e+02 -1.820000000000000000e+02
-1.140000000000000000e+02 3.500000000000000000e+01 -2.510000000000000000e+02
-1.200000000000000000e+02 1.400000000000000000e+01 -3.140000000000000000e+02
-5.900000000000000000e+01 7.000000000000000000e+00 -3.110000000000000000e+02
-5.300000000000000000e+01 1.000000000000000000e+00 -2.630000000000000000e+02
-2.100000000000000000e+01 -2.900000000000000000e+01 -3.140000000000000000e+02
-1.600000000000000000e+01 -2.000000000000000000e+01 -3.640000000000000000e+02
3.200000000000000000e+01 4.000000000000000000e+00 -3.190000000000000000e+02
2.800000000000000000e+01 -1.300000000000000000e+01 -2.830000000000000000e+02
5.000000000000000000e+01 5.000000000000000000e+00 -2.590000000000000000e+02
4.800000000000000000e+01 5.000000000000000000e+00 -2.730000000000000000e+02
3.400000000000000000e+01 9.000000000000000000e+00 -2.910000000000000000e+02
2.500000000000000000e+01 9.000000000000000000e+00 -2.810000000000000000e+02
8.000000000000000000e+00 1.400000000000000000e+01 -2.850000000000000000e+02
8.000000000000000000e+00 6.000000000000000000e+00 -3.000000000000000000e+02
0.000000000000000000e+00 5.000000000000000000e+00 -2.910000000000000000e+02
-1.700000000000000000e+01 9.000000000000000000e+00 -2.990000000000000000e+02
-2.200000000000000000e+01 1.300000000000000000e+01 -2.750000000000000000e+02
-3.100000000000000000e+01 1.500000000000000000e+01 -2.750000000000000000e+02
-2.600000000000000000e+01 1.800000000000000000e+01 -2.860000000000000000e+02
-1.900000000000000000e+01 1.100000000000000000e+01 -2.730000000000000000e+02
-1.600000000000000000e+01 1.200000000000000000e+01 -2.950000000000000000e+02
-1.600000000000000000e+01 1.400000000000000000e+01 -2.880000000000000000e+02
-7.000000000000000000e+00 1.100000000000000000e+01 -2.880000000000000000e+02
-5.000000000000000000e+00 1.200000000000000000e+01 -2.890000000000000000e+02
-6.000000000000000000e+00 1.300000000000000000e+01 -2.830000000000000000e+02
-3.000000000000000000e+00 1.200000000000000000e+01 -2.850000000000000000e+02
-7.000000000000000000e+00 1.300000000000000000e+01 -2.850000000000000000e+02
-1.000000000000000000e+01 1.300000000000000000e+01 -2.850000000000000000e+02
-8.000000000000000000e+00 1.600000000000000000e+01 -2.840000000000000000e+02
-9.000000000000000000e+00 1.100000000000000000e+01 -2.850000000000000000e+02
-9.000000000000000000e+00 1.200000000000000000e+01 -2.870000000000000000e+02
-9.000000000000000000e+00 1.300000000000000000e+01 -2.870000000000000000e+02
-7.000000000000000000e+00 1.100000000000000000e+01 -2.890000000000000000e+02
-8.000000000000000000e+00 1.400000000000000000e+01 -2.870000000000000000e+02
-8.000000000000000000e+00 1.400000000000000000e+01 -2.810000000000000000e+02
-5.000000000000000000e+00 1.300000000000000000e+01 -2.870000000000000000e+02
-3.000000000000000000e+00 1.000000000000000000e+01 -2.870000000000000000e+02
-7.000000000000000000e+00 1.500000000000000000e+01 -2.830000000000000000e+02
-4.000000000000000000e+00 1.200000000000000000e+01 -2.870000000000000000e+02
-7.000000000000000000e+00 1.400000000000000000e+01 -2.870000000000000000e+02
-8.000000000000000000e+00 1.400000000000000000e+01 -2.880000000000000000e+02
-9.000000000000000000e+00 1.200000000000000000e+01 -2.880000000000000000e+02
-5.000000000000000000e+00 1.400000000000000000e+01 -2.850000000000000000e+02
-8.000000000000000000e+00 1.000000000000000000e+01 -2.900000000000000000e+02
-8.000000000000000000e+00 1.500000000000000000e+01 -2.860000000000000000e+02
-3.000000000000000000e+00 1.300000000000000000e+01 -2.860000000000000000e+02
-7.000000000000000000e+00 1.300000000000000000e+01 -2.850000000000000000e+02
-5.000000000000000000e+00 1.300000000000000000e+01 -2.860000000000000000e+02
-7.000000000000000000e+00 1.500000000000000000e+01 -2.870000000000000000e+02
-6.000000000000000000e+00 1.000000000000000000e+01 -2.860000000000000000e+02
-9.000000000000000000e+00 1.400000000000000000e+01 -2.860000000000000000e+02
-7.000000000000000000e+00 1.300000000000000000e+01 -2.850000000000000000e+02
-3.000000000000000000e+00 1.400000000000000000e+01 -2.840000000000000000e+02
-5.000000000000000000e+00 1.400000000000000000e+01 -2.880000000000000000e+02
-5.000000000000000000e+00 1.300000000000000000e+01 -2.890000000000000000e+02
-5.000000000000000000e+00 1.200000000000000000e+01 -2.860000000000000000e+02
-3.000000000000000000e+00 1.300000000000000000e+01 -2.840000000000000000e+02
-5.000000000000000000e+00 1.300000000000000000e+01 -2.850000000000000000e+02
-5.000000000000000000e+00 1.400000000000000000e+01 -2.880000000000000000e+02
-4.000000000000000000e+00 1.200000000000000000e+01 -2.830000000000000000e+02
-5.000000000000000000e+00 1.100000000000000000e+01 -2.850000000000000000e+02
-5.000000000000000000e+00 9.000000000000000000e+00 -2.860000000000000000e+02
-2.000000000000000000e+00 1.000000000000000000e+01 -2.870000000000000000e+02
-4.000000000000000000e+00 1.400000000000000000e+01 -2.880000000000000000e+02
-5.000000000000000000e+00 1.500000000000000000e+01 -2.850000000000000000e+02
-7.000000000000000000e+00 1.500000000000000000e+01 -2.860000000000000000e+02
-4.000000000000000000e+00 9.000000000000000000e+00 -2.860000000000000000e+02
-6.000000000000000000e+00 1.300000000000000000e+01 -2.880000000000000000e+02
-5.000000000000000000e+00 1.000000000000000000e+01 -2.850000000000000000e+02
0.000000000000000000e+00 1.700000000000000000e+01 -2.850000000000000000e+02
-9.000000000000000000e+00 1.300000000000000000e+01 -2.810000000000000000e+02
-6.000000000000000000e+00 1.000000000000000000e+01 -2.870000000000000000e+02
-4.000000000000000000e+00 1.100000000000000000e+01 -2.860000000000000000e+02
-6.000000000000000000e+00 1.400000000000000000e+01 -2.890000000000000000e+02
-6.000000000000000000e+00 1.300000000000000000e+01 -2.850000000000000000e+02
-4.000000000000000000e+00 1.300000000000000000e+01 -2.880000000000000000e+02
-3.000000000000000000e+00 1.100000000000000000e+01 -2.810000000000000000e+02
-5.000000000000000000e+00 1.200000000000000000e+01 -2.830000000000000000e+02
-5.000000000000000000e+00 1.100000000000000000e+01 -2.840000000000000000e+02
-5.000000000000000000e+00 1.300000000000000000e+01 -2.860000000000000000e+02
-4.000000000000000000e+00 1.300000000000000000e+01 -2.860000000000000000e+02
-4.000000000000000000e+00 1.000000000000000000e+01 -2.870000000000000000e+02
-3.000000000000000000e+00 1.200000000000000000e+01 -2.850000000000000000e+02
-7.000000000000000000e+00 1.300000000000000000e+01 -2.850000000000000000e+02
-2.000000000000000000e+00 1.200000000000000000e+01 -2.880000000000000000e+02
-4.000000000000000000e+00 1.100000000000000000e+01 -2.850000000000000000e+02
-5.000000000000000000e+00 1.300000000000000000e+01 -2.830000000000000000e+02
-5.000000000000000000e+00 1.300000000000000000e+01 -2.840000000000000000e+02
-4.000000000000000000e+00 1.300000000000000000e+01 -2.860000000000000000e+02
-5.000000000000000000e+00 1.000000000000000000e+01 -2.840000000000000000e+02
-2.000000000000000000e+00 1.200000000000000000e+01 -2.850000000000000000e+02
-2.000000000000000000e+00 1.100000000000000000e+01 -2.850000000000000000e+02
-2.000000000000000000e+00 1.200000000000000000e+01 -2.830000000000000000e+02
-5.000000000000000000e+00 1.200000000000000000e+01 -2.900000000000000000e+02
-4.000000000000000000e+00 1.100000000000000000e+01 -2.860000000000000000e+02
-3.000000000000000000e+00 1.200000000000000000e+01 -2.860000000000000000e+02
-5.000000000000000000e+00 1.300000000000000000e+01 -2.870000000000000000e+02
-4.000000000000000000e+00 1.300000000000000000e+01 -2.870000000000000000e+02
-5.000000000000000000e+00 1.300000000000000000e+01 -2.900000000000000000e+02
-5.000000000000000000e+00 1.000000000000000000e+01 -2.900000000000000000e+02
-4.000000000000000000e+00 1.100000000000000000e+01 -2.840000000000000000e+02
-6.000000000000000000e+00 1.200000000000000000e+01 -2.940000000000000000e+02
-7.000000000000000000e+00 1.400000000000000000e+01 -2.880000000000000000e+02
-4.000000000000000000e+00 1.200000000000000000e+01 -2.890000000000000000e+02
-3.000000000000000000e+00 1.300000000000000000e+01 -2.890000000000000000e+02
-4.000000000000000000e+00 1.000000000000000000e+01 -2.890000000000000000e+02
-2.000000000000000000e+00 1.000000000000000000e+01 -2.870000000000000000e+02
-6.000000000000000000e+00 1.300000000000000000e+01 -2.860000000000000000e+02
-1.000000000000000000e+00 1.200000000000000000e+01 -2.900000000000000000e+02
-7.000000000000000000e+00 1.100000000000000000e+01 -2.850000000000000000e+02
-4.000000000000000000e+00 9.000000000000000000e+00 -2.850000000000000000e+02
-5.000000000000000000e+00 1.100000000000000000e+01 -2.890000000000000000e+02
-3.000000000000000000e+00 9.000000000000000000e+00 -2.880000000000000000e+02
-4.000000000000000000e+00 1.000000000000000000e+01 -2.830000000000000000e+02
-4.000000000000000000e+00 1.100000000000000000e+01 -2.880000000000000000e+02
-2.000000000000000000e+00 1.100000000000000000e+01 -2.860000000000000000e+02
-4.000000000000000000e+00 1.000000000000000000e+01 -2.860000000000000000e+02
-4.000000000000000000e+00 1.100000000000000000e+01 -2.890000000000000000e+02
-2.000000000000000000e+00 9.000000000000000000e+00 -2.890000000000000000e+02
-4.000000000000000000e+00 1.100000000000000000e+01 -2.850000000000000000e+02
-4.000000000000000000e+00 1.300000000000000000e+01 -2.880000000000000000e+02
-4.000000000000000000e+00 1.200000000000000000e+01 -2.850000000000000000e+02
-3.000000000000000000e+00 1.000000000000000000e+01 -2.850000000000000000e+02
-5.000000000000000000e+00 1.400000000000000000e+01 -2.860000000000000000e+02
-3.000000000000000000e+00 1.000000000000000000e+01 -2.850000000000000000e+02
-2.000000000000000000e+00 1.000000000000000000e+01 -2.870000000000000000e+02
-4.000000000000000000e+00 1.000000000000000000e+01 -2.870000000000000000e+02
-3.000000000000000000e+00 1.000000000000000000e+01 -2.860000000000000000e+02
-2.000000000000000000e+00 1.100000000000000000e+01 -2.880000000000000000e+02
-2.000000000000000000e+00 1.000000000000000000e+01 -2.890000000000000000e+02
-3.000000000000000000e+00 1.200000000000000000e+01 -2.880000000000000000e+02
-4.000000000000000000e+00 1.300000000000000000e+01 -2.890000000000000000e+02
-2.000000000000000000e+00 8.000000000000000000e+00 -2.890000000000000000e+02
-2.000000000000000000e+00 1.100000000000000000e+01 -2.880000000000000000e+02
-5.000000000000000000e+00 1.100000000000000000e+01 -2.870000000000000000e+02
-3.000000000000000000e+00 1.400000000000000000e+01 -2.900000000000000000e+02
-6.000000000000000000e+00 1.300000000000000000e+01 -2.860000000000000000e+02
-5.000000000000000000e+00 1.300000000000000000e+01 -2.860000000000000000e+02
-6.000000000000000000e+00 1.100000000000000000e+01 -2.860000000000000000e+02
-4.000000000000000000e+00 1.300000000000000000e+01 -2.890000000000000000e+02
-6.000000000000000000e+00 1.200000000000000000e+01 -2.860000000000000000e+02
-4.000000000000000000e+00 1.100000000000000000e+01 -2.830000000000000000e+02
-4.000000000000000000e+00 1.200000000000000000e+01 -2.880000000000000000e+02
-3.000000000000000000e+00 1.500000000000000000e+01 -2.890000000000000000e+02
-4.000000000000000000e+00 1.100000000000000000e+01 -2.860000000000000000e+02
-1.000000000000000000e+00 1.200000000000000000e+01 -2.900000000000000000e+02
-4.000000000000000000e+00 1.300000000000000000e+01 -2.890000000000000000e+02
-5.000000000000000000e+00 1.300000000000000000e+01 -2.880000000000000000e+02
-5.000000000000000000e+00 1.400000000000000000e+01 -2.860000000000000000e+02
-3.000000000000000000e+00 1.300000000000000000e+01 -2.860000000000000000e+02
-4.000000000000000000e+00 1.700000000000000000e+01 -2.850000000000000000e+02
-4.000000000000000000e+00 1.100000000000000000e+01 -2.850000000000000000e+02
-6.000000000000000000e+00 1.500000000000000000e+01 -2.870000000000000000e+02
-4.000000000000000000e+00 1.100000000000000000e+01 -2.870000000000000000e+02
-5.000000000000000000e+00 1.400000000000000000e+01 -2.820000000000000000e+02
-4.000000000000000000e+00 1.100000000000000000e+01 -2.840000000000000000e+02
