2.200000000000000000e+01 1.260000000000000000e+02 -1.460000000000000000e+02
2.100000000000000000e+01 -4.200000000000000000e+01 -4.200000000000000000e+01
-5.100000000000000000e+01 -4.000000000000000000e+00 -3.350000000000000000e+02
-2.000000000000000000e+01 -6.630000000000000000e+02 -2.280000000000000000e+02
-7.500000000000000000e+01 -4.040000000000000000e+02 9.000000000000000000e+00
7.300000000000000000e+01 -5.210000000000000000e+02 2.400000000000000000e+01
2.300000000000000000e+01 -1.070000000000000000e+02 -4.000000000000000000e+01
6.000000000000000000e+00 1.380000000000000000e+02 -1.480000000000000000e+02
-4.500000000000000000e+01 -7.700000000000000000e+01 -3.800000000000000000e+01
4.700000000000000000e+01 -3.450000000000000000e+02 -1.750000000000000000e+02
-7.700000000000000000e+01 -4.150000000000000000e+02 -1.680000000000000000e+02
1.390000000000000000e+02 -4.420000000000000000e+02 2.100000000000000000e+01
-1.140000000000000000e+02 -5.890000000000000000e+02 6.900000000000000000e+01
-4.000000000000000000e+01 1.210000000000000000e+02 -1.140000000000000000e+02
3.600000000000000000e+01 9.000000000000000000e+00 -1.340000000000000000e+02
4.900000000000000000e+01 -5.200000000000000000e+01 -6.100000000000000000e+01
8.100000000000000000e+01 -1.820000000000000000e+02 -2.300000000000000000e+02
1.150000000000000000e+02 -6.360000000000000000e+02 -2.070000000000000000e+02
-1.030000000000000000e+02 -3.940000000000000000e+02 1.400000000000000000e+01
1.570000000000000000e+02 -5.220000000000000000e+02 5.000000000000000000e+00
1.000000000000000000e+01 -1.700000000000000000e+01 -1.070000000000000000e+02
1.000000000000000000e+00 1.060000000000000000e+02 -1.440000000000000000e+02
-5.000000000000000000e+00 -9.000000000000000000e+00 -2.570000000000000000e+02
9.900000000000000000e+01 -6.080000000000000000e+02 1.240000000000000000e+02
1.700000000000000000e+01 -3.950000000000000000e+02 9.000000000000000000e+00
4.600000000000000000e+01 -5.680000000000000000e+02 1.300000000000000000e+01
-9.200000000000000000e+01 -3.890000000000000000e+02 2.500000000000000000e+01
-3.400000000000000000e+01 1.650000000000000000e+02 -1.010000000000000000e+02
5.100000000000000000e+01 -4.400000000000000000e+01 -2.800000000000000000e+01
2.900000000000000000e+01 2.900000000000000000e+01 -1.060000000000000000e+02
-2.180000000000000000e+02 -3.770000000000000000e+02 -1.540000000000000000e+02
3.090000000000000000e+02 -1.083000000000000000e+03 -1.520000000000000000e+02
5.100000000000000000e+01 -4.030000000000000000e+02 1.120000000000000000e+02
-2.110000000000000000e+02 -9.700000000000000000e+01 -2.680000000000000000e+02
8.300000000000000000e+01 2.090000000000000000e+02 -7.700000000000000000e+01
6.600000000000000000e+01 -9.900000000000000000e+01 -4.200000000000000000e+01
-1.010000000000000000e+02 -4.000000000000000000e+01 6.000000000000000000e+00
1.500000000000000000e+02 1.610000000000000000e+02 -1.410000000000000000e+02
-1.000000000000000000e+00 -4.020000000000000000e+02 -1.130000000000000000e+02
-1.330000000000000000e+02 -1.860000000000000000e+02 -2.330000000000000000e+02
9.700000000000000000e+01 -2.200000000000000000e+02 -3.070000000000000000e+02
1.760000000000000000e+02 -2.160000000000000000e+02 -2.240000000000000000e+02
5.000000000000000000e+00 -2.480000000000000000e+02 -2.900000000000000000e+02
-4.400000000000000000e+01 -1.800000000000000000e+02 -1.240000000000000000e+02
5.600000000000000000e+01 -2.200000000000000000e+02 -5.100000000000000000e+01
-7.000000000000000000e+01 -1.800000000000000000e+02 1.300000000000000000e+02
-1.150000000000000000e+02 1.240000000000000000e+02 1.700000000000000000e+01
1.000000000000000000e+02 6.370000000000000000e+02 -5.140000000000000000e+02
1.290000000000000000e+02 1.730000000000000000e+02 -3.140000000000000000e+02
-1.260000000000000000e+02 3.800000000000000000e+01 1.300000000000000000e+01
2.490000000000000000e+02 1.029000000000000000e+03 -8.420000000000000000e+02
4.480000000000000000e+02 -7.600000000000000000e+01 -1.550000000000000000e+03
-2.100000000000000000e+01 -4.200000000000000000e+01 -1.750000000000000000e+02
1.120000000000000000e+02 2.590000000000000000e+02 -2.790000000000000000e+02
-1.100000000000000000e+01 -4.000000000000000000e+01 -9.900000000000000000e+01
1.370000000000000000e+02 1.670000000000000000e+02 -9.000000000000000000e+01
5.000000000000000000e+01 9.000000000000000000e+01 -2.580000000000000000e+02
7.800000000000000000e+01 8.100000000000000000e+01 -2.430000000000000000e+02
6.600000000000000000e+01 5.000000000000000000e+01 -2.690000000000000000e+02
1.300000000000000000e+01 3.600000000000000000e+01 -2.110000000000000000e+02
5.200000000000000000e+01 2.900000000000000000e+01 -2.880000000000000000e+02
7.700000000000000000e+01 0.000000000000000000e+00 -2.200000000000000000e+02
7.500000000000000000e+01 2.900000000000000000e+01 -2.580000000000000000e+02
6.800000000000000000e+01 3.000000000000000000e+01 -2.520000000000000000e+02
7.000000000000000000e+01 4.000000000000000000e+01 -2.330000000000000000e+02
7.200000000000000000e+01 3.600000000000000000e+01 -2.390000000000000000e+02
6.400000000000000000e+01 3.400000000000000000e+01 -2.450000000000000000e+02
6.300000000000000000e+01 3.800000000000000000e+01 -2.470000000000000000e+02
6.000000000000000000e+01 3.300000000000000000e+01 -2.350000000000000000e+02
5.500000000000000000e+01 3.100000000000000000e+01 -2.510000000000000000e+02
5.900000000000000000e+01 2.700000000000000000e+01 -2.400000000000000000e+02
5.800000000000000000e+01 2.900000000000000000e+01 -2.520000000000000000e+02
5.800000000000000000e+01 3.300000000000000000e+01 -2.600000000000000000e+02
5.900000000000000000e+01 2.800000000000000000e+01 -2.480000000000000000e+02
5.900000000000000000e+01 3.300000000000000000e+01 -2.390000000000000000e+02
6.200000000000000000e+01 2.900000000000000000e+01 -2.520000000000000000e+02
5.900000000000000000e+01 2.900000000000000000e+01 -2.450000000000000000e+02
6.100000000000000000e+01 3.200000000000000000e+01 -2.420000000000000000e+02
6.000000000000000000e+01 3.100000000000000000e+01 -2.440000000000000000e+02
5.800000000000000000e+01 3.200000000000000000e+01 -2.440000000000000000e+02
5.800000000000000000e+01 3.000000000000000000e+01 -2.460000000000000000e+02
5.800000000000000000e+01 3.100000000000000000e+01 -2.450000000000000000e+02
6.000000000000000000e+01 3.100000000000000000e+01 -2.460000000000000000e+02
5.400000000000000000e+01 3.100000000000000000e+01 -2.470000000000000000e+02
6.000000000000000000e+01 2.800000000000000000e+01 -2.490000000000000000e+02
5.900000000000000000e+01 3.000000000000000000e+01 -2.460000000000000000e+02
6.000000000000000000e+01 2.800000000000000000e+01 -2.500000000000000000e+02
6.100000000000000000e+01 2.900000000000000000e+01 -2.470000000000000000e+02
6.100000000000000000e+01 3.200000000000000000e+01 -2.480000000000000000e+02
5.700000000000000000e+01 3.200000000000000000e+01 -2.480000000000000000e+02
5.900000000000000000e+01 3.100000000000000000e+01 -2.480000000000000000e+02
5.900000000000000000e+01 3.000000000000000000e+01 -2.390000000000000000e+02
6.200000000000000000e+01 2.700000000000000000e+01 -2.460000000000000000e+02
5.800000000000000000e+01 3.100000000000000000e+01 -2.420000000000000000e+02
5.700000000000000000e+01 2.800000000000000000e+01 -2.430000000000000000e+02
6.200000000000000000e+01 3.100000000000000000e+01 -2.540000000000000000e+02
5.800000000000000000e+01 3.300000000000000000e+01 -2.440000000000000000e+02
5.400000000000000000e+01 2.800000000000000000e+01 -2.430000000000000000e+02
6.000000000000000000e+01 3.000000000000000000e+01 -2.490000000000000000e+02
5.900000000000000000e+01 3.100000000000000000e+01 -2.490000000000000000e+02
5.900000000000000000e+01 2.900000000000000000e+01 -2.430000000000000000e+02
6.100000000000000000e+01 2.900000000000000000e+01 -2.400000000000000000e+02
6.100000000000000000e+01 3.400000000000000000e+01 -2.460000000000000000e+02
5.900000000000000000e+01 2.900000000000000000e+01 -2.450000000000000000e+02
5.900000000000000000e+01 3.100000000000000000e+01 -2.490000000000000000e+02
5.800000000000000000e+01 2.900000000000000000e+01 -2.410000000000000000e+02
5.900000000000000000e+01 3.200000000000000000e+01 -2.450000000000000000e+02
5.700000000000000000e+01 2.900000000000000000e+01 -2.490000000000000000e+02
6.000000000000000000e+01 3.100000000000000000e+01 -2.480000000000000000e+02
5.900000000000000000e+01 3.200000000000000000e+01 -2.440000000000000000e+02
5.800000000000000000e+01 2.700000000000000000e+01 -2.480000000000000000e+02
5.900000000000000000e+01 3.200000000000000000e+01 -2.460000000000000000e+02
5.900000000000000000e+01 2.000000000000000000e+01 -2.400000000000000000e+02
6.000000000000000000e+01 3.200000000000000000e+01 -2.530000000000000000e+02
5.800000000000000000e+01 3.200000000000000000e+01 -2.480000000000000000e+02
5.800000000000000000e+01 2.900000000000000000e+01 -2.480000000000000000e+02
5.400000000000000000e+01 3.000000000000000000e+01 -2.430000000000000000e+02
5.900000000000000000e+01 3.000000000000000000e+01 -2.430000000000000000e+02
5.800000000000000000e+01 3.000000000000000000e+01 -2.430000000000000000e+02
5.900000000000000000e+01 2.900000000000000000e+01 -2.470000000000000000e+02
5.700000000000000000e+01 3.000000000000000000e+01 -2.470000000000000000e+02
5.900000000000000000e+01 2.900000000000000000e+01 -2.470000000000000000e+02
6.100000000000000000e+01 2.800000000000000000e+01 -2.480000000000000000e+02
5.900000000000000000e+01 3.000000000000000000e+01 -2.460000000000000000e+02
5.800000000000000000e+01 3.200000000000000000e+01 -2.500000000000000000e+02
5.800000000000000000e+01 3.200000000000000000e+01 -2.460000000000000000e+02
6.000000000000000000e+01 2.600000000000000000e+01 -2.480000000000000000e+02
6.000000000000000000e+01 3.000000000000000000e+01 -2.480000000000000000e+02
6.000000000000000000e+01 3.000000000000000000e+01 -2.480000000000000000e+02
6.100000000000000000e+01 3.000000000000000000e+01 -2.440000000000000000e+02
5.700000000000000000e+01 3.200000000000000000e+01 -2.470000000000000000e+02
5.900000000000000000e+01 2.900000000000000000e+01 -2.460000000000000000e+02
6.100000000000000000e+01 3.000000000000000000e+01 -2.470000000000000000e+02
5.800000000000000000e+01 3.100000000000000000e+01 -2.480000000000000000e+02
5.600000000000000000e+01 3.000000000000000000e+01 -2.470000000000000000e+02
6.100000000000000000e+01 3.200000000000000000e+01 -2.490000000000000000e+02
5.800000000000000000e+01 2.900000000000000000e+01 -2.440000000000000000e+02
5.700000000000000000e+01 3.200000000000000000e+01 -2.450000000000000000e+02
6.000000000000000000e+01 3.000000000000000000e+01 -2.440000000000000000e+02
5.900000000000000000e+01 3.100000000000000000e+01 -2.490000000000000000e+02
6.100000000000000000e+01 2.900000000000000000e+01 -2.450000000000000000e+02
5.800000000000000000e+01 3.400000000000000000e+01 -2.440000000000000000e+02
6.000000000000000000e+01 2.900000000000000000e+01 -2.470000000000000000e+02
6.200000000000000000e+01 3.000000000000000000e+01 -2.470000000000000000e+02
6.000000000000000000e+01 3.600000000000000000e+01 -2.510000000000000000e+02
5.900000000000000000e+01 3.400000000000000000e+01 -2.480000000000000000e+02
6.200000000000000000e+01 3.000000000000000000e+01 -2.450000000000000000e+02
6.200000000000000000e+01 3.100000000000000000e+01 -2.450000000000000000e+02
6.300000000000000000e+01 3.000000000000000000e+01 -2.430000000000000000e+02
6.200000000000000000e+01 3.100000000000000000e+01 -2.430000000000000000e+02
6.200000000000000000e+01 3.000000000000000000e+01 -2.460000000000000000e+02
6.100000000000000000e+01 3.100000000000000000e+01 -2.470000000000000000e+02
6.400000000000000000e+01 2.700000000000000000e+01 -2.440000000000000000e+02
6.100000000000000000e+01 3.200000000000000000e+01 -2.460000000000000000e+02
6.300000000000000000e+01 3.100000000000000000e+01 -2.490000000000000000e+02
6.300000000000000000e+01 3.100000000000000000e+01 -2.440000000000000000e+02
6.300000000000000000e+01 3.100000000000000000e+01 -2.460000000000000000e+02
6.100000000000000000e+01 3.400000000000000000e+01 -2.470000000000000000e+02
6.100000000000000000e+01 3.300000000000000000e+01 -2.490000000000000000e+02
6.200000000000000000e+01 3.200000000000000000e+01 -2.430000000000000000e+02
6.400000000000000000e+01 2.800000000000000000e+01 -2.450000000000000000e+02
6.100000000000000000e+01 3.200000000000000000e+01 -2.400000000000000000e+02
6.200000000000000000e+01 3.100000000000000000e+01 -2.450000000000000000e+02
6.200000000000000000e+01 3.000000000000000000e+01 -2.460000000000000000e+02
6.400000000000000000e+01 3.200000000000000000e+01 -2.410000000000000000e+02
6.400000000000000000e+01 2.800000000000000000e+01 -2.460000000000000000e+02
6.400000000000000000e+01 3.100000000000000000e+01 -2.480000000000000000e+02
6.100000000000000000e+01 3.000000000000000000e+01 -2.450000000000000000e+02
6.400000000000000000e+01 3.500000000000000000e+01 -2.460000000000000000e+02
6.400000000000000000e+01 3.200000000000000000e+01 -2.440000000000000000e+02
6.300000000000000000e+01 3.400000000000000000e+01 -2.440000000000000000e+02
6.100000000000000000e+01 3.300000000000000000e+01 -2.430000000000000000e+02
6.300000000000000000e+01 3.100000000000000000e+01 -2.450000000000000000e+02
6.200000000000000000e+01 3.200000000000000000e+01 -2.440000000000000000e+02
6.000000000000000000e+01 3.400000000000000000e+01 -2.430000000000000000e+02
6.400000000000000000e+01 3.000000000000000000e+01 -2.500000000000000000e+02
6.200000000000000000e+01 3.000000000000000000e+01 -2.500000000000000000e+02
6.300000000000000000e+01 3.200000000000000000e+01 -2.490000000000000000e+02
6.400000000000000000e+01 3.500000000000000000e+01 -2.450000000000000000e+02
6.200000000000000000e+01 3.200000000000000000e+01 -2.470000000000000000e+02
6.400000000000000000e+01 3.400000000000000000e+01 -2.470000000000000000e+02
6.100000000000000000e+01 3.100000000000000000e+01 -2.420000000000000000e+02
6.300000000000000000e+01 3.300000000000000000e+01 -2.460000000000000000e+02
6.400000000000000000e+01 3.300000000000000000e+01 -2.430000000000000000e+02
6.300000000000000000e+01 3.100000000000000000e+01 -2.500000000000000000e+02
6.200000000000000000e+01 3.000000000000000000e+01 -2.470000000000000000e+02
6.300000000000000000e+01 3.000000000000000000e+01 -2.450000000000000000e+02
6.400000000000000000e+01 3.100000000000000000e+01 -2.470000000000000000e+02
6.100000000000000000e+01 3.300000000000000000e+01 -2.450000000000000000e+02
6.200000000000000000e+01 3.300000000000000000e+01 -2.490000000000000000e+02
6.400000000000000000e+01 2.800000000000000000e+01 -2.450000000000000000e+02
6.500000000000000000e+01 3.100000000000000000e+01 -2.450000000000000000e+02
6.100000000000000000e+01 3.200000000000000000e+01 -2.430000000000000000e+02
6.300000000000000000e+01 3.200000000000000000e+01 -2.520000000000000000e+02
6.200000000000000000e+01 3.100000000000000000e+01 -2.470000000000000000e+02
6.400000000000000000e+01 3.100000000000000000e+01 -2.430000000000000000e+02
6.200000000000000000e+01 3.300000000000000000e+01 -2.470000000000000000e+02
6.400000000000000000e+01 3.000000000000000000e+01 -2.480000000000000000e+02
6.200000000000000000e+01 3.100000000000000000e+01 -2.430000000000000000e+02
6.200000000000000000e+01 3.100000000000000000e+01 -2.420000000000000000e+02
