-2.500000000000000000e+01 -6.800000000000000000e+01 -6.500000000000000000e+01
-3.000000000000000000e+00 -1.800000000000000000e+01 -1.140000000000000000e+02
1.670000000000000000e+02 -5.780000000000000000e+02 -1.700000000000000000e+02
-1.510000000000000000e+02 -5.740000000000000000e+02 -1.100000000000000000e+02
1.700000000000000000e+01 -5.870000000000000000e+02 -3.400000000000000000e+01
1.870000000000000000e+02 -2.670000000000000000e+02 -4.500000000000000000e+01
-2.700000000000000000e+01 5.300000000000000000e+01 -1.140000000000000000e+02
-4.700000000000000000e+01 -2.600000000000000000e+01 -9.300000000000000000e+01
9.200000000000000000e+01 2.000000000000000000e+00 -5.900000000000000000e+01
1.340000000000000000e+02 -4.300000000000000000e+01 -3.910000000000000000e+02
-1.460000000000000000e+02 -8.450000000000000000e+02 -2.160000000000000000e+02
-9.100000000000000000e+01 -6.440000000000000000e+02 -7.600000000000000000e+01
3.700000000000000000e+01 -3.990000000000000000e+02 -9.000000000000000000e+01
1.800000000000000000e+01 -6.200000000000000000e+01 4.200000000000000000e+01
-5.200000000000000000e+01 -3.400000000000000000e+01 -6.300000000000000000e+01
7.000000000000000000e+00 -6.500000000000000000e+01 -6.300000000000000000e+01
1.000000000000000000e+01 1.800000000000000000e+01 -1.200000000000000000e+01
-6.800000000000000000e+01 -6.010000000000000000e+02 -1.070000000000000000e+02
-2.900000000000000000e+01 -3.900000000000000000e+02 -6.400000000000000000e+01
3.000000000000000000e+01 -5.530000000000000000e+02 -3.600000000000000000e+01
3.900000000000000000e+01 -3.520000000000000000e+02 -6.800000000000000000e+01
-2.600000000000000000e+01 3.600000000000000000e+01 -6.100000000000000000e+01
3.100000000000000000e+01 -2.000000000000000000e+00 -1.070000000000000000e+02
-5.000000000000000000e+00 -1.020000000000000000e+02 -3.700000000000000000e+01
1.030000000000000000e+02 2.500000000000000000e+01 -3.370000000000000000e+02
-1.320000000000000000e+02 -6.620000000000000000e+02 -1.500000000000000000e+02
-3.000000000000000000e+01 -5.420000000000000000e+02 -1.280000000000000000e+02
7.300000000000000000e+01 -5.700000000000000000e+02 -8.900000000000000000e+01
3.500000000000000000e+01 -6.000000000000000000e+01 -9.000000000000000000e+00
-7.000000000000000000e+00 -1.800000000000000000e+01 -4.700000000000000000e+01
-3.600000000000000000e+01 -6.100000000000000000e+01 -1.210000000000000000e+02
6.300000000000000000e+01 2.800000000000000000e+01 -1.800000000000000000e+01
-7.800000000000000000e+01 2.400000000000000000e+01 -6.240000000000000000e+02
-1.210000000000000000e+02 -7.690000000000000000e+02 -1.580000000000000000e+02
-5.300000000000000000e+01 -5.500000000000000000e+02 -1.700000000000000000e+01
-3.100000000000000000e+01 -4.460000000000000000e+02 1.000000000000000000e+01
5.900000000000000000e+01 -2.350000000000000000e+02 -1.700000000000000000e+01
4.600000000000000000e+01 5.100000000000000000e+01 -1.440000000000000000e+02
1.900000000000000000e+01 -1.300000000000000000e+02 -8.500000000000000000e+01
-2.900000000000000000e+01 3.400000000000000000e+01 -7.400000000000000000e+01
4.200000000000000000e+01 -6.560000000000000000e+02 -1.000000000000000000e+00
-1.200000000000000000e+02 -4.710000000000000000e+02 -6.200000000000000000e+01
-3.900000000000000000e+01 -6.550000000000000000e+02 -3.200000000000000000e+01
1.090000000000000000e+02 -1.010000000000000000e+02 -1.180000000000000000e+02
-1.600000000000000000e+01 3.600000000000000000e+01 -7.700000000000000000e+01
3.400000000000000000e+01 -1.200000000000000000e+01 -1.050000000000000000e+02
4.500000000000000000e+01 -2.600000000000000000e+01 -2.900000000000000000e+01
-7.800000000000000000e+01 -5.200000000000000000e+01 9.400000000000000000e+01
2.400000000000000000e+02 -3.580000000000000000e+02 8.500000000000000000e+01
-5.000000000000000000e+00 -3.830000000000000000e+02 -2.060000000000000000e+02
-5.200000000000000000e+01 -5.780000000000000000e+02 -1.370000000000000000e+02
-9.900000000000000000e+01 -3.950000000000000000e+02 -1.040000000000000000e+02
-1.290000000000000000e+02 -1.200000000000000000e+02 -1.190000000000000000e+02
-2.000000000000000000e+00 2.080000000000000000e+02 -2.700000000000000000e+02
3.200000000000000000e+01 -3.800000000000000000e+01 -1.500000000000000000e+02
6.800000000000000000e+01 -1.000000000000000000e+00 -8.800000000000000000e+01
-3.000000000000000000e+00 -1.490000000000000000e+02 -6.500000000000000000e+01
-4.000000000000000000e+01 -3.100000000000000000e+01 -2.490000000000000000e+02
-3.100000000000000000e+01 -2.200000000000000000e+01 -3.420000000000000000e+02
-4.690000000000000000e+02 1.510000000000000000e+02 -2.750000000000000000e+02
-5.420000000000000000e+02 -4.810000000000000000e+02 -5.100000000000000000e+02
3.200000000000000000e+01 5.370000000000000000e+02 -6.290000000000000000e+02
-1.860000000000000000e+02 2.130000000000000000e+02 -3.690000000000000000e+02
-1.610000000000000000e+02 1.510000000000000000e+02 -1.540000000000000000e+02
-1.370000000000000000e+02 5.020000000000000000e+02 2.100000000000000000e+01
-3.000000000000000000e+01 1.080000000000000000e+02 -1.330000000000000000e+02
-1.200000000000000000e+01 2.340000000000000000e+02 -2.230000000000000000e+02
-8.100000000000000000e+01 2.510000000000000000e+02 -2.480000000000000000e+02
-1.500000000000000000e+01 1.330000000000000000e+02 -1.390000000000000000e+02
9.000000000000000000e+01 6.380000000000000000e+02 -1.500000000000000000e+01
-6.100000000000000000e+01 2.360000000000000000e+02 -1.770000000000000000e+02
-3.000000000000000000e+01 8.900000000000000000e+01 -3.090000000000000000e+02
-9.200000000000000000e+01 6.400000000000000000e+01 -3.050000000000000000e+02
1.000000000000000000e+00 1.600000000000000000e+02 -2.930000000000000000e+02
-7.800000000000000000e+01 3.400000000000000000e+01 -2.620000000000000000e+02
-2.600000000000000000e+01 4.600000000000000000e+01 -2.940000000000000000e+02
-1.400000000000000000e+01 3.700000000000000000e+01 -3.020000000000000000e+02
-2.600000000000000000e+01 4.700000000000000000e+01 -2.860000000000000000e+02
-2.700000000000000000e+01 5.400000000000000000e+01 -2.860000000000000000e+02
-1.800000000000000000e+01 5.700000000000000000e+01 -2.930000000000000000e+02
-2.500000000000000000e+01 5.700000000000000000e+01 -2.760000000000000000e+02
-2.300000000000000000e+01 6.500000000000000000e+01 -2.760000000000000000e+02
-2.900000000000000000e+01 5.500000000000000000e+01 -2.910000000000000000e+02
-2.300000000000000000e+01 5.400000000000000000e+01 -2.670000000000000000e+02
-2.700000000000000000e+01 6.500000000000000000e+01 -2.820000000000000000e+02
-3.000000000000000000e+01 5.700000000000000000e+01 -2.850000000000000000e+02
-2.900000000000000000e+01 5.700000000000000000e+01 -2.840000000000000000e+02
-3.000000000000000000e+01 5.800000000000000000e+01 -2.830000000000000000e+02
-2.500000000000000000e+01 6.200000000000000000e+01 -2.830000000000000000e+02
-2.300000000000000000e+01 6.000000000000000000e+01 -2.830000000000000000e+02
-2.700000000000000000e+01 6.200000000000000000e+01 -2.850000000000000000e+02
-2.800000000000000000e+01 6.100000000000000000e+01 -2.820000000000000000e+02
-2.500000000000000000e+01 5.900000000000000000e+01 -2.830000000000000000e+02
-2.300000000000000000e+01 5.900000000000000000e+01 -2.850000000000000000e+02
-2.500000000000000000e+01 6.000000000000000000e+01 -2.820000000000000000e+02
-2.900000000000000000e+01 6.000000000000000000e+01 -2.810000000000000000e+02
-2.600000000000000000e+01 6.000000000000000000e+01 -2.820000000000000000e+02
-2.400000000000000000e+01 6.000000000000000000e+01 -2.850000000000000000e+02
-2.500000000000000000e+01 6.000000000000000000e+01 -2.810000000000000000e+02
-2.500000000000000000e+01 6.100000000000000000e+01 -2.840000000000000000e+02
-2.600000000000000000e+01 5.800000000000000000e+01 -2.840000000000000000e+02
-2.800000000000000000e+01 5.800000000000000000e+01 -2.840000000000000000e+02
-2.500000000000000000e+01 6.200000000000000000e+01 -2.810000000000000000e+02
-2.600000000000000000e+01 6.000000000000000000e+01 -2.840000000000000000e+02
-2.300000000000000000e+01 6.100000000000000000e+01 -2.820000000000000000e+02
-2.700000000000000000e+01 5.800000000000000000e+01 -2.790000000000000000e+02
-2.600000000000000000e+01 6.000000000000000000e+01 -2.800000000000000000e+02
-2.900000000000000000e+01 6.200000000000000000e+01 -2.810000000000000000e+02
-2.700000000000000000e+01 6.200000000000000000e+01 -2.850000000000000000e+02
-2.300000000000000000e+01 6.100000000000000000e+01 -2.820000000000000000e+02
-2.600000000000000000e+01 5.900000000000000000e+01 -2.830000000000000000e+02
-2.200000000000000000e+01 5.800000000000000000e+01 -2.830000000000000000e+02
-1.700000000000000000e+01 7.100000000000000000e+01 -2.900000000000000000e+02
-2.300000000000000000e+01 5.800000000000000000e+01 -2.820000000000000000e+02
-2.600000000000000000e+01 6.300000000000000000e+01 -2.790000000000000000e+02
-2.300000000000000000e+01 6.100000000000000000e+01 -2.840000000000000000e+02
-2.300000000000000000e+01 6.100000000000000000e+01 -2.830000000000000000e+02
-2.600000000000000000e+01 5.700000000000000000e+01 -2.810000000000000000e+02
-2.600000000000000000e+01 6.100000000000000000e+01 -2.860000000000000000e+02
-2.500000000000000000e+01 6.100000000000000000e+01 -2.820000000000000000e+02
-2.300000000000000000e+01 5.800000000000000000e+01 -2.860000000000000000e+02
-2.500000000000000000e+01 5.900000000000000000e+01 -2.810000000000000000e+02
-2.400000000000000000e+01 5.900000000000000000e+01 -2.820000000000000000e+02
-2.500000000000000000e+01 5.900000000000000000e+01 -2.820000000000000000e+02
-2.400000000000000000e+01 5.900000000000000000e+01 -2.820000000000000000e+02
-2.300000000000000000e+01 5.800000000000000000e+01 -2.820000000000000000e+02
-2.400000000000000000e+01 6.000000000000000000e+01 -2.850000000000000000e+02
-2.600000000000000000e+01 6.100000000000000000e+01 -2.800000000000000000e+02
-2.600000000000000000e+01 5.900000000000000000e+01 -2.840000000000000000e+02
-2.500000000000000000e+01 6.000000000000000000e+01 -2.800000000000000000e+02
-2.200000000000000000e+01 6.000000000000000000e+01 -2.820000000000000000e+02
-2.600000000000000000e+01 6.100000000000000000e+01 -2.840000000000000000e+02
-2.300000000000000000e+01 5.900000000000000000e+01 -2.840000000000000000e+02
-2.800000000000000000e+01 5.800000000000000000e+01 -2.850000000000000000e+02
-2.400000000000000000e+01 6.000000000000000000e+01 -2.880000000000000000e+02
-2.400000000000000000e+01 5.700000000000000000e+01 -2.870000000000000000e+02
-2.600000000000000000e+01 5.900000000000000000e+01 -2.860000000000000000e+02
-2.300000000000000000e+01 6.100000000000000000e+01 -2.860000000000000000e+02
-2.400000000000000000e+01 5.900000000000000000e+01 -2.850000000000000000e+02
-2.700000000000000000e+01 6.000000000000000000e+01 -2.840000000000000000e+02
-2.300000000000000000e+01 5.900000000000000000e+01 -2.830000000000000000e+02
-2.300000000000000000e+01 5.700000000000000000e+01 -2.840000000000000000e+02
-2.200000000000000000e+01 5.800000000000000000e+01 -2.850000000000000000e+02
-2.300000000000000000e+01 5.600000000000000000e+01 -2.860000000000000000e+02
-2.600000000000000000e+01 6.100000000000000000e+01 -2.850000000000000000e+02
-2.100000000000000000e+01 6.000000000000000000e+01 -2.830000000000000000e+02
-2.500000000000000000e+01 6.000000000000000000e+01 -2.840000000000000000e+02
-2.300000000000000000e+01 5.800000000000000000e+01 -2.840000000000000000e+02
-2.500000000000000000e+01 5.900000000000000000e+01 -2.820000000000000000e+02
-2.500000000000000000e+01 5.700000000000000000e+01 -2.840000000000000000e+02
-2.200000000000000000e+01 6.100000000000000000e+01 -2.850000000000000000e+02
-2.300000000000000000e+01 5.800000000000000000e+01 -2.860000000000000000e+02
-2.500000000000000000e+01 6.100000000000000000e+01 -2.820000000000000000e+02
-2.500000000000000000e+01 5.600000000000000000e+01 -2.830000000000000000e+02
-2.500000000000000000e+01 6.000000000000000000e+01 -2.850000000000000000e+02
-2.000000000000000000e+01 5.800000000000000000e+01 -2.850000000000000000e+02
-2.400000000000000000e+01 5.800000000000000000e+01 -2.840000000000000000e+02
-2.600000000000000000e+01 5.800000000000000000e+01 -2.830000000000000000e+02
-2.300000000000000000e+01 6.100000000000000000e+01 -2.840000000000000000e+02
-2.600000000000000000e+01 5.800000000000000000e+01 -2.810000000000000000e+02
-2.200000000000000000e+01 6.000000000000000000e+01 -2.810000000000000000e+02
-2.900000000000000000e+01 5.900000000000000000e+01 -2.810000000000000000e+02
-2.700000000000000000e+01 6.100000000000000000e+01 -2.840000000000000000e+02
-2.700000000000000000e+01 6.200000000000000000e+01 -2.830000000000000000e+02
-2.400000000000000000e+01 6.000000000000000000e+01 -2.830000000000000000e+02
-2.300000000000000000e+01 6.000000000000000000e+01 -2.860000000000000000e+02
-2.100000000000000000e+01 5.800000000000000000e+01 -2.800000000000000000e+02
-2.600000000000000000e+01 6.100000000000000000e+01 -2.840000000000000000e+02
-2.200000000000000000e+01 5.700000000000000000e+01 -2.840000000000000000e+02
-2.500000000000000000e+01 5.900000000000000000e+01 -2.840000000000000000e+02
-2.500000000000000000e+01 6.000000000000000000e+01 -2.820000000000000000e+02
-2.400000000000000000e+01 5.900000000000000000e+01 -2.820000000000000000e+02
-2.200000000000000000e+01 5.800000000000000000e+01 -2.860000000000000000e+02
-2.500000000000000000e+01 5.700000000000000000e+01 -2.860000000000000000e+02
-2.300000000000000000e+01 5.800000000000000000e+01 -2.850000000000000000e+02
-2.400000000000000000e+01 6.100000000000000000e+01 -2.840000000000000000e+02
-2.100000000000000000e+01 5.700000000000000000e+01 -2.820000000000000000e+02
-2.300000000000000000e+01 6.100000000000000000e+01 -2.850000000000000000e+02
-2.300000000000000000e+01 5.800000000000000000e+01 -2.850000000000000000e+02
-2.000000000000000000e+01 5.800000000000000000e+01 -2.860000000000000000e+02
-2.200000000000000000e+01 5.800000000000000000e+01 -2.870000000000000000e+02
-2.300000000000000000e+01 6.000000000000000000e+01 -2.860000000000000000e+02
-2.300000000000000000e+01 5.900000000000000000e+01 -2.840000000000000000e+02
-2.400000000000000000e+01 6.100000000000000000e+01 -2.850000000000000000e+02
-2.200000000000000000e+01 5.900000000000000000e+01 -2.820000000000000000e+02
-2.300000000000000000e+01 5.800000000000000000e+01 -2.820000000000000000e+02
-2.300000000000000000e+01 5.900000000000000000e+01 -2.840000000000000000e+02
-2.200000000000000000e+01 5.800000000000000000e+01 -2.810000000000000000e+02
-2.200000000000000000e+01 5.800000000000000000e+01 -2.860000000000000000e+02
-2.200000000000000000e+01 5.700000000000000000e+01 -2.840000000000000000e+02
-2.300000000000000000e+01 5.700000000000000000e+01 -2.810000000000000000e+02
-2.500000000000000000e+01 5.800000000000000000e+01 -2.860000000000000000e+02
-2.400000000000000000e+01 6.100000000000000000e+01 -2.830000000000000000e+02
-2.400000000000000000e+01 6.200000000000000000e+01 -2.820000000000000000e+02
-2.500000000000000000e+01 6.100000000000000000e+01 -2.850000000000000000e+02
-2.200000000000000000e+01 6.000000000000000000e+01 -2.840000000000000000e+02
-2.100000000000000000e+01 5.500000000000000000e+01 -2.810000000000000000e+02
-1.700000000000000000e+01 6.600000000000000000e+01 -2.970000000000000000e+02
-2.200000000000000000e+01 5.900000000000000000e+01 -2.830000000000000000e+02
-2.300000000000000000e+01 6.100000000000000000e+01 -2.850000000000000000e+02
