-1.240000000000000000e+02 -8.780000000000000000e+02 -1.900000000000000000e+01
-4.600000000000000000e+01 -5.360000000000000000e+02 8.000000000000000000e+00
5.900000000000000000e+01 -6.070000000000000000e+02 -5.700000000000000000e+01
4.600000000000000000e+01 -2.280000000000000000e+02 -2.700000000000000000e+01
-1.080000000000000000e+02 0.000000000000000000e+00 -1.500000000000000000e+01
4.600000000000000000e+01 -8.000000000000000000e+00 -8.600000000000000000e+01
4.000000000000000000e+01 3.400000000000000000e+01 -9.000000000000000000e+00
-4.300000000000000000e+01 -8.000000000000000000e+00 -1.160000000000000000e+02
3.800000000000000000e+01 -6.410000000000000000e+02 -2.370000000000000000e+02
-1.500000000000000000e+01 -4.450000000000000000e+02 1.400000000000000000e+01
-3.100000000000000000e+01 -6.120000000000000000e+02 1.600000000000000000e+01
-1.800000000000000000e+01 -2.120000000000000000e+02 -5.900000000000000000e+01
-2.200000000000000000e+01 -4.100000000000000000e+01 -1.200000000000000000e+01
-4.100000000000000000e+01 3.100000000000000000e+01 -4.500000000000000000e+01
-1.000000000000000000e+00 2.700000000000000000e+01 -7.700000000000000000e+01
-1.180000000000000000e+02 -1.160000000000000000e+02 -2.240000000000000000e+02
3.100000000000000000e+01 -8.010000000000000000e+02 2.600000000000000000e+01
-9.000000000000000000e+00 -5.380000000000000000e+02 7.700000000000000000e+01
8.000000000000000000e+01 -3.270000000000000000e+02 -4.100000000000000000e+01
-9.800000000000000000e+01 -2.250000000000000000e+02 -9.000000000000000000e+00
6.800000000000000000e+01 1.750000000000000000e+02 -1.100000000000000000e+02
-2.000000000000000000e+00 4.400000000000000000e+01 -2.100000000000000000e+01
-6.600000000000000000e+01 -1.830000000000000000e+02 -1.890000000000000000e+02
2.600000000000000000e+01 -8.510000000000000000e+02 2.200000000000000000e+01
-5.400000000000000000e+01 -5.480000000000000000e+02 -3.200000000000000000e+01
-4.300000000000000000e+01 -3.150000000000000000e+02 -3.200000000000000000e+01
2.300000000000000000e+01 2.400000000000000000e+01 -2.900000000000000000e+01
-3.000000000000000000e+00 -9.000000000000000000e+00 -3.100000000000000000e+01
-1.400000000000000000e+01 7.600000000000000000e+01 -5.600000000000000000e+01
-1.280000000000000000e+02 -2.330000000000000000e+02 -3.120000000000000000e+02
-7.300000000000000000e+01 -6.790000000000000000e+02 8.000000000000000000e+00
6.000000000000000000e+01 -4.650000000000000000e+02 -1.900000000000000000e+01
1.050000000000000000e+02 -3.720000000000000000e+02 -2.600000000000000000e+01
-6.500000000000000000e+01 7.100000000000000000e+01 -3.000000000000000000e+01
3.000000000000000000e+00 2.000000000000000000e+00 -1.170000000000000000e+02
-1.600000000000000000e+01 5.500000000000000000e+01 -3.300000000000000000e+01
-2.100000000000000000e+01 -6.060000000000000000e+02 -2.050000000000000000e+02
1.070000000000000000e+02 -3.440000000000000000e+02 -5.100000000000000000e+01
-1.280000000000000000e+02 -5.750000000000000000e+02 1.200000000000000000e+01
2.800000000000000000e+01 -1.280000000000000000e+02 -5.000000000000000000e+00
8.000000000000000000e+00 1.250000000000000000e+02 -6.700000000000000000e+01
-4.200000000000000000e+01 -4.400000000000000000e+01 -6.300000000000000000e+01
-7.500000000000000000e+01 -1.670000000000000000e+02 -2.170000000000000000e+02
-9.000000000000000000e+00 -7.080000000000000000e+02 2.100000000000000000e+01
-3.700000000000000000e+01 -3.480000000000000000e+02 -1.300000000000000000e+01
1.530000000000000000e+02 -3.300000000000000000e+02 9.000000000000000000e+00
-1.380000000000000000e+02 -1.180000000000000000e+02 -4.500000000000000000e+01
-2.100000000000000000e+01 8.500000000000000000e+01 -8.300000000000000000e+01
-9.000000000000000000e+01 -3.500000000000000000e+01 -1.060000000000000000e+02
-2.550000000000000000e+02 -7.080000000000000000e+02 5.100000000000000000e+01
5.400000000000000000e+01 -2.610000000000000000e+02 1.300000000000000000e+01
-1.600000000000000000e+01 -5.750000000000000000e+02 1.000000000000000000e+01
-8.400000000000000000e+01 -1.720000000000000000e+02 -7.000000000000000000e+00
2.200000000000000000e+01 -2.920000000000000000e+02 1.700000000000000000e+01
1.600000000000000000e+01 5.700000000000000000e+01 -8.600000000000000000e+01
-9.400000000000000000e+01 -2.400000000000000000e+02 -2.300000000000000000e+02
1.050000000000000000e+02 -1.930000000000000000e+02 -9.500000000000000000e+01
1.700000000000000000e+01 -7.300000000000000000e+01 -3.400000000000000000e+01
-1.550000000000000000e+02 3.000000000000000000e+01 2.500000000000000000e+01
3.300000000000000000e+01 1.220000000000000000e+02 -2.600000000000000000e+01
1.210000000000000000e+02 -9.200000000000000000e+01 -2.100000000000000000e+01
2.700000000000000000e+01 -2.000000000000000000e+01 -2.010000000000000000e+02
-3.870000000000000000e+02 -2.100000000000000000e+02 -6.000000000000000000e+01
-6.600000000000000000e+02 -1.698000000000000000e+03 -1.149000000000000000e+03
-1.460000000000000000e+02 2.780000000000000000e+02 -3.410000000000000000e+02
-4.600000000000000000e+02 -3.300000000000000000e+02 -5.500000000000000000e+01
8.200000000000000000e+01 -9.300000000000000000e+01 -3.000000000000000000e+00
-1.990000000000000000e+02 2.950000000000000000e+02 -4.400000000000000000e+01
-1.870000000000000000e+02 3.660000000000000000e+02 -1.880000000000000000e+02
-1.860000000000000000e+02 2.520000000000000000e+02 -3.270000000000000000e+02
-2.300000000000000000e+02 8.300000000000000000e+01 -2.640000000000000000e+02
-1.900000000000000000e+02 1.530000000000000000e+02 -3.600000000000000000e+01
-2.540000000000000000e+02 7.800000000000000000e+01 -7.000000000000000000e+01
-1.700000000000000000e+02 2.700000000000000000e+01 -1.070000000000000000e+02
-1.600000000000000000e+02 9.900000000000000000e+01 -1.920000000000000000e+02
-1.950000000000000000e+02 -4.200000000000000000e+01 -2.710000000000000000e+02
-1.690000000000000000e+02 1.200000000000000000e+01 -2.560000000000000000e+02
-1.350000000000000000e+02 -1.000000000000000000e+01 -2.300000000000000000e+02
-1.120000000000000000e+02 -6.900000000000000000e+01 -2.150000000000000000e+02
-1.320000000000000000e+02 -1.300000000000000000e+01 -2.240000000000000000e+02
-1.450000000000000000e+02 -1.100000000000000000e+01 -2.190000000000000000e+02
-1.600000000000000000e+02 -9.000000000000000000e+00 -2.510000000000000000e+02
-1.580000000000000000e+02 -1.900000000000000000e+01 -2.020000000000000000e+02
-1.420000000000000000e+02 -3.800000000000000000e+01 -1.980000000000000000e+02
-1.790000000000000000e+02 -1.200000000000000000e+01 -1.890000000000000000e+02
-1.820000000000000000e+02 -9.000000000000000000e+00 -1.780000000000000000e+02
-1.870000000000000000e+02 -1.000000000000000000e+01 -1.950000000000000000e+02
-1.580000000000000000e+02 2.200000000000000000e+01 -2.000000000000000000e+02
-1.720000000000000000e+02 3.000000000000000000e+00 -1.960000000000000000e+02
-1.650000000000000000e+02 2.000000000000000000e+00 -2.010000000000000000e+02
-1.670000000000000000e+02 2.000000000000000000e+00 -2.140000000000000000e+02
-1.710000000000000000e+02 0.000000000000000000e+00 -2.090000000000000000e+02
-1.670000000000000000e+02 1.000000000000000000e+00 -2.080000000000000000e+02
-1.670000000000000000e+02 3.000000000000000000e+00 -1.980000000000000000e+02
-1.690000000000000000e+02 0.000000000000000000e+00 -2.010000000000000000e+02
-1.720000000000000000e+02 2.000000000000000000e+00 -2.070000000000000000e+02
-1.670000000000000000e+02 2.000000000000000000e+00 -2.060000000000000000e+02
-1.660000000000000000e+02 3.000000000000000000e+00 -2.050000000000000000e+02
-1.710000000000000000e+02 -2.000000000000000000e+00 -2.100000000000000000e+02
-1.680000000000000000e+02 0.000000000000000000e+00 -2.040000000000000000e+02
-1.690000000000000000e+02 -1.000000000000000000e+00 -2.030000000000000000e+02
-1.710000000000000000e+02 1.000000000000000000e+00 -2.020000000000000000e+02
-1.700000000000000000e+02 0.000000000000000000e+00 -2.030000000000000000e+02
-1.720000000000000000e+02 2.000000000000000000e+00 -2.010000000000000000e+02
-1.730000000000000000e+02 1.000000000000000000e+00 -2.060000000000000000e+02
-1.710000000000000000e+02 1.000000000000000000e+00 -2.040000000000000000e+02
-1.700000000000000000e+02 1.000000000000000000e+00 -2.020000000000000000e+02
-1.700000000000000000e+02 -1.000000000000000000e+00 -2.040000000000000000e+02
-1.720000000000000000e+02 0.000000000000000000e+00 -2.020000000000000000e+02
-1.740000000000000000e+02 -1.000000000000000000e+00 -2.010000000000000000e+02
-1.700000000000000000e+02 1.000000000000000000e+00 -2.030000000000000000e+02
-1.710000000000000000e+02 -1.000000000000000000e+00 -2.050000000000000000e+02
-1.680000000000000000e+02 1.000000000000000000e+00 -2.000000000000000000e+02
-1.710000000000000000e+02 0.000000000000000000e+00 -2.040000000000000000e+02
-1.710000000000000000e+02 1.000000000000000000e+00 -2.020000000000000000e+02
-1.710000000000000000e+02 -1.000000000000000000e+00 -2.030000000000000000e+02
-1.740000000000000000e+02 1.000000000000000000e+00 -2.040000000000000000e+02
-1.730000000000000000e+02 -2.000000000000000000e+00 -1.990000000000000000e+02
-1.720000000000000000e+02 0.000000000000000000e+00 -2.000000000000000000e+02
-1.730000000000000000e+02 0.000000000000000000e+00 -2.040000000000000000e+02
-1.720000000000000000e+02 -2.000000000000000000e+00 -2.020000000000000000e+02
-1.700000000000000000e+02 0.000000000000000000e+00 -2.020000000000000000e+02
-1.740000000000000000e+02 3.000000000000000000e+00 -2.010000000000000000e+02
-1.710000000000000000e+02 -2.000000000000000000e+00 -2.050000000000000000e+02
-1.730000000000000000e+02 -1.000000000000000000e+00 -2.030000000000000000e+02
-1.700000000000000000e+02 0.000000000000000000e+00 -2.000000000000000000e+02
-1.700000000000000000e+02 0.000000000000000000e+00 -2.000000000000000000e+02
-1.680000000000000000e+02 -1.000000000000000000e+00 -2.020000000000000000e+02
-1.680000000000000000e+02 -2.000000000000000000e+00 -2.030000000000000000e+02
-1.690000000000000000e+02 2.000000000000000000e+00 -2.050000000000000000e+02
-1.700000000000000000e+02 0.000000000000000000e+00 -2.080000000000000000e+02
-1.680000000000000000e+02 1.000000000000000000e+00 -2.060000000000000000e+02
-1.680000000000000000e+02 -1.000000000000000000e+00 -2.050000000000000000e+02
-1.700000000000000000e+02 -1.000000000000000000e+00 -2.040000000000000000e+02
-1.690000000000000000e+02 -3.000000000000000000e+00 -2.060000000000000000e+02
-1.700000000000000000e+02 -1.000000000000000000e+00 -2.030000000000000000e+02
-1.700000000000000000e+02 0.000000000000000000e+00 -2.040000000000000000e+02
-1.700000000000000000e+02 -2.000000000000000000e+00 -2.030000000000000000e+02
-1.710000000000000000e+02 1.000000000000000000e+00 -1.980000000000000000e+02
-1.710000000000000000e+02 -1.000000000000000000e+00 -2.020000000000000000e+02
-1.670000000000000000e+02 -1.000000000000000000e+00 -2.070000000000000000e+02
-1.690000000000000000e+02 1.000000000000000000e+00 -2.010000000000000000e+02
-1.700000000000000000e+02 0.000000000000000000e+00 -2.060000000000000000e+02
-1.710000000000000000e+02 0.000000000000000000e+00 -1.990000000000000000e+02
-1.680000000000000000e+02 -2.000000000000000000e+00 -2.060000000000000000e+02
-1.720000000000000000e+02 1.000000000000000000e+00 -2.000000000000000000e+02
-1.710000000000000000e+02 -2.000000000000000000e+00 -2.030000000000000000e+02
-1.730000000000000000e+02 1.000000000000000000e+00 -2.050000000000000000e+02
-1.710000000000000000e+02 -1.000000000000000000e+00 -1.980000000000000000e+02
-1.700000000000000000e+02 1.000000000000000000e+00 -2.040000000000000000e+02
-1.720000000000000000e+02 -1.000000000000000000e+00 -2.010000000000000000e+02
-1.700000000000000000e+02 0.000000000000000000e+00 -2.040000000000000000e+02
-1.690000000000000000e+02 1.000000000000000000e+00 -1.980000000000000000e+02
-1.720000000000000000e+02 1.000000000000000000e+00 -2.040000000000000000e+02
-1.720000000000000000e+02 1.000000000000000000e+00 -2.010000000000000000e+02
-1.710000000000000000e+02 -2.000000000000000000e+00 -2.030000000000000000e+02
-1.720000000000000000e+02 -1.000000000000000000e+00 -2.020000000000000000e+02
-1.720000000000000000e+02 1.000000000000000000e+00 -2.060000000000000000e+02
-1.710000000000000000e+02 1.000000000000000000e+00 -2.020000000000000000e+02
-1.640000000000000000e+02 5.000000000000000000e+00 -2.040000000000000000e+02
-1.690000000000000000e+02 0.000000000000000000e+00 -2.030000000000000000e+02
-1.680000000000000000e+02 -1.000000000000000000e+00 -2.040000000000000000e+02
-1.690000000000000000e+02 -1.000000000000000000e+00 -2.030000000000000000e+02
-1.680000000000000000e+02 -2.000000000000000000e+00 -2.040000000000000000e+02
-1.720000000000000000e+02 2.000000000000000000e+00 -2.000000000000000000e+02
-1.710000000000000000e+02 0.000000000000000000e+00 -1.980000000000000000e+02
-1.690000000000000000e+02 -1.000000000000000000e+00 -2.010000000000000000e+02
-1.710000000000000000e+02 0.000000000000000000e+00 -2.030000000000000000e+02
-1.680000000000000000e+02 -2.000000000000000000e+00 -2.010000000000000000e+02
-1.710000000000000000e+02 2.000000000000000000e+00 -2.000000000000000000e+02
-1.700000000000000000e+02 -1.000000000000000000e+00 -2.040000000000000000e+02
-1.690000000000000000e+02 -1.000000000000000000e+00 -2.060000000000000000e+02
-1.700000000000000000e+02 2.000000000000000000e+00 -2.070000000000000000e+02
-1.650000000000000000e+02 0.000000000000000000e+00 -2.060000000000000000e+02
-1.710000000000000000e+02 0.000000000000000000e+00 -2.090000000000000000e+02
-1.680000000000000000e+02 2.000000000000000000e+00 -2.040000000000000000e+02
-1.690000000000000000e+02 2.000000000000000000e+00 -2.010000000000000000e+02
-1.690000000000000000e+02 0.000000000000000000e+00 -2.040000000000000000e+02
-1.700000000000000000e+02 2.000000000000000000e+00 -2.070000000000000000e+02
-1.710000000000000000e+02 1.000000000000000000e+00 -2.010000000000000000e+02
-1.720000000000000000e+02 -1.000000000000000000e+00 -2.030000000000000000e+02
-1.700000000000000000e+02 0.000000000000000000e+00 -2.010000000000000000e+02
-1.700000000000000000e+02 1.000000000000000000e+00 -2.020000000000000000e+02
-1.700000000000000000e+02 0.000000000000000000e+00 -2.020000000000000000e+02
-1.720000000000000000e+02 1.000000000000000000e+00 -2.040000000000000000e+02
-1.700000000000000000e+02 1.000000000000000000e+00 -2.030000000000000000e+02
-1.720000000000000000e+02 2.000000000000000000e+00 -2.040000000000000000e+02
-1.730000000000000000e+02 3.000000000000000000e+00 -2.080000000000000000e+02
-1.710000000000000000e+02 1.000000000000000000e+00 -1.990000000000000000e+02
-1.710000000000000000e+02 4.000000000000000000e+00 -2.080000000000000000e+02
-1.700000000000000000e+02 0.000000000000000000e+00 -2.040000000000000000e+02
-1.720000000000000000e+02 -1.000000000000000000e+00 -2.020000000000000000e+02
-1.720000000000000000e+02 2.000000000000000000e+00 -2.030000000000000000e+02
-1.700000000000000000e+02 1.000000000000000000e+00 -1.990000000000000000e+02
-1.710000000000000000e+02 2.000000000000000000e+00 -2.010000000000000000e+02
-1.700000000000000000e+02 -1.000000000000000000e+00 -2.010000000000000000e+02
-1.700000000000000000e+02 0.000000000000000000e+00 -2.030000000000000000e+02
-1.710000000000000000e+02 2.000000000000000000e+00 -2.020000000000000000e+02
-1.730000000000000000e+02 3.000000000000000000e+00 -2.020000000000000000e+02
-1.710000000000000000e+02 -1.000000000000000000e+00 -2.040000000000000000e+02
