-9.000000000000000000e+00 -2.530000000000000000e+02 1.500000000000000000e+01
-6.000000000000000000e+00 -2.570000000000000000e+02 1.200000000000000000e+01
-8.000000000000000000e+00 -2.550000000000000000e+02 1.400000000000000000e+01
-1.000000000000000000e+01 -2.550000000000000000e+02 1.600000000000000000e+01
-8.000000000000000000e+00 -2.530000000000000000e+02 1.600000000000000000e+01
-6.000000000000000000e+00 -2.570000000000000000e+02 1.900000000000000000e+01
-1.100000000000000000e+01 -2.500000000000000000e+02 1.300000000000000000e+01
-1.700000000000000000e+01 -2.660000000000000000e+02 2.700000000000000000e+01
-2.000000000000000000e+00 -2.550000000000000000e+02 1.600000000000000000e+01
-6.000000000000000000e+00 -2.550000000000000000e+02 2.400000000000000000e+01
-1.400000000000000000e+01 -2.610000000000000000e+02 2.400000000000000000e+01
-1.100000000000000000e+01 -2.540000000000000000e+02 2.500000000000000000e+01
-7.000000000000000000e+00 -2.590000000000000000e+02 2.900000000000000000e+01
-4.000000000000000000e+00 -2.490000000000000000e+02 3.200000000000000000e+01
-6.000000000000000000e+00 -2.550000000000000000e+02 3.800000000000000000e+01
-1.100000000000000000e+01 -2.470000000000000000e+02 4.200000000000000000e+01
-1.400000000000000000e+01 -2.480000000000000000e+02 4.700000000000000000e+01
-1.100000000000000000e+01 -2.490000000000000000e+02 4.700000000000000000e+01
-1.600000000000000000e+01 -2.420000000000000000e+02 5.100000000000000000e+01
-2.700000000000000000e+01 -2.490000000000000000e+02 5.100000000000000000e+01
-2.000000000000000000e+01 -2.430000000000000000e+02 4.800000000000000000e+01
-1.300000000000000000e+01 -2.530000000000000000e+02 4.400000000000000000e+01
-1.200000000000000000e+01 -2.510000000000000000e+02 4.200000000000000000e+01
-1.600000000000000000e+01 -2.490000000000000000e+02 3.200000000000000000e+01
-8.000000000000000000e+00 -2.490000000000000000e+02 3.000000000000000000e+01
-1.400000000000000000e+01 -2.510000000000000000e+02 2.700000000000000000e+01
-1.800000000000000000e+01 -2.510000000000000000e+02 2.300000000000000000e+01
-1.800000000000000000e+01 -2.580000000000000000e+02 7.000000000000000000e+00
-7.000000000000000000e+00 -2.440000000000000000e+02 5.000000000000000000e+00
-1.400000000000000000e+01 -2.500000000000000000e+02 -8.000000000000000000e+00
-7.000000000000000000e+00 -2.460000000000000000e+02 -2.700000000000000000e+01
-8.000000000000000000e+00 -2.580000000000000000e+02 -3.900000000000000000e+01
-4.000000000000000000e+00 -2.670000000000000000e+02 -4.500000000000000000e+01
3.000000000000000000e+00 -2.610000000000000000e+02 -6.500000000000000000e+01
-2.000000000000000000e+00 -2.570000000000000000e+02 -9.900000000000000000e+01
-1.000000000000000000e+01 -2.910000000000000000e+02 -1.100000000000000000e+02
3.000000000000000000e+00 -2.780000000000000000e+02 -1.360000000000000000e+02
1.000000000000000000e+00 -2.440000000000000000e+02 -1.320000000000000000e+02
1.000000000000000000e+00 -2.320000000000000000e+02 -1.230000000000000000e+02
-3.000000000000000000e+00 -2.150000000000000000e+02 -1.290000000000000000e+02
2.000000000000000000e+00 -2.100000000000000000e+02 -1.270000000000000000e+02
6.000000000000000000e+00 -1.960000000000000000e+02 -1.240000000000000000e+02
5.000000000000000000e+00 -1.980000000000000000e+02 -1.340000000000000000e+02
6.000000000000000000e+00 -1.950000000000000000e+02 -1.360000000000000000e+02
1.000000000000000000e+01 -2.090000000000000000e+02 -1.460000000000000000e+02
8.000000000000000000e+00 -2.030000000000000000e+02 -1.460000000000000000e+02
1.300000000000000000e+01 -1.970000000000000000e+02 -1.470000000000000000e+02
1.000000000000000000e+01 -1.980000000000000000e+02 -1.480000000000000000e+02
1.500000000000000000e+01 -1.950000000000000000e+02 -1.520000000000000000e+02
1.700000000000000000e+01 -1.910000000000000000e+02 -1.540000000000000000e+02
1.700000000000000000e+01 -1.780000000000000000e+02 -1.550000000000000000e+02
1.500000000000000000e+01 -1.870000000000000000e+02 -1.610000000000000000e+02
1.600000000000000000e+01 -1.720000000000000000e+02 -1.730000000000000000e+02
1.000000000000000000e+01 -1.920000000000000000e+02 -1.670000000000000000e+02
1.000000000000000000e+00 -1.700000000000000000e+02 -1.770000000000000000e+02
1.500000000000000000e+01 -1.600000000000000000e+02 -1.780000000000000000e+02
9.000000000000000000e+00 -1.720000000000000000e+02 -1.770000000000000000e+02
2.700000000000000000e+01 -1.590000000000000000e+02 -1.660000000000000000e+02
1.800000000000000000e+01 -1.650000000000000000e+02 -1.650000000000000000e+02
2.400000000000000000e+01 -1.670000000000000000e+02 -1.500000000000000000e+02
2.700000000000000000e+01 -1.780000000000000000e+02 -1.020000000000000000e+02
2.000000000000000000e+01 -1.580000000000000000e+02 -4.600000000000000000e+01
4.700000000000000000e+01 -5.800000000000000000e+01 5.200000000000000000e+01
-1.140000000000000000e+02 -2.500000000000000000e+01 -1.410000000000000000e+02
-1.120000000000000000e+02 9.000000000000000000e+01 -3.470000000000000000e+02
-5.900000000000000000e+01 -1.050000000000000000e+02 -2.300000000000000000e+02
-4.460000000000000000e+02 9.200000000000000000e+01 -3.960000000000000000e+02
-3.370000000000000000e+02 -2.300000000000000000e+01 -5.710000000000000000e+02
-4.580000000000000000e+02 6.000000000000000000e+00 -2.840000000000000000e+02
-2.700000000000000000e+02 -2.600000000000000000e+01 -4.700000000000000000e+01
-2.490000000000000000e+02 -3.400000000000000000e+01 -1.400000000000000000e+01
-2.260000000000000000e+02 4.700000000000000000e+01 -3.000000000000000000e+01
-2.940000000000000000e+02 3.000000000000000000e+01 3.000000000000000000e+00
-2.080000000000000000e+02 2.000000000000000000e+01 4.100000000000000000e+01
-2.710000000000000000e+02 5.400000000000000000e+01 5.000000000000000000e+01
-2.480000000000000000e+02 4.600000000000000000e+01 7.400000000000000000e+01
-2.260000000000000000e+02 2.300000000000000000e+01 6.400000000000000000e+01
-2.390000000000000000e+02 -4.000000000000000000e+00 7.300000000000000000e+01
-2.380000000000000000e+02 2.000000000000000000e+00 4.600000000000000000e+01
-2.730000000000000000e+02 4.000000000000000000e+00 3.200000000000000000e+01
-2.570000000000000000e+02 -3.000000000000000000e+00 -9.000000000000000000e+00
-2.580000000000000000e+02 -4.600000000000000000e+01 4.500000000000000000e+01
-3.000000000000000000e+02 -5.000000000000000000e+01 9.000000000000000000e+00
-2.270000000000000000e+02 -5.500000000000000000e+01 3.600000000000000000e+01
-2.540000000000000000e+02 -7.100000000000000000e+01 1.700000000000000000e+01
-2.430000000000000000e+02 -3.100000000000000000e+01 1.900000000000000000e+01
-2.570000000000000000e+02 -1.800000000000000000e+01 1.400000000000000000e+01
-2.600000000000000000e+02 -1.500000000000000000e+01 1.800000000000000000e+01
-2.600000000000000000e+02 -2.600000000000000000e+01 1.100000000000000000e+01
-2.500000000000000000e+02 -2.900000000000000000e+01 1.100000000000000000e+01
-2.480000000000000000e+02 -2.600000000000000000e+01 2.000000000000000000e+00
-2.570000000000000000e+02 -3.600000000000000000e+01 -4.000000000000000000e+00
-2.610000000000000000e+02 -3.900000000000000000e+01 -8.000000000000000000e+00
-2.540000000000000000e+02 -4.700000000000000000e+01 -4.000000000000000000e+00
-2.560000000000000000e+02 -4.400000000000000000e+01 -8.000000000000000000e+00
-2.590000000000000000e+02 -3.200000000000000000e+01 -8.000000000000000000e+00
-2.590000000000000000e+02 -4.400000000000000000e+01 -1.000000000000000000e+00
-2.640000000000000000e+02 -3.900000000000000000e+01 -1.000000000000000000e+00
-2.550000000000000000e+02 -3.500000000000000000e+01 -2.000000000000000000e+00
-2.540000000000000000e+02 -3.500000000000000000e+01 -4.000000000000000000e+00
-2.590000000000000000e+02 -3.700000000000000000e+01 1.000000000000000000e+00
-2.580000000000000000e+02 -3.700000000000000000e+01 0.000000000000000000e+00
-2.590000000000000000e+02 -3.500000000000000000e+01 1.000000000000000000e+00
-2.540000000000000000e+02 -3.900000000000000000e+01 3.000000000000000000e+00
-2.540000000000000000e+02 -4.100000000000000000e+01 -4.000000000000000000e+00
-2.560000000000000000e+02 -3.600000000000000000e+01 1.000000000000000000e+00
-2.540000000000000000e+02 -3.700000000000000000e+01 -1.000000000000000000e+00
-2.580000000000000000e+02 -3.500000000000000000e+01 0.000000000000000000e+00
-2.570000000000000000e+02 -3.400000000000000000e+01 -1.000000000000000000e+00
-2.550000000000000000e+02 -3.700000000000000000e+01 -4.000000000000000000e+00
-2.560000000000000000e+02 -3.800000000000000000e+01 -3.000000000000000000e+00
-2.560000000000000000e+02 -4.000000000000000000e+01 -3.000000000000000000e+00
-2.560000000000000000e+02 -3.800000000000000000e+01 -2.000000000000000000e+00
-2.560000000000000000e+02 -3.800000000000000000e+01 -1.000000000000000000e+00
-2.560000000000000000e+02 -3.800000000000000000e+01 -3.000000000000000000e+00
-2.560000000000000000e+02 -3.800000000000000000e+01 -8.000000000000000000e+00
-2.560000000000000000e+02 -3.600000000000000000e+01 1.000000000000000000e+00
-2.540000000000000000e+02 -4.200000000000000000e+01 -2.000000000000000000e+00
-2.560000000000000000e+02 -3.800000000000000000e+01 -2.000000000000000000e+00
-2.570000000000000000e+02 -3.700000000000000000e+01 -2.000000000000000000e+00
-2.540000000000000000e+02 -3.900000000000000000e+01 -5.000000000000000000e+00
-2.580000000000000000e+02 -3.900000000000000000e+01 -5.000000000000000000e+00
-2.570000000000000000e+02 -3.900000000000000000e+01 -1.000000000000000000e+00
-2.560000000000000000e+02 -4.100000000000000000e+01 -4.000000000000000000e+00
-2.530000000000000000e+02 -4.000000000000000000e+01 0.000000000000000000e+00
-2.560000000000000000e+02 -3.700000000000000000e+01 -2.000000000000000000e+00
-2.550000000000000000e+02 -4.100000000000000000e+01 -6.000000000000000000e+00
-2.560000000000000000e+02 -3.900000000000000000e+01 -5.000000000000000000e+00
-2.550000000000000000e+02 -3.800000000000000000e+01 -2.000000000000000000e+00
-2.560000000000000000e+02 -4.000000000000000000e+01 -1.000000000000000000e+00
-2.560000000000000000e+02 -4.200000000000000000e+01 -2.000000000000000000e+00
-2.540000000000000000e+02 -3.900000000000000000e+01 -1.000000000000000000e+00
-2.550000000000000000e+02 -4.100000000000000000e+01 -2.000000000000000000e+00
-2.560000000000000000e+02 -3.600000000000000000e+01 -2.000000000000000000e+00
-2.560000000000000000e+02 -3.800000000000000000e+01 -2.000000000000000000e+00
-2.560000000000000000e+02 -3.600000000000000000e+01 -1.000000000000000000e+00
-2.560000000000000000e+02 -3.900000000000000000e+01 -3.000000000000000000e+00
-2.560000000000000000e+02 -3.800000000000000000e+01 3.000000000000000000e+00
-2.560000000000000000e+02 -4.000000000000000000e+01 -1.000000000000000000e+00
-2.550000000000000000e+02 -4.100000000000000000e+01 -1.000000000000000000e+00
-2.560000000000000000e+02 -3.700000000000000000e+01 2.000000000000000000e+00
-2.540000000000000000e+02 -3.800000000000000000e+01 -2.000000000000000000e+00
-2.550000000000000000e+02 -3.600000000000000000e+01 -1.000000000000000000e+00
-2.560000000000000000e+02 -3.600000000000000000e+01 0.000000000000000000e+00
-2.540000000000000000e+02 -3.800000000000000000e+01 0.000000000000000000e+00
-2.550000000000000000e+02 -3.700000000000000000e+01 -3.000000000000000000e+00
-2.560000000000000000e+02 -3.700000000000000000e+01 0.000000000000000000e+00
-2.500000000000000000e+02 -2.400000000000000000e+01 -9.000000000000000000e+00
-2.550000000000000000e+02 -3.800000000000000000e+01 1.000000000000000000e+00
-2.540000000000000000e+02 -3.900000000000000000e+01 0.000000000000000000e+00
-2.560000000000000000e+02 -3.400000000000000000e+01 0.000000000000000000e+00
-2.550000000000000000e+02 -3.300000000000000000e+01 -3.000000000000000000e+00
-2.560000000000000000e+02 -3.500000000000000000e+01 -1.000000000000000000e+00
-2.550000000000000000e+02 -3.800000000000000000e+01 -2.000000000000000000e+00
-2.560000000000000000e+02 -3.700000000000000000e+01 -2.000000000000000000e+00
-2.550000000000000000e+02 -3.800000000000000000e+01 0.000000000000000000e+00
-2.560000000000000000e+02 -3.600000000000000000e+01 1.000000000000000000e+00
-2.550000000000000000e+02 -3.700000000000000000e+01 0.000000000000000000e+00
-2.560000000000000000e+02 -3.900000000000000000e+01 0.000000000000000000e+00
-2.560000000000000000e+02 -3.800000000000000000e+01 1.000000000000000000e+00
-2.550000000000000000e+02 -3.900000000000000000e+01 -3.000000000000000000e+00
-2.550000000000000000e+02 -3.700000000000000000e+01 1.000000000000000000e+00
-2.550000000000000000e+02 -3.900000000000000000e+01 3.000000000000000000e+00
-2.550000000000000000e+02 -3.800000000000000000e+01 1.000000000000000000e+00
-2.560000000000000000e+02 -3.700000000000000000e+01 2.000000000000000000e+00
-2.560000000000000000e+02 -3.700000000000000000e+01 -2.000000000000000000e+00
-2.550000000000000000e+02 -3.600000000000000000e+01 3.000000000000000000e+00
-2.550000000000000000e+02 -3.600000000000000000e+01 2.000000000000000000e+00
-2.560000000000000000e+02 -4.000000000000000000e+01 2.000000000000000000e+00
-2.560000000000000000e+02 -3.400000000000000000e+01 -1.000000000000000000e+00
-2.560000000000000000e+02 -3.600000000000000000e+01 3.000000000000000000e+00
-2.550000000000000000e+02 -4.200000000000000000e+01 0.000000000000000000e+00
-2.560000000000000000e+02 -3.900000000000000000e+01 0.000000000000000000e+00
-2.570000000000000000e+02 -3.900000000000000000e+01 1.000000000000000000e+00
-2.560000000000000000e+02 -4.000000000000000000e+01 -1.000000000000000000e+00
-2.460000000000000000e+02 -3.200000000000000000e+01 -1.100000000000000000e+01
-2.540000000000000000e+02 -4.000000000000000000e+01 0.000000000000000000e+00
-2.570000000000000000e+02 -3.800000000000000000e+01 -3.000000000000000000e+00
-2.550000000000000000e+02 -4.000000000000000000e+01 0.000000000000000000e+00
-2.570000000000000000e+02 -3.900000000000000000e+01 -2.000000000000000000e+00
-2.580000000000000000e+02 -4.000000000000000000e+01 -1.000000000000000000e+00
-2.550000000000000000e+02 -4.000000000000000000e+01 -4.000000000000000000e+00
-2.530000000000000000e+02 -4.100000000000000000e+01 -4.000000000000000000e+00
-2.550000000000000000e+02 -4.100000000000000000e+01 0.000000000000000000e+00
-2.550000000000000000e+02 -4.100000000000000000e+01 -3.000000000000000000e+00
-2.560000000000000000e+02 -4.400000000000000000e+01 5.000000000000000000e+00
-2.560000000000000000e+02 -4.200000000000000000e+01 -4.000000000000000000e+00
-2.560000000000000000e+02 -4.300000000000000000e+01 0.000000000000000000e+00
-2.480000000000000000e+02 -4.000000000000000000e+01 1.300000000000000000e+01
-2.570000000000000000e+02 -4.100000000000000000e+01 -2.000000000000000000e+00
-2.560000000000000000e+02 -4.300000000000000000e+01 -1.000000000000000000e+00
-2.560000000000000000e+02 -3.800000000000000000e+01 -3.000000000000000000e+00
-2.570000000000000000e+02 -3.900000000000000000e+01 0.000000000000000000e+00
-2.560000000000000000e+02 -4.800000000000000000e+01 -3.000000000000000000e+00
-2.550000000000000000e+02 -4.200000000000000000e+01 3.000000000000000000e+00
-2.560000000000000000e+02 -3.800000000000000000e+01 -2.000000000000000000e+00
-2.540000000000000000e+02 -4.100000000000000000e+01 2.000000000000000000e+00
-2.540000000000000000e+02 -4.000000000000000000e+01 -2.000000000000000000e+00
-2.540000000000000000e+02 -3.900000000000000000e+01 0.000000000000000000e+00
-2.540000000000000000e+02 -4.300000000000000000e+01 -2.000000000000000000e+00
