-4.000000000000000000e+00 -2.420000000000000000e+02 4.500000000000000000e+01
-6.000000000000000000e+00 -2.490000000000000000e+02 5.100000000000000000e+01
-8.000000000000000000e+00 -2.520000000000000000e+02 4.100000000000000000e+01
-3.000000000000000000e+00 -2.460000000000000000e+02 3.900000000000000000e+01
-5.000000000000000000e+00 -2.540000000000000000e+02 4.300000000000000000e+01
-5.000000000000000000e+00 -2.540000000000000000e+02 3.400000000000000000e+01
-2.000000000000000000e+00 -2.530000000000000000e+02 3.300000000000000000e+01
-1.000000000000000000e+01 -2.550000000000000000e+02 2.700000000000000000e+01
-9.000000000000000000e+00 -2.560000000000000000e+02 1.800000000000000000e+01
-2.000000000000000000e+00 -2.570000000000000000e+02 2.300000000000000000e+01
-1.100000000000000000e+01 -2.630000000000000000e+02 1.000000000000000000e+00
0.000000000000000000e+00 -2.610000000000000000e+02 -8.000000000000000000e+00
1.000000000000000000e+00 -2.580000000000000000e+02 -1.700000000000000000e+01
-4.000000000000000000e+00 -2.820000000000000000e+02 -1.300000000000000000e+01
-8.000000000000000000e+00 -3.090000000000000000e+02 -2.400000000000000000e+01
3.000000000000000000e+00 -2.780000000000000000e+02 -3.100000000000000000e+01
0.000000000000000000e+00 -2.630000000000000000e+02 -4.800000000000000000e+01
-5.000000000000000000e+00 -2.510000000000000000e+02 -4.900000000000000000e+01
4.000000000000000000e+00 -2.650000000000000000e+02 -5.000000000000000000e+01
-7.000000000000000000e+00 -2.670000000000000000e+02 -5.400000000000000000e+01
-1.000000000000000000e+00 -2.600000000000000000e+02 -5.000000000000000000e+01
2.000000000000000000e+00 -2.550000000000000000e+02 -5.200000000000000000e+01
3.000000000000000000e+00 -2.660000000000000000e+02 -5.100000000000000000e+01
2.000000000000000000e+00 -2.580000000000000000e+02 -5.600000000000000000e+01
-2.000000000000000000e+00 -2.630000000000000000e+02 -5.500000000000000000e+01
-3.000000000000000000e+00 -2.570000000000000000e+02 -6.100000000000000000e+01
-1.000000000000000000e+01 -2.520000000000000000e+02 -5.600000000000000000e+01
-1.100000000000000000e+01 -2.540000000000000000e+02 -5.200000000000000000e+01
-1.000000000000000000e+01 -2.390000000000000000e+02 -5.500000000000000000e+01
-1.100000000000000000e+01 -2.410000000000000000e+02 -5.500000000000000000e+01
-1.200000000000000000e+01 -2.390000000000000000e+02 -5.800000000000000000e+01
-9.000000000000000000e+00 -2.460000000000000000e+02 -6.000000000000000000e+01
-1.500000000000000000e+01 -2.450000000000000000e+02 -6.500000000000000000e+01
-1.000000000000000000e+01 -2.400000000000000000e+02 -7.500000000000000000e+01
-9.000000000000000000e+00 -2.450000000000000000e+02 -6.900000000000000000e+01
-1.400000000000000000e+01 -2.470000000000000000e+02 -7.900000000000000000e+01
-1.700000000000000000e+01 -2.420000000000000000e+02 -7.900000000000000000e+01
-2.000000000000000000e+01 -2.290000000000000000e+02 -7.200000000000000000e+01
-2.400000000000000000e+01 -2.320000000000000000e+02 -7.000000000000000000e+01
-2.100000000000000000e+01 -2.300000000000000000e+02 -7.200000000000000000e+01
-2.600000000000000000e+01 -2.190000000000000000e+02 -6.500000000000000000e+01
-1.600000000000000000e+01 -1.960000000000000000e+02 -5.500000000000000000e+01
-1.400000000000000000e+01 -1.930000000000000000e+02 -5.000000000000000000e+01
-1.400000000000000000e+01 -1.880000000000000000e+02 -4.400000000000000000e+01
-1.500000000000000000e+01 -1.410000000000000000e+02 -4.500000000000000000e+01
-4.100000000000000000e+01 -3.400000000000000000e+01 -5.600000000000000000e+01
-5.900000000000000000e+01 -5.000000000000000000e+00 -1.590000000000000000e+02
-6.200000000000000000e+01 -2.200000000000000000e+01 -2.110000000000000000e+02
-2.830000000000000000e+02 -6.900000000000000000e+01 -8.900000000000000000e+01
-8.970000000000000000e+02 2.530000000000000000e+02 -6.440000000000000000e+02
-1.072000000000000000e+03 -7.800000000000000000e+01 -8.080000000000000000e+02
-3.850000000000000000e+02 -1.240000000000000000e+02 -2.670000000000000000e+02
3.500000000000000000e+01 1.850000000000000000e+02 1.260000000000000000e+02
-9.200000000000000000e+01 8.900000000000000000e+01 -8.200000000000000000e+01
-6.100000000000000000e+01 7.400000000000000000e+01 5.000000000000000000e+01
-1.430000000000000000e+02 6.000000000000000000e+01 1.000000000000000000e+01
-3.860000000000000000e+02 1.570000000000000000e+02 1.190000000000000000e+02
-3.590000000000000000e+02 1.060000000000000000e+02 1.390000000000000000e+02
-1.220000000000000000e+02 9.800000000000000000e+01 1.730000000000000000e+02
-1.070000000000000000e+02 5.200000000000000000e+01 1.190000000000000000e+02
-1.990000000000000000e+02 5.600000000000000000e+01 5.100000000000000000e+01
-2.440000000000000000e+02 7.400000000000000000e+01 4.600000000000000000e+01
-2.770000000000000000e+02 5.400000000000000000e+01 1.700000000000000000e+01
-2.690000000000000000e+02 4.000000000000000000e+00 9.000000000000000000e+00
-2.330000000000000000e+02 3.000000000000000000e+00 -4.000000000000000000e+00
-2.520000000000000000e+02 0.000000000000000000e+00 -2.800000000000000000e+01
-2.930000000000000000e+02 0.000000000000000000e+00 -2.400000000000000000e+01
-2.930000000000000000e+02 8.000000000000000000e+00 -4.800000000000000000e+01
-2.730000000000000000e+02 3.000000000000000000e+00 -2.100000000000000000e+01
-2.560000000000000000e+02 1.200000000000000000e+01 -4.000000000000000000e+00
-2.470000000000000000e+02 2.300000000000000000e+01 -4.000000000000000000e+00
-2.590000000000000000e+02 2.600000000000000000e+01 4.000000000000000000e+00
-2.660000000000000000e+02 2.000000000000000000e+01 7.000000000000000000e+00
-2.540000000000000000e+02 1.700000000000000000e+01 -1.000000000000000000e+00
-2.600000000000000000e+02 1.700000000000000000e+01 -6.000000000000000000e+00
-2.650000000000000000e+02 2.200000000000000000e+01 -1.700000000000000000e+01
-2.660000000000000000e+02 2.000000000000000000e+01 -1.900000000000000000e+01
-2.660000000000000000e+02 1.800000000000000000e+01 -1.600000000000000000e+01
-2.610000000000000000e+02 2.000000000000000000e+01 -5.000000000000000000e+00
-2.540000000000000000e+02 2.400000000000000000e+01 6.000000000000000000e+00
-2.540000000000000000e+02 2.300000000000000000e+01 9.000000000000000000e+00
-2.550000000000000000e+02 2.300000000000000000e+01 9.000000000000000000e+00
-2.520000000000000000e+02 2.400000000000000000e+01 4.000000000000000000e+00
-2.600000000000000000e+02 2.300000000000000000e+01 6.000000000000000000e+00
-2.580000000000000000e+02 2.000000000000000000e+01 2.000000000000000000e+00
-2.600000000000000000e+02 1.800000000000000000e+01 2.000000000000000000e+00
-2.600000000000000000e+02 1.900000000000000000e+01 0.000000000000000000e+00
-2.600000000000000000e+02 1.500000000000000000e+01 -3.000000000000000000e+00
-2.600000000000000000e+02 2.200000000000000000e+01 -1.000000000000000000e+00
-2.610000000000000000e+02 2.000000000000000000e+01 -4.000000000000000000e+00
-2.590000000000000000e+02 2.200000000000000000e+01 0.000000000000000000e+00
-2.580000000000000000e+02 2.000000000000000000e+01 1.000000000000000000e+00
-2.590000000000000000e+02 2.200000000000000000e+01 0.000000000000000000e+00
-2.570000000000000000e+02 2.100000000000000000e+01 2.000000000000000000e+00
-2.560000000000000000e+02 2.100000000000000000e+01 6.000000000000000000e+00
-2.600000000000000000e+02 2.100000000000000000e+01 0.000000000000000000e+00
-2.580000000000000000e+02 2.100000000000000000e+01 4.000000000000000000e+00
-2.580000000000000000e+02 2.000000000000000000e+01 2.000000000000000000e+00
-2.600000000000000000e+02 2.200000000000000000e+01 0.000000000000000000e+00
-2.570000000000000000e+02 2.800000000000000000e+01 1.000000000000000000e+00
-2.590000000000000000e+02 2.300000000000000000e+01 3.000000000000000000e+00
-2.580000000000000000e+02 2.000000000000000000e+01 0.000000000000000000e+00
-2.580000000000000000e+02 2.000000000000000000e+01 7.000000000000000000e+00
-2.580000000000000000e+02 2.100000000000000000e+01 3.000000000000000000e+00
-2.580000000000000000e+02 2.400000000000000000e+01 3.000000000000000000e+00
-2.550000000000000000e+02 2.200000000000000000e+01 5.000000000000000000e+00
-2.560000000000000000e+02 2.200000000000000000e+01 3.000000000000000000e+00
-2.590000000000000000e+02 2.200000000000000000e+01 5.000000000000000000e+00
-2.570000000000000000e+02 2.200000000000000000e+01 3.000000000000000000e+00
-2.580000000000000000e+02 2.200000000000000000e+01 3.000000000000000000e+00
-2.590000000000000000e+02 1.900000000000000000e+01 2.000000000000000000e+00
-2.570000000000000000e+02 1.900000000000000000e+01 8.000000000000000000e+00
-2.590000000000000000e+02 2.400000000000000000e+01 4.000000000000000000e+00
-2.590000000000000000e+02 2.000000000000000000e+01 3.000000000000000000e+00
-2.580000000000000000e+02 2.100000000000000000e+01 1.000000000000000000e+00
-2.600000000000000000e+02 2.300000000000000000e+01 3.000000000000000000e+00
-2.570000000000000000e+02 2.300000000000000000e+01 3.000000000000000000e+00
-2.600000000000000000e+02 2.500000000000000000e+01 8.000000000000000000e+00
-2.570000000000000000e+02 2.200000000000000000e+01 6.000000000000000000e+00
-2.560000000000000000e+02 2.200000000000000000e+01 6.000000000000000000e+00
-2.590000000000000000e+02 2.300000000000000000e+01 9.000000000000000000e+00
-2.590000000000000000e+02 2.300000000000000000e+01 5.000000000000000000e+00
-2.560000000000000000e+02 2.000000000000000000e+01 6.000000000000000000e+00
-2.570000000000000000e+02 2.400000000000000000e+01 3.000000000000000000e+00
-2.580000000000000000e+02 2.200000000000000000e+01 5.000000000000000000e+00
-2.580000000000000000e+02 2.000000000000000000e+01 5.000000000000000000e+00
-2.570000000000000000e+02 2.200000000000000000e+01 8.000000000000000000e+00
-2.570000000000000000e+02 2.100000000000000000e+01 4.000000000000000000e+00
-2.580000000000000000e+02 2.400000000000000000e+01 4.000000000000000000e+00
-2.580000000000000000e+02 2.300000000000000000e+01 4.000000000000000000e+00
-2.590000000000000000e+02 1.900000000000000000e+01 3.000000000000000000e+00
-2.630000000000000000e+02 1.600000000000000000e+01 1.100000000000000000e+01
-2.610000000000000000e+02 2.600000000000000000e+01 7.000000000000000000e+00
-2.560000000000000000e+02 2.200000000000000000e+01 6.000000000000000000e+00
-2.550000000000000000e+02 2.200000000000000000e+01 4.000000000000000000e+00
-2.580000000000000000e+02 2.200000000000000000e+01 7.000000000000000000e+00
-2.580000000000000000e+02 2.200000000000000000e+01 8.000000000000000000e+00
-2.590000000000000000e+02 2.100000000000000000e+01 7.000000000000000000e+00
-2.560000000000000000e+02 2.100000000000000000e+01 5.000000000000000000e+00
-2.580000000000000000e+02 2.100000000000000000e+01 8.000000000000000000e+00
-2.580000000000000000e+02 2.400000000000000000e+01 7.000000000000000000e+00
-2.550000000000000000e+02 2.100000000000000000e+01 8.000000000000000000e+00
-2.580000000000000000e+02 2.100000000000000000e+01 2.000000000000000000e+00
-2.590000000000000000e+02 2.300000000000000000e+01 8.000000000000000000e+00
-2.600000000000000000e+02 2.000000000000000000e+01 8.000000000000000000e+00
-2.580000000000000000e+02 2.100000000000000000e+01 4.000000000000000000e+00
-2.520000000000000000e+02 2.100000000000000000e+01 1.600000000000000000e+01
-2.550000000000000000e+02 2.200000000000000000e+01 4.000000000000000000e+00
-2.580000000000000000e+02 2.300000000000000000e+01 5.000000000000000000e+00
-2.600000000000000000e+02 2.300000000000000000e+01 4.000000000000000000e+00
-2.570000000000000000e+02 2.200000000000000000e+01 8.000000000000000000e+00
-2.560000000000000000e+02 2.000000000000000000e+01 6.000000000000000000e+00
-2.590000000000000000e+02 2.500000000000000000e+01 6.000000000000000000e+00
-2.580000000000000000e+02 2.700000000000000000e+01 8.000000000000000000e+00
-2.550000000000000000e+02 2.500000000000000000e+01 1.000000000000000000e+01
-2.560000000000000000e+02 2.300000000000000000e+01 7.000000000000000000e+00
-2.570000000000000000e+02 2.500000000000000000e+01 8.000000000000000000e+00
-2.570000000000000000e+02 2.300000000000000000e+01 9.000000000000000000e+00
-2.570000000000000000e+02 2.700000000000000000e+01 1.000000000000000000e+01
-2.570000000000000000e+02 2.600000000000000000e+01 1.100000000000000000e+01
-2.550000000000000000e+02 2.800000000000000000e+01 1.000000000000000000e+01
-2.560000000000000000e+02 2.300000000000000000e+01 1.200000000000000000e+01
-2.560000000000000000e+02 1.700000000000000000e+01 5.000000000000000000e+00
-2.560000000000000000e+02 2.500000000000000000e+01 1.200000000000000000e+01
-2.570000000000000000e+02 2.500000000000000000e+01 1.500000000000000000e+01
-2.560000000000000000e+02 2.700000000000000000e+01 1.200000000000000000e+01
-2.580000000000000000e+02 2.300000000000000000e+01 1.500000000000000000e+01
-2.570000000000000000e+02 2.800000000000000000e+01 7.000000000000000000e+00
-2.550000000000000000e+02 2.300000000000000000e+01 1.100000000000000000e+01
-2.550000000000000000e+02 2.600000000000000000e+01 1.100000000000000000e+01
-2.530000000000000000e+02 2.500000000000000000e+01 1.300000000000000000e+01
-2.550000000000000000e+02 2.600000000000000000e+01 1.600000000000000000e+01
-2.540000000000000000e+02 2.500000000000000000e+01 1.300000000000000000e+01
-2.550000000000000000e+02 2.700000000000000000e+01 1.100000000000000000e+01
-2.570000000000000000e+02 2.500000000000000000e+01 1.500000000000000000e+01
-2.560000000000000000e+02 2.700000000000000000e+01 1.300000000000000000e+01
-2.560000000000000000e+02 2.600000000000000000e+01 1.400000000000000000e+01
-2.540000000000000000e+02 2.700000000000000000e+01 1.400000000000000000e+01
-2.550000000000000000e+02 2.800000000000000000e+01 1.000000000000000000e+01
-2.500000000000000000e+02 1.900000000000000000e+01 1.500000000000000000e+01
-2.560000000000000000e+02 2.500000000000000000e+01 1.400000000000000000e+01
-2.570000000000000000e+02 2.400000000000000000e+01 1.600000000000000000e+01
-2.570000000000000000e+02 2.400000000000000000e+01 1.200000000000000000e+01
-2.510000000000000000e+02 2.400000000000000000e+01 1.300000000000000000e+01
-2.550000000000000000e+02 2.700000000000000000e+01 1.100000000000000000e+01
-2.550000000000000000e+02 2.300000000000000000e+01 1.100000000000000000e+01
-2.560000000000000000e+02 2.100000000000000000e+01 1.000000000000000000e+01
-2.580000000000000000e+02 2.600000000000000000e+01 1.000000000000000000e+01
-2.550000000000000000e+02 2.300000000000000000e+01 1.400000000000000000e+01
-2.570000000000000000e+02 2.500000000000000000e+01 9.000000000000000000e+00
-2.550000000000000000e+02 2.400000000000000000e+01 1.200000000000000000e+01
-2.560000000000000000e+02 2.200000000000000000e+01 8.000000000000000000e+00
-2.560000000000000000e+02 2.300000000000000000e+01 8.000000000000000000e+00
-2.570000000000000000e+02 2.200000000000000000e+01 7.000000000000000000e+00
-2.620000000000000000e+02 2.200000000000000000e+01 4.000000000000000000e+00
-2.510000000000000000e+02 2.500000000000000000e+01 2.000000000000000000e+00
-2.590000000000000000e+02 2.300000000000000000e+01 4.000000000000000000e+00
-2.560000000000000000e+02 2.400000000000000000e+01 1.100000000000000000e+01
-2.590000000000000000e+02 2.600000000000000000e+01 7.000000000000000000e+00
-2.580000000000000000e+02 2.500000000000000000e+01 8.000000000000000000e+00
