-1.100000000000000000e+01 -1.410000000000000000e+02 -2.200000000000000000e+02
-8.000000000000000000e+00 -1.350000000000000000e+02 -2.170000000000000000e+02
-9.000000000000000000e+00 -1.260000000000000000e+02 -2.280000000000000000e+02
-7.000000000000000000e+00 -1.160000000000000000e+02 -2.220000000000000000e+02
-3.000000000000000000e+00 -1.030000000000000000e+02 -2.250000000000000000e+02
-2.000000000000000000e+01 -1.010000000000000000e+02 -2.130000000000000000e+02
-1.300000000000000000e+01 -8.900000000000000000e+01 -2.280000000000000000e+02
-2.500000000000000000e+01 -8.700000000000000000e+01 -2.380000000000000000e+02
-2.100000000000000000e+01 -8.700000000000000000e+01 -2.360000000000000000e+02
-2.500000000000000000e+01 -8.900000000000000000e+01 -2.360000000000000000e+02
-1.300000000000000000e+01 -9.300000000000000000e+01 -2.270000000000000000e+02
-1.700000000000000000e+01 -9.400000000000000000e+01 -2.140000000000000000e+02
-1.700000000000000000e+01 -9.100000000000000000e+01 -1.970000000000000000e+02
-2.200000000000000000e+01 -9.600000000000000000e+01 -1.770000000000000000e+02
-1.500000000000000000e+01 -7.100000000000000000e+01 -1.500000000000000000e+02
-1.700000000000000000e+01 -8.000000000000000000e+01 -1.070000000000000000e+02
-2.300000000000000000e+01 -1.290000000000000000e+02 -6.800000000000000000e+01
5.200000000000000000e+01 -1.000000000000000000e+00 -1.070000000000000000e+02
3.900000000000000000e+01 1.740000000000000000e+02 -1.800000000000000000e+02
2.730000000000000000e+02 2.700000000000000000e+01 -1.970000000000000000e+02
3.560000000000000000e+02 3.620000000000000000e+02 -1.860000000000000000e+02
1.919000000000000000e+03 4.370000000000000000e+02 -5.920000000000000000e+02
-1.990000000000000000e+02 3.600000000000000000e+02 2.760000000000000000e+02
1.330000000000000000e+02 -8.200000000000000000e+01 1.120000000000000000e+02
1.070000000000000000e+02 0.000000000000000000e+00 3.800000000000000000e+01
1.260000000000000000e+02 4.100000000000000000e+01 1.390000000000000000e+02
2.690000000000000000e+02 3.800000000000000000e+01 1.750000000000000000e+02
2.810000000000000000e+02 8.000000000000000000e+01 2.190000000000000000e+02
2.240000000000000000e+02 3.900000000000000000e+01 1.460000000000000000e+02
1.990000000000000000e+02 5.100000000000000000e+01 9.200000000000000000e+01
2.330000000000000000e+02 3.600000000000000000e+01 4.600000000000000000e+01
2.550000000000000000e+02 3.700000000000000000e+01 1.100000000000000000e+01
2.820000000000000000e+02 2.500000000000000000e+01 -3.000000000000000000e+00
2.660000000000000000e+02 4.000000000000000000e+00 6.000000000000000000e+00
2.630000000000000000e+02 5.000000000000000000e+00 -2.000000000000000000e+01
1.920000000000000000e+02 3.500000000000000000e+01 1.300000000000000000e+01
3.580000000000000000e+02 5.900000000000000000e+01 -7.500000000000000000e+01
2.850000000000000000e+02 5.700000000000000000e+01 -6.300000000000000000e+01
2.450000000000000000e+02 2.800000000000000000e+01 -6.400000000000000000e+01
2.340000000000000000e+02 2.800000000000000000e+01 -4.500000000000000000e+01
2.440000000000000000e+02 3.800000000000000000e+01 -3.200000000000000000e+01
2.810000000000000000e+02 3.600000000000000000e+01 -3.700000000000000000e+01
2.740000000000000000e+02 8.000000000000000000e+00 -2.400000000000000000e+01
2.520000000000000000e+02 2.000000000000000000e+01 -2.100000000000000000e+01
2.450000000000000000e+02 2.300000000000000000e+01 -2.100000000000000000e+01
2.560000000000000000e+02 2.800000000000000000e+01 -3.000000000000000000e+01
2.650000000000000000e+02 3.500000000000000000e+01 -2.900000000000000000e+01
2.620000000000000000e+02 3.400000000000000000e+01 -3.600000000000000000e+01
2.560000000000000000e+02 3.100000000000000000e+01 -3.500000000000000000e+01
2.550000000000000000e+02 2.800000000000000000e+01 -3.300000000000000000e+01
2.580000000000000000e+02 3.000000000000000000e+01 -2.800000000000000000e+01
2.580000000000000000e+02 2.900000000000000000e+01 -2.800000000000000000e+01
2.580000000000000000e+02 2.900000000000000000e+01 -2.700000000000000000e+01
2.580000000000000000e+02 2.700000000000000000e+01 -2.600000000000000000e+01
2.610000000000000000e+02 2.700000000000000000e+01 -2.800000000000000000e+01
2.600000000000000000e+02 3.100000000000000000e+01 -3.200000000000000000e+01
2.570000000000000000e+02 3.300000000000000000e+01 -2.900000000000000000e+01
2.580000000000000000e+02 2.800000000000000000e+01 -3.100000000000000000e+01
2.580000000000000000e+02 3.100000000000000000e+01 -2.800000000000000000e+01
2.580000000000000000e+02 3.100000000000000000e+01 -2.800000000000000000e+01
2.570000000000000000e+02 3.100000000000000000e+01 -3.200000000000000000e+01
2.570000000000000000e+02 3.200000000000000000e+01 -2.800000000000000000e+01
2.560000000000000000e+02 3.300000000000000000e+01 -2.900000000000000000e+01
2.550000000000000000e+02 3.100000000000000000e+01 -3.000000000000000000e+01
2.590000000000000000e+02 3.000000000000000000e+01 -2.900000000000000000e+01
2.580000000000000000e+02 3.200000000000000000e+01 -2.900000000000000000e+01
2.590000000000000000e+02 3.100000000000000000e+01 -3.100000000000000000e+01
2.580000000000000000e+02 3.000000000000000000e+01 -3.200000000000000000e+01
2.570000000000000000e+02 3.100000000000000000e+01 -2.600000000000000000e+01
2.570000000000000000e+02 3.200000000000000000e+01 -2.700000000000000000e+01
2.570000000000000000e+02 3.300000000000000000e+01 -2.900000000000000000e+01
2.550000000000000000e+02 3.000000000000000000e+01 -3.300000000000000000e+01
2.580000000000000000e+02 2.000000000000000000e+01 -3.300000000000000000e+01
2.580000000000000000e+02 3.100000000000000000e+01 -3.200000000000000000e+01
2.570000000000000000e+02 2.500000000000000000e+01 -2.800000000000000000e+01
2.600000000000000000e+02 2.900000000000000000e+01 -3.000000000000000000e+01
2.590000000000000000e+02 2.800000000000000000e+01 -3.200000000000000000e+01
2.570000000000000000e+02 2.800000000000000000e+01 -3.200000000000000000e+01
2.590000000000000000e+02 3.000000000000000000e+01 -3.300000000000000000e+01
2.600000000000000000e+02 2.600000000000000000e+01 -3.000000000000000000e+01
2.570000000000000000e+02 2.900000000000000000e+01 -3.200000000000000000e+01
2.570000000000000000e+02 3.000000000000000000e+01 -3.100000000000000000e+01
2.570000000000000000e+02 3.100000000000000000e+01 -3.200000000000000000e+01
2.580000000000000000e+02 3.000000000000000000e+01 -3.200000000000000000e+01
2.570000000000000000e+02 2.900000000000000000e+01 -3.300000000000000000e+01
2.650000000000000000e+02 2.900000000000000000e+01 -3.000000000000000000e+01
2.580000000000000000e+02 3.400000000000000000e+01 -3.000000000000000000e+01
2.610000000000000000e+02 3.000000000000000000e+01 -3.200000000000000000e+01
2.550000000000000000e+02 2.800000000000000000e+01 -3.300000000000000000e+01
2.590000000000000000e+02 3.000000000000000000e+01 -3.200000000000000000e+01
2.590000000000000000e+02 3.000000000000000000e+01 -3.700000000000000000e+01
2.590000000000000000e+02 2.900000000000000000e+01 -3.000000000000000000e+01
2.570000000000000000e+02 2.700000000000000000e+01 -3.000000000000000000e+01
2.580000000000000000e+02 3.300000000000000000e+01 -3.200000000000000000e+01
2.570000000000000000e+02 2.800000000000000000e+01 -3.500000000000000000e+01
2.590000000000000000e+02 3.100000000000000000e+01 -3.000000000000000000e+01
2.590000000000000000e+02 3.000000000000000000e+01 -3.200000000000000000e+01
2.580000000000000000e+02 3.000000000000000000e+01 -3.200000000000000000e+01
2.580000000000000000e+02 2.900000000000000000e+01 -3.600000000000000000e+01
2.590000000000000000e+02 3.000000000000000000e+01 -3.300000000000000000e+01
2.560000000000000000e+02 2.900000000000000000e+01 -3.100000000000000000e+01
2.580000000000000000e+02 3.300000000000000000e+01 -3.200000000000000000e+01
2.590000000000000000e+02 3.100000000000000000e+01 -3.000000000000000000e+01
2.570000000000000000e+02 3.000000000000000000e+01 -3.200000000000000000e+01
2.580000000000000000e+02 3.200000000000000000e+01 -3.200000000000000000e+01
2.580000000000000000e+02 3.400000000000000000e+01 -2.800000000000000000e+01
2.540000000000000000e+02 3.000000000000000000e+01 -2.800000000000000000e+01
2.560000000000000000e+02 3.000000000000000000e+01 -3.300000000000000000e+01
2.590000000000000000e+02 3.000000000000000000e+01 -3.600000000000000000e+01
2.580000000000000000e+02 3.200000000000000000e+01 -3.700000000000000000e+01
2.580000000000000000e+02 3.200000000000000000e+01 -3.400000000000000000e+01
2.560000000000000000e+02 3.000000000000000000e+01 -3.100000000000000000e+01
2.590000000000000000e+02 3.000000000000000000e+01 -3.700000000000000000e+01
2.580000000000000000e+02 3.200000000000000000e+01 -3.300000000000000000e+01
2.550000000000000000e+02 3.200000000000000000e+01 -2.600000000000000000e+01
2.570000000000000000e+02 2.900000000000000000e+01 -3.400000000000000000e+01
2.580000000000000000e+02 3.300000000000000000e+01 -3.400000000000000000e+01
2.580000000000000000e+02 3.200000000000000000e+01 -3.300000000000000000e+01
2.590000000000000000e+02 3.200000000000000000e+01 -3.600000000000000000e+01
2.600000000000000000e+02 2.800000000000000000e+01 -2.900000000000000000e+01
2.570000000000000000e+02 3.300000000000000000e+01 -3.200000000000000000e+01
2.580000000000000000e+02 3.000000000000000000e+01 -3.100000000000000000e+01
2.600000000000000000e+02 3.000000000000000000e+01 -2.700000000000000000e+01
2.560000000000000000e+02 3.100000000000000000e+01 -3.300000000000000000e+01
2.530000000000000000e+02 3.200000000000000000e+01 -3.100000000000000000e+01
2.570000000000000000e+02 3.100000000000000000e+01 -3.200000000000000000e+01
2.590000000000000000e+02 3.300000000000000000e+01 -3.800000000000000000e+01
2.580000000000000000e+02 2.800000000000000000e+01 -3.700000000000000000e+01
2.580000000000000000e+02 3.200000000000000000e+01 -3.200000000000000000e+01
2.580000000000000000e+02 2.900000000000000000e+01 -3.100000000000000000e+01
2.570000000000000000e+02 2.700000000000000000e+01 -3.200000000000000000e+01
2.570000000000000000e+02 3.000000000000000000e+01 -3.400000000000000000e+01
2.570000000000000000e+02 2.800000000000000000e+01 -3.400000000000000000e+01
2.600000000000000000e+02 3.300000000000000000e+01 -3.700000000000000000e+01
2.580000000000000000e+02 2.700000000000000000e+01 -3.400000000000000000e+01
2.570000000000000000e+02 3.000000000000000000e+01 -3.400000000000000000e+01
2.550000000000000000e+02 2.500000000000000000e+01 -3.600000000000000000e+01
2.610000000000000000e+02 2.400000000000000000e+01 -3.200000000000000000e+01
2.580000000000000000e+02 2.700000000000000000e+01 -3.600000000000000000e+01
2.580000000000000000e+02 2.300000000000000000e+01 -3.400000000000000000e+01
2.600000000000000000e+02 2.600000000000000000e+01 -3.600000000000000000e+01
2.570000000000000000e+02 2.800000000000000000e+01 -3.600000000000000000e+01
2.560000000000000000e+02 2.700000000000000000e+01 -3.300000000000000000e+01
2.600000000000000000e+02 3.200000000000000000e+01 -3.500000000000000000e+01
2.580000000000000000e+02 2.700000000000000000e+01 -3.600000000000000000e+01
2.600000000000000000e+02 2.700000000000000000e+01 -3.500000000000000000e+01
2.570000000000000000e+02 3.500000000000000000e+01 -3.400000000000000000e+01
2.570000000000000000e+02 2.900000000000000000e+01 -3.800000000000000000e+01
2.560000000000000000e+02 3.000000000000000000e+01 -3.900000000000000000e+01
2.610000000000000000e+02 3.200000000000000000e+01 -3.300000000000000000e+01
2.580000000000000000e+02 3.500000000000000000e+01 -2.600000000000000000e+01
2.590000000000000000e+02 2.900000000000000000e+01 -3.100000000000000000e+01
2.590000000000000000e+02 2.900000000000000000e+01 -3.300000000000000000e+01
2.570000000000000000e+02 3.400000000000000000e+01 -3.200000000000000000e+01
2.560000000000000000e+02 3.300000000000000000e+01 -3.600000000000000000e+01
2.580000000000000000e+02 3.400000000000000000e+01 -3.300000000000000000e+01
2.570000000000000000e+02 3.200000000000000000e+01 -3.600000000000000000e+01
2.580000000000000000e+02 3.300000000000000000e+01 -4.000000000000000000e+01
2.590000000000000000e+02 3.400000000000000000e+01 -3.500000000000000000e+01
2.570000000000000000e+02 2.900000000000000000e+01 -4.000000000000000000e+01
2.570000000000000000e+02 3.200000000000000000e+01 -3.300000000000000000e+01
2.580000000000000000e+02 3.000000000000000000e+01 -3.100000000000000000e+01
2.570000000000000000e+02 3.400000000000000000e+01 -3.800000000000000000e+01
2.550000000000000000e+02 3.600000000000000000e+01 -3.500000000000000000e+01
2.620000000000000000e+02 3.400000000000000000e+01 -3.400000000000000000e+01
2.570000000000000000e+02 3.300000000000000000e+01 -3.000000000000000000e+01
2.570000000000000000e+02 3.300000000000000000e+01 -3.100000000000000000e+01
2.610000000000000000e+02 2.900000000000000000e+01 -4.100000000000000000e+01
2.560000000000000000e+02 3.300000000000000000e+01 -4.300000000000000000e+01
2.560000000000000000e+02 2.500000000000000000e+01 -3.500000000000000000e+01
2.550000000000000000e+02 3.100000000000000000e+01 -3.300000000000000000e+01
2.560000000000000000e+02 3.300000000000000000e+01 -3.700000000000000000e+01
2.610000000000000000e+02 3.100000000000000000e+01 -3.100000000000000000e+01
2.570000000000000000e+02 3.100000000000000000e+01 -3.500000000000000000e+01
2.540000000000000000e+02 3.200000000000000000e+01 -3.300000000000000000e+01
2.590000000000000000e+02 2.700000000000000000e+01 -3.300000000000000000e+01
2.570000000000000000e+02 2.900000000000000000e+01 -3.500000000000000000e+01
2.580000000000000000e+02 3.100000000000000000e+01 -3.400000000000000000e+01
2.560000000000000000e+02 2.700000000000000000e+01 -3.400000000000000000e+01
2.590000000000000000e+02 2.400000000000000000e+01 -3.700000000000000000e+01
2.580000000000000000e+02 3.000000000000000000e+01 -3.500000000000000000e+01
2.570000000000000000e+02 2.500000000000000000e+01 -3.600000000000000000e+01
2.600000000000000000e+02 2.200000000000000000e+01 -3.800000000000000000e+01
2.580000000000000000e+02 2.600000000000000000e+01 -3.500000000000000000e+01
2.540000000000000000e+02 2.800000000000000000e+01 -3.800000000000000000e+01
2.570000000000000000e+02 2.500000000000000000e+01 -3.600000000000000000e+01
2.570000000000000000e+02 3.200000000000000000e+01 -3.700000000000000000e+01
2.550000000000000000e+02 2.900000000000000000e+01 -3.400000000000000000e+01
2.590000000000000000e+02 2.400000000000000000e+01 -3.900000000000000000e+01
2.590000000000000000e+02 2.600000000000000000e+01 -4.100000000000000000e+01
2.560000000000000000e+02 2.400000000000000000e+01 -3.400000000000000000e+01
2.590000000000000000e+02 3.200000000000000000e+01 -3.600000000000000000e+01
2.570000000000000000e+02 2.900000000000000000e+01 -3.400000000000000000e+01
2.570000000000000000e+02 2.300000000000000000e+01 -3.900000000000000000e+01
2.570000000000000000e+02 3.000000000000000000e+01 -3.100000000000000000e+01
2.580000000000000000e+02 2.800000000000000000e+01 -3.300000000000000000e+01
2.580000000000000000e+02 2.600000000000000000e+01 -3.500000000000000000e+01
2.580000000000000000e+02 2.400000000000000000e+01 -3.300000000000000000e+01
2.570000000000000000e+02 2.500000000000000000e+01 -3.600000000000000000e+01
2.580000000000000000e+02 2.800000000000000000e+01 -3.700000000000000000e+01
