2.800000000000000000e+01 -2.160000000000000000e+02 -7.500000000000000000e+01
2.200000000000000000e+01 -2.420000000000000000e+02 -6.400000000000000000e+01
2.900000000000000000e+01 -2.470000000000000000e+02 -7.200000000000000000e+01
2.500000000000000000e+01 -2.280000000000000000e+02 -6.100000000000000000e+01
2.600000000000000000e+01 -2.380000000000000000e+02 -6.100000000000000000e+01
2.200000000000000000e+01 -2.420000000000000000e+02 -5.800000000000000000e+01
2.500000000000000000e+01 -2.520000000000000000e+02 -6.300000000000000000e+01
1.600000000000000000e+01 -2.460000000000000000e+02 -5.800000000000000000e+01
2.600000000000000000e+01 -2.380000000000000000e+02 -5.200000000000000000e+01
1.500000000000000000e+01 -2.510000000000000000e+02 -5.500000000000000000e+01
3.200000000000000000e+01 -2.440000000000000000e+02 -4.800000000000000000e+01
1.500000000000000000e+01 -2.420000000000000000e+02 -4.900000000000000000e+01
1.200000000000000000e+01 -2.360000000000000000e+02 -5.500000000000000000e+01
1.300000000000000000e+01 -2.230000000000000000e+02 -4.900000000000000000e+01
2.200000000000000000e+01 -2.310000000000000000e+02 -5.500000000000000000e+01
1.500000000000000000e+01 -2.480000000000000000e+02 -5.500000000000000000e+01
0.000000000000000000e+00 -2.500000000000000000e+02 -6.000000000000000000e+01
1.000000000000000000e+00 -2.460000000000000000e+02 -5.000000000000000000e+01
1.000000000000000000e+01 -2.550000000000000000e+02 -4.000000000000000000e+01
2.000000000000000000e+00 -2.480000000000000000e+02 -4.200000000000000000e+01
7.000000000000000000e+00 -2.530000000000000000e+02 -3.600000000000000000e+01
3.000000000000000000e+00 -2.400000000000000000e+02 -4.400000000000000000e+01
6.000000000000000000e+00 -2.560000000000000000e+02 -3.400000000000000000e+01
1.500000000000000000e+01 -2.550000000000000000e+02 -4.000000000000000000e+01
-4.000000000000000000e+00 -2.360000000000000000e+02 -5.800000000000000000e+01
1.000000000000000000e+00 -2.410000000000000000e+02 -6.000000000000000000e+01
1.000000000000000000e+01 -2.480000000000000000e+02 -6.400000000000000000e+01
1.400000000000000000e+01 -2.480000000000000000e+02 -8.900000000000000000e+01
7.000000000000000000e+00 -2.270000000000000000e+02 -8.500000000000000000e+01
1.500000000000000000e+01 -2.370000000000000000e+02 -1.060000000000000000e+02
0.000000000000000000e+00 -2.220000000000000000e+02 -1.080000000000000000e+02
8.000000000000000000e+00 -2.350000000000000000e+02 -1.100000000000000000e+02
1.400000000000000000e+01 -2.100000000000000000e+02 -1.190000000000000000e+02
9.000000000000000000e+00 -1.920000000000000000e+02 -1.120000000000000000e+02
9.000000000000000000e+00 -1.690000000000000000e+02 -1.130000000000000000e+02
1.000000000000000000e+00 -1.840000000000000000e+02 -1.050000000000000000e+02
3.300000000000000000e+01 -2.180000000000000000e+02 -9.400000000000000000e+01
2.300000000000000000e+01 -2.120000000000000000e+02 -7.000000000000000000e+01
-2.900000000000000000e+02 -2.590000000000000000e+02 -1.590000000000000000e+02
1.180000000000000000e+02 -2.170000000000000000e+02 -8.000000000000000000e+01
-2.600000000000000000e+01 -8.300000000000000000e+01 -9.500000000000000000e+01
1.300000000000000000e+02 -1.380000000000000000e+02 -5.300000000000000000e+01
-2.200000000000000000e+01 -1.010000000000000000e+02 -1.100000000000000000e+01
9.400000000000000000e+01 -4.800000000000000000e+01 3.000000000000000000e+00
2.700000000000000000e+01 -1.490000000000000000e+02 -1.700000000000000000e+01
-3.700000000000000000e+01 -2.110000000000000000e+02 -1.840000000000000000e+02
3.680000000000000000e+02 -6.690000000000000000e+02 1.500000000000000000e+01
2.200000000000000000e+01 9.100000000000000000e+01 -2.170000000000000000e+02
3.230000000000000000e+02 -2.520000000000000000e+02 3.800000000000000000e+01
4.510000000000000000e+02 1.640000000000000000e+02 -3.040000000000000000e+02
6.040000000000000000e+02 2.210000000000000000e+02 -2.530000000000000000e+02
3.030000000000000000e+02 3.130000000000000000e+02 -2.750000000000000000e+02
1.020000000000000000e+02 1.140000000000000000e+02 0.000000000000000000e+00
1.260000000000000000e+02 -4.000000000000000000e+01 2.500000000000000000e+01
1.580000000000000000e+02 5.200000000000000000e+01 -1.000000000000000000e+02
3.050000000000000000e+02 1.020000000000000000e+02 -1.920000000000000000e+02
3.220000000000000000e+02 5.000000000000000000e+01 -1.470000000000000000e+02
2.340000000000000000e+02 6.900000000000000000e+01 -1.030000000000000000e+02
2.000000000000000000e+02 5.400000000000000000e+01 -7.100000000000000000e+01
2.030000000000000000e+02 5.900000000000000000e+01 -9.000000000000000000e+01
2.430000000000000000e+02 6.800000000000000000e+01 -1.150000000000000000e+02
2.470000000000000000e+02 3.800000000000000000e+01 -1.240000000000000000e+02
2.230000000000000000e+02 2.500000000000000000e+01 -1.140000000000000000e+02
2.270000000000000000e+02 -2.100000000000000000e+01 -8.500000000000000000e+01
2.370000000000000000e+02 -7.000000000000000000e+00 -1.040000000000000000e+02
2.390000000000000000e+02 -7.000000000000000000e+00 -1.100000000000000000e+02
2.370000000000000000e+02 1.400000000000000000e+01 -8.800000000000000000e+01
2.270000000000000000e+02 1.000000000000000000e+00 -1.080000000000000000e+02
2.300000000000000000e+02 1.400000000000000000e+01 -1.120000000000000000e+02
2.360000000000000000e+02 1.300000000000000000e+01 -1.090000000000000000e+02
2.310000000000000000e+02 1.000000000000000000e+01 -1.160000000000000000e+02
2.360000000000000000e+02 1.100000000000000000e+01 -1.180000000000000000e+02
2.340000000000000000e+02 3.000000000000000000e+00 -1.130000000000000000e+02
2.340000000000000000e+02 3.000000000000000000e+00 -1.120000000000000000e+02
2.340000000000000000e+02 6.000000000000000000e+00 -1.150000000000000000e+02
2.310000000000000000e+02 1.000000000000000000e+01 -1.120000000000000000e+02
2.350000000000000000e+02 1.400000000000000000e+01 -1.140000000000000000e+02
2.440000000000000000e+02 3.000000000000000000e+00 -1.080000000000000000e+02
2.330000000000000000e+02 2.300000000000000000e+01 -1.330000000000000000e+02
2.330000000000000000e+02 4.000000000000000000e+00 -1.090000000000000000e+02
2.360000000000000000e+02 1.100000000000000000e+01 -1.210000000000000000e+02
2.310000000000000000e+02 9.000000000000000000e+00 -1.090000000000000000e+02
2.330000000000000000e+02 7.000000000000000000e+00 -1.150000000000000000e+02
2.310000000000000000e+02 6.000000000000000000e+00 -1.180000000000000000e+02
2.280000000000000000e+02 2.000000000000000000e+00 -1.110000000000000000e+02
2.390000000000000000e+02 6.000000000000000000e+00 -1.250000000000000000e+02
2.310000000000000000e+02 9.000000000000000000e+00 -1.160000000000000000e+02
2.220000000000000000e+02 4.000000000000000000e+00 -1.000000000000000000e+02
2.380000000000000000e+02 -3.000000000000000000e+00 -1.170000000000000000e+02
2.330000000000000000e+02 5.000000000000000000e+00 -1.120000000000000000e+02
2.270000000000000000e+02 0.000000000000000000e+00 -1.040000000000000000e+02
2.360000000000000000e+02 6.000000000000000000e+00 -1.200000000000000000e+02
2.300000000000000000e+02 6.000000000000000000e+00 -1.170000000000000000e+02
2.260000000000000000e+02 4.000000000000000000e+00 -1.050000000000000000e+02
2.410000000000000000e+02 3.000000000000000000e+00 -1.200000000000000000e+02
2.330000000000000000e+02 4.000000000000000000e+00 -1.110000000000000000e+02
2.250000000000000000e+02 4.000000000000000000e+00 -1.100000000000000000e+02
2.400000000000000000e+02 0.000000000000000000e+00 -1.270000000000000000e+02
2.360000000000000000e+02 3.000000000000000000e+00 -1.120000000000000000e+02
2.270000000000000000e+02 2.000000000000000000e+00 -1.070000000000000000e+02
2.370000000000000000e+02 5.000000000000000000e+00 -1.220000000000000000e+02
2.350000000000000000e+02 2.000000000000000000e+00 -1.120000000000000000e+02
2.280000000000000000e+02 1.000000000000000000e+00 -1.050000000000000000e+02
2.370000000000000000e+02 -6.000000000000000000e+00 -1.070000000000000000e+02
2.350000000000000000e+02 5.000000000000000000e+00 -1.160000000000000000e+02
2.300000000000000000e+02 0.000000000000000000e+00 -1.090000000000000000e+02
2.330000000000000000e+02 5.000000000000000000e+00 -1.110000000000000000e+02
2.340000000000000000e+02 4.000000000000000000e+00 -1.110000000000000000e+02
2.340000000000000000e+02 2.000000000000000000e+00 -1.090000000000000000e+02
2.320000000000000000e+02 1.000000000000000000e+00 -1.060000000000000000e+02
2.400000000000000000e+02 2.000000000000000000e+00 -1.190000000000000000e+02
2.320000000000000000e+02 0.000000000000000000e+00 -1.090000000000000000e+02
2.300000000000000000e+02 2.000000000000000000e+00 -1.090000000000000000e+02
2.290000000000000000e+02 3.000000000000000000e+00 -1.120000000000000000e+02
2.360000000000000000e+02 0.000000000000000000e+00 -1.150000000000000000e+02
2.350000000000000000e+02 0.000000000000000000e+00 -1.110000000000000000e+02
2.300000000000000000e+02 0.000000000000000000e+00 -1.100000000000000000e+02
2.320000000000000000e+02 2.000000000000000000e+00 -1.140000000000000000e+02
2.330000000000000000e+02 0.000000000000000000e+00 -1.180000000000000000e+02
2.290000000000000000e+02 0.000000000000000000e+00 -1.100000000000000000e+02
2.310000000000000000e+02 0.000000000000000000e+00 -1.170000000000000000e+02
2.350000000000000000e+02 1.000000000000000000e+00 -1.190000000000000000e+02
2.320000000000000000e+02 0.000000000000000000e+00 -1.110000000000000000e+02
2.280000000000000000e+02 3.000000000000000000e+00 -1.170000000000000000e+02
2.300000000000000000e+02 -1.000000000000000000e+00 -1.150000000000000000e+02
2.310000000000000000e+02 1.000000000000000000e+00 -1.140000000000000000e+02
2.310000000000000000e+02 1.000000000000000000e+00 -1.170000000000000000e+02
2.320000000000000000e+02 0.000000000000000000e+00 -1.140000000000000000e+02
2.290000000000000000e+02 3.000000000000000000e+00 -1.160000000000000000e+02
2.290000000000000000e+02 3.000000000000000000e+00 -1.160000000000000000e+02
2.290000000000000000e+02 0.000000000000000000e+00 -1.180000000000000000e+02
2.330000000000000000e+02 2.000000000000000000e+00 -1.150000000000000000e+02
2.330000000000000000e+02 -2.000000000000000000e+00 -1.120000000000000000e+02
2.360000000000000000e+02 2.000000000000000000e+00 -1.160000000000000000e+02
2.320000000000000000e+02 0.000000000000000000e+00 -1.150000000000000000e+02
2.330000000000000000e+02 3.000000000000000000e+00 -1.170000000000000000e+02
2.330000000000000000e+02 1.000000000000000000e+00 -1.140000000000000000e+02
2.330000000000000000e+02 0.000000000000000000e+00 -1.160000000000000000e+02
2.300000000000000000e+02 4.000000000000000000e+00 -1.160000000000000000e+02
2.310000000000000000e+02 3.000000000000000000e+00 -1.220000000000000000e+02
2.300000000000000000e+02 1.000000000000000000e+00 -1.170000000000000000e+02
2.320000000000000000e+02 1.000000000000000000e+00 -1.120000000000000000e+02
2.300000000000000000e+02 0.000000000000000000e+00 -1.180000000000000000e+02
2.300000000000000000e+02 0.000000000000000000e+00 -1.180000000000000000e+02
2.330000000000000000e+02 4.000000000000000000e+00 -1.170000000000000000e+02
2.340000000000000000e+02 -2.000000000000000000e+00 -1.150000000000000000e+02
2.300000000000000000e+02 2.000000000000000000e+00 -1.180000000000000000e+02
2.310000000000000000e+02 4.000000000000000000e+00 -1.150000000000000000e+02
2.310000000000000000e+02 3.000000000000000000e+00 -1.140000000000000000e+02
2.320000000000000000e+02 0.000000000000000000e+00 -1.170000000000000000e+02
2.330000000000000000e+02 1.000000000000000000e+00 -1.200000000000000000e+02
2.300000000000000000e+02 4.000000000000000000e+00 -1.150000000000000000e+02
2.290000000000000000e+02 4.000000000000000000e+00 -1.150000000000000000e+02
2.300000000000000000e+02 6.000000000000000000e+00 -1.210000000000000000e+02
2.270000000000000000e+02 5.000000000000000000e+00 -1.160000000000000000e+02
2.300000000000000000e+02 5.000000000000000000e+00 -1.140000000000000000e+02
2.300000000000000000e+02 2.000000000000000000e+00 -1.170000000000000000e+02
2.310000000000000000e+02 3.000000000000000000e+00 -1.190000000000000000e+02
2.280000000000000000e+02 5.000000000000000000e+00 -1.150000000000000000e+02
2.320000000000000000e+02 7.000000000000000000e+00 -1.160000000000000000e+02
2.320000000000000000e+02 6.000000000000000000e+00 -1.160000000000000000e+02
2.320000000000000000e+02 7.000000000000000000e+00 -1.160000000000000000e+02
2.290000000000000000e+02 2.000000000000000000e+00 -1.180000000000000000e+02
2.320000000000000000e+02 1.600000000000000000e+01 -1.140000000000000000e+02
2.290000000000000000e+02 4.000000000000000000e+00 -1.200000000000000000e+02
2.330000000000000000e+02 6.000000000000000000e+00 -1.180000000000000000e+02
2.330000000000000000e+02 3.000000000000000000e+00 -1.120000000000000000e+02
2.310000000000000000e+02 5.000000000000000000e+00 -1.110000000000000000e+02
2.310000000000000000e+02 6.000000000000000000e+00 -1.160000000000000000e+02
2.310000000000000000e+02 1.000000000000000000e+00 -1.140000000000000000e+02
2.290000000000000000e+02 3.000000000000000000e+00 -1.100000000000000000e+02
2.320000000000000000e+02 1.000000000000000000e+00 -1.140000000000000000e+02
2.290000000000000000e+02 4.000000000000000000e+00 -1.160000000000000000e+02
2.320000000000000000e+02 5.000000000000000000e+00 -1.160000000000000000e+02
2.300000000000000000e+02 2.000000000000000000e+00 -1.140000000000000000e+02
2.300000000000000000e+02 2.000000000000000000e+00 -1.160000000000000000e+02
2.280000000000000000e+02 4.000000000000000000e+00 -1.130000000000000000e+02
2.320000000000000000e+02 3.000000000000000000e+00 -1.160000000000000000e+02
2.300000000000000000e+02 5.000000000000000000e+00 -1.140000000000000000e+02
2.280000000000000000e+02 3.000000000000000000e+00 -1.190000000000000000e+02
2.310000000000000000e+02 2.000000000000000000e+00 -1.130000000000000000e+02
2.330000000000000000e+02 2.000000000000000000e+00 -1.180000000000000000e+02
2.300000000000000000e+02 1.000000000000000000e+00 -1.170000000000000000e+02
2.330000000000000000e+02 2.000000000000000000e+00 -1.140000000000000000e+02
2.320000000000000000e+02 4.000000000000000000e+00 -1.180000000000000000e+02
2.300000000000000000e+02 1.000000000000000000e+00 -1.140000000000000000e+02
2.320000000000000000e+02 2.000000000000000000e+00 -1.150000000000000000e+02
2.320000000000000000e+02 4.000000000000000000e+00 -1.200000000000000000e+02
2.300000000000000000e+02 2.000000000000000000e+00 -1.160000000000000000e+02
2.340000000000000000e+02 1.000000000000000000e+00 -1.160000000000000000e+02
2.310000000000000000e+02 3.000000000000000000e+00 -1.140000000000000000e+02
2.330000000000000000e+02 2.000000000000000000e+00 -1.140000000000000000e+02
2.340000000000000000e+02 4.000000000000000000e+00 -1.160000000000000000e+02
2.310000000000000000e+02 2.000000000000000000e+00 -1.130000000000000000e+02
2.310000000000000000e+02 2.000000000000000000e+00 -1.190000000000000000e+02
2.310000000000000000e+02 0.000000000000000000e+00 -1.130000000000000000e+02
2.320000000000000000e+02 4.000000000000000000e+00 -1.160000000000000000e+02
2.320000000000000000e+02 2.000000000000000000e+00 -1.170000000000000000e+02
2.310000000000000000e+02 4.000000000000000000e+00 -1.130000000000000000e+02
2.300000000000000000e+02 2.000000000000000000e+00 -1.150000000000000000e+02
