2.700000000000000000e+01 -1.420000000000000000e+02 -1.750000000000000000e+02
2.300000000000000000e+01 -1.390000000000000000e+02 -1.490000000000000000e+02
1.900000000000000000e+01 -1.590000000000000000e+02 -1.220000000000000000e+02
2.700000000000000000e+01 -2.080000000000000000e+02 -4.200000000000000000e+01
1.000000000000000000e+00 -1.960000000000000000e+02 -1.370000000000000000e+02
-4.900000000000000000e+01 -2.010000000000000000e+02 5.000000000000000000e+01
-7.500000000000000000e+01 -1.468000000000000000e+03 4.390000000000000000e+02
-2.000000000000000000e+00 3.330000000000000000e+02 1.240000000000000000e+02
1.350000000000000000e+02 -6.800000000000000000e+01 1.720000000000000000e+02
-5.800000000000000000e+01 1.340000000000000000e+02 3.400000000000000000e+02
-5.200000000000000000e+01 6.550000000000000000e+02 6.160000000000000000e+02
-4.400000000000000000e+01 1.000000000000000000e+00 1.000000000000000000e+02
-2.300000000000000000e+01 -3.000000000000000000e+00 8.900000000000000000e+01
-7.100000000000000000e+01 2.240000000000000000e+02 1.880000000000000000e+02
-1.160000000000000000e+02 1.230000000000000000e+02 3.860000000000000000e+02
-6.300000000000000000e+01 1.040000000000000000e+02 2.730000000000000000e+02
-6.800000000000000000e+01 -2.000000000000000000e+01 1.580000000000000000e+02
-5.500000000000000000e+01 3.000000000000000000e+00 2.800000000000000000e+02
-4.900000000000000000e+01 2.000000000000000000e+00 2.500000000000000000e+02
-1.500000000000000000e+01 2.000000000000000000e+00 2.350000000000000000e+02
-1.500000000000000000e+01 -3.000000000000000000e+00 2.480000000000000000e+02
-2.200000000000000000e+01 0.000000000000000000e+00 2.500000000000000000e+02
-3.800000000000000000e+01 3.000000000000000000e+01 2.310000000000000000e+02
-5.300000000000000000e+01 5.400000000000000000e+01 2.560000000000000000e+02
-4.300000000000000000e+01 2.900000000000000000e+01 2.390000000000000000e+02
-3.800000000000000000e+01 4.000000000000000000e+01 2.350000000000000000e+02
-3.700000000000000000e+01 3.500000000000000000e+01 2.370000000000000000e+02
-4.500000000000000000e+01 3.500000000000000000e+01 2.380000000000000000e+02
-3.200000000000000000e+01 4.000000000000000000e+01 2.420000000000000000e+02
-3.400000000000000000e+01 2.400000000000000000e+01 2.460000000000000000e+02
-3.200000000000000000e+01 4.400000000000000000e+01 2.470000000000000000e+02
-3.500000000000000000e+01 2.900000000000000000e+01 2.390000000000000000e+02
-4.000000000000000000e+01 4.500000000000000000e+01 2.410000000000000000e+02
-4.400000000000000000e+01 3.500000000000000000e+01 2.380000000000000000e+02
-3.600000000000000000e+01 3.700000000000000000e+01 2.480000000000000000e+02
-4.200000000000000000e+01 2.800000000000000000e+01 2.410000000000000000e+02
-3.200000000000000000e+01 3.800000000000000000e+01 2.360000000000000000e+02
-3.500000000000000000e+01 2.900000000000000000e+01 2.480000000000000000e+02
-3.500000000000000000e+01 3.600000000000000000e+01 2.360000000000000000e+02
-3.400000000000000000e+01 3.500000000000000000e+01 2.410000000000000000e+02
-4.000000000000000000e+01 4.700000000000000000e+01 2.380000000000000000e+02
-4.000000000000000000e+01 3.200000000000000000e+01 2.430000000000000000e+02
-3.800000000000000000e+01 3.700000000000000000e+01 2.440000000000000000e+02
-3.600000000000000000e+01 3.400000000000000000e+01 2.390000000000000000e+02
-3.900000000000000000e+01 3.500000000000000000e+01 2.430000000000000000e+02
-4.100000000000000000e+01 4.100000000000000000e+01 2.390000000000000000e+02
-3.500000000000000000e+01 3.200000000000000000e+01 2.520000000000000000e+02
-3.700000000000000000e+01 3.500000000000000000e+01 2.400000000000000000e+02
-3.300000000000000000e+01 2.700000000000000000e+01 2.520000000000000000e+02
-2.900000000000000000e+01 3.700000000000000000e+01 2.430000000000000000e+02
-4.100000000000000000e+01 3.400000000000000000e+01 2.470000000000000000e+02
-3.700000000000000000e+01 3.700000000000000000e+01 2.380000000000000000e+02
-3.200000000000000000e+01 2.800000000000000000e+01 2.440000000000000000e+02
-3.600000000000000000e+01 3.900000000000000000e+01 2.420000000000000000e+02
-3.700000000000000000e+01 3.300000000000000000e+01 2.440000000000000000e+02
-3.800000000000000000e+01 3.400000000000000000e+01 2.400000000000000000e+02
-3.700000000000000000e+01 3.600000000000000000e+01 2.450000000000000000e+02
-3.600000000000000000e+01 3.600000000000000000e+01 2.420000000000000000e+02
-3.200000000000000000e+01 3.200000000000000000e+01 2.420000000000000000e+02
-3.500000000000000000e+01 3.600000000000000000e+01 2.460000000000000000e+02
-3.400000000000000000e+01 3.800000000000000000e+01 2.360000000000000000e+02
-3.800000000000000000e+01 3.400000000000000000e+01 2.400000000000000000e+02
-3.300000000000000000e+01 3.600000000000000000e+01 2.440000000000000000e+02
-3.100000000000000000e+01 3.100000000000000000e+01 2.440000000000000000e+02
-3.500000000000000000e+01 3.700000000000000000e+01 2.410000000000000000e+02
-3.700000000000000000e+01 3.800000000000000000e+01 2.420000000000000000e+02
-3.600000000000000000e+01 3.100000000000000000e+01 2.410000000000000000e+02
-3.800000000000000000e+01 3.700000000000000000e+01 2.360000000000000000e+02
-4.100000000000000000e+01 3.600000000000000000e+01 2.440000000000000000e+02
-3.500000000000000000e+01 3.300000000000000000e+01 2.420000000000000000e+02
-2.700000000000000000e+01 3.700000000000000000e+01 2.480000000000000000e+02
-3.300000000000000000e+01 3.100000000000000000e+01 2.420000000000000000e+02
-3.600000000000000000e+01 3.600000000000000000e+01 2.400000000000000000e+02
-3.900000000000000000e+01 3.400000000000000000e+01 2.420000000000000000e+02
-3.800000000000000000e+01 3.300000000000000000e+01 2.390000000000000000e+02
-3.900000000000000000e+01 3.200000000000000000e+01 2.410000000000000000e+02
-3.500000000000000000e+01 3.200000000000000000e+01 2.410000000000000000e+02
-3.500000000000000000e+01 3.700000000000000000e+01 2.420000000000000000e+02
-3.900000000000000000e+01 3.400000000000000000e+01 2.430000000000000000e+02
-3.800000000000000000e+01 3.700000000000000000e+01 2.380000000000000000e+02
-3.500000000000000000e+01 3.300000000000000000e+01 2.410000000000000000e+02
-3.600000000000000000e+01 3.600000000000000000e+01 2.390000000000000000e+02
-3.700000000000000000e+01 3.200000000000000000e+01 2.400000000000000000e+02
-3.600000000000000000e+01 3.700000000000000000e+01 2.410000000000000000e+02
-3.700000000000000000e+01 3.400000000000000000e+01 2.470000000000000000e+02
-3.900000000000000000e+01 3.300000000000000000e+01 2.400000000000000000e+02
-3.500000000000000000e+01 3.000000000000000000e+01 2.410000000000000000e+02
-3.500000000000000000e+01 3.300000000000000000e+01 2.420000000000000000e+02
-3.600000000000000000e+01 3.300000000000000000e+01 2.410000000000000000e+02
-3.900000000000000000e+01 3.600000000000000000e+01 2.400000000000000000e+02
-3.900000000000000000e+01 3.300000000000000000e+01 2.380000000000000000e+02
-3.900000000000000000e+01 3.400000000000000000e+01 2.400000000000000000e+02
-3.500000000000000000e+01 3.400000000000000000e+01 2.430000000000000000e+02
-4.100000000000000000e+01 3.400000000000000000e+01 2.390000000000000000e+02
-3.900000000000000000e+01 3.500000000000000000e+01 2.430000000000000000e+02
-4.000000000000000000e+01 3.300000000000000000e+01 2.410000000000000000e+02
-3.500000000000000000e+01 3.200000000000000000e+01 2.410000000000000000e+02
-3.600000000000000000e+01 3.400000000000000000e+01 2.420000000000000000e+02
-3.500000000000000000e+01 3.300000000000000000e+01 2.390000000000000000e+02
-3.700000000000000000e+01 3.500000000000000000e+01 2.410000000000000000e+02
-3.700000000000000000e+01 3.100000000000000000e+01 2.420000000000000000e+02
-3.900000000000000000e+01 3.300000000000000000e+01 2.420000000000000000e+02
-3.600000000000000000e+01 3.200000000000000000e+01 2.420000000000000000e+02
-3.900000000000000000e+01 3.100000000000000000e+01 2.430000000000000000e+02
-3.700000000000000000e+01 3.200000000000000000e+01 2.380000000000000000e+02
-3.600000000000000000e+01 3.500000000000000000e+01 2.410000000000000000e+02
-3.700000000000000000e+01 3.500000000000000000e+01 2.400000000000000000e+02
-4.300000000000000000e+01 2.800000000000000000e+01 2.450000000000000000e+02
-3.800000000000000000e+01 3.400000000000000000e+01 2.400000000000000000e+02
-3.500000000000000000e+01 3.300000000000000000e+01 2.450000000000000000e+02
-3.900000000000000000e+01 3.400000000000000000e+01 2.420000000000000000e+02
-3.600000000000000000e+01 3.400000000000000000e+01 2.430000000000000000e+02
-3.900000000000000000e+01 3.400000000000000000e+01 2.470000000000000000e+02
-3.700000000000000000e+01 2.900000000000000000e+01 2.410000000000000000e+02
-3.700000000000000000e+01 3.100000000000000000e+01 2.450000000000000000e+02
-3.600000000000000000e+01 3.400000000000000000e+01 2.400000000000000000e+02
-3.900000000000000000e+01 3.500000000000000000e+01 2.420000000000000000e+02
-3.900000000000000000e+01 3.200000000000000000e+01 2.450000000000000000e+02
-3.400000000000000000e+01 3.200000000000000000e+01 2.380000000000000000e+02
-3.900000000000000000e+01 2.900000000000000000e+01 2.430000000000000000e+02
-3.600000000000000000e+01 3.200000000000000000e+01 2.430000000000000000e+02
-3.500000000000000000e+01 3.100000000000000000e+01 2.380000000000000000e+02
-4.100000000000000000e+01 3.300000000000000000e+01 2.430000000000000000e+02
-3.800000000000000000e+01 2.900000000000000000e+01 2.450000000000000000e+02
-3.600000000000000000e+01 3.200000000000000000e+01 2.430000000000000000e+02
-3.500000000000000000e+01 2.800000000000000000e+01 2.420000000000000000e+02
-3.600000000000000000e+01 3.500000000000000000e+01 2.400000000000000000e+02
-3.900000000000000000e+01 3.000000000000000000e+01 2.450000000000000000e+02
-3.700000000000000000e+01 3.000000000000000000e+01 2.430000000000000000e+02
-3.700000000000000000e+01 3.200000000000000000e+01 2.430000000000000000e+02
-3.800000000000000000e+01 2.900000000000000000e+01 2.420000000000000000e+02
-4.000000000000000000e+01 3.200000000000000000e+01 2.400000000000000000e+02
-3.700000000000000000e+01 2.800000000000000000e+01 2.420000000000000000e+02
-3.700000000000000000e+01 3.000000000000000000e+01 2.410000000000000000e+02
-3.900000000000000000e+01 2.800000000000000000e+01 2.410000000000000000e+02
-3.600000000000000000e+01 3.000000000000000000e+01 2.410000000000000000e+02
-3.600000000000000000e+01 3.000000000000000000e+01 2.400000000000000000e+02
-3.400000000000000000e+01 3.200000000000000000e+01 2.390000000000000000e+02
-3.900000000000000000e+01 3.200000000000000000e+01 2.430000000000000000e+02
-3.700000000000000000e+01 3.200000000000000000e+01 2.400000000000000000e+02
-3.800000000000000000e+01 2.800000000000000000e+01 2.410000000000000000e+02
-3.500000000000000000e+01 2.800000000000000000e+01 2.410000000000000000e+02
-3.600000000000000000e+01 2.800000000000000000e+01 2.430000000000000000e+02
-3.500000000000000000e+01 2.800000000000000000e+01 2.400000000000000000e+02
-3.400000000000000000e+01 2.700000000000000000e+01 2.460000000000000000e+02
-3.500000000000000000e+01 2.700000000000000000e+01 2.420000000000000000e+02
-3.500000000000000000e+01 2.700000000000000000e+01 2.440000000000000000e+02
-3.600000000000000000e+01 3.000000000000000000e+01 2.410000000000000000e+02
-3.600000000000000000e+01 3.400000000000000000e+01 2.430000000000000000e+02
-3.600000000000000000e+01 3.300000000000000000e+01 2.420000000000000000e+02
-4.000000000000000000e+01 3.000000000000000000e+01 2.440000000000000000e+02
-3.500000000000000000e+01 3.000000000000000000e+01 2.410000000000000000e+02
-4.000000000000000000e+01 3.300000000000000000e+01 2.450000000000000000e+02
-3.800000000000000000e+01 3.400000000000000000e+01 2.400000000000000000e+02
-3.800000000000000000e+01 2.800000000000000000e+01 2.420000000000000000e+02
-3.300000000000000000e+01 3.100000000000000000e+01 2.410000000000000000e+02
-3.400000000000000000e+01 3.000000000000000000e+01 2.420000000000000000e+02
-3.900000000000000000e+01 3.200000000000000000e+01 2.420000000000000000e+02
-3.700000000000000000e+01 2.800000000000000000e+01 2.440000000000000000e+02
-3.700000000000000000e+01 2.700000000000000000e+01 2.410000000000000000e+02
-4.000000000000000000e+01 3.300000000000000000e+01 2.440000000000000000e+02
-3.400000000000000000e+01 3.200000000000000000e+01 2.400000000000000000e+02
-3.500000000000000000e+01 3.500000000000000000e+01 2.420000000000000000e+02
-3.600000000000000000e+01 2.800000000000000000e+01 2.410000000000000000e+02
-4.000000000000000000e+01 3.200000000000000000e+01 2.420000000000000000e+02
-3.500000000000000000e+01 3.000000000000000000e+01 2.430000000000000000e+02
-3.900000000000000000e+01 2.800000000000000000e+01 2.420000000000000000e+02
-3.200000000000000000e+01 2.900000000000000000e+01 2.390000000000000000e+02
-3.800000000000000000e+01 3.500000000000000000e+01 2.470000000000000000e+02
-3.600000000000000000e+01 3.100000000000000000e+01 2.430000000000000000e+02
-3.400000000000000000e+01 3.200000000000000000e+01 2.410000000000000000e+02
-4.000000000000000000e+01 3.000000000000000000e+01 2.400000000000000000e+02
-3.700000000000000000e+01 3.000000000000000000e+01 2.440000000000000000e+02
-3.400000000000000000e+01 3.100000000000000000e+01 2.400000000000000000e+02
-3.600000000000000000e+01 2.700000000000000000e+01 2.420000000000000000e+02
-3.800000000000000000e+01 3.300000000000000000e+01 2.440000000000000000e+02
-3.600000000000000000e+01 3.200000000000000000e+01 2.450000000000000000e+02
-3.600000000000000000e+01 2.600000000000000000e+01 2.400000000000000000e+02
-3.600000000000000000e+01 3.100000000000000000e+01 2.450000000000000000e+02
-3.100000000000000000e+01 2.900000000000000000e+01 2.460000000000000000e+02
-3.600000000000000000e+01 3.000000000000000000e+01 2.410000000000000000e+02
-3.500000000000000000e+01 3.000000000000000000e+01 2.390000000000000000e+02
-3.800000000000000000e+01 2.800000000000000000e+01 2.410000000000000000e+02
-3.700000000000000000e+01 2.900000000000000000e+01 2.430000000000000000e+02
-3.200000000000000000e+01 3.200000000000000000e+01 2.370000000000000000e+02
-3.400000000000000000e+01 2.700000000000000000e+01 2.430000000000000000e+02
-3.700000000000000000e+01 3.100000000000000000e+01 2.410000000000000000e+02
-3.800000000000000000e+01 2.800000000000000000e+01 2.430000000000000000e+02
-4.000000000000000000e+01 2.900000000000000000e+01 2.390000000000000000e+02
-3.400000000000000000e+01 2.800000000000000000e+01 2.400000000000000000e+02
-3.400000000000000000e+01 2.800000000000000000e+01 2.440000000000000000e+02
-3.400000000000000000e+01 2.700000000000000000e+01 2.410000000000000000e+02
-2.800000000000000000e+01 3.100000000000000000e+01 2.490000000000000000e+02
-3.300000000000000000e+01 3.000000000000000000e+01 2.390000000000000000e+02
-4.000000000000000000e+01 2.700000000000000000e+01 2.440000000000000000e+02
-3.700000000000000000e+01 2.900000000000000000e+01 2.390000000000000000e+02
-3.500000000000000000e+01 3.200000000000000000e+01 2.440000000000000000e+02
-3.300000000000000000e+01 3.200000000000000000e+01 2.400000000000000000e+02
-3.800000000000000000e+01 3.100000000000000000e+01 2.430000000000000000e+02
-3.500000000000000000e+01 3.000000000000000000e+01 2.430000000000000000e+02
