5.000000000000000000e+00 -2.280000000000000000e+02 -2.200000000000000000e+01
1.000000000000000000e+00 -2.460000000000000000e+02 -2.700000000000000000e+01
3.000000000000000000e+00 -2.420000000000000000e+02 -2.800000000000000000e+01
3.000000000000000000e+00 -2.480000000000000000e+02 -3.300000000000000000e+01
-4.000000000000000000e+00 -2.580000000000000000e+02 -2.800000000000000000e+01
8.000000000000000000e+00 -2.600000000000000000e+02 -3.100000000000000000e+01
1.000000000000000000e+01 -2.590000000000000000e+02 -2.500000000000000000e+01
1.000000000000000000e+00 -2.620000000000000000e+02 -2.300000000000000000e+01
0.000000000000000000e+00 -2.540000000000000000e+02 -2.400000000000000000e+01
8.000000000000000000e+00 -2.530000000000000000e+02 -2.400000000000000000e+01
4.000000000000000000e+00 -2.540000000000000000e+02 -2.600000000000000000e+01
6.000000000000000000e+00 -2.480000000000000000e+02 -2.600000000000000000e+01
4.000000000000000000e+00 -2.490000000000000000e+02 -2.200000000000000000e+01
6.000000000000000000e+00 -2.480000000000000000e+02 -2.000000000000000000e+01
4.000000000000000000e+00 -2.490000000000000000e+02 -2.200000000000000000e+01
5.000000000000000000e+00 -2.460000000000000000e+02 -1.400000000000000000e+01
6.000000000000000000e+00 -2.450000000000000000e+02 -1.800000000000000000e+01
6.000000000000000000e+00 -2.450000000000000000e+02 -1.700000000000000000e+01
6.000000000000000000e+00 -2.410000000000000000e+02 -1.300000000000000000e+01
3.000000000000000000e+00 -2.260000000000000000e+02 -1.600000000000000000e+01
3.000000000000000000e+00 -2.220000000000000000e+02 -2.800000000000000000e+01
-1.200000000000000000e+01 -1.740000000000000000e+02 -3.800000000000000000e+01
1.200000000000000000e+01 -1.170000000000000000e+02 -4.300000000000000000e+01
5.700000000000000000e+01 -1.130000000000000000e+02 -3.000000000000000000e+01
1.000000000000000000e+00 -1.560000000000000000e+02 1.300000000000000000e+01
-8.000000000000000000e+00 -2.060000000000000000e+02 1.100000000000000000e+01
2.400000000000000000e+01 -2.510000000000000000e+02 3.800000000000000000e+01
5.000000000000000000e+00 -1.680000000000000000e+02 6.800000000000000000e+01
1.680000000000000000e+02 -1.760000000000000000e+02 4.010000000000000000e+02
5.340000000000000000e+02 -2.750000000000000000e+02 5.830000000000000000e+02
-1.870000000000000000e+02 -1.240000000000000000e+02 3.000000000000000000e+01
2.900000000000000000e+01 9.300000000000000000e+01 -2.800000000000000000e+01
3.010000000000000000e+02 2.230000000000000000e+02 2.510000000000000000e+02
8.500000000000000000e+01 4.840000000000000000e+02 1.330000000000000000e+02
-2.600000000000000000e+01 1.260000000000000000e+02 1.060000000000000000e+02
8.900000000000000000e+01 1.760000000000000000e+02 8.700000000000000000e+01
1.000000000000000000e+02 2.140000000000000000e+02 5.900000000000000000e+01
1.040000000000000000e+02 2.420000000000000000e+02 9.500000000000000000e+01
9.400000000000000000e+01 2.720000000000000000e+02 1.540000000000000000e+02
1.320000000000000000e+02 1.070000000000000000e+02 1.350000000000000000e+02
1.820000000000000000e+02 1.540000000000000000e+02 1.200000000000000000e+02
1.570000000000000000e+02 1.440000000000000000e+02 1.430000000000000000e+02
1.660000000000000000e+02 1.040000000000000000e+02 1.300000000000000000e+02
2.100000000000000000e+02 1.450000000000000000e+02 1.330000000000000000e+02
1.880000000000000000e+02 1.210000000000000000e+02 1.110000000000000000e+02
1.710000000000000000e+02 1.270000000000000000e+02 1.310000000000000000e+02
2.110000000000000000e+02 1.040000000000000000e+02 7.400000000000000000e+01
2.190000000000000000e+02 1.120000000000000000e+02 8.200000000000000000e+01
2.330000000000000000e+02 9.400000000000000000e+01 9.400000000000000000e+01
2.260000000000000000e+02 1.250000000000000000e+02 1.070000000000000000e+02
1.990000000000000000e+02 1.190000000000000000e+02 6.000000000000000000e+01
2.030000000000000000e+02 1.140000000000000000e+02 7.900000000000000000e+01
2.140000000000000000e+02 1.160000000000000000e+02 9.700000000000000000e+01
2.010000000000000000e+02 1.230000000000000000e+02 1.180000000000000000e+02
1.680000000000000000e+02 1.330000000000000000e+02 1.130000000000000000e+02
1.620000000000000000e+02 1.310000000000000000e+02 1.100000000000000000e+02
1.610000000000000000e+02 1.330000000000000000e+02 1.360000000000000000e+02
1.690000000000000000e+02 1.300000000000000000e+02 1.250000000000000000e+02
1.720000000000000000e+02 1.220000000000000000e+02 1.330000000000000000e+02
1.740000000000000000e+02 1.230000000000000000e+02 1.270000000000000000e+02
1.780000000000000000e+02 1.250000000000000000e+02 1.150000000000000000e+02
1.810000000000000000e+02 1.170000000000000000e+02 1.150000000000000000e+02
1.780000000000000000e+02 1.260000000000000000e+02 1.190000000000000000e+02
1.760000000000000000e+02 1.250000000000000000e+02 1.320000000000000000e+02
1.760000000000000000e+02 1.230000000000000000e+02 1.240000000000000000e+02
1.670000000000000000e+02 1.290000000000000000e+02 1.240000000000000000e+02
1.720000000000000000e+02 1.310000000000000000e+02 1.230000000000000000e+02
1.710000000000000000e+02 1.310000000000000000e+02 1.200000000000000000e+02
1.720000000000000000e+02 1.290000000000000000e+02 1.290000000000000000e+02
1.710000000000000000e+02 1.270000000000000000e+02 1.320000000000000000e+02
1.660000000000000000e+02 1.260000000000000000e+02 1.280000000000000000e+02
1.660000000000000000e+02 1.270000000000000000e+02 1.300000000000000000e+02
1.650000000000000000e+02 1.280000000000000000e+02 1.300000000000000000e+02
1.680000000000000000e+02 1.290000000000000000e+02 1.320000000000000000e+02
1.640000000000000000e+02 1.280000000000000000e+02 1.350000000000000000e+02
1.670000000000000000e+02 1.210000000000000000e+02 1.290000000000000000e+02
1.650000000000000000e+02 1.270000000000000000e+02 1.360000000000000000e+02
1.670000000000000000e+02 1.240000000000000000e+02 1.340000000000000000e+02
1.680000000000000000e+02 1.250000000000000000e+02 1.300000000000000000e+02
1.680000000000000000e+02 1.230000000000000000e+02 1.300000000000000000e+02
1.660000000000000000e+02 1.260000000000000000e+02 1.320000000000000000e+02
1.670000000000000000e+02 1.250000000000000000e+02 1.300000000000000000e+02
1.690000000000000000e+02 1.240000000000000000e+02 1.290000000000000000e+02
1.680000000000000000e+02 1.230000000000000000e+02 1.290000000000000000e+02
1.640000000000000000e+02 1.240000000000000000e+02 1.290000000000000000e+02
1.650000000000000000e+02 1.220000000000000000e+02 1.320000000000000000e+02
1.650000000000000000e+02 1.220000000000000000e+02 1.360000000000000000e+02
1.700000000000000000e+02 1.220000000000000000e+02 1.340000000000000000e+02
1.680000000000000000e+02 1.270000000000000000e+02 1.320000000000000000e+02
1.650000000000000000e+02 1.260000000000000000e+02 1.300000000000000000e+02
1.680000000000000000e+02 1.250000000000000000e+02 1.310000000000000000e+02
1.670000000000000000e+02 1.250000000000000000e+02 1.330000000000000000e+02
1.670000000000000000e+02 1.230000000000000000e+02 1.280000000000000000e+02
1.670000000000000000e+02 1.270000000000000000e+02 1.280000000000000000e+02
1.660000000000000000e+02 1.260000000000000000e+02 1.330000000000000000e+02
1.670000000000000000e+02 1.250000000000000000e+02 1.320000000000000000e+02
1.660000000000000000e+02 1.260000000000000000e+02 1.280000000000000000e+02
1.630000000000000000e+02 1.290000000000000000e+02 1.330000000000000000e+02
1.630000000000000000e+02 1.270000000000000000e+02 1.340000000000000000e+02
1.660000000000000000e+02 1.250000000000000000e+02 1.330000000000000000e+02
1.680000000000000000e+02 1.300000000000000000e+02 1.310000000000000000e+02
1.650000000000000000e+02 1.290000000000000000e+02 1.330000000000000000e+02
1.650000000000000000e+02 1.280000000000000000e+02 1.280000000000000000e+02
1.640000000000000000e+02 1.270000000000000000e+02 1.300000000000000000e+02
1.680000000000000000e+02 1.290000000000000000e+02 1.290000000000000000e+02
1.660000000000000000e+02 1.310000000000000000e+02 1.310000000000000000e+02
1.640000000000000000e+02 1.270000000000000000e+02 1.270000000000000000e+02
1.640000000000000000e+02 1.300000000000000000e+02 1.290000000000000000e+02
1.650000000000000000e+02 1.300000000000000000e+02 1.320000000000000000e+02
1.660000000000000000e+02 1.300000000000000000e+02 1.280000000000000000e+02
1.530000000000000000e+02 1.300000000000000000e+02 1.270000000000000000e+02
1.690000000000000000e+02 1.280000000000000000e+02 1.300000000000000000e+02
1.660000000000000000e+02 1.260000000000000000e+02 1.340000000000000000e+02
1.630000000000000000e+02 1.280000000000000000e+02 1.290000000000000000e+02
1.670000000000000000e+02 1.310000000000000000e+02 1.300000000000000000e+02
1.610000000000000000e+02 1.300000000000000000e+02 1.300000000000000000e+02
1.640000000000000000e+02 1.320000000000000000e+02 1.300000000000000000e+02
1.640000000000000000e+02 1.300000000000000000e+02 1.310000000000000000e+02
1.630000000000000000e+02 1.320000000000000000e+02 1.270000000000000000e+02
1.640000000000000000e+02 1.320000000000000000e+02 1.290000000000000000e+02
1.640000000000000000e+02 1.320000000000000000e+02 1.310000000000000000e+02
1.630000000000000000e+02 1.310000000000000000e+02 1.300000000000000000e+02
1.660000000000000000e+02 1.310000000000000000e+02 1.280000000000000000e+02
1.630000000000000000e+02 1.320000000000000000e+02 1.300000000000000000e+02
1.650000000000000000e+02 1.320000000000000000e+02 1.300000000000000000e+02
1.680000000000000000e+02 1.300000000000000000e+02 1.290000000000000000e+02
1.670000000000000000e+02 1.290000000000000000e+02 1.290000000000000000e+02
1.650000000000000000e+02 1.310000000000000000e+02 1.290000000000000000e+02
1.660000000000000000e+02 1.290000000000000000e+02 1.290000000000000000e+02
1.680000000000000000e+02 1.270000000000000000e+02 1.280000000000000000e+02
1.650000000000000000e+02 1.290000000000000000e+02 1.300000000000000000e+02
1.640000000000000000e+02 1.290000000000000000e+02 1.340000000000000000e+02
1.680000000000000000e+02 1.280000000000000000e+02 1.290000000000000000e+02
1.640000000000000000e+02 1.280000000000000000e+02 1.320000000000000000e+02
1.640000000000000000e+02 1.260000000000000000e+02 1.290000000000000000e+02
1.670000000000000000e+02 1.280000000000000000e+02 1.300000000000000000e+02
1.660000000000000000e+02 1.290000000000000000e+02 1.320000000000000000e+02
1.650000000000000000e+02 1.300000000000000000e+02 1.300000000000000000e+02
1.640000000000000000e+02 1.270000000000000000e+02 1.280000000000000000e+02
1.650000000000000000e+02 1.260000000000000000e+02 1.280000000000000000e+02
1.650000000000000000e+02 1.270000000000000000e+02 1.280000000000000000e+02
1.640000000000000000e+02 1.280000000000000000e+02 1.300000000000000000e+02
1.660000000000000000e+02 1.290000000000000000e+02 1.310000000000000000e+02
1.670000000000000000e+02 1.280000000000000000e+02 1.300000000000000000e+02
1.650000000000000000e+02 1.290000000000000000e+02 1.310000000000000000e+02
1.670000000000000000e+02 1.280000000000000000e+02 1.340000000000000000e+02
1.670000000000000000e+02 1.260000000000000000e+02 1.320000000000000000e+02
1.640000000000000000e+02 1.270000000000000000e+02 1.300000000000000000e+02
1.670000000000000000e+02 1.230000000000000000e+02 1.310000000000000000e+02
1.650000000000000000e+02 1.260000000000000000e+02 1.310000000000000000e+02
1.640000000000000000e+02 1.280000000000000000e+02 1.280000000000000000e+02
1.660000000000000000e+02 1.310000000000000000e+02 1.320000000000000000e+02
1.670000000000000000e+02 1.260000000000000000e+02 1.350000000000000000e+02
1.640000000000000000e+02 1.290000000000000000e+02 1.290000000000000000e+02
1.670000000000000000e+02 1.270000000000000000e+02 1.310000000000000000e+02
1.660000000000000000e+02 1.270000000000000000e+02 1.280000000000000000e+02
1.660000000000000000e+02 1.290000000000000000e+02 1.280000000000000000e+02
1.650000000000000000e+02 1.270000000000000000e+02 1.290000000000000000e+02
1.650000000000000000e+02 1.260000000000000000e+02 1.280000000000000000e+02
1.660000000000000000e+02 1.250000000000000000e+02 1.330000000000000000e+02
1.630000000000000000e+02 1.310000000000000000e+02 1.240000000000000000e+02
1.660000000000000000e+02 1.270000000000000000e+02 1.270000000000000000e+02
1.640000000000000000e+02 1.290000000000000000e+02 1.300000000000000000e+02
1.670000000000000000e+02 1.240000000000000000e+02 1.300000000000000000e+02
1.640000000000000000e+02 1.290000000000000000e+02 1.300000000000000000e+02
1.660000000000000000e+02 1.310000000000000000e+02 1.260000000000000000e+02
1.640000000000000000e+02 1.280000000000000000e+02 1.280000000000000000e+02
1.660000000000000000e+02 1.260000000000000000e+02 1.290000000000000000e+02
1.670000000000000000e+02 1.250000000000000000e+02 1.280000000000000000e+02
1.650000000000000000e+02 1.260000000000000000e+02 1.340000000000000000e+02
1.650000000000000000e+02 1.290000000000000000e+02 1.310000000000000000e+02
1.600000000000000000e+02 1.300000000000000000e+02 1.330000000000000000e+02
1.640000000000000000e+02 1.280000000000000000e+02 1.300000000000000000e+02
1.640000000000000000e+02 1.260000000000000000e+02 1.310000000000000000e+02
1.640000000000000000e+02 1.270000000000000000e+02 1.300000000000000000e+02
1.640000000000000000e+02 1.300000000000000000e+02 1.300000000000000000e+02
1.680000000000000000e+02 1.310000000000000000e+02 1.410000000000000000e+02
1.670000000000000000e+02 1.300000000000000000e+02 1.290000000000000000e+02
1.640000000000000000e+02 1.320000000000000000e+02 1.330000000000000000e+02
1.800000000000000000e+02 1.260000000000000000e+02 1.360000000000000000e+02
1.800000000000000000e+02 1.270000000000000000e+02 1.400000000000000000e+02
1.630000000000000000e+02 1.270000000000000000e+02 1.300000000000000000e+02
1.670000000000000000e+02 1.260000000000000000e+02 1.390000000000000000e+02
1.500000000000000000e+02 1.310000000000000000e+02 1.230000000000000000e+02
1.720000000000000000e+02 1.270000000000000000e+02 1.230000000000000000e+02
1.590000000000000000e+02 1.230000000000000000e+02 1.290000000000000000e+02
1.640000000000000000e+02 1.330000000000000000e+02 1.300000000000000000e+02
1.630000000000000000e+02 1.320000000000000000e+02 1.300000000000000000e+02
1.630000000000000000e+02 1.330000000000000000e+02 1.330000000000000000e+02
1.630000000000000000e+02 1.350000000000000000e+02 1.280000000000000000e+02
1.630000000000000000e+02 1.320000000000000000e+02 1.280000000000000000e+02
1.620000000000000000e+02 1.340000000000000000e+02 1.290000000000000000e+02
1.660000000000000000e+02 1.320000000000000000e+02 1.280000000000000000e+02
1.630000000000000000e+02 1.320000000000000000e+02 1.260000000000000000e+02
1.640000000000000000e+02 1.320000000000000000e+02 1.290000000000000000e+02
1.660000000000000000e+02 1.300000000000000000e+02 1.320000000000000000e+02
1.620000000000000000e+02 1.320000000000000000e+02 1.260000000000000000e+02
1.630000000000000000e+02 1.330000000000000000e+02 1.280000000000000000e+02
1.630000000000000000e+02 1.340000000000000000e+02 1.270000000000000000e+02
1.640000000000000000e+02 1.340000000000000000e+02 1.310000000000000000e+02
