2.200000000000000000e+01 -2.470000000000000000e+02 5.000000000000000000e+00
2.500000000000000000e+01 -2.480000000000000000e+02 5.000000000000000000e+00
2.300000000000000000e+01 -2.460000000000000000e+02 6.000000000000000000e+00
2.000000000000000000e+01 -2.460000000000000000e+02 7.000000000000000000e+00
2.300000000000000000e+01 -2.470000000000000000e+02 4.000000000000000000e+00
2.600000000000000000e+01 -2.460000000000000000e+02 0.000000000000000000e+00
2.200000000000000000e+01 -2.470000000000000000e+02 2.000000000000000000e+00
2.400000000000000000e+01 -2.440000000000000000e+02 0.000000000000000000e+00
2.500000000000000000e+01 -2.440000000000000000e+02 2.000000000000000000e+00
1.800000000000000000e+01 -2.470000000000000000e+02 -6.000000000000000000e+00
1.700000000000000000e+01 -2.470000000000000000e+02 -9.000000000000000000e+00
1.400000000000000000e+01 -2.410000000000000000e+02 -1.600000000000000000e+01
1.000000000000000000e+01 -2.400000000000000000e+02 -2.700000000000000000e+01
1.000000000000000000e+01 -2.340000000000000000e+02 -3.500000000000000000e+01
9.000000000000000000e+00 -2.280000000000000000e+02 -4.300000000000000000e+01
1.300000000000000000e+01 -2.350000000000000000e+02 -5.000000000000000000e+01
1.100000000000000000e+01 -2.420000000000000000e+02 -6.100000000000000000e+01
1.800000000000000000e+01 -2.460000000000000000e+02 -6.500000000000000000e+01
-4.000000000000000000e+00 -2.490000000000000000e+02 -7.600000000000000000e+01
2.000000000000000000e+00 -2.380000000000000000e+02 -8.000000000000000000e+01
-1.300000000000000000e+01 -2.420000000000000000e+02 -8.500000000000000000e+01
-1.000000000000000000e+01 -2.460000000000000000e+02 -1.080000000000000000e+02
-1.000000000000000000e+01 -2.360000000000000000e+02 -1.130000000000000000e+02
-2.000000000000000000e+00 -1.860000000000000000e+02 -1.020000000000000000e+02
-1.000000000000000000e+01 -2.000000000000000000e+02 -9.000000000000000000e+01
-1.600000000000000000e+01 -1.910000000000000000e+02 -1.080000000000000000e+02
-7.000000000000000000e+00 -1.750000000000000000e+02 -1.030000000000000000e+02
-1.500000000000000000e+01 -1.780000000000000000e+02 -1.000000000000000000e+02
-3.300000000000000000e+01 -2.010000000000000000e+02 -1.150000000000000000e+02
-1.600000000000000000e+01 -2.420000000000000000e+02 -8.500000000000000000e+01
4.100000000000000000e+01 -2.670000000000000000e+02 -1.320000000000000000e+02
-6.600000000000000000e+01 -2.350000000000000000e+02 -1.420000000000000000e+02
-3.300000000000000000e+01 -2.450000000000000000e+02 -1.680000000000000000e+02
-3.700000000000000000e+01 -2.240000000000000000e+02 -1.500000000000000000e+02
-3.800000000000000000e+01 -2.110000000000000000e+02 -1.100000000000000000e+02
-3.300000000000000000e+01 -1.820000000000000000e+02 -6.500000000000000000e+01
-3.700000000000000000e+01 -1.380000000000000000e+02 -1.000000000000000000e+01
-3.900000000000000000e+01 -1.200000000000000000e+02 3.200000000000000000e+01
4.000000000000000000e+01 -4.330000000000000000e+02 1.230000000000000000e+02
1.700000000000000000e+01 -8.490000000000000000e+02 5.380000000000000000e+02
4.800000000000000000e+01 1.220000000000000000e+02 2.800000000000000000e+01
5.000000000000000000e+01 -1.400000000000000000e+02 1.360000000000000000e+02
1.640000000000000000e+02 4.700000000000000000e+01 3.190000000000000000e+02
2.600000000000000000e+01 7.230000000000000000e+02 3.400000000000000000e+02
-2.000000000000000000e+01 9.000000000000000000e+00 4.800000000000000000e+01
-1.600000000000000000e+01 1.000000000000000000e+02 1.660000000000000000e+02
0.000000000000000000e+00 9.000000000000000000e+01 2.540000000000000000e+02
1.000000000000000000e+01 1.490000000000000000e+02 2.710000000000000000e+02
8.000000000000000000e+00 8.500000000000000000e+01 1.630000000000000000e+02
-1.800000000000000000e+01 3.400000000000000000e+01 2.220000000000000000e+02
6.700000000000000000e+01 1.500000000000000000e+01 2.720000000000000000e+02
3.500000000000000000e+01 -5.000000000000000000e+01 1.990000000000000000e+02
1.800000000000000000e+01 -2.500000000000000000e+01 1.870000000000000000e+02
4.800000000000000000e+01 -1.000000000000000000e+01 2.370000000000000000e+02
4.900000000000000000e+01 3.500000000000000000e+01 2.210000000000000000e+02
3.400000000000000000e+01 3.200000000000000000e+01 2.040000000000000000e+02
2.700000000000000000e+01 3.500000000000000000e+01 2.120000000000000000e+02
3.400000000000000000e+01 5.800000000000000000e+01 2.300000000000000000e+02
2.900000000000000000e+01 3.300000000000000000e+01 2.210000000000000000e+02
2.100000000000000000e+01 1.600000000000000000e+01 2.250000000000000000e+02
1.600000000000000000e+01 3.100000000000000000e+01 2.230000000000000000e+02
2.400000000000000000e+01 2.500000000000000000e+01 2.150000000000000000e+02
2.800000000000000000e+01 2.800000000000000000e+01 2.250000000000000000e+02
2.800000000000000000e+01 2.800000000000000000e+01 2.190000000000000000e+02
2.200000000000000000e+01 3.400000000000000000e+01 2.190000000000000000e+02
2.200000000000000000e+01 3.300000000000000000e+01 2.200000000000000000e+02
1.800000000000000000e+01 2.700000000000000000e+01 2.260000000000000000e+02
1.000000000000000000e+01 3.200000000000000000e+01 2.210000000000000000e+02
1.500000000000000000e+01 3.100000000000000000e+01 2.240000000000000000e+02
2.000000000000000000e+01 2.900000000000000000e+01 2.220000000000000000e+02
2.200000000000000000e+01 2.600000000000000000e+01 2.170000000000000000e+02
2.600000000000000000e+01 2.900000000000000000e+01 2.210000000000000000e+02
2.500000000000000000e+01 2.600000000000000000e+01 2.200000000000000000e+02
2.000000000000000000e+01 2.600000000000000000e+01 2.220000000000000000e+02
2.100000000000000000e+01 2.800000000000000000e+01 2.220000000000000000e+02
2.100000000000000000e+01 1.900000000000000000e+01 2.200000000000000000e+02
2.300000000000000000e+01 2.600000000000000000e+01 2.210000000000000000e+02
2.200000000000000000e+01 2.400000000000000000e+01 2.170000000000000000e+02
2.400000000000000000e+01 2.400000000000000000e+01 2.220000000000000000e+02
2.400000000000000000e+01 2.300000000000000000e+01 2.210000000000000000e+02
2.100000000000000000e+01 2.200000000000000000e+01 2.180000000000000000e+02
3.500000000000000000e+01 2.000000000000000000e+01 2.190000000000000000e+02
2.100000000000000000e+01 3.200000000000000000e+01 2.260000000000000000e+02
2.300000000000000000e+01 2.600000000000000000e+01 2.170000000000000000e+02
2.300000000000000000e+01 2.300000000000000000e+01 2.200000000000000000e+02
2.000000000000000000e+01 2.400000000000000000e+01 2.190000000000000000e+02
2.300000000000000000e+01 2.300000000000000000e+01 2.190000000000000000e+02
2.000000000000000000e+01 2.100000000000000000e+01 2.190000000000000000e+02
2.400000000000000000e+01 2.200000000000000000e+01 2.230000000000000000e+02
2.400000000000000000e+01 2.400000000000000000e+01 2.220000000000000000e+02
2.300000000000000000e+01 2.700000000000000000e+01 2.200000000000000000e+02
2.200000000000000000e+01 2.500000000000000000e+01 2.220000000000000000e+02
2.300000000000000000e+01 2.200000000000000000e+01 2.190000000000000000e+02
2.000000000000000000e+01 2.700000000000000000e+01 2.200000000000000000e+02
2.200000000000000000e+01 2.300000000000000000e+01 2.210000000000000000e+02
2.000000000000000000e+01 2.800000000000000000e+01 2.280000000000000000e+02
1.900000000000000000e+01 2.600000000000000000e+01 2.220000000000000000e+02
2.000000000000000000e+01 2.600000000000000000e+01 2.230000000000000000e+02
2.000000000000000000e+01 2.200000000000000000e+01 2.170000000000000000e+02
2.300000000000000000e+01 2.700000000000000000e+01 2.170000000000000000e+02
2.200000000000000000e+01 2.100000000000000000e+01 2.200000000000000000e+02
2.200000000000000000e+01 2.500000000000000000e+01 2.220000000000000000e+02
1.900000000000000000e+01 2.700000000000000000e+01 2.210000000000000000e+02
2.000000000000000000e+01 2.500000000000000000e+01 2.230000000000000000e+02
1.900000000000000000e+01 2.500000000000000000e+01 2.190000000000000000e+02
1.900000000000000000e+01 2.500000000000000000e+01 2.190000000000000000e+02
2.200000000000000000e+01 2.500000000000000000e+01 2.200000000000000000e+02
2.100000000000000000e+01 2.500000000000000000e+01 2.190000000000000000e+02
2.000000000000000000e+01 2.300000000000000000e+01 2.180000000000000000e+02
2.000000000000000000e+01 2.800000000000000000e+01 2.210000000000000000e+02
2.100000000000000000e+01 2.500000000000000000e+01 2.160000000000000000e+02
2.300000000000000000e+01 2.400000000000000000e+01 2.220000000000000000e+02
1.700000000000000000e+01 2.600000000000000000e+01 2.190000000000000000e+02
2.200000000000000000e+01 2.500000000000000000e+01 2.190000000000000000e+02
2.200000000000000000e+01 2.200000000000000000e+01 2.220000000000000000e+02
2.100000000000000000e+01 2.700000000000000000e+01 2.200000000000000000e+02
2.100000000000000000e+01 2.500000000000000000e+01 2.200000000000000000e+02
2.000000000000000000e+01 2.200000000000000000e+01 2.170000000000000000e+02
2.100000000000000000e+01 2.400000000000000000e+01 2.200000000000000000e+02
1.100000000000000000e+01 2.500000000000000000e+01 2.200000000000000000e+02
2.400000000000000000e+01 2.100000000000000000e+01 2.190000000000000000e+02
2.000000000000000000e+01 2.400000000000000000e+01 2.190000000000000000e+02
1.900000000000000000e+01 2.800000000000000000e+01 2.200000000000000000e+02
2.100000000000000000e+01 2.700000000000000000e+01 2.210000000000000000e+02
2.000000000000000000e+01 2.500000000000000000e+01 2.210000000000000000e+02
2.200000000000000000e+01 2.400000000000000000e+01 2.200000000000000000e+02
2.100000000000000000e+01 2.300000000000000000e+01 2.210000000000000000e+02
2.100000000000000000e+01 2.100000000000000000e+01 2.210000000000000000e+02
1.900000000000000000e+01 2.700000000000000000e+01 2.220000000000000000e+02
1.600000000000000000e+01 2.500000000000000000e+01 2.220000000000000000e+02
2.100000000000000000e+01 2.500000000000000000e+01 2.220000000000000000e+02
2.000000000000000000e+01 2.700000000000000000e+01 2.270000000000000000e+02
2.400000000000000000e+01 2.300000000000000000e+01 2.210000000000000000e+02
2.500000000000000000e+01 2.300000000000000000e+01 2.220000000000000000e+02
1.900000000000000000e+01 2.800000000000000000e+01 2.220000000000000000e+02
2.000000000000000000e+01 2.500000000000000000e+01 2.210000000000000000e+02
1.900000000000000000e+01 2.600000000000000000e+01 2.210000000000000000e+02
2.100000000000000000e+01 2.700000000000000000e+01 2.170000000000000000e+02
2.100000000000000000e+01 2.700000000000000000e+01 2.220000000000000000e+02
1.700000000000000000e+01 2.600000000000000000e+01 2.210000000000000000e+02
2.200000000000000000e+01 2.300000000000000000e+01 2.230000000000000000e+02
2.000000000000000000e+01 2.700000000000000000e+01 2.190000000000000000e+02
2.300000000000000000e+01 2.400000000000000000e+01 2.190000000000000000e+02
2.100000000000000000e+01 2.800000000000000000e+01 2.230000000000000000e+02
1.900000000000000000e+01 2.400000000000000000e+01 2.240000000000000000e+02
2.200000000000000000e+01 2.400000000000000000e+01 2.170000000000000000e+02
1.900000000000000000e+01 2.700000000000000000e+01 2.210000000000000000e+02
1.900000000000000000e+01 2.800000000000000000e+01 2.190000000000000000e+02
2.100000000000000000e+01 2.900000000000000000e+01 2.190000000000000000e+02
2.100000000000000000e+01 3.200000000000000000e+01 2.190000000000000000e+02
1.900000000000000000e+01 2.900000000000000000e+01 2.210000000000000000e+02
1.800000000000000000e+01 2.900000000000000000e+01 2.220000000000000000e+02
2.000000000000000000e+01 3.000000000000000000e+01 2.230000000000000000e+02
2.000000000000000000e+01 3.000000000000000000e+01 2.210000000000000000e+02
1.600000000000000000e+01 3.400000000000000000e+01 2.220000000000000000e+02
1.700000000000000000e+01 3.100000000000000000e+01 2.180000000000000000e+02
1.300000000000000000e+01 2.800000000000000000e+01 2.190000000000000000e+02
2.100000000000000000e+01 3.000000000000000000e+01 2.180000000000000000e+02
1.900000000000000000e+01 3.000000000000000000e+01 2.230000000000000000e+02
1.900000000000000000e+01 3.100000000000000000e+01 2.250000000000000000e+02
1.900000000000000000e+01 3.000000000000000000e+01 2.220000000000000000e+02
1.800000000000000000e+01 3.200000000000000000e+01 2.200000000000000000e+02
1.900000000000000000e+01 2.900000000000000000e+01 2.200000000000000000e+02
1.700000000000000000e+01 3.400000000000000000e+01 2.210000000000000000e+02
1.400000000000000000e+01 3.500000000000000000e+01 2.210000000000000000e+02
1.800000000000000000e+01 3.100000000000000000e+01 2.190000000000000000e+02
1.600000000000000000e+01 3.300000000000000000e+01 2.190000000000000000e+02
2.100000000000000000e+01 2.800000000000000000e+01 2.220000000000000000e+02
1.600000000000000000e+01 2.800000000000000000e+01 2.230000000000000000e+02
1.700000000000000000e+01 3.400000000000000000e+01 2.260000000000000000e+02
1.600000000000000000e+01 3.300000000000000000e+01 2.250000000000000000e+02
1.400000000000000000e+01 3.500000000000000000e+01 2.250000000000000000e+02
1.700000000000000000e+01 2.900000000000000000e+01 2.230000000000000000e+02
1.600000000000000000e+01 2.900000000000000000e+01 2.180000000000000000e+02
1.700000000000000000e+01 3.000000000000000000e+01 2.230000000000000000e+02
1.600000000000000000e+01 2.700000000000000000e+01 2.240000000000000000e+02
1.700000000000000000e+01 2.700000000000000000e+01 2.190000000000000000e+02
2.000000000000000000e+01 2.300000000000000000e+01 2.160000000000000000e+02
1.900000000000000000e+01 2.500000000000000000e+01 2.210000000000000000e+02
1.900000000000000000e+01 2.200000000000000000e+01 2.210000000000000000e+02
1.500000000000000000e+01 2.300000000000000000e+01 2.160000000000000000e+02
1.700000000000000000e+01 2.600000000000000000e+01 2.210000000000000000e+02
2.000000000000000000e+01 2.300000000000000000e+01 2.210000000000000000e+02
1.800000000000000000e+01 2.000000000000000000e+01 2.170000000000000000e+02
1.800000000000000000e+01 2.400000000000000000e+01 2.210000000000000000e+02
1.900000000000000000e+01 2.300000000000000000e+01 2.260000000000000000e+02
2.100000000000000000e+01 2.300000000000000000e+01 2.230000000000000000e+02
1.900000000000000000e+01 2.600000000000000000e+01 2.200000000000000000e+02
2.100000000000000000e+01 2.300000000000000000e+01 2.240000000000000000e+02
2.100000000000000000e+01 2.500000000000000000e+01 2.180000000000000000e+02
1.700000000000000000e+01 2.200000000000000000e+01 2.170000000000000000e+02
1.800000000000000000e+01 2.600000000000000000e+01 2.210000000000000000e+02
1.900000000000000000e+01 2.500000000000000000e+01 2.270000000000000000e+02
1.800000000000000000e+01 2.700000000000000000e+01 2.200000000000000000e+02
1.900000000000000000e+01 2.200000000000000000e+01 2.190000000000000000e+02
1.700000000000000000e+01 2.800000000000000000e+01 2.200000000000000000e+02
1.800000000000000000e+01 2.600000000000000000e+01 2.200000000000000000e+02
2.100000000000000000e+01 2.900000000000000000e+01 2.150000000000000000e+02
1.900000000000000000e+01 2.800000000000000000e+01 2.190000000000000000e+02
2.200000000000000000e+01 2.800000000000000000e+01 2.240000000000000000e+02
