1.100000000000000000e+01 -1.350000000000000000e+02 -1.870000000000000000e+02
1.100000000000000000e+01 -1.270000000000000000e+02 -1.990000000000000000e+02
-6.000000000000000000e+00 -1.460000000000000000e+02 -2.040000000000000000e+02
2.000000000000000000e+00 -1.300000000000000000e+02 -1.910000000000000000e+02
-3.000000000000000000e+00 -1.600000000000000000e+02 -1.710000000000000000e+02
-4.000000000000000000e+00 -1.540000000000000000e+02 -1.440000000000000000e+02
-1.000000000000000000e+01 -1.520000000000000000e+02 -1.180000000000000000e+02
1.000000000000000000e+00 -1.690000000000000000e+02 -6.600000000000000000e+01
-3.200000000000000000e+01 -2.240000000000000000e+02 -9.100000000000000000e+01
-4.400000000000000000e+01 -8.000000000000000000e+01 -1.170000000000000000e+02
-3.600000000000000000e+01 -1.370000000000000000e+02 5.200000000000000000e+01
-7.600000000000000000e+01 -1.253000000000000000e+03 -5.670000000000000000e+02
4.700000000000000000e+01 3.620000000000000000e+02 7.800000000000000000e+01
-4.000000000000000000e+01 -4.300000000000000000e+01 6.360000000000000000e+02
-1.400000000000000000e+01 -1.960000000000000000e+02 2.100000000000000000e+02
-1.200000000000000000e+01 4.100000000000000000e+01 1.990000000000000000e+02
-2.100000000000000000e+01 -1.290000000000000000e+02 1.480000000000000000e+02
-3.900000000000000000e+01 -4.400000000000000000e+01 3.310000000000000000e+02
1.000000000000000000e+00 -8.700000000000000000e+01 2.300000000000000000e+02
-5.600000000000000000e+01 -1.140000000000000000e+02 1.810000000000000000e+02
-3.200000000000000000e+01 -1.180000000000000000e+02 2.050000000000000000e+02
-5.600000000000000000e+01 -1.520000000000000000e+02 1.870000000000000000e+02
-2.500000000000000000e+01 -1.320000000000000000e+02 2.050000000000000000e+02
-1.400000000000000000e+01 -1.270000000000000000e+02 1.980000000000000000e+02
-2.400000000000000000e+01 -1.490000000000000000e+02 1.830000000000000000e+02
-4.200000000000000000e+01 -1.350000000000000000e+02 1.950000000000000000e+02
-3.500000000000000000e+01 -1.630000000000000000e+02 1.650000000000000000e+02
-4.000000000000000000e+01 -1.500000000000000000e+02 1.860000000000000000e+02
-4.600000000000000000e+01 -1.460000000000000000e+02 2.040000000000000000e+02
-3.400000000000000000e+01 -1.230000000000000000e+02 1.990000000000000000e+02
-3.700000000000000000e+01 -1.320000000000000000e+02 1.960000000000000000e+02
-3.200000000000000000e+01 -1.330000000000000000e+02 1.960000000000000000e+02
-3.400000000000000000e+01 -1.350000000000000000e+02 2.010000000000000000e+02
-4.400000000000000000e+01 -1.400000000000000000e+02 1.870000000000000000e+02
-3.700000000000000000e+01 -1.470000000000000000e+02 1.970000000000000000e+02
-3.400000000000000000e+01 -1.600000000000000000e+02 1.750000000000000000e+02
-4.500000000000000000e+01 -1.400000000000000000e+02 1.830000000000000000e+02
-2.900000000000000000e+01 -1.510000000000000000e+02 1.780000000000000000e+02
-3.500000000000000000e+01 -1.480000000000000000e+02 1.900000000000000000e+02
-3.100000000000000000e+01 -1.470000000000000000e+02 1.810000000000000000e+02
-3.400000000000000000e+01 -1.410000000000000000e+02 1.880000000000000000e+02
-3.400000000000000000e+01 -1.480000000000000000e+02 1.800000000000000000e+02
-3.700000000000000000e+01 -1.350000000000000000e+02 1.980000000000000000e+02
-1.600000000000000000e+01 -1.410000000000000000e+02 1.890000000000000000e+02
-3.100000000000000000e+01 -1.310000000000000000e+02 1.960000000000000000e+02
-4.000000000000000000e+01 -1.320000000000000000e+02 1.980000000000000000e+02
-4.700000000000000000e+01 -1.310000000000000000e+02 1.980000000000000000e+02
-3.800000000000000000e+01 -1.300000000000000000e+02 1.970000000000000000e+02
-3.300000000000000000e+01 -1.370000000000000000e+02 1.960000000000000000e+02
-3.300000000000000000e+01 -1.300000000000000000e+02 1.940000000000000000e+02
-3.600000000000000000e+01 -1.360000000000000000e+02 1.990000000000000000e+02
-3.700000000000000000e+01 -1.320000000000000000e+02 1.980000000000000000e+02
-3.300000000000000000e+01 -1.340000000000000000e+02 1.980000000000000000e+02
-2.900000000000000000e+01 -1.320000000000000000e+02 2.010000000000000000e+02
-3.500000000000000000e+01 -1.280000000000000000e+02 2.000000000000000000e+02
-3.300000000000000000e+01 -1.340000000000000000e+02 1.990000000000000000e+02
-3.300000000000000000e+01 -1.320000000000000000e+02 1.980000000000000000e+02
-3.500000000000000000e+01 -1.300000000000000000e+02 1.990000000000000000e+02
-3.400000000000000000e+01 -1.290000000000000000e+02 1.960000000000000000e+02
-3.400000000000000000e+01 -1.300000000000000000e+02 2.000000000000000000e+02
-3.500000000000000000e+01 -1.260000000000000000e+02 1.960000000000000000e+02
-3.500000000000000000e+01 -1.310000000000000000e+02 1.990000000000000000e+02
-3.300000000000000000e+01 -1.290000000000000000e+02 2.000000000000000000e+02
-3.500000000000000000e+01 -1.310000000000000000e+02 1.980000000000000000e+02
-3.500000000000000000e+01 -1.320000000000000000e+02 2.000000000000000000e+02
-3.700000000000000000e+01 -1.300000000000000000e+02 1.990000000000000000e+02
-3.600000000000000000e+01 -1.320000000000000000e+02 2.000000000000000000e+02
-3.400000000000000000e+01 -1.290000000000000000e+02 1.980000000000000000e+02
-3.200000000000000000e+01 -1.320000000000000000e+02 2.040000000000000000e+02
-3.600000000000000000e+01 -1.300000000000000000e+02 2.010000000000000000e+02
-3.000000000000000000e+01 -1.300000000000000000e+02 2.010000000000000000e+02
-3.300000000000000000e+01 -1.330000000000000000e+02 1.960000000000000000e+02
-3.800000000000000000e+01 -1.270000000000000000e+02 2.000000000000000000e+02
-3.600000000000000000e+01 -1.310000000000000000e+02 1.970000000000000000e+02
-3.200000000000000000e+01 -1.320000000000000000e+02 1.990000000000000000e+02
-3.100000000000000000e+01 -1.300000000000000000e+02 2.020000000000000000e+02
-3.700000000000000000e+01 -1.330000000000000000e+02 1.990000000000000000e+02
-3.600000000000000000e+01 -1.260000000000000000e+02 2.060000000000000000e+02
-3.500000000000000000e+01 -1.270000000000000000e+02 1.990000000000000000e+02
-3.300000000000000000e+01 -1.310000000000000000e+02 1.990000000000000000e+02
-3.100000000000000000e+01 -1.300000000000000000e+02 2.000000000000000000e+02
-3.500000000000000000e+01 -1.290000000000000000e+02 1.990000000000000000e+02
-3.300000000000000000e+01 -1.310000000000000000e+02 1.960000000000000000e+02
-3.400000000000000000e+01 -1.290000000000000000e+02 1.970000000000000000e+02
-3.300000000000000000e+01 -1.300000000000000000e+02 1.980000000000000000e+02
-3.400000000000000000e+01 -1.290000000000000000e+02 2.040000000000000000e+02
-3.300000000000000000e+01 -1.270000000000000000e+02 1.990000000000000000e+02
-3.600000000000000000e+01 -1.310000000000000000e+02 2.030000000000000000e+02
-3.400000000000000000e+01 -1.290000000000000000e+02 1.980000000000000000e+02
-3.500000000000000000e+01 -1.290000000000000000e+02 2.000000000000000000e+02
-3.200000000000000000e+01 -1.330000000000000000e+02 2.020000000000000000e+02
-3.300000000000000000e+01 -1.290000000000000000e+02 2.000000000000000000e+02
-3.400000000000000000e+01 -1.300000000000000000e+02 1.950000000000000000e+02
-3.200000000000000000e+01 -1.300000000000000000e+02 1.980000000000000000e+02
-3.300000000000000000e+01 -1.280000000000000000e+02 2.010000000000000000e+02
-3.600000000000000000e+01 -1.290000000000000000e+02 1.960000000000000000e+02
-2.700000000000000000e+01 -1.260000000000000000e+02 2.030000000000000000e+02
-3.200000000000000000e+01 -1.260000000000000000e+02 1.990000000000000000e+02
-3.600000000000000000e+01 -1.290000000000000000e+02 2.050000000000000000e+02
-3.400000000000000000e+01 -1.300000000000000000e+02 1.980000000000000000e+02
-3.500000000000000000e+01 -1.280000000000000000e+02 1.990000000000000000e+02
-3.200000000000000000e+01 -1.300000000000000000e+02 2.000000000000000000e+02
-3.300000000000000000e+01 -1.290000000000000000e+02 1.980000000000000000e+02
-2.800000000000000000e+01 -1.280000000000000000e+02 2.010000000000000000e+02
-3.600000000000000000e+01 -1.300000000000000000e+02 1.980000000000000000e+02
-3.200000000000000000e+01 -1.280000000000000000e+02 2.040000000000000000e+02
-3.100000000000000000e+01 -1.290000000000000000e+02 1.980000000000000000e+02
-3.500000000000000000e+01 -1.220000000000000000e+02 2.040000000000000000e+02
-3.400000000000000000e+01 -1.300000000000000000e+02 1.990000000000000000e+02
-3.500000000000000000e+01 -1.230000000000000000e+02 2.040000000000000000e+02
-3.200000000000000000e+01 -1.290000000000000000e+02 2.020000000000000000e+02
-3.700000000000000000e+01 -1.310000000000000000e+02 2.000000000000000000e+02
-3.100000000000000000e+01 -1.280000000000000000e+02 2.010000000000000000e+02
-3.700000000000000000e+01 -1.290000000000000000e+02 1.970000000000000000e+02
-3.500000000000000000e+01 -1.250000000000000000e+02 2.030000000000000000e+02
-3.500000000000000000e+01 -1.280000000000000000e+02 1.970000000000000000e+02
-3.400000000000000000e+01 -1.280000000000000000e+02 2.020000000000000000e+02
-3.400000000000000000e+01 -1.320000000000000000e+02 1.970000000000000000e+02
-3.500000000000000000e+01 -1.240000000000000000e+02 2.000000000000000000e+02
-3.300000000000000000e+01 -1.300000000000000000e+02 2.040000000000000000e+02
-3.100000000000000000e+01 -1.270000000000000000e+02 1.960000000000000000e+02
-3.700000000000000000e+01 -1.240000000000000000e+02 2.000000000000000000e+02
-3.400000000000000000e+01 -1.310000000000000000e+02 2.010000000000000000e+02
-3.400000000000000000e+01 -1.280000000000000000e+02 2.000000000000000000e+02
-3.200000000000000000e+01 -1.290000000000000000e+02 2.010000000000000000e+02
-3.200000000000000000e+01 -1.260000000000000000e+02 1.990000000000000000e+02
-3.500000000000000000e+01 -1.270000000000000000e+02 2.030000000000000000e+02
-3.600000000000000000e+01 -1.260000000000000000e+02 2.020000000000000000e+02
-3.600000000000000000e+01 -1.280000000000000000e+02 2.010000000000000000e+02
-3.500000000000000000e+01 -1.300000000000000000e+02 2.030000000000000000e+02
-3.500000000000000000e+01 -1.250000000000000000e+02 2.020000000000000000e+02
-3.900000000000000000e+01 -1.270000000000000000e+02 1.990000000000000000e+02
-3.600000000000000000e+01 -1.250000000000000000e+02 2.000000000000000000e+02
-3.500000000000000000e+01 -1.250000000000000000e+02 2.010000000000000000e+02
-3.200000000000000000e+01 -1.280000000000000000e+02 2.000000000000000000e+02
-3.200000000000000000e+01 -1.260000000000000000e+02 1.980000000000000000e+02
-3.200000000000000000e+01 -1.280000000000000000e+02 2.070000000000000000e+02
-3.500000000000000000e+01 -1.280000000000000000e+02 2.000000000000000000e+02
-3.600000000000000000e+01 -1.240000000000000000e+02 2.030000000000000000e+02
-3.400000000000000000e+01 -1.260000000000000000e+02 2.010000000000000000e+02
-3.400000000000000000e+01 -1.230000000000000000e+02 1.980000000000000000e+02
-3.200000000000000000e+01 -1.280000000000000000e+02 2.030000000000000000e+02
-3.200000000000000000e+01 -1.260000000000000000e+02 2.000000000000000000e+02
-3.200000000000000000e+01 -1.290000000000000000e+02 2.010000000000000000e+02
-3.300000000000000000e+01 -1.240000000000000000e+02 1.980000000000000000e+02
-3.300000000000000000e+01 -1.270000000000000000e+02 2.020000000000000000e+02
-3.300000000000000000e+01 -1.260000000000000000e+02 2.020000000000000000e+02
-3.200000000000000000e+01 -1.230000000000000000e+02 2.020000000000000000e+02
-3.500000000000000000e+01 -1.230000000000000000e+02 2.030000000000000000e+02
-3.300000000000000000e+01 -1.260000000000000000e+02 2.030000000000000000e+02
-3.400000000000000000e+01 -1.260000000000000000e+02 1.980000000000000000e+02
-3.500000000000000000e+01 -1.250000000000000000e+02 2.010000000000000000e+02
-3.400000000000000000e+01 -1.240000000000000000e+02 1.980000000000000000e+02
-3.600000000000000000e+01 -1.260000000000000000e+02 2.030000000000000000e+02
-3.000000000000000000e+01 -1.240000000000000000e+02 2.000000000000000000e+02
-3.700000000000000000e+01 -1.250000000000000000e+02 2.050000000000000000e+02
-3.000000000000000000e+01 -1.290000000000000000e+02 2.010000000000000000e+02
-3.700000000000000000e+01 -1.270000000000000000e+02 2.040000000000000000e+02
-3.200000000000000000e+01 -1.280000000000000000e+02 1.990000000000000000e+02
-3.300000000000000000e+01 -1.250000000000000000e+02 2.020000000000000000e+02
-3.300000000000000000e+01 -1.290000000000000000e+02 2.030000000000000000e+02
-3.000000000000000000e+01 -1.240000000000000000e+02 2.020000000000000000e+02
-2.900000000000000000e+01 -1.280000000000000000e+02 2.020000000000000000e+02
-3.300000000000000000e+01 -1.250000000000000000e+02 2.020000000000000000e+02
-3.200000000000000000e+01 -1.270000000000000000e+02 2.020000000000000000e+02
-3.600000000000000000e+01 -1.240000000000000000e+02 2.040000000000000000e+02
-3.200000000000000000e+01 -1.260000000000000000e+02 2.020000000000000000e+02
-3.700000000000000000e+01 -1.260000000000000000e+02 2.020000000000000000e+02
-3.200000000000000000e+01 -1.270000000000000000e+02 2.010000000000000000e+02
-3.400000000000000000e+01 -1.220000000000000000e+02 2.000000000000000000e+02
-3.300000000000000000e+01 -1.240000000000000000e+02 2.050000000000000000e+02
-3.000000000000000000e+01 -1.290000000000000000e+02 2.020000000000000000e+02
-3.500000000000000000e+01 -1.250000000000000000e+02 2.010000000000000000e+02
-3.400000000000000000e+01 -1.240000000000000000e+02 2.010000000000000000e+02
-3.300000000000000000e+01 -1.270000000000000000e+02 2.060000000000000000e+02
-3.000000000000000000e+01 -1.220000000000000000e+02 2.020000000000000000e+02
-3.600000000000000000e+01 -1.240000000000000000e+02 2.020000000000000000e+02
-3.500000000000000000e+01 -1.200000000000000000e+02 2.050000000000000000e+02
-3.000000000000000000e+01 -1.260000000000000000e+02 1.990000000000000000e+02
-3.200000000000000000e+01 -1.250000000000000000e+02 2.000000000000000000e+02
-3.500000000000000000e+01 -1.240000000000000000e+02 2.010000000000000000e+02
-3.300000000000000000e+01 -1.220000000000000000e+02 2.060000000000000000e+02
-3.200000000000000000e+01 -1.250000000000000000e+02 1.980000000000000000e+02
-3.300000000000000000e+01 -1.240000000000000000e+02 2.010000000000000000e+02
-3.100000000000000000e+01 -1.300000000000000000e+02 2.020000000000000000e+02
-3.300000000000000000e+01 -1.280000000000000000e+02 2.020000000000000000e+02
-3.300000000000000000e+01 -1.230000000000000000e+02 2.010000000000000000e+02
-3.200000000000000000e+01 -1.260000000000000000e+02 2.020000000000000000e+02
-3.300000000000000000e+01 -1.240000000000000000e+02 2.040000000000000000e+02
-3.600000000000000000e+01 -1.240000000000000000e+02 2.010000000000000000e+02
-3.300000000000000000e+01 -1.250000000000000000e+02 2.020000000000000000e+02
-3.400000000000000000e+01 -1.230000000000000000e+02 1.990000000000000000e+02
-3.300000000000000000e+01 -1.230000000000000000e+02 2.020000000000000000e+02
-3.200000000000000000e+01 -1.240000000000000000e+02 2.010000000000000000e+02
-2.900000000000000000e+01 -1.250000000000000000e+02 1.990000000000000000e+02
-3.100000000000000000e+01 -1.270000000000000000e+02 2.000000000000000000e+02
-3.300000000000000000e+01 -1.300000000000000000e+02 2.030000000000000000e+02
-3.000000000000000000e+01 -1.210000000000000000e+02 2.030000000000000000e+02
-3.600000000000000000e+01 -1.180000000000000000e+02 1.920000000000000000e+02
-3.000000000000000000e+01 -1.260000000000000000e+02 2.010000000000000000e+02
