7.000000000000000000e+00 -2.460000000000000000e+02 3.600000000000000000e+01
0.000000000000000000e+00 -2.410000000000000000e+02 3.100000000000000000e+01
3.000000000000000000e+00 -2.440000000000000000e+02 3.100000000000000000e+01
-5.000000000000000000e+00 -2.400000000000000000e+02 2.500000000000000000e+01
-1.100000000000000000e+01 -2.400000000000000000e+02 3.600000000000000000e+01
-3.000000000000000000e+00 -2.510000000000000000e+02 3.100000000000000000e+01
-1.000000000000000000e+00 -2.470000000000000000e+02 2.800000000000000000e+01
-1.200000000000000000e+01 -2.410000000000000000e+02 2.600000000000000000e+01
-4.000000000000000000e+00 -2.390000000000000000e+02 1.600000000000000000e+01
-1.400000000000000000e+01 -2.250000000000000000e+02 1.700000000000000000e+01
-2.300000000000000000e+01 -2.310000000000000000e+02 2.000000000000000000e+01
-2.800000000000000000e+01 -2.240000000000000000e+02 2.200000000000000000e+01
-2.100000000000000000e+01 -2.190000000000000000e+02 1.800000000000000000e+01
-3.100000000000000000e+01 -2.160000000000000000e+02 2.500000000000000000e+01
-3.800000000000000000e+01 -2.050000000000000000e+02 3.000000000000000000e+01
-2.800000000000000000e+01 -1.960000000000000000e+02 2.500000000000000000e+01
-1.600000000000000000e+01 -1.790000000000000000e+02 2.200000000000000000e+01
-7.000000000000000000e+00 -1.580000000000000000e+02 -2.000000000000000000e+01
-3.400000000000000000e+01 -1.680000000000000000e+02 -6.400000000000000000e+01
-5.000000000000000000e+00 -1.690000000000000000e+02 -8.500000000000000000e+01
4.300000000000000000e+01 -2.080000000000000000e+02 -8.600000000000000000e+01
6.000000000000000000e+01 -3.450000000000000000e+02 -1.300000000000000000e+01
1.130000000000000000e+02 -2.250000000000000000e+02 -1.600000000000000000e+01
2.670000000000000000e+02 -2.150000000000000000e+02 1.190000000000000000e+02
6.740000000000000000e+02 -3.850000000000000000e+02 1.060000000000000000e+02
2.060000000000000000e+02 -1.490000000000000000e+02 1.190000000000000000e+02
1.490000000000000000e+02 -1.480000000000000000e+02 -2.400000000000000000e+01
2.330000000000000000e+02 1.980000000000000000e+02 -4.100000000000000000e+01
2.640000000000000000e+02 1.560000000000000000e+02 6.000000000000000000e+00
5.640000000000000000e+02 1.190000000000000000e+02 -1.020000000000000000e+02
2.680000000000000000e+02 9.200000000000000000e+01 -5.300000000000000000e+01
2.000000000000000000e+00 8.700000000000000000e+01 -4.600000000000000000e+01
8.200000000000000000e+01 2.330000000000000000e+02 -5.400000000000000000e+01
2.160000000000000000e+02 1.300000000000000000e+02 -3.000000000000000000e+00
3.030000000000000000e+02 1.320000000000000000e+02 1.200000000000000000e+01
3.130000000000000000e+02 1.570000000000000000e+02 2.100000000000000000e+01
2.180000000000000000e+02 2.900000000000000000e+01 4.600000000000000000e+01
2.190000000000000000e+02 8.500000000000000000e+01 6.000000000000000000e+01
2.180000000000000000e+02 7.200000000000000000e+01 4.100000000000000000e+01
2.400000000000000000e+02 6.400000000000000000e+01 7.000000000000000000e+00
3.000000000000000000e+02 4.500000000000000000e+01 -5.200000000000000000e+01
2.820000000000000000e+02 9.000000000000000000e+00 -8.600000000000000000e+01
2.960000000000000000e+02 9.000000000000000000e+00 -4.300000000000000000e+01
2.820000000000000000e+02 -7.000000000000000000e+00 -6.100000000000000000e+01
2.780000000000000000e+02 2.100000000000000000e+01 -7.300000000000000000e+01
2.740000000000000000e+02 2.400000000000000000e+01 -4.300000000000000000e+01
2.600000000000000000e+02 2.300000000000000000e+01 -2.300000000000000000e+01
2.690000000000000000e+02 3.100000000000000000e+01 -2.600000000000000000e+01
2.660000000000000000e+02 3.400000000000000000e+01 -3.300000000000000000e+01
2.590000000000000000e+02 6.200000000000000000e+01 -1.600000000000000000e+01
2.550000000000000000e+02 5.700000000000000000e+01 -1.400000000000000000e+01
2.600000000000000000e+02 4.800000000000000000e+01 -9.000000000000000000e+00
2.620000000000000000e+02 4.400000000000000000e+01 -7.000000000000000000e+00
2.630000000000000000e+02 3.900000000000000000e+01 -1.200000000000000000e+01
2.600000000000000000e+02 4.700000000000000000e+01 -1.000000000000000000e+01
2.650000000000000000e+02 4.700000000000000000e+01 -1.100000000000000000e+01
2.620000000000000000e+02 4.200000000000000000e+01 -1.300000000000000000e+01
2.650000000000000000e+02 4.400000000000000000e+01 -1.300000000000000000e+01
2.640000000000000000e+02 5.100000000000000000e+01 -1.400000000000000000e+01
2.640000000000000000e+02 4.900000000000000000e+01 -1.500000000000000000e+01
2.600000000000000000e+02 4.700000000000000000e+01 -1.200000000000000000e+01
2.630000000000000000e+02 4.700000000000000000e+01 -1.200000000000000000e+01
2.650000000000000000e+02 4.600000000000000000e+01 -9.000000000000000000e+00
2.620000000000000000e+02 4.800000000000000000e+01 -7.000000000000000000e+00
2.630000000000000000e+02 4.800000000000000000e+01 -7.000000000000000000e+00
2.620000000000000000e+02 4.500000000000000000e+01 -1.000000000000000000e+01
2.630000000000000000e+02 4.600000000000000000e+01 -1.000000000000000000e+01
2.630000000000000000e+02 4.900000000000000000e+01 -7.000000000000000000e+00
2.640000000000000000e+02 4.600000000000000000e+01 -6.000000000000000000e+00
2.640000000000000000e+02 4.900000000000000000e+01 -6.000000000000000000e+00
2.650000000000000000e+02 5.100000000000000000e+01 -5.000000000000000000e+00
2.620000000000000000e+02 4.900000000000000000e+01 -6.000000000000000000e+00
2.610000000000000000e+02 4.900000000000000000e+01 -8.000000000000000000e+00
2.640000000000000000e+02 4.500000000000000000e+01 -1.100000000000000000e+01
2.640000000000000000e+02 4.700000000000000000e+01 -1.400000000000000000e+01
2.610000000000000000e+02 5.200000000000000000e+01 -8.000000000000000000e+00
2.640000000000000000e+02 5.300000000000000000e+01 -6.000000000000000000e+00
2.630000000000000000e+02 5.100000000000000000e+01 -6.000000000000000000e+00
2.640000000000000000e+02 5.100000000000000000e+01 -1.100000000000000000e+01
2.650000000000000000e+02 4.900000000000000000e+01 -8.000000000000000000e+00
2.640000000000000000e+02 4.800000000000000000e+01 -9.000000000000000000e+00
2.640000000000000000e+02 5.000000000000000000e+01 -4.000000000000000000e+00
2.610000000000000000e+02 5.300000000000000000e+01 -8.000000000000000000e+00
2.630000000000000000e+02 4.700000000000000000e+01 -1.100000000000000000e+01
2.600000000000000000e+02 4.900000000000000000e+01 -1.000000000000000000e+01
2.610000000000000000e+02 4.900000000000000000e+01 -7.000000000000000000e+00
2.630000000000000000e+02 4.900000000000000000e+01 -1.000000000000000000e+01
2.620000000000000000e+02 5.000000000000000000e+01 -8.000000000000000000e+00
2.640000000000000000e+02 4.800000000000000000e+01 -1.600000000000000000e+01
2.640000000000000000e+02 4.900000000000000000e+01 -1.000000000000000000e+01
2.630000000000000000e+02 4.800000000000000000e+01 -1.100000000000000000e+01
2.610000000000000000e+02 4.600000000000000000e+01 -1.000000000000000000e+01
2.610000000000000000e+02 4.400000000000000000e+01 -1.400000000000000000e+01
2.620000000000000000e+02 4.700000000000000000e+01 -9.000000000000000000e+00
2.650000000000000000e+02 4.500000000000000000e+01 -1.600000000000000000e+01
2.630000000000000000e+02 4.900000000000000000e+01 -1.400000000000000000e+01
2.620000000000000000e+02 4.700000000000000000e+01 -1.000000000000000000e+01
2.640000000000000000e+02 4.700000000000000000e+01 -1.100000000000000000e+01
2.600000000000000000e+02 4.800000000000000000e+01 -1.500000000000000000e+01
2.630000000000000000e+02 4.600000000000000000e+01 -1.000000000000000000e+01
2.630000000000000000e+02 4.800000000000000000e+01 -8.000000000000000000e+00
2.630000000000000000e+02 4.700000000000000000e+01 -1.300000000000000000e+01
2.610000000000000000e+02 5.100000000000000000e+01 -1.500000000000000000e+01
2.670000000000000000e+02 4.500000000000000000e+01 -1.200000000000000000e+01
2.650000000000000000e+02 4.400000000000000000e+01 -1.400000000000000000e+01
2.640000000000000000e+02 4.900000000000000000e+01 -1.100000000000000000e+01
2.630000000000000000e+02 4.900000000000000000e+01 -1.300000000000000000e+01
2.630000000000000000e+02 4.900000000000000000e+01 -1.200000000000000000e+01
2.610000000000000000e+02 4.800000000000000000e+01 -8.000000000000000000e+00
2.660000000000000000e+02 4.900000000000000000e+01 -1.400000000000000000e+01
2.610000000000000000e+02 5.000000000000000000e+01 -1.400000000000000000e+01
2.610000000000000000e+02 4.900000000000000000e+01 -1.000000000000000000e+01
2.600000000000000000e+02 4.800000000000000000e+01 -1.300000000000000000e+01
2.630000000000000000e+02 4.800000000000000000e+01 -5.000000000000000000e+00
2.630000000000000000e+02 4.700000000000000000e+01 -1.500000000000000000e+01
2.590000000000000000e+02 5.100000000000000000e+01 -1.200000000000000000e+01
2.610000000000000000e+02 4.700000000000000000e+01 -1.000000000000000000e+01
2.640000000000000000e+02 4.800000000000000000e+01 -1.400000000000000000e+01
2.640000000000000000e+02 4.700000000000000000e+01 -1.100000000000000000e+01
2.620000000000000000e+02 4.700000000000000000e+01 -7.000000000000000000e+00
2.620000000000000000e+02 5.000000000000000000e+01 -9.000000000000000000e+00
2.630000000000000000e+02 4.900000000000000000e+01 -8.000000000000000000e+00
2.640000000000000000e+02 4.800000000000000000e+01 -9.000000000000000000e+00
2.620000000000000000e+02 4.700000000000000000e+01 -9.000000000000000000e+00
2.610000000000000000e+02 4.700000000000000000e+01 -1.200000000000000000e+01
2.630000000000000000e+02 5.000000000000000000e+01 -8.000000000000000000e+00
2.620000000000000000e+02 4.900000000000000000e+01 -1.100000000000000000e+01
2.630000000000000000e+02 4.900000000000000000e+01 -1.000000000000000000e+01
2.620000000000000000e+02 5.100000000000000000e+01 -8.000000000000000000e+00
2.630000000000000000e+02 4.800000000000000000e+01 -5.000000000000000000e+00
2.630000000000000000e+02 4.700000000000000000e+01 -1.000000000000000000e+01
2.620000000000000000e+02 4.900000000000000000e+01 -1.300000000000000000e+01
2.590000000000000000e+02 5.000000000000000000e+01 -1.200000000000000000e+01
2.560000000000000000e+02 5.400000000000000000e+01 -1.400000000000000000e+01
2.630000000000000000e+02 4.900000000000000000e+01 -8.000000000000000000e+00
2.650000000000000000e+02 5.000000000000000000e+01 -5.000000000000000000e+00
2.650000000000000000e+02 5.000000000000000000e+01 -1.100000000000000000e+01
2.630000000000000000e+02 5.100000000000000000e+01 -8.000000000000000000e+00
2.660000000000000000e+02 5.200000000000000000e+01 -8.000000000000000000e+00
2.640000000000000000e+02 4.900000000000000000e+01 -1.100000000000000000e+01
2.620000000000000000e+02 5.200000000000000000e+01 -7.000000000000000000e+00
2.640000000000000000e+02 5.200000000000000000e+01 -1.000000000000000000e+01
2.590000000000000000e+02 5.100000000000000000e+01 -6.000000000000000000e+00
2.590000000000000000e+02 5.100000000000000000e+01 -5.000000000000000000e+00
2.620000000000000000e+02 5.200000000000000000e+01 -6.000000000000000000e+00
2.600000000000000000e+02 5.200000000000000000e+01 -9.000000000000000000e+00
2.660000000000000000e+02 5.600000000000000000e+01 -3.000000000000000000e+00
2.630000000000000000e+02 5.100000000000000000e+01 -7.000000000000000000e+00
2.600000000000000000e+02 5.300000000000000000e+01 -4.000000000000000000e+00
2.600000000000000000e+02 5.100000000000000000e+01 -9.000000000000000000e+00
2.620000000000000000e+02 5.400000000000000000e+01 -1.000000000000000000e+01
2.620000000000000000e+02 5.200000000000000000e+01 -1.000000000000000000e+01
2.620000000000000000e+02 4.800000000000000000e+01 -6.000000000000000000e+00
2.590000000000000000e+02 5.300000000000000000e+01 -7.000000000000000000e+00
2.630000000000000000e+02 4.700000000000000000e+01 -1.000000000000000000e+01
2.610000000000000000e+02 5.100000000000000000e+01 -8.000000000000000000e+00
2.620000000000000000e+02 5.100000000000000000e+01 -7.000000000000000000e+00
2.630000000000000000e+02 4.900000000000000000e+01 -1.100000000000000000e+01
2.640000000000000000e+02 4.800000000000000000e+01 -1.200000000000000000e+01
2.600000000000000000e+02 5.000000000000000000e+01 -1.100000000000000000e+01
2.610000000000000000e+02 5.000000000000000000e+01 -9.000000000000000000e+00
2.600000000000000000e+02 5.200000000000000000e+01 -1.300000000000000000e+01
2.620000000000000000e+02 4.700000000000000000e+01 -1.100000000000000000e+01
2.620000000000000000e+02 4.600000000000000000e+01 -1.400000000000000000e+01
2.620000000000000000e+02 4.600000000000000000e+01 -1.800000000000000000e+01
2.650000000000000000e+02 4.800000000000000000e+01 -1.500000000000000000e+01
2.630000000000000000e+02 4.500000000000000000e+01 -1.400000000000000000e+01
2.600000000000000000e+02 4.800000000000000000e+01 -1.500000000000000000e+01
2.640000000000000000e+02 4.400000000000000000e+01 -1.700000000000000000e+01
2.640000000000000000e+02 4.600000000000000000e+01 -1.300000000000000000e+01
2.630000000000000000e+02 4.800000000000000000e+01 -1.300000000000000000e+01
2.620000000000000000e+02 4.700000000000000000e+01 -1.200000000000000000e+01
2.620000000000000000e+02 4.800000000000000000e+01 -1.000000000000000000e+01
2.620000000000000000e+02 4.900000000000000000e+01 -1.100000000000000000e+01
2.630000000000000000e+02 4.800000000000000000e+01 -1.100000000000000000e+01
2.660000000000000000e+02 4.500000000000000000e+01 -1.300000000000000000e+01
2.610000000000000000e+02 4.900000000000000000e+01 -1.200000000000000000e+01
2.630000000000000000e+02 4.800000000000000000e+01 -1.300000000000000000e+01
2.630000000000000000e+02 4.800000000000000000e+01 -9.000000000000000000e+00
2.600000000000000000e+02 4.900000000000000000e+01 -1.700000000000000000e+01
2.600000000000000000e+02 4.700000000000000000e+01 -8.000000000000000000e+00
2.620000000000000000e+02 4.900000000000000000e+01 -9.000000000000000000e+00
2.630000000000000000e+02 5.000000000000000000e+01 -1.200000000000000000e+01
2.660000000000000000e+02 5.000000000000000000e+01 -1.400000000000000000e+01
2.660000000000000000e+02 4.900000000000000000e+01 -1.100000000000000000e+01
2.600000000000000000e+02 5.000000000000000000e+01 -1.500000000000000000e+01
2.620000000000000000e+02 4.400000000000000000e+01 -1.000000000000000000e+01
2.600000000000000000e+02 5.000000000000000000e+01 -1.300000000000000000e+01
2.640000000000000000e+02 4.900000000000000000e+01 -1.300000000000000000e+01
2.620000000000000000e+02 4.800000000000000000e+01 -1.000000000000000000e+01
2.610000000000000000e+02 5.100000000000000000e+01 -1.400000000000000000e+01
2.630000000000000000e+02 5.000000000000000000e+01 -1.100000000000000000e+01
2.630000000000000000e+02 4.900000000000000000e+01 -8.000000000000000000e+00
2.660000000000000000e+02 5.100000000000000000e+01 -1.200000000000000000e+01
2.630000000000000000e+02 4.900000000000000000e+01 -9.000000000000000000e+00
2.630000000000000000e+02 5.100000000000000000e+01 -1.100000000000000000e+01
2.600000000000000000e+02 4.900000000000000000e+01 -9.000000000000000000e+00
2.630000000000000000e+02 5.100000000000000000e+01 -1.500000000000000000e+01
2.610000000000000000e+02 4.700000000000000000e+01 -8.000000000000000000e+00
2.660000000000000000e+02 4.800000000000000000e+01 -1.300000000000000000e+01
