3.000000000000000000e+00 -2.050000000000000000e+02 -1.320000000000000000e+02
3.000000000000000000e+00 -2.050000000000000000e+02 -1.480000000000000000e+02
1.500000000000000000e+01 -2.040000000000000000e+02 -1.430000000000000000e+02
2.300000000000000000e+01 -2.030000000000000000e+02 -1.520000000000000000e+02
-1.000000000000000000e+00 -2.030000000000000000e+02 -1.580000000000000000e+02
3.000000000000000000e+00 -2.130000000000000000e+02 -1.690000000000000000e+02
1.600000000000000000e+01 -2.060000000000000000e+02 -1.710000000000000000e+02
2.700000000000000000e+01 -2.170000000000000000e+02 -1.880000000000000000e+02
3.700000000000000000e+01 -2.000000000000000000e+02 -1.860000000000000000e+02
2.500000000000000000e+01 -1.940000000000000000e+02 -1.760000000000000000e+02
2.000000000000000000e+01 -1.820000000000000000e+02 -1.710000000000000000e+02
1.500000000000000000e+01 -1.790000000000000000e+02 -1.580000000000000000e+02
5.000000000000000000e+00 -1.770000000000000000e+02 -1.480000000000000000e+02
2.200000000000000000e+01 -1.650000000000000000e+02 -1.420000000000000000e+02
2.100000000000000000e+01 -1.500000000000000000e+02 -1.400000000000000000e+02
3.800000000000000000e+01 -1.470000000000000000e+02 -1.410000000000000000e+02
2.300000000000000000e+01 -1.580000000000000000e+02 -1.370000000000000000e+02
3.400000000000000000e+01 -1.480000000000000000e+02 -1.280000000000000000e+02
0.000000000000000000e+00 -1.450000000000000000e+02 -1.270000000000000000e+02
-5.000000000000000000e+00 -1.490000000000000000e+02 -1.120000000000000000e+02
-3.600000000000000000e+01 -1.030000000000000000e+02 -8.600000000000000000e+01
4.100000000000000000e+01 -2.020000000000000000e+02 -1.030000000000000000e+02
-2.770000000000000000e+02 -1.560000000000000000e+02 -4.200000000000000000e+01
-4.180000000000000000e+02 -3.890000000000000000e+02 -9.800000000000000000e+01
-5.950000000000000000e+02 -5.420000000000000000e+02 -4.100000000000000000e+01
2.400000000000000000e+01 -2.790000000000000000e+02 1.080000000000000000e+02
-2.030000000000000000e+02 -3.900000000000000000e+01 8.500000000000000000e+01
-2.360000000000000000e+02 -1.040000000000000000e+02 4.200000000000000000e+01
-1.990000000000000000e+02 -7.600000000000000000e+01 4.400000000000000000e+01
-1.710000000000000000e+02 -6.200000000000000000e+01 6.800000000000000000e+01
-2.270000000000000000e+02 -6.100000000000000000e+01 4.800000000000000000e+01
-2.890000000000000000e+02 -1.900000000000000000e+01 8.100000000000000000e+01
-2.660000000000000000e+02 -1.700000000000000000e+01 8.300000000000000000e+01
-2.610000000000000000e+02 -3.800000000000000000e+01 6.900000000000000000e+01
-2.320000000000000000e+02 9.000000000000000000e+00 7.200000000000000000e+01
-2.850000000000000000e+02 1.800000000000000000e+01 4.400000000000000000e+01
-2.390000000000000000e+02 -2.000000000000000000e+00 6.800000000000000000e+01
-2.440000000000000000e+02 -4.000000000000000000e+00 4.400000000000000000e+01
-2.520000000000000000e+02 -3.200000000000000000e+01 1.800000000000000000e+01
-2.490000000000000000e+02 -3.900000000000000000e+01 1.000000000000000000e+01
-2.370000000000000000e+02 -6.000000000000000000e+01 3.300000000000000000e+01
-2.470000000000000000e+02 -6.200000000000000000e+01 4.700000000000000000e+01
-2.510000000000000000e+02 -6.100000000000000000e+01 6.300000000000000000e+01
-2.510000000000000000e+02 -4.900000000000000000e+01 6.400000000000000000e+01
-2.470000000000000000e+02 -4.300000000000000000e+01 6.500000000000000000e+01
-2.390000000000000000e+02 -3.100000000000000000e+01 6.600000000000000000e+01
-2.430000000000000000e+02 -4.000000000000000000e+01 6.500000000000000000e+01
-2.420000000000000000e+02 -4.500000000000000000e+01 6.400000000000000000e+01
-2.360000000000000000e+02 -3.600000000000000000e+01 6.700000000000000000e+01
-2.430000000000000000e+02 -4.700000000000000000e+01 6.400000000000000000e+01
-2.400000000000000000e+02 -3.800000000000000000e+01 6.700000000000000000e+01
-2.430000000000000000e+02 -4.500000000000000000e+01 7.300000000000000000e+01
-2.420000000000000000e+02 -4.400000000000000000e+01 6.800000000000000000e+01
-2.390000000000000000e+02 -4.300000000000000000e+01 6.900000000000000000e+01
-2.380000000000000000e+02 -4.300000000000000000e+01 7.000000000000000000e+01
-2.400000000000000000e+02 -4.700000000000000000e+01 6.700000000000000000e+01
-2.400000000000000000e+02 -3.900000000000000000e+01 6.700000000000000000e+01
-2.400000000000000000e+02 -4.100000000000000000e+01 7.300000000000000000e+01
-2.410000000000000000e+02 -4.000000000000000000e+01 7.200000000000000000e+01
-2.390000000000000000e+02 -4.100000000000000000e+01 7.400000000000000000e+01
-2.380000000000000000e+02 -4.000000000000000000e+01 7.500000000000000000e+01
-2.390000000000000000e+02 -4.200000000000000000e+01 7.400000000000000000e+01
-2.330000000000000000e+02 -3.900000000000000000e+01 7.400000000000000000e+01
-2.390000000000000000e+02 -4.000000000000000000e+01 7.500000000000000000e+01
-2.410000000000000000e+02 -4.100000000000000000e+01 7.900000000000000000e+01
-2.360000000000000000e+02 -4.000000000000000000e+01 7.600000000000000000e+01
-2.400000000000000000e+02 -3.900000000000000000e+01 7.300000000000000000e+01
-2.400000000000000000e+02 -3.500000000000000000e+01 7.500000000000000000e+01
-2.400000000000000000e+02 -3.800000000000000000e+01 7.800000000000000000e+01
-2.370000000000000000e+02 -3.600000000000000000e+01 7.600000000000000000e+01
-2.370000000000000000e+02 -4.000000000000000000e+01 7.500000000000000000e+01
-2.360000000000000000e+02 -4.200000000000000000e+01 7.300000000000000000e+01
-2.400000000000000000e+02 -3.700000000000000000e+01 7.800000000000000000e+01
-2.370000000000000000e+02 -4.000000000000000000e+01 7.800000000000000000e+01
-2.400000000000000000e+02 -3.500000000000000000e+01 7.800000000000000000e+01
-2.340000000000000000e+02 -3.500000000000000000e+01 7.300000000000000000e+01
-2.360000000000000000e+02 -4.200000000000000000e+01 7.800000000000000000e+01
-2.380000000000000000e+02 -3.700000000000000000e+01 7.500000000000000000e+01
-2.370000000000000000e+02 -3.900000000000000000e+01 7.500000000000000000e+01
-2.400000000000000000e+02 -3.800000000000000000e+01 7.900000000000000000e+01
-2.400000000000000000e+02 -4.100000000000000000e+01 7.500000000000000000e+01
-2.420000000000000000e+02 -3.400000000000000000e+01 7.700000000000000000e+01
-2.390000000000000000e+02 -3.600000000000000000e+01 7.600000000000000000e+01
-2.380000000000000000e+02 -3.800000000000000000e+01 7.400000000000000000e+01
-2.360000000000000000e+02 -4.000000000000000000e+01 7.700000000000000000e+01
-2.370000000000000000e+02 -3.700000000000000000e+01 7.500000000000000000e+01
-2.390000000000000000e+02 -3.900000000000000000e+01 7.700000000000000000e+01
-2.450000000000000000e+02 -3.900000000000000000e+01 7.700000000000000000e+01
-2.420000000000000000e+02 -3.600000000000000000e+01 7.800000000000000000e+01
-2.380000000000000000e+02 -4.400000000000000000e+01 7.700000000000000000e+01
-2.400000000000000000e+02 -3.700000000000000000e+01 7.100000000000000000e+01
-2.420000000000000000e+02 -3.800000000000000000e+01 7.400000000000000000e+01
-2.410000000000000000e+02 -4.100000000000000000e+01 6.900000000000000000e+01
-2.380000000000000000e+02 -4.000000000000000000e+01 7.600000000000000000e+01
-2.410000000000000000e+02 -3.800000000000000000e+01 7.100000000000000000e+01
-2.400000000000000000e+02 -3.700000000000000000e+01 7.000000000000000000e+01
-2.440000000000000000e+02 -3.600000000000000000e+01 7.400000000000000000e+01
-2.410000000000000000e+02 -3.800000000000000000e+01 7.200000000000000000e+01
-2.380000000000000000e+02 -3.900000000000000000e+01 6.900000000000000000e+01
-2.410000000000000000e+02 -3.700000000000000000e+01 7.100000000000000000e+01
-2.390000000000000000e+02 -4.000000000000000000e+01 7.000000000000000000e+01
-2.380000000000000000e+02 -4.300000000000000000e+01 7.200000000000000000e+01
-2.360000000000000000e+02 -4.000000000000000000e+01 7.300000000000000000e+01
-2.410000000000000000e+02 -4.000000000000000000e+01 7.300000000000000000e+01
-2.370000000000000000e+02 -3.800000000000000000e+01 7.900000000000000000e+01
-2.410000000000000000e+02 -3.300000000000000000e+01 7.500000000000000000e+01
-2.400000000000000000e+02 -3.600000000000000000e+01 7.100000000000000000e+01
-2.390000000000000000e+02 -3.700000000000000000e+01 7.400000000000000000e+01
-2.370000000000000000e+02 -3.900000000000000000e+01 7.300000000000000000e+01
-2.410000000000000000e+02 -3.700000000000000000e+01 7.000000000000000000e+01
-2.400000000000000000e+02 -3.600000000000000000e+01 7.100000000000000000e+01
-2.390000000000000000e+02 -3.700000000000000000e+01 7.400000000000000000e+01
-2.400000000000000000e+02 -3.200000000000000000e+01 7.400000000000000000e+01
-2.390000000000000000e+02 -3.700000000000000000e+01 7.600000000000000000e+01
-2.400000000000000000e+02 -3.900000000000000000e+01 7.200000000000000000e+01
-2.340000000000000000e+02 -3.800000000000000000e+01 7.400000000000000000e+01
-2.410000000000000000e+02 -3.900000000000000000e+01 7.200000000000000000e+01
-2.380000000000000000e+02 -3.600000000000000000e+01 7.500000000000000000e+01
-2.380000000000000000e+02 -3.600000000000000000e+01 7.500000000000000000e+01
-2.410000000000000000e+02 -3.500000000000000000e+01 7.400000000000000000e+01
-2.390000000000000000e+02 -3.600000000000000000e+01 7.700000000000000000e+01
-2.380000000000000000e+02 -3.600000000000000000e+01 7.500000000000000000e+01
-2.400000000000000000e+02 -3.400000000000000000e+01 7.200000000000000000e+01
-2.420000000000000000e+02 -3.300000000000000000e+01 7.200000000000000000e+01
-2.400000000000000000e+02 -3.800000000000000000e+01 7.500000000000000000e+01
-2.390000000000000000e+02 -3.500000000000000000e+01 7.500000000000000000e+01
-2.380000000000000000e+02 -3.600000000000000000e+01 7.700000000000000000e+01
-2.380000000000000000e+02 -3.800000000000000000e+01 7.700000000000000000e+01
-2.360000000000000000e+02 -3.700000000000000000e+01 8.000000000000000000e+01
-2.410000000000000000e+02 -3.300000000000000000e+01 7.600000000000000000e+01
-2.430000000000000000e+02 -3.700000000000000000e+01 7.600000000000000000e+01
-2.400000000000000000e+02 -3.400000000000000000e+01 7.900000000000000000e+01
-2.410000000000000000e+02 -3.400000000000000000e+01 7.700000000000000000e+01
-2.380000000000000000e+02 -3.300000000000000000e+01 7.500000000000000000e+01
-2.390000000000000000e+02 -3.700000000000000000e+01 7.500000000000000000e+01
-2.400000000000000000e+02 -3.500000000000000000e+01 7.900000000000000000e+01
-2.400000000000000000e+02 -3.600000000000000000e+01 7.800000000000000000e+01
-2.370000000000000000e+02 -3.500000000000000000e+01 7.900000000000000000e+01
-2.380000000000000000e+02 -3.600000000000000000e+01 7.600000000000000000e+01
-2.390000000000000000e+02 -3.500000000000000000e+01 7.300000000000000000e+01
-2.400000000000000000e+02 -3.400000000000000000e+01 7.000000000000000000e+01
-2.380000000000000000e+02 -4.100000000000000000e+01 7.700000000000000000e+01
-2.380000000000000000e+02 -3.700000000000000000e+01 7.400000000000000000e+01
-2.400000000000000000e+02 -3.200000000000000000e+01 7.600000000000000000e+01
-2.420000000000000000e+02 -3.300000000000000000e+01 7.100000000000000000e+01
-2.400000000000000000e+02 -3.900000000000000000e+01 7.500000000000000000e+01
-2.380000000000000000e+02 -3.800000000000000000e+01 7.000000000000000000e+01
-2.410000000000000000e+02 -3.500000000000000000e+01 7.300000000000000000e+01
-2.400000000000000000e+02 -3.900000000000000000e+01 7.100000000000000000e+01
-2.410000000000000000e+02 -3.500000000000000000e+01 7.100000000000000000e+01
-2.390000000000000000e+02 -3.500000000000000000e+01 7.400000000000000000e+01
-2.400000000000000000e+02 -3.600000000000000000e+01 7.000000000000000000e+01
-2.400000000000000000e+02 -3.400000000000000000e+01 7.100000000000000000e+01
-2.420000000000000000e+02 -3.700000000000000000e+01 6.800000000000000000e+01
-2.400000000000000000e+02 -4.100000000000000000e+01 7.000000000000000000e+01
-2.460000000000000000e+02 -4.300000000000000000e+01 6.500000000000000000e+01
-2.410000000000000000e+02 -3.400000000000000000e+01 6.800000000000000000e+01
-2.420000000000000000e+02 -3.800000000000000000e+01 7.300000000000000000e+01
-2.410000000000000000e+02 -3.600000000000000000e+01 7.000000000000000000e+01
-2.390000000000000000e+02 -3.800000000000000000e+01 7.300000000000000000e+01
-2.410000000000000000e+02 -3.600000000000000000e+01 7.200000000000000000e+01
-2.410000000000000000e+02 -3.700000000000000000e+01 7.100000000000000000e+01
-2.400000000000000000e+02 -3.600000000000000000e+01 7.200000000000000000e+01
-2.390000000000000000e+02 -3.600000000000000000e+01 7.500000000000000000e+01
-2.390000000000000000e+02 -3.700000000000000000e+01 7.900000000000000000e+01
-2.410000000000000000e+02 -3.400000000000000000e+01 7.200000000000000000e+01
-2.430000000000000000e+02 -3.400000000000000000e+01 7.300000000000000000e+01
-2.400000000000000000e+02 -3.400000000000000000e+01 7.300000000000000000e+01
-2.400000000000000000e+02 -3.600000000000000000e+01 7.200000000000000000e+01
-2.420000000000000000e+02 -3.600000000000000000e+01 7.500000000000000000e+01
-2.390000000000000000e+02 -3.500000000000000000e+01 7.800000000000000000e+01
-2.400000000000000000e+02 -3.000000000000000000e+01 7.800000000000000000e+01
-2.400000000000000000e+02 -3.100000000000000000e+01 7.200000000000000000e+01
-2.390000000000000000e+02 -3.600000000000000000e+01 7.500000000000000000e+01
-2.400000000000000000e+02 -3.200000000000000000e+01 7.400000000000000000e+01
-2.380000000000000000e+02 -3.400000000000000000e+01 7.000000000000000000e+01
-2.420000000000000000e+02 -3.300000000000000000e+01 7.700000000000000000e+01
-2.400000000000000000e+02 -3.300000000000000000e+01 7.800000000000000000e+01
-2.400000000000000000e+02 -3.300000000000000000e+01 7.300000000000000000e+01
-2.420000000000000000e+02 -3.100000000000000000e+01 7.600000000000000000e+01
-2.400000000000000000e+02 -3.600000000000000000e+01 7.500000000000000000e+01
-2.410000000000000000e+02 -3.300000000000000000e+01 8.000000000000000000e+01
-2.430000000000000000e+02 -3.600000000000000000e+01 8.100000000000000000e+01
-2.350000000000000000e+02 -3.400000000000000000e+01 7.100000000000000000e+01
-2.390000000000000000e+02 -3.500000000000000000e+01 7.300000000000000000e+01
-2.400000000000000000e+02 -3.300000000000000000e+01 7.700000000000000000e+01
-2.410000000000000000e+02 -3.700000000000000000e+01 7.900000000000000000e+01
-2.400000000000000000e+02 -3.300000000000000000e+01 7.400000000000000000e+01
-2.380000000000000000e+02 -3.300000000000000000e+01 7.500000000000000000e+01
-2.400000000000000000e+02 -3.200000000000000000e+01 7.600000000000000000e+01
-2.410000000000000000e+02 -3.300000000000000000e+01 7.600000000000000000e+01
-2.380000000000000000e+02 -3.500000000000000000e+01 7.700000000000000000e+01
-2.380000000000000000e+02 -3.500000000000000000e+01 7.600000000000000000e+01
-2.380000000000000000e+02 -3.400000000000000000e+01 7.700000000000000000e+01
-2.410000000000000000e+02 -3.400000000000000000e+01 7.400000000000000000e+01
-2.390000000000000000e+02 -3.500000000000000000e+01 7.500000000000000000e+01
-2.410000000000000000e+02 -3.000000000000000000e+01 7.000000000000000000e+01
-2.380000000000000000e+02 -3.200000000000000000e+01 7.500000000000000000e+01
-2.380000000000000000e+02 -3.100000000000000000e+01 7.500000000000000000e+01
-2.420000000000000000e+02 -3.300000000000000000e+01 7.600000000000000000e+01
