4.800000000000000000e+01 -1.970000000000000000e+02 2.000000000000000000e+00
4.300000000000000000e+01 -1.880000000000000000e+02 -6.000000000000000000e+00
3.100000000000000000e+01 -1.810000000000000000e+02 -2.000000000000000000e+00
5.900000000000000000e+01 -1.920000000000000000e+02 1.800000000000000000e+01
-2.000000000000000000e+00 -2.030000000000000000e+02 1.400000000000000000e+01
4.800000000000000000e+01 -2.150000000000000000e+02 -2.000000000000000000e+00
4.800000000000000000e+01 -2.090000000000000000e+02 -4.000000000000000000e+01
6.700000000000000000e+01 -1.740000000000000000e+02 -6.100000000000000000e+01
4.200000000000000000e+01 -2.280000000000000000e+02 -8.400000000000000000e+01
-4.500000000000000000e+01 -2.560000000000000000e+02 -1.880000000000000000e+02
-9.700000000000000000e+01 -3.420000000000000000e+02 -1.240000000000000000e+02
-1.850000000000000000e+02 -2.690000000000000000e+02 -3.600000000000000000e+01
-2.010000000000000000e+02 -1.450000000000000000e+02 4.000000000000000000e+01
-1.420000000000000000e+02 -1.970000000000000000e+02 1.600000000000000000e+01
-3.750000000000000000e+02 -4.710000000000000000e+02 1.650000000000000000e+02
-4.330000000000000000e+02 -2.720000000000000000e+02 1.050000000000000000e+02
-1.070000000000000000e+02 -1.030000000000000000e+02 1.420000000000000000e+02
-6.800000000000000000e+01 -4.900000000000000000e+01 4.100000000000000000e+01
-2.150000000000000000e+02 1.620000000000000000e+02 7.600000000000000000e+01
-3.450000000000000000e+02 2.850000000000000000e+02 1.170000000000000000e+02
-3.020000000000000000e+02 1.910000000000000000e+02 -3.200000000000000000e+01
-1.040000000000000000e+02 6.300000000000000000e+01 5.000000000000000000e+01
-4.800000000000000000e+01 2.350000000000000000e+02 -1.030000000000000000e+02
-1.720000000000000000e+02 1.780000000000000000e+02 3.700000000000000000e+01
-3.310000000000000000e+02 1.040000000000000000e+02 5.900000000000000000e+01
-2.610000000000000000e+02 1.320000000000000000e+02 6.900000000000000000e+01
-1.980000000000000000e+02 1.210000000000000000e+02 1.060000000000000000e+02
-1.800000000000000000e+02 9.900000000000000000e+01 7.900000000000000000e+01
-1.980000000000000000e+02 3.200000000000000000e+01 9.100000000000000000e+01
-2.680000000000000000e+02 6.900000000000000000e+01 2.500000000000000000e+01
-2.880000000000000000e+02 5.300000000000000000e+01 3.500000000000000000e+01
-2.230000000000000000e+02 2.000000000000000000e+00 6.200000000000000000e+01
-2.680000000000000000e+02 3.200000000000000000e+01 3.700000000000000000e+01
-2.730000000000000000e+02 3.400000000000000000e+01 4.600000000000000000e+01
-2.410000000000000000e+02 5.200000000000000000e+01 5.200000000000000000e+01
-2.260000000000000000e+02 7.000000000000000000e+01 6.800000000000000000e+01
-2.150000000000000000e+02 7.000000000000000000e+01 6.500000000000000000e+01
-2.280000000000000000e+02 7.200000000000000000e+01 6.400000000000000000e+01
-2.360000000000000000e+02 7.000000000000000000e+01 6.500000000000000000e+01
-2.400000000000000000e+02 6.700000000000000000e+01 5.500000000000000000e+01
-2.330000000000000000e+02 6.400000000000000000e+01 5.300000000000000000e+01
-2.360000000000000000e+02 6.100000000000000000e+01 5.900000000000000000e+01
-2.370000000000000000e+02 5.700000000000000000e+01 6.800000000000000000e+01
-2.350000000000000000e+02 6.000000000000000000e+01 5.900000000000000000e+01
-2.370000000000000000e+02 6.500000000000000000e+01 5.500000000000000000e+01
-2.370000000000000000e+02 6.500000000000000000e+01 6.000000000000000000e+01
-2.340000000000000000e+02 6.800000000000000000e+01 6.300000000000000000e+01
-2.310000000000000000e+02 6.700000000000000000e+01 6.500000000000000000e+01
-2.340000000000000000e+02 6.600000000000000000e+01 6.900000000000000000e+01
-2.350000000000000000e+02 6.300000000000000000e+01 6.300000000000000000e+01
-2.500000000000000000e+02 7.200000000000000000e+01 6.300000000000000000e+01
-2.340000000000000000e+02 6.600000000000000000e+01 6.700000000000000000e+01
-2.280000000000000000e+02 6.700000000000000000e+01 6.900000000000000000e+01
-2.330000000000000000e+02 6.800000000000000000e+01 7.100000000000000000e+01
-2.290000000000000000e+02 6.700000000000000000e+01 6.900000000000000000e+01
-2.340000000000000000e+02 6.600000000000000000e+01 6.500000000000000000e+01
-2.310000000000000000e+02 6.700000000000000000e+01 6.800000000000000000e+01
-2.300000000000000000e+02 6.500000000000000000e+01 6.900000000000000000e+01
-2.290000000000000000e+02 6.400000000000000000e+01 7.000000000000000000e+01
-2.310000000000000000e+02 6.500000000000000000e+01 6.800000000000000000e+01
-2.300000000000000000e+02 6.600000000000000000e+01 6.800000000000000000e+01
-2.270000000000000000e+02 6.200000000000000000e+01 7.200000000000000000e+01
-2.290000000000000000e+02 6.400000000000000000e+01 6.600000000000000000e+01
-2.270000000000000000e+02 6.700000000000000000e+01 7.100000000000000000e+01
-2.300000000000000000e+02 6.700000000000000000e+01 6.900000000000000000e+01
-2.290000000000000000e+02 6.900000000000000000e+01 7.200000000000000000e+01
-2.280000000000000000e+02 6.500000000000000000e+01 7.200000000000000000e+01
-2.320000000000000000e+02 6.900000000000000000e+01 7.300000000000000000e+01
-2.270000000000000000e+02 6.900000000000000000e+01 7.000000000000000000e+01
-2.270000000000000000e+02 6.800000000000000000e+01 7.200000000000000000e+01
-2.290000000000000000e+02 7.000000000000000000e+01 7.100000000000000000e+01
-2.280000000000000000e+02 6.700000000000000000e+01 7.000000000000000000e+01
-2.270000000000000000e+02 7.000000000000000000e+01 6.800000000000000000e+01
-2.310000000000000000e+02 6.900000000000000000e+01 6.800000000000000000e+01
-2.320000000000000000e+02 6.800000000000000000e+01 7.200000000000000000e+01
-2.300000000000000000e+02 6.500000000000000000e+01 7.300000000000000000e+01
-2.290000000000000000e+02 6.800000000000000000e+01 7.200000000000000000e+01
-2.310000000000000000e+02 7.000000000000000000e+01 7.200000000000000000e+01
-2.280000000000000000e+02 6.300000000000000000e+01 7.500000000000000000e+01
-2.300000000000000000e+02 6.500000000000000000e+01 7.200000000000000000e+01
-2.300000000000000000e+02 6.400000000000000000e+01 7.300000000000000000e+01
-2.290000000000000000e+02 6.800000000000000000e+01 7.300000000000000000e+01
-2.290000000000000000e+02 6.500000000000000000e+01 7.100000000000000000e+01
-2.320000000000000000e+02 6.700000000000000000e+01 7.200000000000000000e+01
-2.310000000000000000e+02 6.300000000000000000e+01 7.200000000000000000e+01
-2.290000000000000000e+02 6.500000000000000000e+01 7.200000000000000000e+01
-2.290000000000000000e+02 6.400000000000000000e+01 6.900000000000000000e+01
-2.300000000000000000e+02 6.600000000000000000e+01 7.300000000000000000e+01
-2.300000000000000000e+02 6.300000000000000000e+01 7.100000000000000000e+01
-2.300000000000000000e+02 6.400000000000000000e+01 7.100000000000000000e+01
-2.300000000000000000e+02 6.800000000000000000e+01 7.100000000000000000e+01
-2.300000000000000000e+02 6.800000000000000000e+01 7.000000000000000000e+01
-2.290000000000000000e+02 6.800000000000000000e+01 7.300000000000000000e+01
-2.300000000000000000e+02 6.500000000000000000e+01 7.200000000000000000e+01
-2.300000000000000000e+02 6.500000000000000000e+01 6.900000000000000000e+01
-2.290000000000000000e+02 6.700000000000000000e+01 7.100000000000000000e+01
-2.300000000000000000e+02 6.400000000000000000e+01 8.000000000000000000e+01
-2.270000000000000000e+02 6.700000000000000000e+01 7.600000000000000000e+01
-2.400000000000000000e+02 6.600000000000000000e+01 7.700000000000000000e+01
-2.270000000000000000e+02 7.300000000000000000e+01 7.900000000000000000e+01
-2.220000000000000000e+02 7.100000000000000000e+01 7.400000000000000000e+01
-2.250000000000000000e+02 6.600000000000000000e+01 7.600000000000000000e+01
-2.290000000000000000e+02 6.400000000000000000e+01 7.200000000000000000e+01
-2.170000000000000000e+02 6.500000000000000000e+01 9.400000000000000000e+01
-2.290000000000000000e+02 6.700000000000000000e+01 7.100000000000000000e+01
-2.250000000000000000e+02 6.600000000000000000e+01 7.300000000000000000e+01
-2.240000000000000000e+02 6.700000000000000000e+01 7.600000000000000000e+01
-2.290000000000000000e+02 6.800000000000000000e+01 7.300000000000000000e+01
-2.280000000000000000e+02 6.700000000000000000e+01 7.400000000000000000e+01
-2.300000000000000000e+02 6.800000000000000000e+01 7.600000000000000000e+01
-2.260000000000000000e+02 6.600000000000000000e+01 7.100000000000000000e+01
-2.260000000000000000e+02 6.500000000000000000e+01 7.300000000000000000e+01
-2.260000000000000000e+02 6.600000000000000000e+01 7.400000000000000000e+01
-2.280000000000000000e+02 6.700000000000000000e+01 7.300000000000000000e+01
-2.250000000000000000e+02 6.500000000000000000e+01 7.100000000000000000e+01
-2.290000000000000000e+02 7.100000000000000000e+01 7.200000000000000000e+01
-2.270000000000000000e+02 6.600000000000000000e+01 7.100000000000000000e+01
-2.250000000000000000e+02 6.700000000000000000e+01 7.100000000000000000e+01
-2.280000000000000000e+02 6.800000000000000000e+01 7.300000000000000000e+01
-2.290000000000000000e+02 7.000000000000000000e+01 7.500000000000000000e+01
-2.270000000000000000e+02 7.000000000000000000e+01 7.300000000000000000e+01
-2.280000000000000000e+02 6.800000000000000000e+01 7.300000000000000000e+01
-2.250000000000000000e+02 6.800000000000000000e+01 7.500000000000000000e+01
-2.230000000000000000e+02 6.800000000000000000e+01 7.400000000000000000e+01
-2.290000000000000000e+02 6.900000000000000000e+01 7.500000000000000000e+01
-2.290000000000000000e+02 7.000000000000000000e+01 7.500000000000000000e+01
-2.270000000000000000e+02 6.800000000000000000e+01 7.500000000000000000e+01
-2.260000000000000000e+02 6.800000000000000000e+01 7.300000000000000000e+01
-2.270000000000000000e+02 6.900000000000000000e+01 7.300000000000000000e+01
-2.290000000000000000e+02 6.700000000000000000e+01 7.300000000000000000e+01
-2.290000000000000000e+02 6.900000000000000000e+01 7.500000000000000000e+01
-2.260000000000000000e+02 6.900000000000000000e+01 7.400000000000000000e+01
-2.260000000000000000e+02 7.000000000000000000e+01 7.400000000000000000e+01
-2.270000000000000000e+02 6.600000000000000000e+01 7.400000000000000000e+01
-2.270000000000000000e+02 6.900000000000000000e+01 7.200000000000000000e+01
-2.290000000000000000e+02 6.900000000000000000e+01 7.600000000000000000e+01
-2.270000000000000000e+02 6.900000000000000000e+01 7.300000000000000000e+01
-2.270000000000000000e+02 6.800000000000000000e+01 7.200000000000000000e+01
-2.280000000000000000e+02 6.900000000000000000e+01 7.500000000000000000e+01
-2.290000000000000000e+02 6.900000000000000000e+01 7.200000000000000000e+01
-2.280000000000000000e+02 6.800000000000000000e+01 7.700000000000000000e+01
-2.270000000000000000e+02 6.900000000000000000e+01 7.600000000000000000e+01
-2.280000000000000000e+02 7.100000000000000000e+01 7.300000000000000000e+01
-2.250000000000000000e+02 6.900000000000000000e+01 7.500000000000000000e+01
-2.260000000000000000e+02 6.900000000000000000e+01 7.500000000000000000e+01
-2.290000000000000000e+02 6.900000000000000000e+01 7.300000000000000000e+01
-2.230000000000000000e+02 6.900000000000000000e+01 7.700000000000000000e+01
-2.270000000000000000e+02 7.000000000000000000e+01 7.600000000000000000e+01
-2.270000000000000000e+02 7.100000000000000000e+01 7.500000000000000000e+01
-2.280000000000000000e+02 6.700000000000000000e+01 7.100000000000000000e+01
-2.270000000000000000e+02 6.900000000000000000e+01 7.700000000000000000e+01
-2.260000000000000000e+02 6.900000000000000000e+01 7.500000000000000000e+01
-2.260000000000000000e+02 6.900000000000000000e+01 7.400000000000000000e+01
-2.270000000000000000e+02 6.800000000000000000e+01 7.700000000000000000e+01
-2.290000000000000000e+02 6.900000000000000000e+01 7.300000000000000000e+01
-2.280000000000000000e+02 6.900000000000000000e+01 7.400000000000000000e+01
-2.250000000000000000e+02 6.600000000000000000e+01 7.400000000000000000e+01
-2.270000000000000000e+02 6.600000000000000000e+01 7.000000000000000000e+01
-2.280000000000000000e+02 6.600000000000000000e+01 7.600000000000000000e+01
-2.290000000000000000e+02 6.900000000000000000e+01 7.600000000000000000e+01
-2.270000000000000000e+02 6.500000000000000000e+01 7.400000000000000000e+01
-2.290000000000000000e+02 6.500000000000000000e+01 7.300000000000000000e+01
-2.260000000000000000e+02 6.600000000000000000e+01 7.200000000000000000e+01
-2.280000000000000000e+02 6.600000000000000000e+01 7.300000000000000000e+01
-2.280000000000000000e+02 6.500000000000000000e+01 7.300000000000000000e+01
-2.290000000000000000e+02 6.600000000000000000e+01 7.300000000000000000e+01
-2.290000000000000000e+02 6.700000000000000000e+01 7.100000000000000000e+01
-2.270000000000000000e+02 6.700000000000000000e+01 7.200000000000000000e+01
-2.260000000000000000e+02 6.600000000000000000e+01 7.400000000000000000e+01
-2.280000000000000000e+02 6.700000000000000000e+01 7.300000000000000000e+01
-2.250000000000000000e+02 6.700000000000000000e+01 7.700000000000000000e+01
-2.290000000000000000e+02 6.700000000000000000e+01 7.300000000000000000e+01
-2.270000000000000000e+02 6.700000000000000000e+01 7.500000000000000000e+01
-2.280000000000000000e+02 6.900000000000000000e+01 7.400000000000000000e+01
-2.270000000000000000e+02 6.900000000000000000e+01 7.500000000000000000e+01
-2.290000000000000000e+02 6.800000000000000000e+01 7.200000000000000000e+01
-2.250000000000000000e+02 6.500000000000000000e+01 7.400000000000000000e+01
-2.260000000000000000e+02 6.500000000000000000e+01 7.600000000000000000e+01
-2.280000000000000000e+02 6.800000000000000000e+01 7.500000000000000000e+01
-2.270000000000000000e+02 6.700000000000000000e+01 7.300000000000000000e+01
-2.270000000000000000e+02 6.500000000000000000e+01 7.200000000000000000e+01
-2.300000000000000000e+02 6.900000000000000000e+01 7.100000000000000000e+01
-2.240000000000000000e+02 6.600000000000000000e+01 7.500000000000000000e+01
-2.280000000000000000e+02 6.500000000000000000e+01 7.100000000000000000e+01
-2.280000000000000000e+02 6.700000000000000000e+01 7.300000000000000000e+01
-2.250000000000000000e+02 6.600000000000000000e+01 7.100000000000000000e+01
-2.240000000000000000e+02 6.700000000000000000e+01 7.400000000000000000e+01
-2.260000000000000000e+02 6.800000000000000000e+01 7.700000000000000000e+01
-2.270000000000000000e+02 6.900000000000000000e+01 7.100000000000000000e+01
-2.290000000000000000e+02 6.900000000000000000e+01 7.300000000000000000e+01
-2.270000000000000000e+02 6.900000000000000000e+01 7.300000000000000000e+01
-2.260000000000000000e+02 6.900000000000000000e+01 7.600000000000000000e+01
-2.280000000000000000e+02 6.800000000000000000e+01 7.600000000000000000e+01
-2.270000000000000000e+02 6.900000000000000000e+01 7.300000000000000000e+01
-2.270000000000000000e+02 6.900000000000000000e+01 7.400000000000000000e+01
-2.290000000000000000e+02 6.700000000000000000e+01 7.700000000000000000e+01
-2.280000000000000000e+02 6.800000000000000000e+01 7.500000000000000000e+01
-2.250000000000000000e+02 6.800000000000000000e+01 7.300000000000000000e+01
-2.260000000000000000e+02 6.800000000000000000e+01 7.900000000000000000e+01
-2.260000000000000000e+02 6.600000000000000000e+01 7.400000000000000000e+01
