1.700000000000000000e+01 -2.510000000000000000e+02 -6.100000000000000000e+01
1.300000000000000000e+01 -2.510000000000000000e+02 -5.800000000000000000e+01
1.000000000000000000e+01 -2.490000000000000000e+02 -5.900000000000000000e+01
9.000000000000000000e+00 -2.490000000000000000e+02 -5.600000000000000000e+01
1.000000000000000000e+01 -2.490000000000000000e+02 -5.800000000000000000e+01
1.300000000000000000e+01 -2.520000000000000000e+02 -5.900000000000000000e+01
2.000000000000000000e+01 -2.530000000000000000e+02 -4.700000000000000000e+01
1.100000000000000000e+01 -2.490000000000000000e+02 -6.400000000000000000e+01
1.000000000000000000e+01 -2.530000000000000000e+02 -5.800000000000000000e+01
9.000000000000000000e+00 -2.500000000000000000e+02 -6.100000000000000000e+01
1.200000000000000000e+01 -2.490000000000000000e+02 -5.800000000000000000e+01
1.300000000000000000e+01 -2.490000000000000000e+02 -5.800000000000000000e+01
1.500000000000000000e+01 -2.500000000000000000e+02 -6.100000000000000000e+01
1.800000000000000000e+01 -2.520000000000000000e+02 -6.100000000000000000e+01
1.900000000000000000e+01 -2.480000000000000000e+02 -6.300000000000000000e+01
1.900000000000000000e+01 -2.520000000000000000e+02 -6.000000000000000000e+01
1.000000000000000000e+00 -2.570000000000000000e+02 -5.600000000000000000e+01
1.000000000000000000e+00 -2.490000000000000000e+02 -5.700000000000000000e+01
-1.000000000000000000e+00 -2.420000000000000000e+02 -6.100000000000000000e+01
1.100000000000000000e+01 -2.580000000000000000e+02 -5.700000000000000000e+01
1.900000000000000000e+01 -2.460000000000000000e+02 -6.700000000000000000e+01
1.200000000000000000e+01 -2.490000000000000000e+02 -6.200000000000000000e+01
1.800000000000000000e+01 -2.540000000000000000e+02 -6.600000000000000000e+01
1.500000000000000000e+01 -2.420000000000000000e+02 -7.200000000000000000e+01
1.400000000000000000e+01 -2.270000000000000000e+02 -8.100000000000000000e+01
1.800000000000000000e+01 -2.180000000000000000e+02 -8.400000000000000000e+01
1.800000000000000000e+01 -2.030000000000000000e+02 -7.700000000000000000e+01
5.000000000000000000e+00 -2.050000000000000000e+02 -6.900000000000000000e+01
1.400000000000000000e+01 -2.220000000000000000e+02 -9.600000000000000000e+01
4.000000000000000000e+00 -2.190000000000000000e+02 -9.900000000000000000e+01
1.100000000000000000e+01 -2.180000000000000000e+02 -1.000000000000000000e+02
1.200000000000000000e+01 -2.050000000000000000e+02 -9.700000000000000000e+01
1.000000000000000000e+01 -1.930000000000000000e+02 -1.060000000000000000e+02
8.000000000000000000e+00 -1.980000000000000000e+02 -1.190000000000000000e+02
4.000000000000000000e+00 -2.120000000000000000e+02 -1.330000000000000000e+02
3.100000000000000000e+01 -2.180000000000000000e+02 -1.360000000000000000e+02
3.300000000000000000e+01 -2.130000000000000000e+02 -1.410000000000000000e+02
3.400000000000000000e+01 -2.070000000000000000e+02 -1.470000000000000000e+02
1.600000000000000000e+01 -2.110000000000000000e+02 -1.590000000000000000e+02
1.900000000000000000e+01 -2.060000000000000000e+02 -1.780000000000000000e+02
1.600000000000000000e+01 -2.050000000000000000e+02 -1.880000000000000000e+02
1.600000000000000000e+01 -2.100000000000000000e+02 -2.060000000000000000e+02
2.700000000000000000e+01 -2.110000000000000000e+02 -2.110000000000000000e+02
2.000000000000000000e+01 -2.120000000000000000e+02 -1.980000000000000000e+02
1.900000000000000000e+01 -1.930000000000000000e+02 -2.130000000000000000e+02
2.100000000000000000e+01 -1.830000000000000000e+02 -2.050000000000000000e+02
1.800000000000000000e+01 -1.750000000000000000e+02 -2.000000000000000000e+02
2.000000000000000000e+01 -1.700000000000000000e+02 -1.830000000000000000e+02
2.500000000000000000e+01 -1.620000000000000000e+02 -1.940000000000000000e+02
2.300000000000000000e+01 -1.530000000000000000e+02 -1.950000000000000000e+02
2.400000000000000000e+01 -1.510000000000000000e+02 -2.020000000000000000e+02
1.600000000000000000e+01 -1.500000000000000000e+02 -2.040000000000000000e+02
1.200000000000000000e+01 -1.400000000000000000e+02 -1.980000000000000000e+02
1.700000000000000000e+01 -1.560000000000000000e+02 -1.900000000000000000e+02
1.400000000000000000e+01 -1.510000000000000000e+02 -1.930000000000000000e+02
1.600000000000000000e+01 -1.450000000000000000e+02 -1.950000000000000000e+02
1.500000000000000000e+01 -1.480000000000000000e+02 -1.890000000000000000e+02
1.000000000000000000e+01 -1.500000000000000000e+02 -1.800000000000000000e+02
8.000000000000000000e+00 -1.450000000000000000e+02 -1.670000000000000000e+02
2.000000000000000000e+00 -1.500000000000000000e+02 -1.540000000000000000e+02
-2.000000000000000000e+00 -1.340000000000000000e+02 -1.460000000000000000e+02
-1.300000000000000000e+01 -1.390000000000000000e+02 -1.100000000000000000e+02
-7.900000000000000000e+01 -1.450000000000000000e+02 -1.120000000000000000e+02
-7.300000000000000000e+01 -1.170000000000000000e+02 -1.190000000000000000e+02
-2.320000000000000000e+02 -1.850000000000000000e+02 -1.050000000000000000e+02
-1.331000000000000000e+03 -8.340000000000000000e+02 -6.400000000000000000e+01
4.310000000000000000e+02 1.060000000000000000e+02 -2.000000000000000000e+00
-2.410000000000000000e+02 -3.720000000000000000e+02 2.300000000000000000e+01
-1.440000000000000000e+02 -3.100000000000000000e+01 1.710000000000000000e+02
-2.890000000000000000e+02 9.000000000000000000e+00 2.100000000000000000e+02
-4.310000000000000000e+02 1.890000000000000000e+02 1.610000000000000000e+02
-1.840000000000000000e+02 1.750000000000000000e+02 1.580000000000000000e+02
-1.140000000000000000e+02 1.080000000000000000e+02 1.220000000000000000e+02
-1.460000000000000000e+02 1.380000000000000000e+02 6.600000000000000000e+01
-1.740000000000000000e+02 2.040000000000000000e+02 5.400000000000000000e+01
-1.200000000000000000e+02 1.000000000000000000e+02 4.100000000000000000e+01
-1.000000000000000000e+02 1.110000000000000000e+02 4.400000000000000000e+01
-2.930000000000000000e+02 1.130000000000000000e+02 3.700000000000000000e+01
-3.820000000000000000e+02 7.700000000000000000e+01 -4.000000000000000000e+00
-3.510000000000000000e+02 1.600000000000000000e+01 -1.600000000000000000e+01
-2.620000000000000000e+02 1.000000000000000000e+00 1.000000000000000000e+00
-2.440000000000000000e+02 9.000000000000000000e+00 -3.900000000000000000e+01
-2.700000000000000000e+02 -7.500000000000000000e+01 -5.200000000000000000e+01
-2.880000000000000000e+02 -3.000000000000000000e+01 -5.000000000000000000e+01
-2.390000000000000000e+02 6.000000000000000000e+00 -9.000000000000000000e+00
-2.630000000000000000e+02 -2.000000000000000000e+00 8.000000000000000000e+00
-2.630000000000000000e+02 1.600000000000000000e+01 1.300000000000000000e+01
-2.580000000000000000e+02 2.500000000000000000e+01 3.200000000000000000e+01
-2.470000000000000000e+02 2.900000000000000000e+01 2.200000000000000000e+01
-2.560000000000000000e+02 3.100000000000000000e+01 2.500000000000000000e+01
-2.610000000000000000e+02 2.400000000000000000e+01 1.800000000000000000e+01
-2.580000000000000000e+02 1.400000000000000000e+01 1.200000000000000000e+01
-2.600000000000000000e+02 6.000000000000000000e+00 7.000000000000000000e+00
-2.550000000000000000e+02 8.000000000000000000e+00 9.000000000000000000e+00
-2.560000000000000000e+02 8.000000000000000000e+00 9.000000000000000000e+00
-2.560000000000000000e+02 8.000000000000000000e+00 1.100000000000000000e+01
-2.570000000000000000e+02 5.000000000000000000e+00 1.400000000000000000e+01
-2.570000000000000000e+02 7.000000000000000000e+00 1.300000000000000000e+01
-2.570000000000000000e+02 9.000000000000000000e+00 8.000000000000000000e+00
-2.650000000000000000e+02 1.000000000000000000e+00 5.000000000000000000e+00
-2.600000000000000000e+02 1.800000000000000000e+01 6.000000000000000000e+00
-2.590000000000000000e+02 8.000000000000000000e+00 1.200000000000000000e+01
-2.590000000000000000e+02 8.000000000000000000e+00 1.500000000000000000e+01
-2.590000000000000000e+02 8.000000000000000000e+00 1.300000000000000000e+01
-2.580000000000000000e+02 1.000000000000000000e+01 1.500000000000000000e+01
-2.590000000000000000e+02 6.000000000000000000e+00 1.400000000000000000e+01
-2.550000000000000000e+02 3.000000000000000000e+00 1.300000000000000000e+01
-2.580000000000000000e+02 8.000000000000000000e+00 1.400000000000000000e+01
-2.580000000000000000e+02 5.000000000000000000e+00 1.500000000000000000e+01
-2.580000000000000000e+02 6.000000000000000000e+00 1.600000000000000000e+01
-2.590000000000000000e+02 8.000000000000000000e+00 1.600000000000000000e+01
-2.590000000000000000e+02 8.000000000000000000e+00 1.800000000000000000e+01
-2.600000000000000000e+02 7.000000000000000000e+00 1.600000000000000000e+01
-2.590000000000000000e+02 1.000000000000000000e+01 1.700000000000000000e+01
-2.560000000000000000e+02 7.000000000000000000e+00 1.600000000000000000e+01
-2.580000000000000000e+02 6.000000000000000000e+00 1.900000000000000000e+01
-2.590000000000000000e+02 -6.000000000000000000e+00 2.400000000000000000e+01
-2.560000000000000000e+02 8.000000000000000000e+00 1.900000000000000000e+01
-2.560000000000000000e+02 8.000000000000000000e+00 1.200000000000000000e+01
-2.570000000000000000e+02 8.000000000000000000e+00 1.900000000000000000e+01
-2.570000000000000000e+02 7.000000000000000000e+00 1.600000000000000000e+01
-2.570000000000000000e+02 4.000000000000000000e+00 2.300000000000000000e+01
-2.590000000000000000e+02 8.000000000000000000e+00 1.500000000000000000e+01
-2.560000000000000000e+02 6.000000000000000000e+00 2.100000000000000000e+01
-2.570000000000000000e+02 5.000000000000000000e+00 2.100000000000000000e+01
-2.560000000000000000e+02 6.000000000000000000e+00 1.600000000000000000e+01
-2.570000000000000000e+02 6.000000000000000000e+00 1.800000000000000000e+01
-2.580000000000000000e+02 7.000000000000000000e+00 1.800000000000000000e+01
-2.580000000000000000e+02 8.000000000000000000e+00 2.100000000000000000e+01
-2.580000000000000000e+02 8.000000000000000000e+00 2.200000000000000000e+01
-2.560000000000000000e+02 8.000000000000000000e+00 1.800000000000000000e+01
-2.600000000000000000e+02 7.000000000000000000e+00 1.400000000000000000e+01
-2.570000000000000000e+02 9.000000000000000000e+00 1.900000000000000000e+01
-2.580000000000000000e+02 8.000000000000000000e+00 1.800000000000000000e+01
-2.570000000000000000e+02 9.000000000000000000e+00 2.200000000000000000e+01
-2.590000000000000000e+02 8.000000000000000000e+00 2.100000000000000000e+01
-2.570000000000000000e+02 7.000000000000000000e+00 2.100000000000000000e+01
-2.570000000000000000e+02 6.000000000000000000e+00 1.900000000000000000e+01
-2.560000000000000000e+02 7.000000000000000000e+00 2.100000000000000000e+01
-2.570000000000000000e+02 7.000000000000000000e+00 2.000000000000000000e+01
-2.590000000000000000e+02 7.000000000000000000e+00 2.200000000000000000e+01
-2.560000000000000000e+02 7.000000000000000000e+00 2.000000000000000000e+01
-2.570000000000000000e+02 8.000000000000000000e+00 2.100000000000000000e+01
-2.570000000000000000e+02 7.000000000000000000e+00 2.100000000000000000e+01
-2.570000000000000000e+02 8.000000000000000000e+00 2.000000000000000000e+01
-2.570000000000000000e+02 7.000000000000000000e+00 1.700000000000000000e+01
-2.570000000000000000e+02 8.000000000000000000e+00 1.800000000000000000e+01
-2.570000000000000000e+02 8.000000000000000000e+00 2.000000000000000000e+01
-2.560000000000000000e+02 1.100000000000000000e+01 2.700000000000000000e+01
-2.580000000000000000e+02 8.000000000000000000e+00 1.900000000000000000e+01
-2.570000000000000000e+02 6.000000000000000000e+00 2.100000000000000000e+01
-2.560000000000000000e+02 7.000000000000000000e+00 2.300000000000000000e+01
-2.550000000000000000e+02 3.000000000000000000e+00 1.800000000000000000e+01
-2.600000000000000000e+02 8.000000000000000000e+00 2.100000000000000000e+01
-2.590000000000000000e+02 8.000000000000000000e+00 2.100000000000000000e+01
-2.570000000000000000e+02 8.000000000000000000e+00 2.000000000000000000e+01
-2.570000000000000000e+02 6.000000000000000000e+00 2.200000000000000000e+01
-2.550000000000000000e+02 8.000000000000000000e+00 2.100000000000000000e+01
-2.560000000000000000e+02 8.000000000000000000e+00 1.900000000000000000e+01
-2.570000000000000000e+02 6.000000000000000000e+00 2.200000000000000000e+01
-2.580000000000000000e+02 8.000000000000000000e+00 2.400000000000000000e+01
-2.580000000000000000e+02 8.000000000000000000e+00 1.600000000000000000e+01
-2.560000000000000000e+02 6.000000000000000000e+00 2.100000000000000000e+01
-2.590000000000000000e+02 1.000000000000000000e+01 2.100000000000000000e+01
-2.580000000000000000e+02 6.000000000000000000e+00 2.000000000000000000e+01
-2.580000000000000000e+02 9.000000000000000000e+00 1.900000000000000000e+01
-2.570000000000000000e+02 8.000000000000000000e+00 2.300000000000000000e+01
-2.570000000000000000e+02 8.000000000000000000e+00 2.100000000000000000e+01
-2.560000000000000000e+02 6.000000000000000000e+00 2.500000000000000000e+01
-2.560000000000000000e+02 7.000000000000000000e+00 2.200000000000000000e+01
-2.560000000000000000e+02 9.000000000000000000e+00 2.100000000000000000e+01
-2.570000000000000000e+02 8.000000000000000000e+00 2.400000000000000000e+01
-2.570000000000000000e+02 8.000000000000000000e+00 2.500000000000000000e+01
-2.600000000000000000e+02 9.000000000000000000e+00 2.300000000000000000e+01
-2.580000000000000000e+02 5.000000000000000000e+00 2.500000000000000000e+01
-2.560000000000000000e+02 6.000000000000000000e+00 2.000000000000000000e+01
-2.590000000000000000e+02 8.000000000000000000e+00 2.300000000000000000e+01
-2.570000000000000000e+02 9.000000000000000000e+00 2.200000000000000000e+01
-2.580000000000000000e+02 7.000000000000000000e+00 2.600000000000000000e+01
-2.580000000000000000e+02 7.000000000000000000e+00 2.100000000000000000e+01
-2.580000000000000000e+02 5.000000000000000000e+00 3.200000000000000000e+01
-2.560000000000000000e+02 5.000000000000000000e+00 2.000000000000000000e+01
-2.560000000000000000e+02 7.000000000000000000e+00 2.500000000000000000e+01
-2.580000000000000000e+02 8.000000000000000000e+00 2.300000000000000000e+01
-2.560000000000000000e+02 7.000000000000000000e+00 2.100000000000000000e+01
-2.570000000000000000e+02 8.000000000000000000e+00 2.100000000000000000e+01
-2.580000000000000000e+02 6.000000000000000000e+00 1.600000000000000000e+01
-2.570000000000000000e+02 9.000000000000000000e+00 2.300000000000000000e+01
-2.590000000000000000e+02 5.000000000000000000e+00 2.000000000000000000e+01
-2.560000000000000000e+02 7.000000000000000000e+00 2.300000000000000000e+01
-2.570000000000000000e+02 7.000000000000000000e+00 2.600000000000000000e+01
-2.560000000000000000e+02 8.000000000000000000e+00 2.100000000000000000e+01
-2.570000000000000000e+02 7.000000000000000000e+00 1.900000000000000000e+01
-2.570000000000000000e+02 8.000000000000000000e+00 1.900000000000000000e+01
-2.560000000000000000e+02 6.000000000000000000e+00 2.300000000000000000e+01
-2.570000000000000000e+02 7.000000000000000000e+00 1.900000000000000000e+01
-2.580000000000000000e+02 8.000000000000000000e+00 2.300000000000000000e+01
-2.570000000000000000e+02 8.000000000000000000e+00 1.900000000000000000e+01
-2.570000000000000000e+02 9.000000000000000000e+00 2.400000000000000000e+01
-2.570000000000000000e+02 5.000000000000000000e+00 2.400000000000000000e+01
