5.000000000000000000e+00 -2.340000000000000000e+02 7.800000000000000000e+01
5.000000000000000000e+00 -2.320000000000000000e+02 8.200000000000000000e+01
8.000000000000000000e+00 -2.300000000000000000e+02 7.800000000000000000e+01
6.000000000000000000e+00 -2.300000000000000000e+02 8.000000000000000000e+01
8.000000000000000000e+00 -2.340000000000000000e+02 7.600000000000000000e+01
3.000000000000000000e+00 -2.330000000000000000e+02 7.500000000000000000e+01
8.000000000000000000e+00 -2.310000000000000000e+02 8.000000000000000000e+01
5.000000000000000000e+00 -2.340000000000000000e+02 7.400000000000000000e+01
6.000000000000000000e+00 -2.300000000000000000e+02 7.200000000000000000e+01
3.000000000000000000e+00 -2.330000000000000000e+02 7.400000000000000000e+01
2.000000000000000000e+00 -2.300000000000000000e+02 7.300000000000000000e+01
9.000000000000000000e+00 -2.360000000000000000e+02 6.800000000000000000e+01
6.000000000000000000e+00 -2.320000000000000000e+02 6.900000000000000000e+01
8.000000000000000000e+00 -2.340000000000000000e+02 6.700000000000000000e+01
5.000000000000000000e+00 -2.320000000000000000e+02 6.500000000000000000e+01
3.000000000000000000e+00 -2.350000000000000000e+02 5.900000000000000000e+01
1.000000000000000000e+01 -2.340000000000000000e+02 6.100000000000000000e+01
7.000000000000000000e+00 -2.380000000000000000e+02 5.500000000000000000e+01
-1.000000000000000000e+00 -2.370000000000000000e+02 5.700000000000000000e+01
7.000000000000000000e+00 -2.310000000000000000e+02 5.500000000000000000e+01
3.000000000000000000e+00 -2.390000000000000000e+02 4.900000000000000000e+01
3.000000000000000000e+00 -2.350000000000000000e+02 4.300000000000000000e+01
3.000000000000000000e+00 -2.240000000000000000e+02 4.900000000000000000e+01
-2.000000000000000000e+00 -2.340000000000000000e+02 4.700000000000000000e+01
-1.000000000000000000e+00 -2.230000000000000000e+02 5.100000000000000000e+01
8.000000000000000000e+00 -2.120000000000000000e+02 3.700000000000000000e+01
-6.000000000000000000e+00 -2.040000000000000000e+02 3.800000000000000000e+01
1.000000000000000000e+01 -1.340000000000000000e+02 2.900000000000000000e+01
1.200000000000000000e+01 -1.800000000000000000e+02 -5.000000000000000000e+00
-2.700000000000000000e+01 -1.500000000000000000e+02 -4.000000000000000000e+01
3.000000000000000000e+00 -1.530000000000000000e+02 -3.000000000000000000e+01
-9.000000000000000000e+00 -1.440000000000000000e+02 -7.000000000000000000e+00
7.000000000000000000e+00 -2.400000000000000000e+02 -1.390000000000000000e+02
-3.100000000000000000e+01 -3.810000000000000000e+02 -2.170000000000000000e+02
7.300000000000000000e+01 -3.780000000000000000e+02 -4.290000000000000000e+02
-1.200000000000000000e+02 -4.100000000000000000e+02 -2.760000000000000000e+02
5.900000000000000000e+01 -2.220000000000000000e+02 -9.400000000000000000e+01
1.500000000000000000e+01 -1.260000000000000000e+02 -6.900000000000000000e+01
-3.300000000000000000e+01 -8.500000000000000000e+01 -4.200000000000000000e+01
1.300000000000000000e+01 -8.000000000000000000e+01 -1.800000000000000000e+01
-5.300000000000000000e+01 -6.800000000000000000e+01 8.100000000000000000e+01
-3.650000000000000000e+02 4.300000000000000000e+02 -7.800000000000000000e+01
-7.650000000000000000e+02 3.550000000000000000e+02 -9.770000000000000000e+02
-3.200000000000000000e+01 2.100000000000000000e+01 -3.280000000000000000e+02
-2.440000000000000000e+02 2.080000000000000000e+02 -1.100000000000000000e+02
-1.780000000000000000e+02 1.290000000000000000e+02 -1.040000000000000000e+02
3.800000000000000000e+01 5.800000000000000000e+01 -3.700000000000000000e+01
-1.860000000000000000e+02 5.600000000000000000e+01 -1.640000000000000000e+02
-1.470000000000000000e+02 4.900000000000000000e+01 -3.010000000000000000e+02
-1.320000000000000000e+02 3.200000000000000000e+01 -2.850000000000000000e+02
-9.200000000000000000e+01 2.300000000000000000e+01 -2.330000000000000000e+02
-1.040000000000000000e+02 1.600000000000000000e+01 -2.420000000000000000e+02
-8.200000000000000000e+01 1.400000000000000000e+01 -2.350000000000000000e+02
-9.200000000000000000e+01 2.400000000000000000e+01 -2.600000000000000000e+02
-9.900000000000000000e+01 2.900000000000000000e+01 -2.480000000000000000e+02
-9.900000000000000000e+01 3.600000000000000000e+01 -2.350000000000000000e+02
-9.800000000000000000e+01 2.800000000000000000e+01 -2.300000000000000000e+02
-9.200000000000000000e+01 2.500000000000000000e+01 -2.390000000000000000e+02
-9.300000000000000000e+01 3.000000000000000000e+01 -2.460000000000000000e+02
-9.000000000000000000e+01 2.700000000000000000e+01 -2.440000000000000000e+02
-8.900000000000000000e+01 3.000000000000000000e+01 -2.390000000000000000e+02
-9.300000000000000000e+01 3.600000000000000000e+01 -2.370000000000000000e+02
-9.300000000000000000e+01 3.200000000000000000e+01 -2.430000000000000000e+02
-9.000000000000000000e+01 3.100000000000000000e+01 -2.450000000000000000e+02
-8.900000000000000000e+01 3.200000000000000000e+01 -2.360000000000000000e+02
-9.200000000000000000e+01 3.500000000000000000e+01 -2.380000000000000000e+02
-9.100000000000000000e+01 3.000000000000000000e+01 -2.450000000000000000e+02
-9.000000000000000000e+01 3.200000000000000000e+01 -2.430000000000000000e+02
-8.600000000000000000e+01 3.400000000000000000e+01 -2.400000000000000000e+02
-9.000000000000000000e+01 3.300000000000000000e+01 -2.420000000000000000e+02
-8.900000000000000000e+01 3.000000000000000000e+01 -2.420000000000000000e+02
-8.700000000000000000e+01 3.300000000000000000e+01 -2.440000000000000000e+02
-9.000000000000000000e+01 3.500000000000000000e+01 -2.370000000000000000e+02
-8.500000000000000000e+01 3.300000000000000000e+01 -2.360000000000000000e+02
-8.400000000000000000e+01 3.500000000000000000e+01 -2.420000000000000000e+02
-8.400000000000000000e+01 3.100000000000000000e+01 -2.420000000000000000e+02
-9.200000000000000000e+01 3.300000000000000000e+01 -2.500000000000000000e+02
-8.400000000000000000e+01 3.400000000000000000e+01 -2.450000000000000000e+02
-8.400000000000000000e+01 3.100000000000000000e+01 -2.440000000000000000e+02
-8.500000000000000000e+01 3.100000000000000000e+01 -2.460000000000000000e+02
-8.400000000000000000e+01 3.200000000000000000e+01 -2.420000000000000000e+02
-8.500000000000000000e+01 3.100000000000000000e+01 -2.480000000000000000e+02
-8.200000000000000000e+01 3.200000000000000000e+01 -2.410000000000000000e+02
-8.400000000000000000e+01 3.200000000000000000e+01 -2.430000000000000000e+02
-8.100000000000000000e+01 3.200000000000000000e+01 -2.440000000000000000e+02
-8.100000000000000000e+01 3.300000000000000000e+01 -2.440000000000000000e+02
-8.100000000000000000e+01 3.400000000000000000e+01 -2.440000000000000000e+02
-8.200000000000000000e+01 3.500000000000000000e+01 -2.420000000000000000e+02
-8.500000000000000000e+01 3.500000000000000000e+01 -2.440000000000000000e+02
-8.200000000000000000e+01 3.100000000000000000e+01 -2.410000000000000000e+02
-7.900000000000000000e+01 3.200000000000000000e+01 -2.420000000000000000e+02
-8.100000000000000000e+01 3.300000000000000000e+01 -2.430000000000000000e+02
-8.000000000000000000e+01 3.300000000000000000e+01 -2.400000000000000000e+02
-8.300000000000000000e+01 3.500000000000000000e+01 -2.450000000000000000e+02
-8.000000000000000000e+01 3.100000000000000000e+01 -2.430000000000000000e+02
-8.400000000000000000e+01 3.400000000000000000e+01 -2.460000000000000000e+02
-8.400000000000000000e+01 3.400000000000000000e+01 -2.440000000000000000e+02
-8.200000000000000000e+01 3.300000000000000000e+01 -2.450000000000000000e+02
-8.200000000000000000e+01 3.400000000000000000e+01 -2.430000000000000000e+02
-8.000000000000000000e+01 3.300000000000000000e+01 -2.400000000000000000e+02
-8.200000000000000000e+01 3.500000000000000000e+01 -2.420000000000000000e+02
-8.000000000000000000e+01 3.300000000000000000e+01 -2.440000000000000000e+02
-7.700000000000000000e+01 3.200000000000000000e+01 -2.450000000000000000e+02
-8.400000000000000000e+01 3.800000000000000000e+01 -2.440000000000000000e+02
-8.600000000000000000e+01 3.200000000000000000e+01 -2.460000000000000000e+02
-8.400000000000000000e+01 3.200000000000000000e+01 -2.440000000000000000e+02
-8.000000000000000000e+01 3.400000000000000000e+01 -2.430000000000000000e+02
-8.100000000000000000e+01 3.100000000000000000e+01 -2.410000000000000000e+02
-8.000000000000000000e+01 3.700000000000000000e+01 -2.450000000000000000e+02
-8.500000000000000000e+01 3.400000000000000000e+01 -2.470000000000000000e+02
-8.500000000000000000e+01 3.400000000000000000e+01 -2.390000000000000000e+02
-8.400000000000000000e+01 3.800000000000000000e+01 -2.430000000000000000e+02
-8.600000000000000000e+01 3.600000000000000000e+01 -2.430000000000000000e+02
-8.200000000000000000e+01 3.400000000000000000e+01 -2.440000000000000000e+02
-8.300000000000000000e+01 3.500000000000000000e+01 -2.400000000000000000e+02
-8.200000000000000000e+01 3.600000000000000000e+01 -2.430000000000000000e+02
-8.400000000000000000e+01 3.400000000000000000e+01 -2.440000000000000000e+02
-8.600000000000000000e+01 3.300000000000000000e+01 -2.450000000000000000e+02
-8.500000000000000000e+01 3.100000000000000000e+01 -2.440000000000000000e+02
-8.300000000000000000e+01 3.300000000000000000e+01 -2.420000000000000000e+02
-8.500000000000000000e+01 3.400000000000000000e+01 -2.410000000000000000e+02
-8.300000000000000000e+01 3.400000000000000000e+01 -2.430000000000000000e+02
-8.600000000000000000e+01 3.800000000000000000e+01 -2.440000000000000000e+02
-8.400000000000000000e+01 3.200000000000000000e+01 -2.430000000000000000e+02
-8.300000000000000000e+01 3.700000000000000000e+01 -2.400000000000000000e+02
-8.200000000000000000e+01 3.600000000000000000e+01 -2.420000000000000000e+02
-8.200000000000000000e+01 3.400000000000000000e+01 -2.450000000000000000e+02
-8.300000000000000000e+01 3.700000000000000000e+01 -2.450000000000000000e+02
-8.400000000000000000e+01 3.500000000000000000e+01 -2.430000000000000000e+02
-7.900000000000000000e+01 3.400000000000000000e+01 -2.430000000000000000e+02
-8.100000000000000000e+01 3.500000000000000000e+01 -2.420000000000000000e+02
-8.100000000000000000e+01 3.400000000000000000e+01 -2.450000000000000000e+02
-8.100000000000000000e+01 3.500000000000000000e+01 -2.470000000000000000e+02
-8.300000000000000000e+01 3.200000000000000000e+01 -2.410000000000000000e+02
-8.000000000000000000e+01 3.400000000000000000e+01 -2.430000000000000000e+02
-8.200000000000000000e+01 3.500000000000000000e+01 -2.470000000000000000e+02
-8.000000000000000000e+01 3.400000000000000000e+01 -2.450000000000000000e+02
-8.200000000000000000e+01 3.500000000000000000e+01 -2.410000000000000000e+02
-8.100000000000000000e+01 3.400000000000000000e+01 -2.400000000000000000e+02
-8.200000000000000000e+01 3.500000000000000000e+01 -2.420000000000000000e+02
-7.800000000000000000e+01 3.200000000000000000e+01 -2.450000000000000000e+02
-7.900000000000000000e+01 3.200000000000000000e+01 -2.480000000000000000e+02
-8.200000000000000000e+01 3.600000000000000000e+01 -2.430000000000000000e+02
-8.100000000000000000e+01 3.500000000000000000e+01 -2.460000000000000000e+02
-7.800000000000000000e+01 3.300000000000000000e+01 -2.410000000000000000e+02
-8.300000000000000000e+01 4.700000000000000000e+01 -2.360000000000000000e+02
-8.600000000000000000e+01 3.400000000000000000e+01 -2.450000000000000000e+02
-8.300000000000000000e+01 3.600000000000000000e+01 -2.400000000000000000e+02
-8.100000000000000000e+01 3.700000000000000000e+01 -2.470000000000000000e+02
-8.300000000000000000e+01 3.500000000000000000e+01 -2.430000000000000000e+02
-8.100000000000000000e+01 3.700000000000000000e+01 -2.450000000000000000e+02
-8.100000000000000000e+01 3.200000000000000000e+01 -2.410000000000000000e+02
-8.300000000000000000e+01 3.800000000000000000e+01 -2.410000000000000000e+02
-8.200000000000000000e+01 3.400000000000000000e+01 -2.440000000000000000e+02
-7.900000000000000000e+01 3.400000000000000000e+01 -2.440000000000000000e+02
-7.900000000000000000e+01 3.400000000000000000e+01 -2.440000000000000000e+02
-8.000000000000000000e+01 3.700000000000000000e+01 -2.440000000000000000e+02
-7.900000000000000000e+01 3.400000000000000000e+01 -2.450000000000000000e+02
-8.000000000000000000e+01 3.600000000000000000e+01 -2.450000000000000000e+02
-7.800000000000000000e+01 3.600000000000000000e+01 -2.410000000000000000e+02
-8.400000000000000000e+01 3.500000000000000000e+01 -2.450000000000000000e+02
-7.900000000000000000e+01 3.600000000000000000e+01 -2.460000000000000000e+02
-8.000000000000000000e+01 3.500000000000000000e+01 -2.420000000000000000e+02
-8.200000000000000000e+01 3.700000000000000000e+01 -2.450000000000000000e+02
-7.900000000000000000e+01 3.400000000000000000e+01 -2.410000000000000000e+02
-8.100000000000000000e+01 3.700000000000000000e+01 -2.430000000000000000e+02
-8.200000000000000000e+01 3.600000000000000000e+01 -2.450000000000000000e+02
-8.000000000000000000e+01 3.200000000000000000e+01 -2.430000000000000000e+02
-8.100000000000000000e+01 3.600000000000000000e+01 -2.430000000000000000e+02
-8.000000000000000000e+01 3.600000000000000000e+01 -2.420000000000000000e+02
-8.200000000000000000e+01 3.300000000000000000e+01 -2.440000000000000000e+02
-8.200000000000000000e+01 3.300000000000000000e+01 -2.410000000000000000e+02
-8.300000000000000000e+01 3.500000000000000000e+01 -2.410000000000000000e+02
-8.200000000000000000e+01 3.600000000000000000e+01 -2.450000000000000000e+02
-8.100000000000000000e+01 3.600000000000000000e+01 -2.400000000000000000e+02
-7.900000000000000000e+01 2.900000000000000000e+01 -2.380000000000000000e+02
-7.900000000000000000e+01 3.300000000000000000e+01 -2.430000000000000000e+02
-7.800000000000000000e+01 3.500000000000000000e+01 -2.410000000000000000e+02
-8.200000000000000000e+01 3.500000000000000000e+01 -2.420000000000000000e+02
-8.100000000000000000e+01 3.500000000000000000e+01 -2.420000000000000000e+02
-8.100000000000000000e+01 3.500000000000000000e+01 -2.410000000000000000e+02
-8.000000000000000000e+01 3.300000000000000000e+01 -2.420000000000000000e+02
-8.000000000000000000e+01 3.400000000000000000e+01 -2.400000000000000000e+02
-8.100000000000000000e+01 3.500000000000000000e+01 -2.400000000000000000e+02
-7.800000000000000000e+01 3.400000000000000000e+01 -2.410000000000000000e+02
-8.000000000000000000e+01 3.700000000000000000e+01 -2.430000000000000000e+02
-8.000000000000000000e+01 3.500000000000000000e+01 -2.420000000000000000e+02
-7.800000000000000000e+01 3.300000000000000000e+01 -2.470000000000000000e+02
-8.100000000000000000e+01 3.500000000000000000e+01 -2.420000000000000000e+02
-7.900000000000000000e+01 4.200000000000000000e+01 -2.470000000000000000e+02
-8.000000000000000000e+01 2.900000000000000000e+01 -2.400000000000000000e+02
-7.300000000000000000e+01 3.300000000000000000e+01 -2.440000000000000000e+02
-7.800000000000000000e+01 3.300000000000000000e+01 -2.450000000000000000e+02
-8.200000000000000000e+01 3.600000000000000000e+01 -2.450000000000000000e+02
-7.700000000000000000e+01 3.400000000000000000e+01 -2.440000000000000000e+02
-7.900000000000000000e+01 3.200000000000000000e+01 -2.470000000000000000e+02
-7.700000000000000000e+01 3.400000000000000000e+01 -2.430000000000000000e+02
-7.800000000000000000e+01 3.300000000000000000e+01 -2.420000000000000000e+02
-7.800000000000000000e+01 3.700000000000000000e+01 -2.430000000000000000e+02
-7.800000000000000000e+01 3.200000000000000000e+01 -2.440000000000000000e+02
