-1.200000000000000000e+01 -2.520000000000000000e+02 -2.000000000000000000e+01
-1.100000000000000000e+01 -2.550000000000000000e+02 -2.300000000000000000e+01
-1.300000000000000000e+01 -2.540000000000000000e+02 -2.200000000000000000e+01
-7.000000000000000000e+00 -2.570000000000000000e+02 -2.300000000000000000e+01
-8.000000000000000000e+00 -2.580000000000000000e+02 -2.800000000000000000e+01
-5.000000000000000000e+00 -2.530000000000000000e+02 -2.700000000000000000e+01
-7.000000000000000000e+00 -2.560000000000000000e+02 -2.800000000000000000e+01
-6.000000000000000000e+00 -2.550000000000000000e+02 -3.300000000000000000e+01
-8.000000000000000000e+00 -2.560000000000000000e+02 -3.000000000000000000e+01
-3.000000000000000000e+00 -2.580000000000000000e+02 -3.400000000000000000e+01
-1.100000000000000000e+01 -2.510000000000000000e+02 -3.400000000000000000e+01
-8.000000000000000000e+00 -2.540000000000000000e+02 -3.500000000000000000e+01
-1.100000000000000000e+01 -2.510000000000000000e+02 -3.600000000000000000e+01
-9.000000000000000000e+00 -2.560000000000000000e+02 -3.600000000000000000e+01
-1.100000000000000000e+01 -2.530000000000000000e+02 -3.500000000000000000e+01
-1.000000000000000000e+01 -2.560000000000000000e+02 -4.000000000000000000e+01
-1.000000000000000000e+01 -2.550000000000000000e+02 -3.900000000000000000e+01
-9.000000000000000000e+00 -2.510000000000000000e+02 -4.400000000000000000e+01
-1.100000000000000000e+01 -2.530000000000000000e+02 -4.500000000000000000e+01
-1.400000000000000000e+01 -2.500000000000000000e+02 -4.800000000000000000e+01
-1.100000000000000000e+01 -2.520000000000000000e+02 -5.200000000000000000e+01
-9.000000000000000000e+00 -2.510000000000000000e+02 -5.200000000000000000e+01
-1.800000000000000000e+01 -2.490000000000000000e+02 -5.700000000000000000e+01
-1.000000000000000000e+01 -2.490000000000000000e+02 -6.300000000000000000e+01
-1.100000000000000000e+01 -2.480000000000000000e+02 -6.700000000000000000e+01
-1.300000000000000000e+01 -2.460000000000000000e+02 -6.900000000000000000e+01
-1.600000000000000000e+01 -2.480000000000000000e+02 -7.600000000000000000e+01
-1.700000000000000000e+01 -2.450000000000000000e+02 -8.200000000000000000e+01
-1.100000000000000000e+01 -2.400000000000000000e+02 -8.500000000000000000e+01
-2.000000000000000000e+01 -2.410000000000000000e+02 -9.300000000000000000e+01
-1.500000000000000000e+01 -2.380000000000000000e+02 -9.700000000000000000e+01
-1.900000000000000000e+01 -2.300000000000000000e+02 -1.090000000000000000e+02
-1.700000000000000000e+01 -2.240000000000000000e+02 -1.200000000000000000e+02
-1.400000000000000000e+01 -2.270000000000000000e+02 -1.420000000000000000e+02
-6.000000000000000000e+00 -1.970000000000000000e+02 -1.380000000000000000e+02
-2.000000000000000000e+01 -2.090000000000000000e+02 -1.480000000000000000e+02
-1.200000000000000000e+01 -1.900000000000000000e+02 -1.640000000000000000e+02
-1.700000000000000000e+01 -1.780000000000000000e+02 -1.760000000000000000e+02
-1.400000000000000000e+01 -1.730000000000000000e+02 -1.940000000000000000e+02
-1.400000000000000000e+01 -1.510000000000000000e+02 -2.120000000000000000e+02
-8.000000000000000000e+00 -1.510000000000000000e+02 -2.190000000000000000e+02
1.000000000000000000e+00 -1.210000000000000000e+02 -2.280000000000000000e+02
1.400000000000000000e+01 -1.170000000000000000e+02 -2.380000000000000000e+02
1.200000000000000000e+01 -8.600000000000000000e+01 -2.410000000000000000e+02
2.500000000000000000e+01 -7.900000000000000000e+01 -2.360000000000000000e+02
3.600000000000000000e+01 -6.600000000000000000e+01 -2.440000000000000000e+02
2.800000000000000000e+01 -5.500000000000000000e+01 -2.490000000000000000e+02
1.900000000000000000e+01 -4.600000000000000000e+01 -2.630000000000000000e+02
2.000000000000000000e+01 -4.900000000000000000e+01 -2.650000000000000000e+02
1.000000000000000000e+00 -3.900000000000000000e+01 -2.520000000000000000e+02
2.000000000000000000e+00 -6.500000000000000000e+01 -2.420000000000000000e+02
1.300000000000000000e+01 -2.900000000000000000e+01 -2.290000000000000000e+02
1.000000000000000000e+00 -2.300000000000000000e+01 -2.490000000000000000e+02
9.000000000000000000e+00 -2.700000000000000000e+01 -2.360000000000000000e+02
-3.300000000000000000e+01 -3.000000000000000000e+00 -2.300000000000000000e+02
-4.500000000000000000e+01 5.000000000000000000e+00 -2.510000000000000000e+02
-1.620000000000000000e+02 1.040000000000000000e+02 -2.600000000000000000e+02
-6.300000000000000000e+01 4.000000000000000000e+00 -1.730000000000000000e+02
-1.120000000000000000e+02 3.100000000000000000e+01 -4.600000000000000000e+01
-2.580000000000000000e+02 9.100000000000000000e+01 -1.100000000000000000e+01
-3.970000000000000000e+02 1.640000000000000000e+02 1.260000000000000000e+02
-5.340000000000000000e+02 8.000000000000000000e+01 1.900000000000000000e+02
-5.230000000000000000e+02 -5.000000000000000000e+00 2.010000000000000000e+02
0.000000000000000000e+00 2.000000000000000000e+01 9.100000000000000000e+01
-1.830000000000000000e+02 -7.600000000000000000e+01 8.400000000000000000e+01
-2.670000000000000000e+02 -1.190000000000000000e+02 1.410000000000000000e+02
-1.670000000000000000e+02 -9.700000000000000000e+01 1.360000000000000000e+02
-1.380000000000000000e+02 -7.800000000000000000e+01 1.230000000000000000e+02
-1.980000000000000000e+02 -1.080000000000000000e+02 1.420000000000000000e+02
-1.750000000000000000e+02 -1.050000000000000000e+02 1.330000000000000000e+02
-2.040000000000000000e+02 -8.600000000000000000e+01 1.080000000000000000e+02
-2.080000000000000000e+02 -8.900000000000000000e+01 8.400000000000000000e+01
-2.510000000000000000e+02 -5.400000000000000000e+01 8.400000000000000000e+01
-2.630000000000000000e+02 -5.200000000000000000e+01 5.200000000000000000e+01
-2.760000000000000000e+02 -2.100000000000000000e+01 -1.300000000000000000e+01
-2.690000000000000000e+02 -1.500000000000000000e+01 -3.900000000000000000e+01
-2.630000000000000000e+02 2.000000000000000000e+00 -6.000000000000000000e+01
-2.730000000000000000e+02 -2.300000000000000000e+01 -6.300000000000000000e+01
-2.670000000000000000e+02 -3.200000000000000000e+01 -3.900000000000000000e+01
-2.630000000000000000e+02 -4.700000000000000000e+01 -1.000000000000000000e+01
-2.510000000000000000e+02 -4.400000000000000000e+01 2.000000000000000000e+00
-2.530000000000000000e+02 -4.300000000000000000e+01 1.500000000000000000e+01
-2.440000000000000000e+02 -4.500000000000000000e+01 1.700000000000000000e+01
-2.550000000000000000e+02 -4.100000000000000000e+01 1.600000000000000000e+01
-2.560000000000000000e+02 -3.500000000000000000e+01 1.200000000000000000e+01
-2.570000000000000000e+02 -3.400000000000000000e+01 1.400000000000000000e+01
-2.540000000000000000e+02 -3.400000000000000000e+01 2.000000000000000000e+01
-2.540000000000000000e+02 -3.800000000000000000e+01 2.800000000000000000e+01
-2.570000000000000000e+02 -3.300000000000000000e+01 2.600000000000000000e+01
-2.540000000000000000e+02 -4.100000000000000000e+01 1.400000000000000000e+01
-2.550000000000000000e+02 -3.900000000000000000e+01 1.400000000000000000e+01
-2.530000000000000000e+02 -4.100000000000000000e+01 1.500000000000000000e+01
-2.560000000000000000e+02 -4.000000000000000000e+01 1.400000000000000000e+01
-2.560000000000000000e+02 -4.000000000000000000e+01 1.200000000000000000e+01
-2.550000000000000000e+02 -3.900000000000000000e+01 1.500000000000000000e+01
-2.560000000000000000e+02 -4.000000000000000000e+01 1.500000000000000000e+01
-2.560000000000000000e+02 -4.000000000000000000e+01 1.400000000000000000e+01
-2.560000000000000000e+02 -3.800000000000000000e+01 1.800000000000000000e+01
-2.530000000000000000e+02 -3.900000000000000000e+01 2.200000000000000000e+01
-2.530000000000000000e+02 -4.300000000000000000e+01 1.800000000000000000e+01
-2.550000000000000000e+02 -4.200000000000000000e+01 1.800000000000000000e+01
-2.550000000000000000e+02 -3.800000000000000000e+01 1.800000000000000000e+01
-2.560000000000000000e+02 -4.100000000000000000e+01 2.100000000000000000e+01
-2.550000000000000000e+02 -4.000000000000000000e+01 1.900000000000000000e+01
-2.540000000000000000e+02 -4.000000000000000000e+01 1.800000000000000000e+01
-2.520000000000000000e+02 -4.000000000000000000e+01 1.600000000000000000e+01
-2.550000000000000000e+02 -3.900000000000000000e+01 1.900000000000000000e+01
-2.550000000000000000e+02 -3.800000000000000000e+01 1.800000000000000000e+01
-2.540000000000000000e+02 -4.000000000000000000e+01 1.800000000000000000e+01
-2.520000000000000000e+02 -4.400000000000000000e+01 1.800000000000000000e+01
-2.550000000000000000e+02 -3.700000000000000000e+01 1.700000000000000000e+01
-2.570000000000000000e+02 -3.900000000000000000e+01 2.300000000000000000e+01
-2.540000000000000000e+02 -3.800000000000000000e+01 2.000000000000000000e+01
-2.560000000000000000e+02 -4.000000000000000000e+01 1.900000000000000000e+01
-2.530000000000000000e+02 -3.900000000000000000e+01 2.000000000000000000e+01
-2.550000000000000000e+02 -3.700000000000000000e+01 1.900000000000000000e+01
-2.510000000000000000e+02 -4.300000000000000000e+01 2.000000000000000000e+01
-2.550000000000000000e+02 -4.000000000000000000e+01 2.000000000000000000e+01
-2.560000000000000000e+02 -3.900000000000000000e+01 2.300000000000000000e+01
-2.540000000000000000e+02 -4.000000000000000000e+01 1.900000000000000000e+01
-2.550000000000000000e+02 -3.700000000000000000e+01 2.000000000000000000e+01
-2.540000000000000000e+02 -4.400000000000000000e+01 1.900000000000000000e+01
-2.550000000000000000e+02 -3.800000000000000000e+01 2.000000000000000000e+01
-2.550000000000000000e+02 -3.600000000000000000e+01 1.800000000000000000e+01
-2.560000000000000000e+02 -3.900000000000000000e+01 2.000000000000000000e+01
-2.550000000000000000e+02 -4.000000000000000000e+01 1.900000000000000000e+01
-2.540000000000000000e+02 -4.200000000000000000e+01 2.500000000000000000e+01
-2.540000000000000000e+02 -3.700000000000000000e+01 2.000000000000000000e+01
-2.540000000000000000e+02 -4.100000000000000000e+01 1.700000000000000000e+01
-2.540000000000000000e+02 -4.000000000000000000e+01 1.800000000000000000e+01
-2.540000000000000000e+02 -4.000000000000000000e+01 1.500000000000000000e+01
-2.540000000000000000e+02 -4.000000000000000000e+01 2.500000000000000000e+01
-2.550000000000000000e+02 -3.900000000000000000e+01 1.800000000000000000e+01
-2.550000000000000000e+02 -4.200000000000000000e+01 1.700000000000000000e+01
-2.540000000000000000e+02 -4.000000000000000000e+01 1.400000000000000000e+01
-2.550000000000000000e+02 -4.000000000000000000e+01 2.100000000000000000e+01
-2.540000000000000000e+02 -3.700000000000000000e+01 2.000000000000000000e+01
-2.540000000000000000e+02 -4.000000000000000000e+01 1.800000000000000000e+01
-2.560000000000000000e+02 -4.200000000000000000e+01 1.900000000000000000e+01
-2.550000000000000000e+02 -3.700000000000000000e+01 1.800000000000000000e+01
-2.610000000000000000e+02 -3.400000000000000000e+01 1.400000000000000000e+01
-2.580000000000000000e+02 -3.800000000000000000e+01 2.000000000000000000e+01
-2.500000000000000000e+02 -3.700000000000000000e+01 2.400000000000000000e+01
-2.620000000000000000e+02 -4.900000000000000000e+01 2.300000000000000000e+01
-2.560000000000000000e+02 -4.000000000000000000e+01 2.000000000000000000e+01
-2.640000000000000000e+02 -2.500000000000000000e+01 1.100000000000000000e+01
-2.700000000000000000e+02 -3.600000000000000000e+01 1.600000000000000000e+01
-2.550000000000000000e+02 -3.500000000000000000e+01 2.200000000000000000e+01
-2.650000000000000000e+02 -3.700000000000000000e+01 2.300000000000000000e+01
-2.520000000000000000e+02 -4.000000000000000000e+01 2.000000000000000000e+01
-2.550000000000000000e+02 -3.500000000000000000e+01 2.200000000000000000e+01
-2.520000000000000000e+02 -3.900000000000000000e+01 2.100000000000000000e+01
-2.540000000000000000e+02 -3.900000000000000000e+01 2.400000000000000000e+01
-2.530000000000000000e+02 -3.900000000000000000e+01 2.200000000000000000e+01
-2.540000000000000000e+02 -4.000000000000000000e+01 2.200000000000000000e+01
-2.540000000000000000e+02 -4.600000000000000000e+01 1.400000000000000000e+01
-2.540000000000000000e+02 -3.700000000000000000e+01 2.500000000000000000e+01
-2.560000000000000000e+02 -4.100000000000000000e+01 2.000000000000000000e+01
-2.540000000000000000e+02 -4.000000000000000000e+01 2.400000000000000000e+01
-2.560000000000000000e+02 -3.600000000000000000e+01 2.600000000000000000e+01
-2.550000000000000000e+02 -3.900000000000000000e+01 2.600000000000000000e+01
-2.550000000000000000e+02 -3.700000000000000000e+01 2.300000000000000000e+01
-2.540000000000000000e+02 -3.700000000000000000e+01 2.300000000000000000e+01
-2.540000000000000000e+02 -3.800000000000000000e+01 2.300000000000000000e+01
-2.550000000000000000e+02 -4.000000000000000000e+01 2.300000000000000000e+01
-2.560000000000000000e+02 -3.800000000000000000e+01 2.300000000000000000e+01
-2.540000000000000000e+02 -3.600000000000000000e+01 2.200000000000000000e+01
-2.560000000000000000e+02 -3.800000000000000000e+01 2.200000000000000000e+01
-2.550000000000000000e+02 -3.800000000000000000e+01 2.400000000000000000e+01
-2.550000000000000000e+02 -3.700000000000000000e+01 2.600000000000000000e+01
-2.540000000000000000e+02 -3.400000000000000000e+01 2.600000000000000000e+01
-2.550000000000000000e+02 -3.800000000000000000e+01 3.000000000000000000e+01
-2.560000000000000000e+02 -3.500000000000000000e+01 2.100000000000000000e+01
-2.530000000000000000e+02 -4.100000000000000000e+01 2.300000000000000000e+01
-2.550000000000000000e+02 -3.700000000000000000e+01 2.300000000000000000e+01
-2.550000000000000000e+02 -4.000000000000000000e+01 2.400000000000000000e+01
-2.540000000000000000e+02 -3.700000000000000000e+01 2.000000000000000000e+01
-2.550000000000000000e+02 -3.600000000000000000e+01 2.300000000000000000e+01
-2.560000000000000000e+02 -3.800000000000000000e+01 2.300000000000000000e+01
-2.560000000000000000e+02 -3.900000000000000000e+01 2.400000000000000000e+01
-2.530000000000000000e+02 -4.000000000000000000e+01 2.200000000000000000e+01
-2.550000000000000000e+02 -3.900000000000000000e+01 1.900000000000000000e+01
-2.550000000000000000e+02 -3.700000000000000000e+01 2.300000000000000000e+01
-2.550000000000000000e+02 -4.000000000000000000e+01 2.000000000000000000e+01
-2.560000000000000000e+02 -3.700000000000000000e+01 2.400000000000000000e+01
-2.530000000000000000e+02 -3.600000000000000000e+01 1.900000000000000000e+01
-2.540000000000000000e+02 -3.700000000000000000e+01 1.700000000000000000e+01
-2.560000000000000000e+02 -3.700000000000000000e+01 1.700000000000000000e+01
-2.540000000000000000e+02 -3.600000000000000000e+01 1.900000000000000000e+01
-2.510000000000000000e+02 -4.000000000000000000e+01 2.200000000000000000e+01
-2.520000000000000000e+02 -3.700000000000000000e+01 2.000000000000000000e+01
-2.560000000000000000e+02 -3.800000000000000000e+01 2.200000000000000000e+01
-2.570000000000000000e+02 -3.800000000000000000e+01 2.100000000000000000e+01
-2.550000000000000000e+02 -4.100000000000000000e+01 2.000000000000000000e+01
-2.530000000000000000e+02 -3.800000000000000000e+01 2.000000000000000000e+01
-2.550000000000000000e+02 -4.100000000000000000e+01 2.000000000000000000e+01
-2.540000000000000000e+02 -3.800000000000000000e+01 2.300000000000000000e+01
-2.540000000000000000e+02 -3.800000000000000000e+01 2.200000000000000000e+01
-2.520000000000000000e+02 -4.000000000000000000e+01 2.300000000000000000e+01
-2.550000000000000000e+02 -4.200000000000000000e+01 2.400000000000000000e+01
