1.900000000000000000e+01 -2.370000000000000000e+02 -7.600000000000000000e+01
2.400000000000000000e+01 -2.350000000000000000e+02 -7.800000000000000000e+01
2.400000000000000000e+01 -2.320000000000000000e+02 -8.200000000000000000e+01
2.200000000000000000e+01 -2.310000000000000000e+02 -8.400000000000000000e+01
2.800000000000000000e+01 -2.300000000000000000e+02 -9.000000000000000000e+01
3.300000000000000000e+01 -2.330000000000000000e+02 -8.400000000000000000e+01
3.100000000000000000e+01 -2.260000000000000000e+02 -8.100000000000000000e+01
4.500000000000000000e+01 -2.320000000000000000e+02 -8.300000000000000000e+01
5.000000000000000000e+01 -2.350000000000000000e+02 -9.700000000000000000e+01
3.900000000000000000e+01 -2.180000000000000000e+02 -7.900000000000000000e+01
4.600000000000000000e+01 -2.120000000000000000e+02 -7.600000000000000000e+01
2.900000000000000000e+01 -1.980000000000000000e+02 -7.900000000000000000e+01
2.900000000000000000e+01 -1.950000000000000000e+02 -6.300000000000000000e+01
6.400000000000000000e+01 -1.730000000000000000e+02 -9.600000000000000000e+01
5.500000000000000000e+01 -1.260000000000000000e+02 -8.700000000000000000e+01
9.500000000000000000e+01 -1.150000000000000000e+02 -9.000000000000000000e+01
1.450000000000000000e+02 -1.600000000000000000e+02 -6.400000000000000000e+01
1.910000000000000000e+02 -7.400000000000000000e+01 -3.200000000000000000e+01
5.630000000000000000e+02 -2.400000000000000000e+01 1.030000000000000000e+02
6.720000000000000000e+02 3.000000000000000000e+02 1.630000000000000000e+02
6.800000000000000000e+01 2.310000000000000000e+02 -6.400000000000000000e+01
1.490000000000000000e+02 2.700000000000000000e+01 3.200000000000000000e+01
1.450000000000000000e+02 1.250000000000000000e+02 8.400000000000000000e+01
1.770000000000000000e+02 5.100000000000000000e+01 5.000000000000000000e+01
2.770000000000000000e+02 1.070000000000000000e+02 9.400000000000000000e+01
3.080000000000000000e+02 8.500000000000000000e+01 1.010000000000000000e+02
2.270000000000000000e+02 3.300000000000000000e+01 1.010000000000000000e+02
2.220000000000000000e+02 3.500000000000000000e+01 2.500000000000000000e+01
2.510000000000000000e+02 4.000000000000000000e+01 0.000000000000000000e+00
2.800000000000000000e+02 1.900000000000000000e+01 -2.500000000000000000e+01
2.620000000000000000e+02 -1.000000000000000000e+01 -4.500000000000000000e+01
2.850000000000000000e+02 3.000000000000000000e+00 -6.200000000000000000e+01
2.620000000000000000e+02 -1.400000000000000000e+01 -5.700000000000000000e+01
2.550000000000000000e+02 -1.300000000000000000e+01 -3.800000000000000000e+01
2.610000000000000000e+02 -1.000000000000000000e+00 -2.000000000000000000e+01
2.640000000000000000e+02 1.300000000000000000e+01 -1.000000000000000000e+01
2.660000000000000000e+02 2.700000000000000000e+01 -7.000000000000000000e+00
2.510000000000000000e+02 2.500000000000000000e+01 0.000000000000000000e+00
2.600000000000000000e+02 2.200000000000000000e+01 -1.000000000000000000e+00
2.590000000000000000e+02 1.800000000000000000e+01 -3.000000000000000000e+00
2.580000000000000000e+02 1.500000000000000000e+01 -5.000000000000000000e+00
2.590000000000000000e+02 8.000000000000000000e+00 -1.400000000000000000e+01
2.640000000000000000e+02 1.100000000000000000e+01 -1.200000000000000000e+01
2.580000000000000000e+02 1.300000000000000000e+01 -5.000000000000000000e+00
2.610000000000000000e+02 1.700000000000000000e+01 -1.500000000000000000e+01
2.620000000000000000e+02 1.600000000000000000e+01 -1.000000000000000000e+01
2.590000000000000000e+02 1.100000000000000000e+01 -1.300000000000000000e+01
2.610000000000000000e+02 1.600000000000000000e+01 -1.500000000000000000e+01
2.590000000000000000e+02 1.400000000000000000e+01 -1.500000000000000000e+01
2.620000000000000000e+02 1.400000000000000000e+01 -1.300000000000000000e+01
2.610000000000000000e+02 1.600000000000000000e+01 -1.200000000000000000e+01
2.620000000000000000e+02 1.500000000000000000e+01 -1.200000000000000000e+01
2.600000000000000000e+02 1.500000000000000000e+01 -1.200000000000000000e+01
2.600000000000000000e+02 1.500000000000000000e+01 -1.700000000000000000e+01
2.590000000000000000e+02 1.400000000000000000e+01 -1.500000000000000000e+01
2.590000000000000000e+02 1.400000000000000000e+01 -1.600000000000000000e+01
2.610000000000000000e+02 1.200000000000000000e+01 -1.400000000000000000e+01
2.620000000000000000e+02 1.200000000000000000e+01 -1.700000000000000000e+01
2.600000000000000000e+02 1.600000000000000000e+01 -1.600000000000000000e+01
2.590000000000000000e+02 1.300000000000000000e+01 -1.700000000000000000e+01
2.610000000000000000e+02 1.500000000000000000e+01 -1.400000000000000000e+01
2.610000000000000000e+02 1.200000000000000000e+01 -1.700000000000000000e+01
2.580000000000000000e+02 1.500000000000000000e+01 -1.600000000000000000e+01
2.590000000000000000e+02 1.500000000000000000e+01 -1.600000000000000000e+01
2.610000000000000000e+02 1.400000000000000000e+01 -1.900000000000000000e+01
2.570000000000000000e+02 1.300000000000000000e+01 -1.700000000000000000e+01
2.610000000000000000e+02 1.200000000000000000e+01 -1.800000000000000000e+01
2.610000000000000000e+02 1.300000000000000000e+01 -2.200000000000000000e+01
2.590000000000000000e+02 1.300000000000000000e+01 -1.600000000000000000e+01
2.610000000000000000e+02 1.000000000000000000e+01 -1.400000000000000000e+01
2.650000000000000000e+02 1.000000000000000000e+01 -2.200000000000000000e+01
2.590000000000000000e+02 1.700000000000000000e+01 -1.400000000000000000e+01
2.590000000000000000e+02 1.600000000000000000e+01 -1.400000000000000000e+01
2.630000000000000000e+02 1.400000000000000000e+01 -1.100000000000000000e+01
2.600000000000000000e+02 1.600000000000000000e+01 -1.900000000000000000e+01
2.600000000000000000e+02 1.300000000000000000e+01 -1.400000000000000000e+01
2.610000000000000000e+02 1.600000000000000000e+01 -1.700000000000000000e+01
2.600000000000000000e+02 1.600000000000000000e+01 -1.600000000000000000e+01
2.590000000000000000e+02 1.400000000000000000e+01 -1.200000000000000000e+01
2.580000000000000000e+02 1.700000000000000000e+01 -1.300000000000000000e+01
2.580000000000000000e+02 1.700000000000000000e+01 -1.800000000000000000e+01
2.630000000000000000e+02 1.400000000000000000e+01 -1.400000000000000000e+01
2.570000000000000000e+02 2.000000000000000000e+01 -1.500000000000000000e+01
2.600000000000000000e+02 1.300000000000000000e+01 -1.400000000000000000e+01
2.610000000000000000e+02 1.600000000000000000e+01 -1.500000000000000000e+01
2.640000000000000000e+02 1.600000000000000000e+01 -1.600000000000000000e+01
2.590000000000000000e+02 1.600000000000000000e+01 -1.600000000000000000e+01
2.620000000000000000e+02 1.500000000000000000e+01 -1.200000000000000000e+01
2.630000000000000000e+02 1.200000000000000000e+01 -1.400000000000000000e+01
2.620000000000000000e+02 1.900000000000000000e+01 -1.400000000000000000e+01
2.620000000000000000e+02 1.600000000000000000e+01 -1.300000000000000000e+01
2.580000000000000000e+02 1.600000000000000000e+01 -1.400000000000000000e+01
2.620000000000000000e+02 1.600000000000000000e+01 -1.300000000000000000e+01
2.590000000000000000e+02 1.900000000000000000e+01 -1.500000000000000000e+01
2.600000000000000000e+02 1.500000000000000000e+01 -1.900000000000000000e+01
2.520000000000000000e+02 1.500000000000000000e+01 -1.900000000000000000e+01
2.600000000000000000e+02 1.400000000000000000e+01 -1.200000000000000000e+01
2.580000000000000000e+02 1.300000000000000000e+01 -1.400000000000000000e+01
2.610000000000000000e+02 1.600000000000000000e+01 -1.000000000000000000e+01
2.620000000000000000e+02 1.700000000000000000e+01 -1.700000000000000000e+01
2.640000000000000000e+02 1.300000000000000000e+01 -1.800000000000000000e+01
2.610000000000000000e+02 1.300000000000000000e+01 -1.100000000000000000e+01
2.570000000000000000e+02 1.400000000000000000e+01 -1.500000000000000000e+01
2.590000000000000000e+02 1.100000000000000000e+01 -1.400000000000000000e+01
2.580000000000000000e+02 7.000000000000000000e+00 -1.500000000000000000e+01
2.620000000000000000e+02 1.100000000000000000e+01 -1.600000000000000000e+01
2.620000000000000000e+02 1.100000000000000000e+01 -1.200000000000000000e+01
2.600000000000000000e+02 1.100000000000000000e+01 -1.400000000000000000e+01
2.650000000000000000e+02 1.000000000000000000e+01 -1.500000000000000000e+01
2.610000000000000000e+02 1.100000000000000000e+01 -1.200000000000000000e+01
2.580000000000000000e+02 1.500000000000000000e+01 -9.000000000000000000e+00
2.640000000000000000e+02 9.000000000000000000e+00 -1.900000000000000000e+01
2.580000000000000000e+02 1.200000000000000000e+01 -1.400000000000000000e+01
2.620000000000000000e+02 1.300000000000000000e+01 -1.700000000000000000e+01
2.620000000000000000e+02 8.000000000000000000e+00 -1.900000000000000000e+01
2.620000000000000000e+02 9.000000000000000000e+00 -1.400000000000000000e+01
2.770000000000000000e+02 1.900000000000000000e+01 -3.000000000000000000e+00
2.630000000000000000e+02 1.100000000000000000e+01 -2.100000000000000000e+01
2.590000000000000000e+02 1.200000000000000000e+01 -1.300000000000000000e+01
2.590000000000000000e+02 1.200000000000000000e+01 -1.200000000000000000e+01
2.580000000000000000e+02 1.100000000000000000e+01 -1.600000000000000000e+01
2.600000000000000000e+02 1.000000000000000000e+01 -1.400000000000000000e+01
2.610000000000000000e+02 1.100000000000000000e+01 -1.700000000000000000e+01
2.580000000000000000e+02 6.000000000000000000e+00 -1.300000000000000000e+01
2.620000000000000000e+02 1.100000000000000000e+01 -1.700000000000000000e+01
2.590000000000000000e+02 1.000000000000000000e+01 -1.700000000000000000e+01
2.610000000000000000e+02 1.100000000000000000e+01 -1.700000000000000000e+01
2.630000000000000000e+02 9.000000000000000000e+00 -1.500000000000000000e+01
2.620000000000000000e+02 1.100000000000000000e+01 -1.500000000000000000e+01
2.660000000000000000e+02 9.000000000000000000e+00 -9.000000000000000000e+00
2.600000000000000000e+02 1.000000000000000000e+01 -1.500000000000000000e+01
2.620000000000000000e+02 1.100000000000000000e+01 -1.200000000000000000e+01
2.600000000000000000e+02 1.200000000000000000e+01 -9.000000000000000000e+00
2.610000000000000000e+02 1.400000000000000000e+01 -1.400000000000000000e+01
2.580000000000000000e+02 1.100000000000000000e+01 -1.300000000000000000e+01
2.610000000000000000e+02 1.200000000000000000e+01 -1.100000000000000000e+01
2.640000000000000000e+02 1.000000000000000000e+01 -8.000000000000000000e+00
2.590000000000000000e+02 1.200000000000000000e+01 -1.100000000000000000e+01
2.610000000000000000e+02 1.400000000000000000e+01 -1.400000000000000000e+01
2.590000000000000000e+02 1.100000000000000000e+01 -1.400000000000000000e+01
2.600000000000000000e+02 1.400000000000000000e+01 -1.200000000000000000e+01
2.600000000000000000e+02 1.200000000000000000e+01 -8.000000000000000000e+00
2.650000000000000000e+02 9.000000000000000000e+00 -1.200000000000000000e+01
2.590000000000000000e+02 1.500000000000000000e+01 -1.100000000000000000e+01
2.610000000000000000e+02 1.100000000000000000e+01 -1.100000000000000000e+01
2.620000000000000000e+02 1.500000000000000000e+01 -1.300000000000000000e+01
2.610000000000000000e+02 1.100000000000000000e+01 -1.200000000000000000e+01
2.610000000000000000e+02 1.300000000000000000e+01 -1.200000000000000000e+01
2.640000000000000000e+02 1.200000000000000000e+01 -8.000000000000000000e+00
2.590000000000000000e+02 1.200000000000000000e+01 -1.200000000000000000e+01
2.620000000000000000e+02 1.000000000000000000e+01 -1.300000000000000000e+01
2.610000000000000000e+02 1.400000000000000000e+01 -1.100000000000000000e+01
2.640000000000000000e+02 9.000000000000000000e+00 -9.000000000000000000e+00
2.590000000000000000e+02 1.100000000000000000e+01 -1.300000000000000000e+01
2.600000000000000000e+02 1.300000000000000000e+01 -1.200000000000000000e+01
2.650000000000000000e+02 1.000000000000000000e+01 -1.100000000000000000e+01
2.610000000000000000e+02 1.000000000000000000e+01 -1.400000000000000000e+01
2.610000000000000000e+02 1.400000000000000000e+01 -1.300000000000000000e+01
2.590000000000000000e+02 1.700000000000000000e+01 -1.200000000000000000e+01
2.590000000000000000e+02 1.500000000000000000e+01 -1.100000000000000000e+01
2.620000000000000000e+02 1.200000000000000000e+01 -1.500000000000000000e+01
2.660000000000000000e+02 1.100000000000000000e+01 -1.000000000000000000e+01
2.610000000000000000e+02 1.600000000000000000e+01 -1.300000000000000000e+01
2.590000000000000000e+02 1.200000000000000000e+01 -1.100000000000000000e+01
2.600000000000000000e+02 1.200000000000000000e+01 -1.100000000000000000e+01
2.610000000000000000e+02 1.300000000000000000e+01 -9.000000000000000000e+00
2.580000000000000000e+02 1.600000000000000000e+01 -1.400000000000000000e+01
2.610000000000000000e+02 1.700000000000000000e+01 -1.300000000000000000e+01
2.600000000000000000e+02 1.200000000000000000e+01 -1.100000000000000000e+01
2.620000000000000000e+02 1.000000000000000000e+01 -1.300000000000000000e+01
2.620000000000000000e+02 1.100000000000000000e+01 -1.500000000000000000e+01
2.630000000000000000e+02 1.200000000000000000e+01 -1.500000000000000000e+01
2.600000000000000000e+02 1.600000000000000000e+01 -1.400000000000000000e+01
2.600000000000000000e+02 1.200000000000000000e+01 -1.600000000000000000e+01
2.580000000000000000e+02 1.400000000000000000e+01 -1.200000000000000000e+01
2.610000000000000000e+02 1.300000000000000000e+01 -1.400000000000000000e+01
2.600000000000000000e+02 1.100000000000000000e+01 -1.300000000000000000e+01
2.600000000000000000e+02 1.300000000000000000e+01 -1.600000000000000000e+01
2.610000000000000000e+02 2.100000000000000000e+01 -1.700000000000000000e+01
2.600000000000000000e+02 9.000000000000000000e+00 -1.300000000000000000e+01
2.590000000000000000e+02 1.100000000000000000e+01 -1.500000000000000000e+01
2.620000000000000000e+02 8.000000000000000000e+00 -1.500000000000000000e+01
2.610000000000000000e+02 1.000000000000000000e+01 -1.300000000000000000e+01
2.600000000000000000e+02 1.600000000000000000e+01 -1.700000000000000000e+01
2.580000000000000000e+02 1.300000000000000000e+01 -1.500000000000000000e+01
2.590000000000000000e+02 7.000000000000000000e+00 -2.000000000000000000e+01
2.610000000000000000e+02 1.400000000000000000e+01 -1.500000000000000000e+01
2.580000000000000000e+02 1.400000000000000000e+01 -1.600000000000000000e+01
2.610000000000000000e+02 1.200000000000000000e+01 -1.500000000000000000e+01
2.600000000000000000e+02 1.200000000000000000e+01 -1.600000000000000000e+01
2.570000000000000000e+02 1.700000000000000000e+01 -1.800000000000000000e+01
2.610000000000000000e+02 1.000000000000000000e+01 -1.500000000000000000e+01
2.610000000000000000e+02 1.300000000000000000e+01 -1.100000000000000000e+01
2.600000000000000000e+02 1.300000000000000000e+01 -1.000000000000000000e+01
2.610000000000000000e+02 1.400000000000000000e+01 -1.300000000000000000e+01
2.600000000000000000e+02 1.400000000000000000e+01 -1.200000000000000000e+01
2.600000000000000000e+02 1.500000000000000000e+01 -1.400000000000000000e+01
2.610000000000000000e+02 9.000000000000000000e+00 -1.500000000000000000e+01
2.610000000000000000e+02 1.200000000000000000e+01 -1.400000000000000000e+01
2.610000000000000000e+02 1.000000000000000000e+01 -1.000000000000000000e+01
